1.044779233765373938e+01 1.031233474166865527e+01 1.002014006914088817e+01 9.600617068016912725e+00 9.119036279939839673e+00 8.621644185939295824e+00 8.121945822022581751e+00 7.621983232001857900e+00 7.121989179439816908e+00 6.621990470748133184e+00 6.121990820131374633e+00
1.047714834390517069e+01 1.033109855154360268e+01 1.002875464631217106e+01 9.602959207255588936e+00 9.119382626021854676e+00 8.621675299092396827e+00 8.121946540563095951e+00 7.621982528934824863e+00 7.121988863903987443e+00 6.621990361645083922e+00 6.121990784697781685e+00
1.050944031402359435e+01 1.035135979091970526e+01 1.003776684186090407e+01 9.605304809810297328e+00 9.119716201423361923e+00 8.621704237314098407e+00 8.121946937785180509e+00 7.621981763663081111e+00 7.121988532653602988e+00 6.621990247967966425e+00 6.121990747857253723e+00
1.054411323576717052e+01 1.037264801650584012e+01 1.004689538186883979e+01 9.607566919763629087e+00 9.120024578148761663e+00 8.621729914851147925e+00 8.121946977991676420e+00 7.621980955824319892e+00 7.121988194993786436e+00 6.621990132968900156e+00 6.121990710669162006e+00
1.058057674016498062e+01 1.039448184496487748e+01 1.005587565439704179e+01 9.609675263455873306e+00 9.120299402651168563e+00 8.621751716692191536e+00 8.121946664559692053e+00 7.621980126072225303e+00 7.121987859414685040e+00 6.621990019528688265e+00 6.121990674064098137e+00
1.061823448316822471e+01 1.041639495527100756e+01 1.006447649908641928e+01 9.611580106450135830e+00 9.120536406451176248e+00 8.621769458016819598e+00 8.121946032281591954e+00 7.621979294335249122e+00 7.121987533109871649e+00 6.621989910011409464e+00 6.121990638798581408e+00
1.065650558235443768e+01 1.043795558554516845e+01 1.007251111428664814e+01 9.613252798266655574e+00 9.120734831678541710e+00 8.621783291204740962e+00 8.121945136666072429e+00 7.621978478441739924e+00 7.121987221743136587e+00 6.621989806210806684e+00 6.121990605440116973e+00
1.069483943323727893e+01 1.045878030670350967e+01 1.007984251357272321e+01 9.614683778029650796e+00 9.120896557500635993e+00 8.621793595214148453e+00 8.121944043167234284e+00 7.621977693223094263e+00 7.121986929416204148e+00 6.621989709365198706e+00 6.121990574374423844e+00
1.073272524659498650e+01 1.047854309231893843e+01 1.008638429468794939e+01 9.615878979545428251e+00 9.121025169532913424e+00 8.621800872210492628e+00 8.121942818228472305e+00 7.621976950096287062e+00 7.121986658778361345e+00 6.621989620216309547e+00 6.121990545826452745e+00
1.076969791346787986e+01 1.049698065821403681e+01 1.009209762460706550e+01 9.616855539005168652e+00 9.121125134142662461e+00 8.621805664841788897e+00 8.121941522942169200e+00 7.621976257049845493e+00 7.121986411221167934e+00 6.621989539090753496e+00 6.121990519888147020e+00
1.080534136354739339e+01 1.051389486420089980e+01 1.009698538646089716e+01 9.617637542054582767e+00 9.121201157922390834e+00 8.621808498230246087e+00 8.121940209326842464e+00 7.621975618920441953e+00 7.121986187111320810e+00 6.621989465988218804e+00 6.121990496547780936e+00
