1.057227490668596026e+01 1.057227490668596026e+01 1.057227490668596026e+01 1.057227490668596026e+01 1.057227490668596026e+01 1.057227490668596026e+01 1.057227490668596026e+01 1.057227490668596026e+01 1.057227490668596026e+01 1.057227490668596204e+01 1.057227490668596204e+01
1.047016664498627669e+01 1.047016664498627669e+01 1.047016664498627669e+01 1.047016664498627669e+01 1.047016664498627669e+01 1.047016664498627669e+01 1.047016664498627669e+01 1.047016664498627669e+01 1.047016664498627669e+01 1.047016664498627669e+01 1.047016664498627847e+01
1.036373921073173321e+01 1.036373921073173321e+01 1.036373921073173321e+01 1.036373921073173321e+01 1.036373921073173321e+01 1.036373921073173321e+01 1.036373921073173321e+01 1.036373921073173321e+01 1.036373921073173321e+01 1.036373921073173321e+01 1.036373921073173499e+01
1.025343842162678598e+01 1.025343842162678598e+01 1.025343842162678598e+01 1.025343842162678598e+01 1.025343842162678598e+01 1.025343842162678598e+01 1.025343842162678598e+01 1.025343842162678598e+01 1.025343842162678598e+01 1.025343842162678598e+01 1.025343842162678776e+01
1.013973457996170957e+01 1.013973457996170957e+01 1.013973457996170957e+01 1.013973457996170957e+01 1.013973457996170957e+01 1.013973457996170957e+01 1.013973457996170957e+01 1.013973457996170957e+01 1.013973457996170957e+01 1.013973457996170957e+01 1.013973457996171135e+01
1.002310044819435930e+01 1.002310044819435930e+01 1.002310044819435930e+01 1.002310044819435930e+01 1.002310044819435930e+01 1.002310044819435930e+01 1.002310044819435930e+01 1.002310044819435930e+01 1.002310044819435930e+01 1.002310044819435930e+01 1.002310044819435930e+01
9.903991044559697698e+00 9.903991044559697698e+00 9.903991044559697698e+00 9.903991044559697698e+00 9.903991044559697698e+00 9.903991044559697698e+00 9.903991044559697698e+00 9.903991044559697698e+00 9.903991044559697698e+00 9.903991044559697698e+00 9.903991044559699475e+00
9.782827262269526258e+00 9.782827262269526258e+00 9.782827262269526258e+00 9.782827262269526258e+00 9.782827262269526258e+00 9.782827262269526258e+00 9.782827262269526258e+00 9.782827262269526258e+00 9.782827262269526258e+00 9.782827262269526258e+00 9.782827262269528035e+00
9.659984477827544325e+00 9.659984477827544325e+00 9.659984477827544325e+00 9.659984477827544325e+00 9.659984477827544325e+00 9.659984477827544325e+00 9.659984477827544325e+00 9.659984477827544325e+00 9.659984477827544325e+00 9.659984477827544325e+00 9.659984477827546101e+00
9.535786361176716852e+00 9.535786361176716852e+00 9.535786361176716852e+00 9.535786361176716852e+00 9.535786361176716852e+00 9.535786361176716852e+00 9.535786361176716852e+00 9.535786361176716852e+00 9.535786361176716852e+00 9.535786361176716852e+00 9.535786361176718628e+00
9.410503254874125645e+00 9.410503254874125645e+00 9.410503254874125645e+00 9.410503254874125645e+00 9.410503254874125645e+00 9.410503254874125645e+00 9.410503254874125645e+00 9.410503254874125645e+00 9.410503254874125645e+00 9.410503254874125645e+00 9.410503254874125645e+00
