7.012307660390643349e+00 7.012307660390661113e+00 7.012307660390717068e+00 7.012307660390894704e+00 7.012307660391455144e+00 7.012307660393227060e+00 7.012307660398830578e+00 7.012307660416551514e+00 7.012307660472590243e+00 7.012307660649797825e+00 7.012307661210178011e+00
7.177888042752848641e+00 7.177888042752861963e+00 7.177888042752906372e+00 7.177888042753044928e+00 7.177888042753484577e+00 7.177888042754874576e+00 7.177888042759269283e+00 7.177888042773167498e+00 7.177888042817115455e+00 7.177888042956094061e+00 7.177888043395580731e+00
7.336590240044911226e+00 7.336590240044922773e+00 7.336590240044958300e+00 7.336590240045071099e+00 7.336590240045429034e+00 7.336590240046558797e+00 7.336590240050132827e+00 7.336590240061434010e+00 7.336590240097170756e+00 7.336590240210182579e+00 7.336590240567554488e+00
7.490219979646110637e+00 7.490219979646120407e+00 7.490219979646150605e+00 7.490219979646244752e+00 7.490219979646544957e+00 7.490219979647492643e+00 7.490219979650489357e+00 7.490219979659966221e+00 7.490219979689935137e+00 7.490219979784705551e+00 7.490219980084395601e+00
7.640123010897030831e+00 7.640123010897039713e+00 7.640123010897065470e+00 7.640123010897147182e+00 7.640123010897404754e+00 7.640123010898220990e+00 7.640123010900800260e+00 7.640123010908959067e+00 7.640123010934758874e+00 7.640123011016344279e+00 7.640123011274340570e+00
7.787293448171633159e+00 7.787293448171640264e+00 7.787293448171663357e+00 7.787293448171735299e+00 7.787293448171961785e+00 7.787293448172680321e+00 7.787293448174951394e+00 7.787293448182133204e+00 7.787293448204845703e+00 7.787293448276667363e+00 7.787293448503787019e+00
7.932459879838120287e+00 7.932459879838126504e+00 7.932459879838146932e+00 7.932459879838211769e+00 7.932459879838415162e+00 7.932459879839059980e+00 7.932459879841097461e+00 7.932459879847542084e+00 7.932459879867919561e+00 7.932459879932360458e+00 7.932459880136139674e+00
8.076151855167402971e+00 8.076151855167408300e+00 8.076151855167427840e+00 8.076151855167486460e+00 8.076151855167671201e+00 8.076151855168259175e+00 8.076151855170117244e+00 8.076151855175993433e+00 8.076151855194577678e+00 8.076151855253341338e+00 8.076151855439167804e+00
8.218750038850284767e+00 8.218750038850290096e+00 8.218750038850307860e+00 8.218750038850362927e+00 8.218750038850533457e+00 8.218750038851077022e+00 8.218750038852796536e+00 8.218750038858228635e+00 8.218750038875411335e+00 8.218750038929744761e+00 8.218750039101566429e+00
8.360523236790623258e+00 8.360523236790626811e+00 8.360523236790642798e+00 8.360523236790694313e+00 8.360523236790855961e+00 8.360523236791363999e+00 8.360523236792971602e+00 8.360523236798055535e+00 8.360523236814131565e+00 8.360523236864967345e+00 8.360523237025727639e+00
8.501655059454918728e+00 8.501655059454922281e+00 8.501655059454938268e+00 8.501655059454986230e+00 8.501655059455137220e+00 8.501655059455618613e+00 8.501655059457137398e+00 8.501655059461942443e+00 8.501655059477137399e+00 8.501655059525186076e+00 8.501655059677130311e+00
