5.199654472972654595e+00 5.523251225539699050e+00 5.770416133171601736e+00 5.932651779706079154e+00 5.992650583939640896e+00 5.922978596964494358e+00 5.698795300859922364e+00 5.327630365215685337e+00 4.864849458785649006e+00 4.371079122702401953e+00 3.871799013629127817e+00
5.199654472972681241e+00 5.523251225539723031e+00 5.770416133171623940e+00 5.932651779706097805e+00 5.992650583939655995e+00 5.922978596964505904e+00 5.698795300859928581e+00 5.327630365215688002e+00 4.864849458785649006e+00 4.371079122702401953e+00 3.871799013629127817e+00
5.199654472975333341e+00 5.523251225542142429e+00 5.770416133173797313e+00 5.932651779707988737e+00 5.992650583941193432e+00 5.922978596965598364e+00 5.698795300860532542e+00 5.327630365215906494e+00 4.864849458785693415e+00 4.371079122702408171e+00 3.871799013629128261e+00
5.199654473108044961e+00 5.523251225663234010e+00 5.770416133282560089e+00 5.932651779802601055e+00 5.992650584018148763e+00 5.922978597020299496e+00 5.698795300890786564e+00 5.327630365226823983e+00 4.864849458787902314e+00 4.371079122702684394e+00 3.871799013629156683e+00
5.199654476789303814e+00 5.523251229022165809e+00 5.770416136299508558e+00 5.932651782427025289e+00 5.992650586152783454e+00 5.922978598537628869e+00 5.698795301729988161e+00 5.327630365529682166e+00 4.864849458849173303e+00 4.371079122710350262e+00 3.871799013629944497e+00
5.199654538430259265e+00 5.523251285265896371e+00 5.770416186816892612e+00 5.932651826371791337e+00 5.992650621896244978e+00 5.922978623944594290e+00 5.698795315782028581e+00 5.327630370600902943e+00 4.864849459875124182e+00 4.371079122838710695e+00 3.871799013643133947e+00
5.199655208401031459e+00 5.523251896574651099e+00 5.770416735886422899e+00 5.932652304004035315e+00 5.992651010389135280e+00 5.922978900090893895e+00 5.698795468512519946e+00 5.327630425719575236e+00 4.864849471026101213e+00 4.371079124233853364e+00 3.871799013786489052e+00
5.199660237501587012e+00 5.523256485331686783e+00 5.770420857447692953e+00 5.932655889324563780e+00 5.992653926589031066e+00 5.922980972966214175e+00 5.698796614973370644e+00 5.327630839463354917e+00 4.864849554729829606e+00 4.371079134706347347e+00 3.871799014862570054e+00
5.199687731733666496e+00 5.523281572188575517e+00 5.770443390123494609e+00 5.932675490342399272e+00 5.992669869482782907e+00 5.922992305357015042e+00 5.698802882625554567e+00 5.327633101360460088e+00 4.864850012324937190e+00 4.371079191957460530e+00 3.871799020745287478e+00
5.199802312925798198e+00 5.523386120643528407e+00 5.770537293961703007e+00 5.932757176332086324e+00 5.992736309956577578e+00 5.923039531291482973e+00 5.698829001358002522e+00 5.327642526793421318e+00 4.864851919053552187e+00 4.371079430507478492e+00 3.871799045256804739e+00
5.200180887562832588e+00 5.523731546222091282e+00 5.770847548021007967e+00 5.933027059664824243e+00 5.992955817509158400e+00 5.923195549239774316e+00 5.698915280358685109e+00 5.327673657519485850e+00 4.864858215624515481e+00 4.371080218193356792e+00 3.871799126191042273e+00
