1.048868282122856144e+01 1.048868282112463035e+01 1.048868282079597591e+01 1.048868281975667927e+01 1.048868281647013667e+01 1.048868280607719150e+01 1.048868277321201248e+01 1.048868266928513115e+01 1.048868234065890981e+01 1.048868130164584578e+01 1.048867801793978138e+01
1.048868225671492205e+01 1.048868225661114018e+01 1.048868225628295292e+01 1.048868225524513420e+01 1.048868225196326698e+01 1.048868224158510998e+01 1.048868220876668289e+01 1.048868210498756781e+01 1.048868177682785685e+01 1.048868073928238864e+01 1.048867746014147073e+01
1.048868153616859900e+01 1.048868153606498765e+01 1.048868153573734219e+01 1.048868153470123943e+01 1.048868153142479187e+01 1.048868152106377138e+01 1.048868148829953206e+01 1.048868138469169509e+01 1.048868105707283860e+01 1.048868002122992849e+01 1.048867674739560485e+01
1.048868061436056465e+01 1.048868061425715226e+01 1.048868061393013562e+01 1.048868061289601528e+01 1.048868060962584536e+01 1.048868059928467389e+01 1.048868056658319148e+01 1.048868046317373626e+01 1.048868013618144523e+01 1.048867910231222389e+01 1.048867583464255659e+01
1.048867943344074760e+01 1.048867943333756614e+01 1.048867943301127426e+01 1.048867943197945252e+01 1.048867942871654613e+01 1.048867941839834650e+01 1.048867938576949932e+01 1.048867928258965598e+01 1.048867895632269764e+01 1.048867792473951965e+01 1.048867466422253258e+01
1.048867791860499210e+01 1.048867791850207709e+01 1.048867791817662543e+01 1.048867791714746112e+01 1.048867791389295689e+01 1.048867790360132446e+01 1.048867787105648652e+01 1.048867776814223163e+01 1.048867744271437275e+01 1.048867641377703919e+01 1.048867316155081575e+01
1.048867597461063461e+01 1.048867597450802513e+01 1.048867597418354691e+01 1.048867597315745215e+01 1.048867596991265927e+01 1.048867595965173827e+01 1.048867592720400665e+01 1.048867582459674885e+01 1.048867550013892469e+01 1.048867447426137289e+01 1.048867123163364035e+01
1.048867347659497895e+01 1.048867347649272475e+01 1.048867347616936563e+01 1.048867347514682002e+01 1.048867347191324484e+01 1.048867346168779591e+01 1.048867342935223057e+01 1.048867332709959577e+01 1.048867300376242007e+01 1.048867198142095525e+01 1.048866874989821518e+01
1.048867026480352926e+01 1.048867026470168362e+01 1.048867026437962124e+01 1.048867026336116837e+01 1.048867026014054105e+01 1.048867024995603714e+01 1.048867021774993802e+01 1.048867011590663800e+01 1.048866979386312259e+01 1.048866877560487687e+01 1.048866555691750513e+01
1.048866613396335445e+01 1.048866613386198132e+01 1.048866613354141109e+01 1.048866613252768154e+01 1.048866612932198628e+01 1.048866611918470149e+01 1.048866608712791582e+01 1.048866598575671283e+01 1.048866566520532650e+01 1.048866465165792050e+01 1.048866144779064946e+01
1.048866082015863732e+01 1.048866082005780953e+01 1.048866081973896058e+01 1.048866081873067024e+01 1.048866081554218077e+01 1.048866080545930402e+01 1.048866077357456383e+01 1.048866067274733638e+01 1.048866035391538354e+01 1.048865934579762182e+01 1.048865615902354698e+01
