3.374848286975515865e+00 3.375900870736005199e+00 3.379212647762807720e+00 3.389521282038700623e+00 3.420587646978707763e+00 3.506242105419485444e+00 3.699950324360481879e+00 4.018698777453605153e+00 4.352671534464120029e+00 4.466448605150134199e+00 4.291209615620427797e+00
3.514085869626454972e+00 3.515137066420101597e+00 3.518444465820513400e+00 3.528739326609404703e+00 3.559762444284438665e+00 3.645274135756547462e+00 3.838337246790297197e+00 4.152473199279406835e+00 4.460814554827401857e+00 4.528444123090054951e+00 4.317743965570659093e+00
3.653234553819440844e+00 3.654284538917133673e+00 3.657588095964135810e+00 3.667870688318487726e+00 3.698853504474277631e+00 3.784215100442361646e+00 3.976468877933521551e+00 4.284510506969794186e+00 4.562800756643998312e+00 4.584384215328615397e+00 4.340456246908708238e+00
3.792235111786021573e+00 3.793284017795039098e+00 3.796584129141232999e+00 3.806855482368673105e+00 3.837799055381885704e+00 3.922993243817576747e+00 4.114201589318856378e+00 4.414239277194162980e+00 4.658180732192726659e+00 4.634473902927988220e+00 4.359659358442298682e+00
3.931010492321910466e+00 3.932058409088150519e+00 3.935355330536552732e+00 3.945615972012763262e+00 3.976519200689996758e+00 4.061515999935489063e+00 4.251347481146912521e+00 4.540979623837456458e+00 4.746648648527073355e+00 4.678935147488613389e+00 4.375682177628613445e+00
4.069459512378049482e+00 4.070506483261548070e+00 4.073800315464542798e+00 4.084050200231684080e+00 4.114909351351180966e+00 4.199662205401984316e+00 4.387659078098141485e+00 4.663951970892398435e+00 4.828027499921417665e+00 4.718007642195052753e+00 4.388865641020857744e+00
4.207448932043751810e+00 4.208494945075663907e+00 4.211785602226586711e+00 4.222023980594206805e+00 4.252831938485385876e+00 4.337272157445006826e+00 4.522810443790198143e+00 4.782301929389875639e+00 4.902242926366144893e+00 4.751953859041551098e+00 4.399556624099980162e+00
4.344803824516397128e+00 4.345848795933388686e+00 4.349135949255312106e+00 4.359361143725612564e+00 4.390106264105263278e+00 4.474135211364024478e+00 4.656374884518196033e+00 4.895140539470439478e+00 4.969296343473167177e+00 4.781066356515453641e+00 4.408099882877153597e+00
4.481296422360250276e+00 4.482340168519280077e+00 4.485623151566019651e+00 4.495832198583864958e+00 4.526496592618105552e+00 4.609974820483707880e+00 4.787800429574632588e+00 5.001593750839449015e+00 5.029246119732719400e+00 4.805674996168700197e+00 4.414828774259950350e+00
4.616634085106298357e+00 4.617676276716363049e+00 4.620953932891806559e+00 4.631142023300851562e+00 4.661699023467005709e+00 4.744431340342083914e+00 4.916386002290495050e+00 5.100851485429931387e+00 5.082201809935501302e+00 4.826151346182656177e+00 4.420055888947707956e+00
4.750447703422365109e+00 4.751487793451815378e+00 4.754758237929732623e+00 4.764917863343295146e+00 4.795328334129192349e+00 4.877043608721186807e+00 5.041263699897642780e+00 5.192208235411639450e+00 5.128332281117754299e+00 4.842907549152253743e+00 4.424064918395792745e+00
