8.783103418312933286e+00 8.783103418312933286e+00 8.783103418312933286e+00 8.783103418312933286e+00 8.783103418312933286e+00 8.783103418312933286e+00 8.783103418312933286e+00 8.783103418312933286e+00 8.783103418312933286e+00 8.783103418312933286e+00 8.783103418312933286e+00
8.783102849571557513e+00 8.783102849571557513e+00 8.783102849571557513e+00 8.783102849571557513e+00 8.783102849571557513e+00 8.783102849571557513e+00 8.783102849571557513e+00 8.783102849571557513e+00 8.783102849571557513e+00 8.783102849571557513e+00 8.783102849571557513e+00
8.783102103348481293e+00 8.783102103348481293e+00 8.783102103348481293e+00 8.783102103348481293e+00 8.783102103348481293e+00 8.783102103348481293e+00 8.783102103348481293e+00 8.783102103348481293e+00 8.783102103348481293e+00 8.783102103348481293e+00 8.783102103348481293e+00
8.783101125031329559e+00 8.783101125031329559e+00 8.783101125031329559e+00 8.783101125031329559e+00 8.783101125031329559e+00 8.783101125031329559e+00 8.783101125031329559e+00 8.783101125031329559e+00 8.783101125031329559e+00 8.783101125031329559e+00 8.783101125031329559e+00
8.783099843283739716e+00 8.783099843283739716e+00 8.783099843283739716e+00 8.783099843283739716e+00 8.783099843283739716e+00 8.783099843283739716e+00 8.783099843283739716e+00 8.783099843283739716e+00 8.783099843283739716e+00 8.783099843283739716e+00 8.783099843283739716e+00
8.783098164833848642e+00 8.783098164833848642e+00 8.783098164833848642e+00 8.783098164833848642e+00 8.783098164833848642e+00 8.783098164833848642e+00 8.783098164833848642e+00 8.783098164833848642e+00 8.783098164833848642e+00 8.783098164833848642e+00 8.783098164833848642e+00
8.783095969233578160e+00 8.783095969233578160e+00 8.783095969233578160e+00 8.783095969233578160e+00 8.783095969233578160e+00 8.783095969233578160e+00 8.783095969233578160e+00 8.783095969233578160e+00 8.783095969233578160e+00 8.783095969233578160e+00 8.783095969233578160e+00
8.783093101485958343e+00 8.783093101485958343e+00 8.783093101485958343e+00 8.783093101485958343e+00 8.783093101485958343e+00 8.783093101485958343e+00 8.783093101485958343e+00 8.783093101485958343e+00 8.783093101485958343e+00 8.783093101485958343e+00 8.783093101485958343e+00
8.783089353667611121e+00 8.783089353667611121e+00 8.783089353667611121e+00 8.783089353667611121e+00 8.783089353667611121e+00 8.783089353667611121e+00 8.783089353667611121e+00 8.783089353667611121e+00 8.783089353667611121e+00 8.783089353667611121e+00 8.783089353667611121e+00
8.783084459983662384e+00 8.783084459983662384e+00 8.783084459983662384e+00 8.783084459983662384e+00 8.783084459983662384e+00 8.783084459983662384e+00 8.783084459983662384e+00 8.783084459983662384e+00 8.783084459983662384e+00 8.783084459983662384e+00 8.783084459983662384e+00
8.783078075623430792e+00 8.783078075623430792e+00 8.783078075623430792e+00 8.783078075623430792e+00 8.783078075623430792e+00 8.783078075623430792e+00 8.783078075623430792e+00 8.783078075623430792e+00 8.783078075623430792e+00 8.783078075623430792e+00 8.783078075623430792e+00
