8.121590249110139936e+00 7.621863463332002375e+00 7.121950118202707181e+00 6.621977546853654140e+00 6.121986223161217211e+00 5.621988967111518853e+00 5.121989834850896983e+00 4.621990109256792323e+00 4.121990196031816822e+00 3.621990223472514980e+00 3.121990232150028355e+00
8.121590067207755226e+00 7.621863416052546469e+00 7.121950104293380157e+00 6.621977542559881691e+00 6.121986221813899398e+00 5.621988966686509492e+00 5.121989834716601742e+00 4.621990109214334730e+00 4.121990196018392005e+00 3.621990223468269487e+00 3.121990232148685873e+00
8.121589847158841025e+00 7.621863360289046874e+00 7.121950088065164053e+00 6.621977537569412320e+00 6.121986220249933552e+00 5.621988966193357307e+00 5.121989834560795707e+00 4.621990109165079019e+00 4.121990196002816909e+00 3.621990223463344538e+00 3.121990232147128452e+00
8.121589579720030372e+00 7.621863294363183883e+00 7.121950069113933246e+00 6.621977531767178959e+00 6.121986218434206428e+00 5.621988965621084411e+00 5.121989834380017648e+00 4.621990109107930955e+00 4.121990195984746919e+00 3.621990223457630442e+00 3.121990232145321897e+00
8.121589253077132753e+00 7.621863216216249626e+00 7.121950046959278247e+00 6.621977525018419186e+00 6.121986216325821850e+00 5.621988964956932122e+00 5.121989834170252109e+00 4.621990109041623107e+00 4.121990195963781467e+00 3.621990223451001079e+00 3.121990232143224908e+00
8.121588852052699536e+00 7.621863123309196908e+00 7.121950021028232491e+00 6.621977517165064775e+00 6.121986213877109506e+00 5.621988964186057203e+00 5.121989833926828162e+00 4.621990108964680211e+00 4.121990195939453372e+00 3.621990223443308121e+00 3.121990232140792632e+00
8.121588357052914375e+00 7.621863012492945622e+00 7.121949990634953487e+00 6.621977508021404724e+00 6.121986211032465874e+00 5.621988963291188135e+00 5.121989833644313705e+00 4.621990108875388081e+00 4.121990195911221733e+00 3.621990223434381040e+00 3.121990232137969556e+00
8.121587742664591048e+00 7.621862879839299332e+00 7.121949954955210771e+00 6.621977497368822796e+00 6.121986207726967777e+00 5.621988962252215671e+00 5.121989833316393792e+00 4.621990108771754535e+00 4.121990195878455943e+00 3.621990223424019995e+00 3.121990232134693066e+00
8.121586975781644568e+00 7.621862720419526838e+00 7.121949912994158360e+00 6.621977484949411519e+00 6.121986203884737243e+00 5.621988961045713218e+00 5.121989832935716969e+00 4.621990108651458762e+00 4.121990195840423254e+00 3.621990223411994059e+00 3.121990232130890330e+00
8.121586013097612522e+00 7.621862528013148896e+00 7.121949863545356862e+00 6.621977470458150883e+00 6.121986199416980412e+00 5.621988959644369288e+00 5.121989832493721195e+00 4.621990108511802475e+00 4.121990195796271905e+00 3.621990223398033226e+00 3.121990232126475640e+00
8.121584797742571027e+00 7.621862294723356968e+00 7.121949805138370060e+00 6.621977453533301805e+00 6.121986194219649846e+00 5.621988958016315152e+00 5.121989831980434005e+00 4.621990108349641524e+00 4.121990195745008023e+00 3.621990223381823526e+00 3.121990232121349962e+00
