8.176815578448938027e+00 8.176815578448938027e+00 8.176815578448938027e+00 8.176815578448938027e+00 8.176815578448938027e+00 8.176815578448938027e+00 8.176815578448938027e+00 8.176815578448938027e+00 8.176815578448938027e+00 8.176815578448938027e+00 8.176815578448938027e+00
8.177957638242256522e+00 8.177957638242256522e+00 8.177957638242256522e+00 8.177957638242256522e+00 8.177957638242256522e+00 8.177957638242256522e+00 8.177957638242256522e+00 8.177957638242256522e+00 8.177957638242256522e+00 8.177957638242256522e+00 8.177957638242256522e+00
8.178844007226167889e+00 8.178844007226167889e+00 8.178844007226167889e+00 8.178844007226167889e+00 8.178844007226167889e+00 8.178844007226167889e+00 8.178844007226167889e+00 8.178844007226167889e+00 8.178844007226167889e+00 8.178844007226167889e+00 8.178844007226167889e+00
8.179529394251840557e+00 8.179529394251840557e+00 8.179529394251840557e+00 8.179529394251840557e+00 8.179529394251840557e+00 8.179529394251840557e+00 8.179529394251840557e+00 8.179529394251840557e+00 8.179529394251840557e+00 8.179529394251840557e+00 8.179529394251840557e+00
8.180057566727111151e+00 8.180057566727111151e+00 8.180057566727111151e+00 8.180057566727111151e+00 8.180057566727111151e+00 8.180057566727111151e+00 8.180057566727111151e+00 8.180057566727111151e+00 8.180057566727111151e+00 8.180057566727111151e+00 8.180057566727111151e+00
8.180463307779707094e+00 8.180463307779707094e+00 8.180463307779707094e+00 8.180463307779707094e+00 8.180463307779707094e+00 8.180463307779707094e+00 8.180463307779707094e+00 8.180463307779707094e+00 8.180463307779707094e+00 8.180463307779707094e+00 8.180463307779707094e+00
8.180774094107414740e+00 8.180774094107414740e+00 8.180774094107414740e+00 8.180774094107414740e+00 8.180774094107414740e+00 8.180774094107414740e+00 8.180774094107414740e+00 8.180774094107414740e+00 8.180774094107414740e+00 8.180774094107414740e+00 8.180774094107414740e+00
8.181011511729723296e+00 8.181011511729723296e+00 8.181011511729723296e+00 8.181011511729723296e+00 8.181011511729723296e+00 8.181011511729723296e+00 8.181011511729723296e+00 8.181011511729723296e+00 8.181011511729723296e+00 8.181011511729723296e+00 8.181011511729723296e+00
8.181192434227838817e+00 8.181192434227838817e+00 8.181192434227838817e+00 8.181192434227838817e+00 8.181192434227838817e+00 8.181192434227838817e+00 8.181192434227838817e+00 8.181192434227838817e+00 8.181192434227838817e+00 8.181192434227838817e+00 8.181192434227838817e+00
8.181329991593152329e+00 8.181329991593152329e+00 8.181329991593152329e+00 8.181329991593152329e+00 8.181329991593152329e+00 8.181329991593152329e+00 8.181329991593152329e+00 8.181329991593152329e+00 8.181329991593152329e+00 8.181329991593152329e+00 8.181329991593152329e+00
8.181754151579168521e+00 8.181754151579168521e+00 8.181754151579168521e+00 8.181754151579168521e+00 8.181754151579168521e+00 8.181754151579168521e+00 8.181754151579168521e+00 8.181754151579168521e+00 8.181754151579168521e+00 8.181754151579168521e+00 8.181754151579168521e+00
