8.181754151578157774e+00 8.181754151575969303e+00 8.181754151569052169e+00 8.181754151547179887e+00 8.181754151478008552e+00 8.181754151259273300e+00 8.181754150567572381e+00 8.181754148380218084e+00 8.181754141463200014e+00 8.181754119589697893e+00 8.181754050419906221e+00
8.181753399615613986e+00 8.181753399613430844e+00 8.181753399606531474e+00 8.181753399584710706e+00 8.181753399515711678e+00 8.181753399297512885e+00 8.181753398607511940e+00 8.181753396425534675e+00 8.181753389525516340e+00 8.181753367705765001e+00 8.181753298705841004e+00
8.181753147937095960e+00 8.181753147934914594e+00 8.181753147928017000e+00 8.181753147906206891e+00 8.181753147837234508e+00 8.181753147619126310e+00 8.181753146929409581e+00 8.181753144748331152e+00 8.181753137851156765e+00 8.181753116040395568e+00 8.181753047068900386e+00
8.181752816240711823e+00 8.181752816238530457e+00 8.181752816231636416e+00 8.181752816209836965e+00 8.181752816140896556e+00 8.181752815922891386e+00 8.181752815233497955e+00 8.181752813053440931e+00 8.181752806159497737e+00 8.181752784358957697e+00 8.181752715419776223e+00
8.181752379066216108e+00 8.181752379064038294e+00 8.181752379057147806e+00 8.181752379035359013e+00 8.181752378966457684e+00 8.181752378748569754e+00 8.181752378059551134e+00 8.181752375880678940e+00 8.181752368990483859e+00 8.181752347201792119e+00 8.181752278300079340e+00
8.181751802727143641e+00 8.181751802724965827e+00 8.181751802718080668e+00 8.181751802696306086e+00 8.181751802627447390e+00 8.181751802409699792e+00 8.181751801721116379e+00 8.181751799543631520e+00 8.181751792657816935e+00 8.181751770882975450e+00 8.181751702025056971e+00
8.181751043873294549e+00 8.181751043871118512e+00 8.181751043864238682e+00 8.181751043842480087e+00 8.181751043773672905e+00 8.181751043556085179e+00 8.181751042868016910e+00 8.181751040692148536e+00 8.181751033811451634e+00 8.181751012052796312e+00 8.181750943246054675e+00
8.181750051169297322e+00 8.181750051167123061e+00 8.181750051160248560e+00 8.181750051138509505e+00 8.181750051069760943e+00 8.181750050852363287e+00 8.181750050164890098e+00 8.181750047990906438e+00 8.181750041116172767e+00 8.181750019376371696e+00 8.181749950629241042e+00
8.181748744938730056e+00 8.181748744936557571e+00 8.181748744929690176e+00 8.181748744907972437e+00 8.181748744839293153e+00 8.181748744622113989e+00 8.181748743935333579e+00 8.181748741763541943e+00 8.181748734895732511e+00 8.181748713177830368e+00 8.181748644499950984e+00
8.181747028682003986e+00 8.181747028679833278e+00 8.181747028672974764e+00 8.181747028651281894e+00 8.181747028582684322e+00 8.181747028365759178e+00 8.181747027679779904e+00 8.181747025510528459e+00 8.181747018650751713e+00 8.181746996958247919e+00 8.181746928360675852e+00
8.181744776434751287e+00 8.181744776432585908e+00 8.181744776425736276e+00 8.181744776404071828e+00 8.181744776335568403e+00 8.181744776118936358e+00 8.181744775433889671e+00 8.181744773267579873e+00 8.181744766417107684e+00 8.181744744754029242e+00 8.181744676249504522e+00
