-1.488207885830296062e+00 -1.468406378145347801e+00 -1.411141528460413852e+00 -1.267924214659737148e+00 -9.918490339644149278e-01 -5.960645203758874189e-01 -1.350090113890088095e-01 3.518759291912799125e-01 8.472875721343468003e-01 1.342291141286213296e+00 1.808710345015424048e+00
-1.351613107695625038e+00 -1.332489116876816926e+00 -1.277023518771127186e+00 -1.137414590645362322e+00 -8.657248923611275959e-01 -4.729179087377038959e-01 -1.317924544840120074e-02 4.732238462549478997e-01 9.683621018511958667e-01 1.462158957119687352e+00 1.919234562581054737e+00
-1.214858918647309327e+00 -1.196284291889877727e+00 -1.142285181535080962e+00 -1.005650821969307884e+00 -7.376377734416281751e-01 -3.473664278885653101e-01 1.112399347253374415e-01 5.972214762643653918e-01 1.092065409122038089e+00 1.584264821567508807e+00 2.029503007806563009e+00
-1.077893314063899766e+00 -1.059766679734285733e+00 -1.006968509465785644e+00 -8.727929180933275966e-01 -6.078619424008097072e-01 -2.197444558392370184e-01 2.378917729853800567e-01 7.235032024605350109e-01 1.218014223030235987e+00 1.708089531973837838e+00 2.138543263105411096e+00
-9.406878594136621752e-01 -9.229283824179540519e-01 -8.711178661416913993e-01 -7.389799920994637450e-01 -4.766333730350290065e-01 -9.034219650490277198e-02 3.664648846337005828e-01 8.517484635537961868e-01 1.345864762270735371e+00 1.833111380110655331e+00 2.245414265390791364e+00
-8.032311298407343036e-01 -7.857738899830727375e-01 -7.347787099045355319e-01 -6.043337817497423936e-01 -3.441553456778606579e-01 4.058907972745762899e-02 4.966885023040227276e-01 9.816770063008318781e-01 1.475306029390877516e+00 1.958790086085872906e+00 2.349244985168609912e+00
-6.655236463642570932e-01 -6.483161737136905467e-01 -5.979963698935726324e-01 -4.689612155613973599e-01 -2.106031187790774473e-01 1.728322350263813423e-01 6.283278675133794344e-01 1.113044093726386130e+00 1.606052329265361456e+00 2.084550727195651820e+00 2.449274423965494218e+00
-5.275740142946393485e-01 -5.105736614949282215e-01 -4.608150076920095040e-01 -3.329563593131225074e-01 -7.612784787106134654e-02 3.061999339429172795e-01 7.611798932282040075e-01 1.245635797795081601e+00 1.737834952797632670e+00 2.209770108286792212e+00 2.544883303494156035e+00
-3.893960193426691530e-01 -3.725679475799037466e-01 -3.232768125410779292e-01 -1.964019734025870545e-01 5.914009995418015309e-02 4.405307777021464921e-01 8.950691588808121768e-01 1.379264422925046807e+00 1.870392859994799428e+00 2.333769166445599730e+00 2.635609881520065478e+00
-2.510064796526280118e-01 -2.343221001881988785e-01 -1.854214304868075647e-01 -5.937078566526111933e-02 1.950883206142890736e-01 5.756858771193377189e-01 1.029844257009944863e+00 1.513764043072659105e+00 2.003462140799228575e+00 2.455815809702183383e+00 2.721147550095722067e+00
-1.124236884154798111e-01 -9.585944617979680338e-02 -4.728560345115168095e-02 7.807339310045090242e-02 3.316199477437072329e-01 7.115458290740280800e-01 1.165374482736821093e+00 1.648986082538348885e+00 2.136764058128830968e+00 2.575142145357402157e+00 2.801327434553175788e+00
