4.798611293938311206e+00 4.798611293921766219e+00 4.798611293869448069e+00 4.798611293704003522e+00 4.798611293180822912e+00 4.798611291526378331e+00 4.798611286294566902e+00 4.798611269750127306e+00 4.798611217432026343e+00 4.798611051987783149e+00 4.798610528808335829e+00
4.798175650532843228e+00 4.798175650516536273e+00 4.798175650464970410e+00 4.798175650301904405e+00 4.798175649786244001e+00 4.798175648155583062e+00 4.798175642998979917e+00 4.798175626692368745e+00 4.798175575126347958e+00 4.798175412060380118e+00 4.798174896401572020e+00
4.797618754935768060e+00 4.797618754919731110e+00 4.797618754869018787e+00 4.797618754708649291e+00 4.797618754201518065e+00 4.797618752597829328e+00 4.797618747526517957e+00 4.797618731489626143e+00 4.797618680776530198e+00 4.797618520407735510e+00 4.797618013278017735e+00
4.796908552630210210e+00 4.796908552614478793e+00 4.796908552564730144e+00 4.796908552407411541e+00 4.796908551909925933e+00 4.796908550336738131e+00 4.796908545361881160e+00 4.796908529630003137e+00 4.796908479881444975e+00 4.796908322562774885e+00 4.796907825078283061e+00
4.796005154675698101e+00 4.796005154660310410e+00 4.796005154611648891e+00 4.796005154457768427e+00 4.796005153971155899e+00 4.796005152432351260e+00 4.796005147566224203e+00 4.796005132178180475e+00 4.796005083516920564e+00 4.796004929636577430e+00 4.796004443024917130e+00
4.794859160675529530e+00 4.794859160660527309e+00 4.794859160613087035e+00 4.794859160463069259e+00 4.794859159988670072e+00 4.794859158488488760e+00 4.794859153744497782e+00 4.794859138742682880e+00 4.794859091302784648e+00 4.794858941284714682e+00 4.794858466886527282e+00
4.793409709079402781e+00 4.793409709064833102e+00 4.793409709018759735e+00 4.793409708873062947e+00 4.793409708412330161e+00 4.793409706955364058e+00 4.793409702348031765e+00 4.793409687778370731e+00 4.793409641705062008e+00 4.793409496008515625e+00 4.793409035276082975e+00
4.791582242146015247e+00 4.791582242131926961e+00 4.791582242087375931e+00 4.791582241946493959e+00 4.791582241500985440e+00 4.791582240092163936e+00 4.791582235637078746e+00 4.791582221548863707e+00 4.791582176998019804e+00 4.791582036115921817e+00 4.791581590608010366e+00
4.789285984519801254e+00 4.789285984506246763e+00 4.789285984463384160e+00 4.789285984327840140e+00 4.789285983899211452e+00 4.789285982543769471e+00 4.789285978257486143e+00 4.789285964703068110e+00 4.789285921840235716e+00 4.789285786296091807e+00 4.789285357668180865e+00
4.786411152234763655e+00 4.786411152221797138e+00 4.786411152180796158e+00 4.786411152051139872e+00 4.786411151641128292e+00 4.786411150344558330e+00 4.786411146244446080e+00 4.786411133278750896e+00 4.786411092277624846e+00 4.786410962620701426e+00 4.786410552609733138e+00
4.782825932497891230e+00 4.782825932485571307e+00 4.782825932446611361e+00 4.782825932323409468e+00 4.782825931933812669e+00 4.782825930701797290e+00 4.782825926805824857e+00 4.782825914485675511e+00 4.782825875525944070e+00 4.782825752324470159e+00 4.782825362727343155e+00
