-3.823535994518088010e+00 -3.766690573140569320e+00 -3.624310409981425174e+00 -3.349245464065409017e+00 -2.954142081472872494e+00 -2.493383534958380832e+00 -2.006575490457060962e+00 -1.510898386295391083e+00 -1.012937030826297935e+00 -5.201176923664359020e-01 -8.026935754643178822e-02
-3.692323531956049010e+00 -3.636689227718058692e+00 -3.496740043704064771e+00 -3.224633320005932724e+00 -2.831540659965887663e+00 -2.371671408480666710e+00 -1.885183254872596859e+00 -1.389632896702148956e+00 -8.919251058614211525e-01 -4.012492717258765995e-01 2.214835562626808405e-02
-3.560590448656845375e+00 -3.505889138442517261e+00 -3.367826663974829771e+00 -3.098041359738335832e+00 -2.706542817584606908e+00 -2.247382963611117557e+00 -1.761151821082969970e+00 -1.265715173053364895e+00 -7.683321472665524121e-01 -2.805248679482556518e-01 1.222728375209842511e-01
-3.428276848049295111e+00 -3.374292588241738944e+00 -3.237688503535389284e+00 -2.969713125680284005e+00 -2.579467501880048363e+00 -2.120868024048141010e+00 -1.634841956775974436e+00 -1.139512336254111968e+00 -6.425547414066550278e-01 -1.585843437234899511e-01 2.188445461887124632e-01
-3.295351809989152780e+00 -3.241916930630304616e+00 -3.106435176682162069e+00 -2.839861984133916106e+00 -2.450593144655591527e+00 -1.992432397845831815e+00 -1.506569421997956626e+00 -1.011347233037842575e+00 -5.149554746635881530e-01 -3.610554697677680752e-02 3.106882121430113997e-01
-3.161807173907834390e+00 -3.108791631664374222e+00 -2.974169458132370547e+00 -2.708675719895470291e+00 -2.320162535145878113e+00 -1.862342499196512513e+00 -1.376609487984535640e+00 -8.815033064611370595e-01 -3.858715026123433756e-01 8.617376668610224333e-02 3.967832340012484305e-01
-3.027652171428985017e+00 -2.974955313453683026e+00 -2.840988093439299256e+00 -2.576320090103380700e+00 -2.188387154190039041e+00 -1.730829768197880814e+00 -1.245201403996830214e+00 -7.502296118999780550e-01 -2.556245141547528466e-01 2.074362815932407622e-01 4.763267627027562012e-01
-2.892908859845006120e+00 -2.840453002487363321e+00 -2.706982059426704890e+00 -2.442941624602199990e+00 -2.055451006430763172e+00 -1.598094790152802203e+00 -1.112552668435273118e+00 -6.177458736490989422e-01 -1.245323027190243931e-01 3.267727287997101993e-01 5.487748877307068174e-01
-2.757608301122316252e+00 -2.705333696713767555e+00 -2.572236552841282720e+00 -2.308669890160410798e+00 -1.921514002055169756e+00 -1.464311069159208722e+00 -9.788430292781616915e-01 -4.842475700894571244e-01 7.077744162914025548e-03 4.431833980277835594e-01 6.138538485611354512e-01
-2.621787425105713609e+00 -2.569648304763657354e+00 -2.436830884258457619e+00 -2.173619375552416244e+00 -1.786714940845534505e+00 -1.329628443834775187e+00 -8.442281865767438109e-01 -3.499111128900997403e-01 1.388529259295347984e-01 5.556005055965826944e-01 6.715424207708176052e-01
-2.485486510045219255e+00 -2.433447969291750113e+00 -2.300838382565541185e+00 -2.037891106503058047e+00 -1.651174146904419660e+00 -1.194176153203706736e+00 -7.088432032971828667e-01 -2.148992557915877788e-01 2.703971435872105644e-01 6.629357180603214772e-01 7.220338357134532536e-01
