7.474399457076767561e+00 7.484550951810926556e+00 7.514852829032348858e+00 7.594873816364531294e+00 7.762190962069494660e+00 8.019679436893509816e+00 8.317219880291416345e+00 8.597283675484849397e+00 8.823370118502536386e+00 8.972761220223357981e+00 9.022248603946486867e+00
7.339751097401015834e+00 7.348903146586425628e+00 7.376431911640993988e+00 7.450629423289187869e+00 7.610518733205910991e+00 7.864753948545481599e+00 8.166492985388625669e+00 8.456370226865482564e+00 8.695627727618953529e+00 8.861186230414473286e+00 8.931206632346434304e+00
7.203210497873343776e+00 7.211322082438896608e+00 7.235895501163436272e+00 7.303514958030878468e+00 7.454151245839393702e+00 7.702769537733010097e+00 8.007139701990386271e+00 8.306294562393789604e+00 8.558742304945917923e+00 8.740572819290379769e+00 8.831128588343332808e+00
7.064158463414411671e+00 7.071207226557183922e+00 7.092702379655268174e+00 7.153080737327742078e+00 7.292565034861392625e+00 7.532781393332244058e+00 7.837762052556264791e+00 8.145443012440043873e+00 8.411087487674254959e+00 8.609389521059680916e+00 8.720585651245759351e+00
6.921773986330146400e+00 6.927760372706141645e+00 6.946127703424538780e+00 6.998756171295683615e+00 7.125201956752756693e+00 7.353778748309317770e+00 7.656741309018782360e+00 7.971864285129306893e+00 8.250650976186763685e+00 8.465715185888804228e+00 8.597778171235074041e+00
6.774973678687237211e+00 6.779924319766330143e+00 6.795199366837537447e+00 6.839791649013350572e+00 6.951461002288004565e+00 7.164728284966520810e+00 7.462242673318868924e+00 7.783259803978924474e+00 8.074945200029903347e+00 8.307137487315641167e+00 8.460433883498151175e+00
6.622337229933244807e+00 6.626306825358370567e+00 6.638617510893031870e+00 6.675171343517200206e+00 6.770668355757215373e+00 6.964643874816893288e+00 7.252260435819209761e+00 7.576710108330843241e+00 7.880905070076308583e+00 8.130626778311061287e+00 8.305678139232885115e+00
6.462018681098348871e+00 6.465089597458624660e+00 6.474656558084796565e+00 6.503492048233753486e+00 6.582004601847103231e+00 6.752677083119349000e+00 7.024736759113828555e+00 7.349185942677183725e+00 7.664781976453447498e+00 7.932384053601034601e+00 8.129870217307793467e+00
6.291645680691939191e+00 6.293924646548898494e+00 6.301052290679266754e+00 6.322811765448549615e+00 6.384359810446725625e+00 6.528195580862790059e+00 6.777798181909015618e+00 7.096870627961952671e+00 7.422058849763005561e+00 7.707668235518464250e+00 7.928401020310022140e+00
6.108212102538217003e+00 6.109823783162294575e+00 6.114880903157009051e+00 6.130482510338463698e+00 6.176086128455570368e+00 6.290766686994216705e+00 6.510143358664279845e+00 6.816259495593455675e+00 7.147486840380254058e+00 7.450623861047205310e+00 7.695452455284314652e+00
5.907973493642533214e+00 5.909051368481251565e+00 5.912442279486149310e+00 5.922990373711050971e+00 5.954645637187725882e+00 6.039907071353733947e+00 6.221530430867458605e+00 6.504120974657528365e+00 6.835070125157938214e+00 7.154166781730364022e+00 7.423733263586448139e+00
