5.800437237851191696e+00 5.800437237851191696e+00 5.800437237851191696e+00 5.800437237851191696e+00 5.800437237851191696e+00 5.800437237851191696e+00 5.800437237851191696e+00 5.800437237851191696e+00 5.800437237851191696e+00 5.800437237851189920e+00 5.800437237851185479e+00
5.831587464213790817e+00 5.831587464213790817e+00 5.831587464213790817e+00 5.831587464213790817e+00 5.831587464213790817e+00 5.831587464213790817e+00 5.831587464213790817e+00 5.831587464213790817e+00 5.831587464213789929e+00 5.831587464213788152e+00 5.831587464213781047e+00
5.857829848896944469e+00 5.857829848896944469e+00 5.857829848896944469e+00 5.857829848896944469e+00 5.857829848896944469e+00 5.857829848896944469e+00 5.857829848896944469e+00 5.857829848896944469e+00 5.857829848896943581e+00 5.857829848896940028e+00 5.857829848896930258e+00
5.879752699852956788e+00 5.879752699852956788e+00 5.879752699852956788e+00 5.879752699852956788e+00 5.879752699852956788e+00 5.879752699852956788e+00 5.879752699852955899e+00 5.879752699852955899e+00 5.879752699852954123e+00 5.879752699852950570e+00 5.879752699852937248e+00
5.897920470150554095e+00 5.897920470150554095e+00 5.897920470150554095e+00 5.897920470150554095e+00 5.897920470150554095e+00 5.897920470150554095e+00 5.897920470150554095e+00 5.897920470150553207e+00 5.897920470150552319e+00 5.897920470150546990e+00 5.897920470150531003e+00
5.912861446536079590e+00 5.912861446536079590e+00 5.912861446536079590e+00 5.912861446536079590e+00 5.912861446536079590e+00 5.912861446536079590e+00 5.912861446536079590e+00 5.912861446536078702e+00 5.912861446536076926e+00 5.912861446536070709e+00 5.912861446536052057e+00
5.925059565088335312e+00 5.925059565088335312e+00 5.925059565088335312e+00 5.925059565088335312e+00 5.925059565088335312e+00 5.925059565088335312e+00 5.925059565088334423e+00 5.925059565088334423e+00 5.925059565088331759e+00 5.925059565088325542e+00 5.925059565088303337e+00
5.934949833816883569e+00 5.934949833816883569e+00 5.934949833816883569e+00 5.934949833816883569e+00 5.934949833816883569e+00 5.934949833816883569e+00 5.934949833816883569e+00 5.934949833816882681e+00 5.934949833816880016e+00 5.934949833816872911e+00 5.934949833816848042e+00
5.942916740510183260e+00 5.942916740510183260e+00 5.942916740510183260e+00 5.942916740510183260e+00 5.942916740510183260e+00 5.942916740510183260e+00 5.942916740510183260e+00 5.942916740510182372e+00 5.942916740510179707e+00 5.942916740510170825e+00 5.942916740510144180e+00
5.949294996638863964e+00 5.949294996638863964e+00 5.949294996638863964e+00 5.949294996638863964e+00 5.949294996638863964e+00 5.949294996638863964e+00 5.949294996638863964e+00 5.949294996638863076e+00 5.949294996638860411e+00 5.949294996638850641e+00 5.949294996638820443e+00
5.972458977074619035e+00 5.972458977074619035e+00 5.972458977074619035e+00 5.972458977074619035e+00 5.972458977074619035e+00 5.972458977074619035e+00 5.972458977074619035e+00 5.972458977074617259e+00 5.972458977074611930e+00 5.972458977074596831e+00 5.972458977074546205e+00
