3.852781945413915832e+00 3.853191639286959180e+00 3.854484542512359724e+00 3.858546663643051655e+00 3.871135214654189305e+00 3.908573848817582519e+00 4.008080697730984632e+00 4.212413259628688955e+00 4.456041354371452101e+00 4.491847417804521569e+00 4.244529900604625539e+00
3.989731256327178066e+00 3.990140296366207817e+00 3.991431092997210772e+00 3.995486163047738071e+00 4.008048536257237338e+00 4.045366015473049970e+00 4.144119256539386953e+00 4.342887287074131741e+00 4.557126076847829665e+00 4.542263836230230112e+00 4.261477954482022490e+00
4.125624379267417652e+00 4.126032507709961550e+00 4.127320368252790139e+00 4.131365620551375351e+00 4.143891637262443695e+00 4.181041679839007763e+00 4.278761816192913514e+00 4.470131269644204153e+00 4.650105061596289779e+00 4.585665579947400872e+00 4.275129424663580480e+00
4.260121713274106270e+00 4.260528562744342551e+00 4.261812306052946475e+00 4.265843811744374214e+00 4.278319119307393947e+00 4.315237363836906148e+00 4.411544135226441732e+00 4.593196286998678879e+00 4.734366586733115057e+00 4.622477996347942764e+00 4.285960591545654452e+00
4.392799062972637003e+00 4.393204110151581077e+00 4.394482055329565817e+00 4.398494239193897037e+00 4.410898623107883054e+00 4.447495797356516789e+00 4.541875613380846666e+00 4.710964124616471516e+00 4.809508869737024739e+00 4.653200555499328317e+00 4.294428965870300097e+00
4.523140995520318342e+00 4.523543497343874620e+00 4.524813260008724747e+00 4.528798236519705256e+00 4.541103327352890240e+00 4.577256197602862287e+00 4.669022590356582292e+00 4.822184401298272860e+00 4.875362622443534910e+00 4.678404362215687229e+00 4.300959954804152829e+00
4.650541544875558486e+00 4.650940453736005509e+00 4.652198675483108836e+00 4.656145369672647583e+00 4.668311632740504535e+00 4.703851432114952935e+00 4.792100311867487861e+00 4.925552884989891744e+00 4.932005601586793908e+00 4.698720394375683895e+00 4.305934991865174588e+00
4.774315277664910262e+00 4.774709133972629971e+00 4.775951139883368946e+00 4.779844177184934040e+00 4.791817142153439235e+00 4.826515508285239342e+00 4.910080316443356629e+00 5.019832567776414400e+00 4.979769121180136260e+00 4.714815975239273094e+00 4.309684560080491167e+00
4.893720521116106781e+00 4.894107325354206672e+00 4.895326716436173342e+00 4.899145104854626176e+00 4.910850929014854316e+00 4.944404002713695512e+00 5.021820782579538012e+00 5.104004314084821026e+00 5.019228943056022629e+00 4.727362301306786030e+00 4.312485367211924547e+00
5.007994320853870640e+00 5.008371392902768449e+00 5.009559598364163868e+00 5.013275285015043714e+00 5.024615949556680228e+00 5.056628220313127642e+00 5.126126442210741985e+00 5.177417049426936480e+00 5.051170964628759030e+00 4.737000004469828163e+00 4.314562336485092686e+00
5.116395983923171187e+00 5.116759824154205383e+00 5.117905659903915883e+00 5.121482114353989701e+00 5.132330803334738789e+00 5.162301448217816002e+00 5.221840816478068525e+00 5.239897192267282122e+00 5.076529303950474414e+00 4.744310411571444064e+00 4.316093697967138709e+00
