1.312765839932131406e+01 1.312766603339321492e+01 1.312769003936102408e+01 1.312776410611379596e+01 1.312797355373099073e+01 1.312843091050787514e+01 1.312884501195539677e+01 1.312707815356501939e+01 1.311815781150168014e+01 1.309651015418264386e+01 1.305797790950652626e+01
1.311599884783498915e+01 1.311600549580379216e+01 1.311602643678848779e+01 1.311609154489531548e+01 1.311628172022132688e+01 1.311674063584102967e+01 1.311740211180733340e+01 1.311671588731063665e+01 1.310998956929673831e+01 1.309088531281803824e+01 1.305442552392458566e+01
1.310275973978870567e+01 1.310276551571287662e+01 1.310278373131524887e+01 1.310284066448628693e+01 1.310301084353503143e+01 1.310345136586398773e+01 1.310425615073983785e+01 1.310443428720634174e+01 1.309985731087375349e+01 1.308364077457034114e+01 1.304975057798523252e+01
1.308775199202073303e+01 1.308775700111852913e+01 1.308777281130587511e+01 1.308782240489153992e+01 1.308797310389248025e+01 1.308838352536637117e+01 1.308925189458877014e+01 1.309007083298060969e+01 1.308748183038678903e+01 1.307441385879451978e+01 1.304363629686120873e+01
1.307076933930873075e+01 1.307077367741475094e+01 1.307078737752822484e+01 1.307083045885554107e+01 1.307096291054129900e+01 1.307133739977611953e+01 1.307221255574460628e+01 1.307346498073257379e+01 1.307260445648137370e+01 1.306281473268301418e+01 1.303570189126980061e+01
1.305158804672850792e+01 1.305159180026421772e+01 1.305160365893293140e+01 1.305164101334380433e+01 1.305175681543833477e+01 1.305209350568789262e+01 1.305293797806629286e+01 1.305444819779737919e+01 1.305499371076174775e+01 1.304844682323607685e+01 1.302550473146640186e+01
1.302996699383936630e+01 1.302997024011122029e+01 1.302998049898610766e+01 1.303001285217079896e+01 1.303011374045805049e+01 1.303041329192823028e+01 1.303120462594511153e+01 1.303283508805246704e+01 1.303444321081526525e+01 1.303093056322992638e+01 1.301255139205923861e+01
1.300564824924869178e+01 1.300565105694549217e+01 1.300565993154050481e+01 1.300568794196152567e+01 1.300577565004965486e+01 1.300604022355365608e+01 1.300676688898487932e+01 1.300841762416173708e+01 1.301076193945180393e+01 1.300992454667541764e+01 1.299631923135510370e+01
1.297835827485351246e+01 1.297836070465552893e+01 1.297836838583175023e+01 1.297839264323607011e+01 1.297846882078142805e+01 1.297870137531425527e+01 1.297935934074322439e+01 1.298096309570736295e+01 1.298376086259030870e+01 1.298513777417272763e+01 1.297628736709922315e+01
1.294780991857990671e+01 1.294781202382081453e+01 1.294781867961300037e+01 1.294783970709486987e+01 1.294790587633019996e+01 1.294810970639969661e+01 1.294869979379943992e+01 1.295021537718682580e+01 1.295324064990800217e+01 1.295632943678332616e+01 1.295197195234004539e+01
1.291370536958606507e+01 1.291370719692877600e+01 1.291371297452164058e+01 1.291373123254895816e+01 1.291378876918097163e+01 1.291396721213717491e+01 1.291449317026824772e+01 1.291589874932408399e+01 1.291898394217585277e+01 1.292329755379078904e+01 1.292295736624294911e+01
