9.799947576695304363e+00 9.793445264195016264e+00 9.772122375964301000e+00 9.730256508394866444e+00 9.664493161903235929e+00 9.570508701514315320e+00 9.442210344747190121e+00 9.271817895962293221e+00 9.050650212554261387e+00 8.771012998232734503e+00 8.429291698584425063e+00
9.788310495012339629e+00 9.783838189982219546e+00 9.765511984565979020e+00 9.726140907113576262e+00 9.662050664177868953e+00 9.569106865264775053e+00 9.441436181886039947e+00 9.271413505620857975e+00 9.050455651025181680e+00 8.770929784262753159e+00 8.429261430011464995e+00
9.774612310999330589e+00 9.772018278253323587e+00 9.757020237073627200e+00 9.720726435398432841e+00 9.658800563162127872e+00 9.567231624978607130e+00 9.440398008473401603e+00 9.270870582294614692e+00 9.050194321446006995e+00 8.770818018736727950e+00 8.429220800455237139e+00
9.758654396382533847e+00 9.757699970860453931e+00 9.746240225811234836e+00 9.713650527196854512e+00 9.654490651277260582e+00 9.564727487996995237e+00 9.439007032013885024e+00 9.270141992678070153e+00 9.049843376757467084e+00 8.770667906525115853e+00 8.429166254061552621e+00
9.740230547816096873e+00 9.740620447251940206e+00 9.732741634623522486e+00 9.704480261731067259e+00 9.648800807600709462e+00 9.561391281029111511e+00 9.437145599198261792e+00 9.269164845796996843e+00 9.049372221208653144e+00 8.770466305476395164e+00 8.429093015491075036e+00
9.719122814483446504e+00 9.720541527586322061e+00 9.716095042139970772e+00 9.692716757607728439e+00 9.641332235598280676e+00 9.556960077214242233e+00 9.434658598896017878e+00 9.267855448940334639e+00 9.048739940363736522e+00 8.770195595464441496e+00 8.428994673738461785e+00
9.695098446368666245e+00 9.697243803643587512e+00 9.695898408463706986e+00 9.677810013142611467e+00 9.631600027829053445e+00 9.551097932412524472e+00 9.431342907264221864e+00 9.266102825967973189e+00 9.047891925402495872e+00 8.769832175821697717e+00 8.428862625777606254e+00
9.667908504656356428e+00 9.670515939166696384e+00 9.671798846323536480e+00 9.659185598589514754e+00 9.619032649788112010e+00 9.543382742537811936e+00 9.426934895935170644e+00 9.263760527914081777e+00 9.046755476423838260e+00 8.769344477555716111e+00 8.428685334352461922e+00
9.637288327498996665e+00 9.640143498842036252e+00 9.643503267006423130e+00 9.636281173651656928e+00 9.602982583404282124e+00 9.533295634550860598e+00 9.421096446241003619e+00 9.260636530458073779e+00 9.045234142210086148e+00 8.768690348891336583e+00 8.428447340584673597e+00
9.602959848351373395e+00 9.605900995383183982e+00 9.610775347294564952e+00 9.608586376122518757e+00 9.582751744346579059e+00 9.520216640815927889e+00 9.413400645045895132e+00 9.256481195757416458e+00 9.043200550449281394e+00 8.767813643783906485e+00 8.428127955365512847e+00
9.564635697988906671e+00 9.567549008651740294e+00 9.573421668281779873e+00 9.575676458015365711e+00 9.557632529452700254e+00 9.503431573849780989e+00 9.403319453518721005e+00 9.250973657551888607e+00 9.040487531331967475e+00 8.766639818801696293e+00 8.427699533926002573e+00
