7.496604266009379458e+00 7.496604266009379458e+00 7.496604266009379458e+00 7.496604266009379458e+00 7.496604266009379458e+00 7.496604266009380346e+00 7.496604266009381234e+00 7.496604266009383899e+00 7.496604266009392781e+00 7.496604266009422091e+00 7.496604266009513573e+00
7.557287555404020196e+00 7.557287555404020196e+00 7.557287555404020196e+00 7.557287555404020196e+00 7.557287555404020196e+00 7.557287555404021084e+00 7.557287555404021973e+00 7.557287555404024637e+00 7.557287555404032631e+00 7.557287555404060164e+00 7.557287555404145429e+00
7.611300492181830357e+00 7.611300492181830357e+00 7.611300492181830357e+00 7.611300492181830357e+00 7.611300492181830357e+00 7.611300492181830357e+00 7.611300492181831245e+00 7.611300492181833910e+00 7.611300492181841015e+00 7.611300492181865884e+00 7.611300492181942268e+00
7.658985818749500574e+00 7.658985818749500574e+00 7.658985818749500574e+00 7.658985818749500574e+00 7.658985818749500574e+00 7.658985818749501462e+00 7.658985818749501462e+00 7.658985818749504126e+00 7.658985818749510344e+00 7.658985818749529884e+00 7.658985818749593832e+00
7.700744995658342695e+00 7.700744995658342695e+00 7.700744995658342695e+00 7.700744995658342695e+00 7.700744995658342695e+00 7.700744995658342695e+00 7.700744995658343584e+00 7.700744995658345360e+00 7.700744995658349801e+00 7.700744995658364012e+00 7.700744995658411085e+00
7.737020756333590654e+00 7.737020756333590654e+00 7.737020756333590654e+00 7.737020756333590654e+00 7.737020756333590654e+00 7.737020756333590654e+00 7.737020756333590654e+00 7.737020756333591542e+00 7.737020756333594207e+00 7.737020756333602201e+00 7.737020756333627070e+00
7.768281160045477307e+00 7.768281160045477307e+00 7.768281160045477307e+00 7.768281160045477307e+00 7.768281160045477307e+00 7.768281160045477307e+00 7.768281160045477307e+00 7.768281160045477307e+00 7.768281160045477307e+00 7.768281160045476419e+00 7.768281160045474643e+00
7.795005399815431169e+00 7.795005399815431169e+00 7.795005399815431169e+00 7.795005399815431169e+00 7.795005399815431169e+00 7.795005399815431169e+00 7.795005399815430280e+00 7.795005399815429392e+00 7.795005399815425839e+00 7.795005399815416069e+00 7.795005399815383207e+00
7.817671457285823244e+00 7.817671457285823244e+00 7.817671457285823244e+00 7.817671457285823244e+00 7.817671457285823244e+00 7.817671457285823244e+00 7.817671457285822356e+00 7.817671457285820580e+00 7.817671457285813474e+00 7.817671457285791270e+00 7.817671457285722880e+00
7.836745623722063847e+00 7.836745623722063847e+00 7.836745623722063847e+00 7.836745623722062959e+00 7.836745623722063847e+00 7.836745623722062959e+00 7.836745623722062071e+00 7.836745623722058518e+00 7.836745623722047860e+00 7.836745623722013221e+00 7.836745623721903975e+00
7.852673883564930790e+00 7.852673883564930790e+00 7.852673883564930790e+00 7.852673883564930790e+00 7.852673883564930790e+00 7.852673883564930790e+00 7.852673883564929014e+00 7.852673883564923685e+00 7.852673883564908586e+00 7.852673883564860624e+00 7.852673883564708746e+00
