-3.144569501771739439e+01 -3.094569501771739084e+01 -3.044569501771739084e+01 -2.994569501771739084e+01 -2.944569501771739084e+01 -2.894569501771739084e+01 -2.844569501771739084e+01 -2.794569501771739084e+01 -2.744569501771739084e+01 -2.694569501771739084e+01 -2.644569501771739084e+01
-3.180043990712048085e+01 -3.130043990712048085e+01 -3.080043990712048085e+01 -3.030043990712048085e+01 -2.980043990712048085e+01 -2.930043990712048085e+01 -2.880043990712048085e+01 -2.830043990712048085e+01 -2.780043990712048085e+01 -2.730043990712048085e+01 -2.680043990712048085e+01
-3.220040224922681915e+01 -3.170040224922682270e+01 -3.120040224922682270e+01 -3.070040224922682270e+01 -3.020040224922682270e+01 -2.970040224922682270e+01 -2.920040224922682270e+01 -2.870040224922682270e+01 -2.820040224922682270e+01 -2.770040224922682270e+01 -2.720040224922682270e+01
-3.265475618675854008e+01 -3.215475618675854008e+01 -3.165475618675854008e+01 -3.115475618675854008e+01 -3.065475618675854008e+01 -3.015475618675854008e+01 -2.965475618675854008e+01 -2.915475618675854008e+01 -2.865475618675854008e+01 -2.815475618675854008e+01 -2.765475618675854008e+01
-3.317422553008031372e+01 -3.267422553008031372e+01 -3.217422553008031372e+01 -3.167422553008031372e+01 -3.117422553008031372e+01 -3.067422553008031372e+01 -3.017422553008031372e+01 -2.967422553008031372e+01 -2.917422553008031372e+01 -2.867422553008031372e+01 -2.817422553008031372e+01
-3.377119134912735632e+01 -3.327119134912735632e+01 -3.277119134912735632e+01 -3.227119134912735632e+01 -3.177119134912735277e+01 -3.127119134912735277e+01 -3.077119134912735277e+01 -3.027119134912735277e+01 -2.977119134912735277e+01 -2.927119134912735277e+01 -2.877119134912735277e+01
-3.445980169832446904e+01 -3.395980169832446904e+01 -3.345980169832446904e+01 -3.295980169832446904e+01 -3.245980169832446904e+01 -3.195980169832446904e+01 -3.145980169832446904e+01 -3.095980169832446904e+01 -3.045980169832446904e+01 -2.995980169832446904e+01 -2.945980169832446904e+01
-3.525612422180896743e+01 -3.475612422180896743e+01 -3.425612422180896743e+01 -3.375612422180896743e+01 -3.325612422180896743e+01 -3.275612422180896743e+01 -3.225612422180896743e+01 -3.175612422180897099e+01 -3.125612422180897099e+01 -3.075612422180897099e+01 -3.025612422180897099e+01
-3.617838778046448311e+01 -3.567838778046447601e+01 -3.517838778046448311e+01 -3.467838778046448311e+01 -3.417838778046447601e+01 -3.367838778046448311e+01 -3.317838778046447601e+01 -3.267838778046448311e+01 -3.217838778046447601e+01 -3.167838778046447956e+01 -3.117838778046447956e+01
-3.724734066765544327e+01 -3.674734066765544327e+01 -3.624734066765544327e+01 -3.574734066765544327e+01 -3.524734066765544327e+01 -3.474734066765544327e+01 -3.424734066765544327e+01 -3.374734066765544327e+01 -3.324734066765544327e+01 -3.274734066765544327e+01 -3.224734066765544327e+01
-3.848670312720051356e+01 -3.798670312720051356e+01 -3.748670312720051356e+01 -3.698670312720051356e+01 -3.648670312720051356e+01 -3.598670312720051356e+01 -3.548670312720051356e+01 -3.498670312720051356e+01 -3.448670312720051356e+01 -3.398670312720051356e+01 -3.348670312720051356e+01
