1.079436066031028574e+01 1.079436066031028574e+01 1.079436066031028574e+01 1.079436066031028574e+01 1.079436066031028574e+01 1.079436066031028574e+01 1.079436066031028574e+01 1.079436066031028574e+01 1.079436066031028574e+01 1.079436066031028574e+01 1.079436066031028574e+01
1.079435813581967984e+01 1.079435813581967984e+01 1.079435813581967984e+01 1.079435813581967984e+01 1.079435813581967984e+01 1.079435813581967984e+01 1.079435813581967984e+01 1.079435813581967984e+01 1.079435813581967984e+01 1.079435813581967984e+01 1.079435813581967984e+01
1.079435485816286366e+01 1.079435485816286366e+01 1.079435485816286366e+01 1.079435485816286366e+01 1.079435485816286366e+01 1.079435485816286366e+01 1.079435485816286366e+01 1.079435485816286366e+01 1.079435485816286366e+01 1.079435485816286366e+01 1.079435485816286366e+01
1.079435060630323306e+01 1.079435060630323306e+01 1.079435060630323306e+01 1.079435060630323306e+01 1.079435060630323306e+01 1.079435060630323306e+01 1.079435060630323306e+01 1.079435060630323306e+01 1.079435060630323306e+01 1.079435060630323306e+01 1.079435060630323306e+01
1.079434509592380387e+01 1.079434509592380387e+01 1.079434509592380387e+01 1.079434509592380387e+01 1.079434509592380387e+01 1.079434509592380387e+01 1.079434509592380387e+01 1.079434509592380387e+01 1.079434509592380387e+01 1.079434509592380387e+01 1.079434509592380387e+01
1.079433796212116725e+01 1.079433796212116725e+01 1.079433796212116725e+01 1.079433796212116725e+01 1.079433796212116725e+01 1.079433796212116725e+01 1.079433796212116725e+01 1.079433796212116725e+01 1.079433796212116725e+01 1.079433796212116725e+01 1.079433796212116725e+01
1.079432873747627930e+01 1.079432873747627930e+01 1.079432873747627930e+01 1.079432873747627930e+01 1.079432873747627930e+01 1.079432873747627930e+01 1.079432873747627930e+01 1.079432873747627930e+01 1.079432873747627930e+01 1.079432873747627930e+01 1.079432873747627930e+01
1.079431682459797592e+01 1.079431682459797592e+01 1.079431682459797592e+01 1.079431682459797592e+01 1.079431682459797592e+01 1.079431682459797592e+01 1.079431682459797592e+01 1.079431682459797592e+01 1.079431682459797592e+01 1.079431682459797592e+01 1.079431682459797592e+01
1.079430146185280925e+01 1.079430146185280925e+01 1.079430146185280925e+01 1.079430146185280925e+01 1.079430146185280925e+01 1.079430146185280925e+01 1.079430146185280925e+01 1.079430146185280925e+01 1.079430146185280925e+01 1.079430146185280925e+01 1.079430146185280925e+01
1.079428168080522710e+01 1.079428168080522710e+01 1.079428168080522710e+01 1.079428168080522710e+01 1.079428168080522710e+01 1.079428168080522710e+01 1.079428168080522710e+01 1.079428168080522710e+01 1.079428168080522710e+01 1.079428168080522710e+01 1.079428168080522710e+01
1.079425625366007857e+01 1.079425625366007857e+01 1.079425625366007857e+01 1.079425625366007857e+01 1.079425625366007857e+01 1.079425625366007857e+01 1.079425625366007857e+01 1.079425625366007857e+01 1.079425625366007857e+01 1.079425625366007857e+01 1.079425625366007857e+01
