9.427487777593036355e+00 9.427487777593116292e+00 9.427487777593368534e+00 9.427487777594166118e+00 9.427487777596690322e+00 9.427487777604673269e+00 9.427487777629918853e+00 9.427487777709750105e+00 9.427487777962198834e+00 9.427487778760511361e+00 9.427487781284996871e+00
9.544745280247793673e+00 9.544745280247877162e+00 9.544745280248140062e+00 9.544745280248971397e+00 9.544745280251598629e+00 9.544745280259910203e+00 9.544745280286193179e+00 9.544745280369307139e+00 9.544745280632135120e+00 9.544745281463271169e+00 9.544745284091554538e+00
9.656984122256998759e+00 9.656984122257085801e+00 9.656984122257361136e+00 9.656984122258235104e+00 9.656984122260995562e+00 9.656984122269726356e+00 9.656984122297334494e+00 9.656984122384638880e+00 9.656984122660718484e+00 9.656984123533760567e+00 9.656984126294561932e+00
9.763668710753695024e+00 9.763668710753789171e+00 9.763668710754080493e+00 9.763668710755007751e+00 9.763668710757935187e+00 9.763668710767191783e+00 9.763668710796466144e+00 9.763668710889042757e+00 9.763668711181791693e+00 9.763668712107543612e+00 9.763668715035032974e+00
9.864353094630841312e+00 9.864353094630939012e+00 9.864353094631253427e+00 9.864353094632244634e+00 9.864353094635379904e+00 9.864353094645291975e+00 9.864353094676635791e+00 9.864353094775758279e+00 9.864353095089210655e+00 9.864353096080431982e+00 9.864353099214950404e+00
9.958702375661047768e+00 9.958702375661156125e+00 9.958702375661495410e+00 9.958702375662566553e+00 9.958702375665955842e+00 9.958702375676670826e+00 9.958702375710560162e+00 9.958702375817724217e+00 9.958702376156606917e+00 9.958702377228247471e+00 9.958702380617074468e+00
1.004650434380768864e+01 1.004650434380780588e+01 1.004650434380817536e+01 1.004650434380934421e+01 1.004650434381304258e+01 1.004650434382473811e+01 1.004650434386171831e+01 1.004650434397866476e+01 1.004650434434847739e+01 1.004650434551792948e+01 1.004650434921606106e+01
1.012767105895775011e+01 1.012767105895787978e+01 1.012767105895828657e+01 1.012767105895957442e+01 1.012767105896364406e+01 1.012767105897651732e+01 1.012767105901722786e+01 1.012767105914596044e+01 1.012767105955305169e+01 1.012767106084038460e+01 1.012767106491128999e+01
1.020223187542744370e+01 1.020223187542758758e+01 1.020223187542803878e+01 1.020223187542946697e+01 1.020223187543398424e+01 1.020223187544826438e+01 1.020223187549342825e+01 1.020223187563624379e+01 1.020223187608787008e+01 1.020223187751603611e+01 1.020223188203229547e+01
1.027032013598857674e+01 1.027032013598873661e+01 1.027032013598924109e+01 1.027032013599083626e+01 1.027032013599587934e+01 1.027032013601182925e+01 1.027032013606226535e+01 1.027032013622176088e+01 1.027032013672613076e+01 1.027032013832108603e+01 1.027032014336477594e+01
1.033215601702428543e+01 1.033215601702446484e+01 1.033215601702503150e+01 1.033215601702682207e+01 1.033215601703248510e+01 1.033215601705039077e+01 1.033215601710701748e+01 1.033215601728608668e+01 1.033215601785235194e+01 1.033215601964304220e+01 1.033215602530569655e+01
