8.488749031426555902e+00 8.488749033106277153e+00 8.488749038418026416e+00 8.488749055215249584e+00 8.488749108332726223e+00 8.488749276304895730e+00 8.488749807479086584e+00 8.488751487194917900e+00 8.488756798878284826e+00 8.488773595450776810e+00 8.488826706415132151e+00
8.625989008264530966e+00 8.625989009936965601e+00 8.625989015225670187e+00 8.625989031950021868e+00 8.625989084837064169e+00 8.625989252080527692e+00 8.625989780950350294e+00 8.625991453379098672e+00 8.625996742018411823e+00 8.626013465716319217e+00 8.626066346198321355e+00
8.762234690534969062e+00 8.762234692205769448e+00 8.762234697489303059e+00 8.762234714197303376e+00 8.762234767032632377e+00 8.762234934112569817e+00 8.762235462465266522e+00 8.762237133258638622e+00 8.762242416725616323e+00 8.762259124058820348e+00 8.762311952702326323e+00
8.897180970792321730e+00 8.897180972467740645e+00 8.897180977765881238e+00 8.897180994520068609e+00 8.897181047501458551e+00 8.897181215043275415e+00 8.897181744856551333e+00 8.897183420268534704e+00 8.897188718339343438e+00 8.897205471838725899e+00 8.897258446313252023e+00
9.030450085269931648e+00 9.030450086957166889e+00 9.030450092292667819e+00 9.030450109165006012e+00 9.030450162520020640e+00 9.030450331243336848e+00 9.030450864792820553e+00 9.030452552019490042e+00 9.030457887449243159e+00 9.030474759063864099e+00 9.030528106800023380e+00
9.161589133955914122e+00 9.161589135663469108e+00 9.161589141063231523e+00 9.161589158138779609e+00 9.161589212136396654e+00 9.161589382891801137e+00 9.161589922867275249e+00 9.161591630414358534e+00 9.161597030099335015e+00 9.161614104870674069e+00 9.161668094668696583e+00
9.290074487232873324e+00 9.290074488970958555e+00 9.290074494467265964e+00 9.290074511848118277e+00 9.290074566811188816e+00 9.290074740619621352e+00 9.290075290249566464e+00 9.290077028326248154e+00 9.290082524549086784e+00 9.290099904547240328e+00 9.290154859009010835e+00
9.415324917535103921e+00 9.415324919316049090e+00 9.415324924947892526e+00 9.415324942757344218e+00 9.415324999075767920e+00 9.415325177170196014e+00 9.415325740353569728e+00 9.415327521289210466e+00 9.415333153036469227e+00 9.415350961524449502e+00 9.415407270199274592e+00
9.536723893541719121e+00 9.536723895380410099e+00 9.536723901194866571e+00 9.536723919581788778e+00 9.536723977726333956e+00 9.536724161595454774e+00 9.536724743039902918e+00 9.536726581721051588e+00 9.536732396064847350e+00 9.536750781864359539e+00 9.536808915019738819e+00
9.653649534397713339e+00 9.653649536312055801e+00 9.653649542365736025e+00 9.653649561509151766e+00 9.653649622045939793e+00 9.653649813479983521e+00 9.653650418846661196e+00 9.653652333174989053e+00 9.653658386720572082e+00 9.653677528784495365e+00 9.653738051811126653e+00
9.765508833673649747e+00 9.765508835685041689e+00 9.765508842045624860e+00 9.765508862159549608e+00 9.765508925765356452e+00 9.765509126904463599e+00 9.765509762961025686e+00 9.765511774337030104e+00 9.765518134751618007e+00 9.765538246990445259e+00 9.765601835578863188e+00
