2.871270013217797956e+00 2.871271013333672517e+00 2.871274175962602815e+00 2.871284176921849340e+00 2.871315801216269836e+00 2.871415790863494077e+00 2.871731834469835487e+00 2.872729741175785723e+00 2.875870392969180234e+00 2.885655121292140635e+00 2.915221497667548789e+00
3.011933881171397154e+00 3.011934834256597249e+00 3.011937848162868026e+00 3.011947378833687239e+00 3.011977516084701545e+00 3.012072804679115645e+00 3.012373996150514710e+00 3.013325074833936856e+00 3.016319015122453706e+00 3.025653094870751847e+00 3.053915203061002170e+00
3.152339721488976565e+00 3.152340636326587564e+00 3.152343529284443058e+00 3.152352677493618582e+00 3.152381605402960751e+00 3.152473070805315469e+00 3.152762183092393311e+00 3.153675171817874823e+00 3.156549728567805246e+00 3.165516643892163806e+00 3.192712191321287918e+00
3.292567286390438053e+00 3.292568169912368781e+00 3.292570963842202936e+00 3.292579798905810318e+00 3.292607736647240824e+00 3.292696071716691097e+00 3.292975293543676241e+00 3.293857090856036951e+00 3.296633853565706929e+00 3.305299695876025012e+00 3.331618028979545176e+00
3.432673233919659506e+00 3.432674091653778792e+00 3.432676804036075335e+00 3.432685381230528243e+00 3.432712503586116348e+00 3.432798260859192929e+00 3.433069337772761909e+00 3.433925446359492373e+00 3.436621645672384595e+00 3.445039253563832116e+00 3.470632522696647460e+00
3.572697506807615664e+00 3.572698343202195925e+00 3.572700988103490793e+00 3.572709351909757025e+00 3.572735799527411604e+00 3.572819423639258307e+00 3.573083760374593076e+00 3.573918609193958318e+00 3.576548119964050532e+00 3.584760102072333421e+00 3.609751519031069833e+00
3.712667968173204880e+00 3.712668786836148538e+00 3.712671375665530515e+00 3.712679562161284252e+00 3.712705449118311130e+00 3.712787300709915694e+00 3.713046036683643081e+00 3.713863218615359507e+00 3.716437300779129593e+00 3.724478276548354394e+00 3.748968302336364466e+00
3.852603752453349628e+00 3.852604556331236996e+00 3.852607098406528596e+00 3.852615137056499162e+00 3.852640556520430248e+00 3.852720930132172317e+00 3.852974995951251813e+00 3.853777445741496166e+00 3.856305299606415105e+00 3.864203583920614360e+00 3.888274623794528928e+00
3.992517668750064974e+00 3.992518460264026903e+00 3.992520963241451337e+00 3.992528878256095037e+00 3.992553906780643480e+00 3.992633044431931122e+00 3.992883204782603723e+00 3.993673334136491615e+00 3.996162522301822673e+00 4.003941408868358032e+00 4.027661417260694598e+00
4.132417902495170381e+00 4.132418683645352253e+00 4.132421153849873185e+00 4.132428965229960838e+00 4.132453666057914532e+00 4.132531767687957824e+00 4.132778654313542965e+00 4.133558455793197695e+00 4.136015227879425105e+00 4.143693979196928723e+00 4.167119258998339681e+00
4.272309192511095866e+00 4.272309964957973882e+00 4.272312407640436405e+00 4.272320131990174907e+00 4.272344557624416339e+00 4.272421789219646548e+00 4.272665926593080421e+00 4.273437054516067590e+00 4.275866600166036591e+00 4.283461220291746585e+00 4.306638620108580007e+00
