-3.935186811015244146e+00 -3.935186811015152664e+00 -3.935186811014863562e+00 -3.935186811013950070e+00 -3.935186811011061270e+00 -3.935186811001925022e+00 -3.935186810973033911e+00 -3.935186810881673214e+00 -3.935186810592764317e+00 -3.935186809679154685e+00 -3.935186806790067937e+00
-3.452932471894509803e+00 -3.452932471894479605e+00 -3.452932471894384125e+00 -3.452932471894082589e+00 -3.452932471893128685e+00 -3.452932471890111987e+00 -3.452932471880572063e+00 -3.452932471850405083e+00 -3.452932471755007615e+00 -3.452932471453334262e+00 -3.452932470499360029e+00
-3.040946728344232408e+00 -3.040946728344220862e+00 -3.040946728344183558e+00 -3.040946728344065875e+00 -3.040946728343694616e+00 -3.040946728342519556e+00 -3.040946728338804750e+00 -3.040946728327056370e+00 -3.040946728289905643e+00 -3.040946728172424507e+00 -3.040946727800916793e+00
-2.687501188781499906e+00 -2.687501188781494577e+00 -2.687501188781478145e+00 -2.687501188781425299e+00 -2.687501188781259209e+00 -2.687501188780732519e+00 -2.687501188779067629e+00 -2.687501188773802063e+00 -2.687501188757151827e+00 -2.687501188704499722e+00 -2.687501188537997798e+00
-2.382161698772681913e+00 -2.382161698772679248e+00 -2.382161698772670810e+00 -2.382161698772644165e+00 -2.382161698772560232e+00 -2.382161698772294223e+00 -2.382161698771452674e+00 -2.382161698768793467e+00 -2.382161698760382418e+00 -2.382161698733784139e+00 -2.382161698649674531e+00
-2.115717020422839934e+00 -2.115717020422838601e+00 -2.115717020422834160e+00 -2.115717020422819061e+00 -2.115717020422771988e+00 -2.115717020422623218e+00 -2.115717020422152483e+00 -2.115717020420664785e+00 -2.115717020415960103e+00 -2.115717020401081339e+00 -2.115717020354031419e+00
-1.880182426469206636e+00 -1.880182426469205526e+00 -1.880182426469202861e+00 -1.880182426469193757e+00 -1.880182426469164891e+00 -1.880182426469074075e+00 -1.880182426468787193e+00 -1.880182426467879253e+00 -1.880182426465008660e+00 -1.880182426455929923e+00 -1.880182426427221776e+00
-1.668804323149594815e+00 -1.668804323149594149e+00 -1.668804323149592372e+00 -1.668804323149586377e+00 -1.668804323149567503e+00 -1.668804323149507773e+00 -1.668804323149319258e+00 -1.668804323148722624e+00 -1.668804323146836355e+00 -1.668804323140871126e+00 -1.668804323122007993e+00
-1.476018894912927815e+00 -1.476018894912927593e+00 -1.476018894912926482e+00 -1.476018894912922264e+00 -1.476018894912908941e+00 -1.476018894912867196e+00 -1.476018894912735302e+00 -1.476018894912317636e+00 -1.476018894910997581e+00 -1.476018894906822920e+00 -1.476018894893621480e+00
-1.297354793121242134e+00 -1.297354793121241912e+00 -1.297354793121240801e+00 -1.297354793121237693e+00 -1.297354793121227923e+00 -1.297354793121197059e+00 -1.297354793121099581e+00 -1.297354793120791161e+00 -1.297354793119816385e+00 -1.297354793116733518e+00 -1.297354793106984427e+00
-1.129295194877179220e+00 -1.129295194877178776e+00 -1.129295194877178332e+00 -1.129295194877175890e+00 -1.129295194877168118e+00 -1.129295194877144581e+00 -1.129295194877069086e+00 -1.129295194876830832e+00 -1.129295194876077213e+00 -1.129295194873694008e+00 -1.129295194866157814e+00
