9.036178789681674317e+00 9.036178789681674317e+00 9.036178789681674317e+00 9.036178789681670764e+00 9.036178789681658330e+00 9.036178789681621026e+00 9.036178789681503787e+00 9.036178789681130752e+00 9.036178789679953027e+00 9.036178789676229783e+00 9.036178789664454314e+00
9.051103868300067745e+00 9.051103868300067745e+00 9.051103868300064192e+00 9.051103868300051758e+00 9.051103868300012678e+00 9.051103868299893662e+00 9.051103868299513522e+00 9.051103868298314481e+00 9.051103868294520183e+00 9.051103868282522669e+00 9.051103868244585016e+00
9.063706564206892580e+00 9.063706564206890803e+00 9.063706564206883698e+00 9.063706564206862382e+00 9.063706564206793104e+00 9.063706564206574612e+00 9.063706564205885385e+00 9.063706564203702243e+00 9.063706564196797544e+00 9.063706564174967895e+00 9.063706564105933339e+00
9.074276654068100356e+00 9.074276654068096803e+00 9.074276654068086145e+00 9.074276654068052395e+00 9.074276654067947590e+00 9.074276654067617187e+00 9.074276654066569137e+00 9.074276654063254455e+00 9.074276654052777502e+00 9.074276654019643118e+00 9.074276653914862933e+00
9.083081607966315474e+00 9.083081607966311921e+00 9.083081607966297710e+00 9.083081607966251525e+00 9.083081607966105864e+00 9.083081607965649340e+00 9.083081607964203386e+00 9.083081607959629267e+00 9.083081607945164393e+00 9.083081607899423204e+00 9.083081607754779796e+00
9.090366084673465963e+00 9.090366084673460634e+00 9.090366084673441094e+00 9.090366084673382474e+00 9.090366084673194180e+00 9.090366084672599101e+00 9.090366084670721492e+00 9.090366084664779578e+00 9.090366084645989275e+00 9.090366084586573692e+00 9.090366084398683100e+00
9.096351705055470305e+00 9.096351705055463199e+00 9.096351705055440107e+00 9.096351705055365500e+00 9.096351705055131021e+00 9.096351705054393832e+00 9.096351705052056147e+00 9.096351705044668279e+00 9.096351705021305634e+00 9.096351704947425176e+00 9.096351704713796948e+00
9.101237141413895060e+00 9.101237141413886178e+00 9.101237141413859533e+00 9.101237141413768938e+00 9.101237141413488274e+00 9.101237141412600096e+00 9.101237141409791676e+00 9.101237141400909891e+00 9.101237141372820361e+00 9.101237141283998966e+00 9.101237141003116093e+00
9.105198556830993439e+00 9.105198556830982781e+00 9.105198556830950807e+00 9.105198556830846002e+00 9.105198556830517376e+00 9.105198556829478207e+00 9.105198556826191947e+00 9.105198556815798483e+00 9.105198556782932329e+00 9.105198556678999466e+00 9.105198556350336148e+00
9.108390406234844860e+00 9.108390406234832426e+00 9.108390406234795122e+00 9.108390406234676107e+00 9.108390406234301295e+00 9.108390406233111136e+00 9.108390406229350589e+00 9.108390406217459656e+00 9.108390406179855958e+00 9.108390406060939526e+00 9.108390405684898994e+00
9.110946579704076953e+00 9.110946579704064519e+00 9.110946579704021886e+00 9.110946579703888659e+00 9.110946579703465886e+00 9.110946579702130066e+00 9.110946579697909442e+00 9.110946579684558344e+00 9.110946579642339671e+00 9.110946579508832244e+00 9.110946579086641961e+00
