-1.586891089794387710e+02 -1.586891089794367531e+02 -1.586891089794304435e+02 -1.586891089794104062e+02 -1.586891089793471394e+02 -1.586891089791469938e+02 -1.586891089785141276e+02 -1.586891089765128129e+02 -1.586891089701840940e+02 -1.586891089501709473e+02 -1.586891088868837869e+02
-1.588581457298357691e+02 -1.588581457298335806e+02 -1.588581457298266457e+02 -1.588581457298046757e+02 -1.588581457297352983e+02 -1.588581457295157975e+02 -1.588581457288217678e+02 -1.588581457266270434e+02 -1.588581457196866893e+02 -1.588581456977393884e+02 -1.588581456283359046e+02
-1.590345987510363841e+02 -1.590345987510339398e+02 -1.590345987510261807e+02 -1.590345987510017096e+02 -1.590345987509242889e+02 -1.590345987506794927e+02 -1.590345987499053706e+02 -1.590345987474573519e+02 -1.590345987397160457e+02 -1.590345987152359157e+02 -1.590345986378229384e+02
-1.592197821486676048e+02 -1.592197821486648195e+02 -1.592197821486560088e+02 -1.592197821486281555e+02 -1.592197821485400766e+02 -1.592197821482615154e+02 -1.592197821473806130e+02 -1.592197821445950012e+02 -1.592197821357861471e+02 -1.592197821079300297e+02 -1.592197820198412614e+02
-1.594153787299360943e+02 -1.594153787299328542e+02 -1.594153787299225939e+02 -1.594153787298901364e+02 -1.594153787297874771e+02 -1.594153787294628444e+02 -1.594153787284363091e+02 -1.594153787251900951e+02 -1.594153787149246853e+02 -1.594153786824626309e+02 -1.594153785798085607e+02
-1.596232367592847652e+02 -1.596232367592808714e+02 -1.596232367592685648e+02 -1.596232367592296555e+02 -1.596232367591066179e+02 -1.596232367587175531e+02 -1.596232367574872342e+02 -1.596232367535966148e+02 -1.596232367412933684e+02 -1.596232367023870893e+02 -1.596232365793546251e+02
-1.598452039574973753e+02 -1.598452039574925436e+02 -1.598452039574773380e+02 -1.598452039574291632e+02 -1.598452039572768797e+02 -1.598452039567952738e+02 -1.598452039552723249e+02 -1.598452039504562947e+02 -1.598452039352267491e+02 -1.598452038870666456e+02 -1.598452037347710473e+02
-1.600843038671794147e+02 -1.600843038671731904e+02 -1.600843038671535794e+02 -1.600843038670915917e+02 -1.600843038668955103e+02 -1.600843038662754623e+02 -1.600843038643147054e+02 -1.600843038581142252e+02 -1.600843038385065711e+02 -1.600843037765017129e+02 -1.600843035804252281e+02
-1.603423445458255117e+02 -1.603423445458171841e+02 -1.603423445457908088e+02 -1.603423445457074479e+02 -1.603423445454438365e+02 -1.603423445446102562e+02 -1.603423445419741995e+02 -1.603423445336382542e+02 -1.603423445072776587e+02 -1.603423444239182061e+02 -1.603423441603125639e+02
-1.606252183869462442e+02 -1.606252183869343639e+02 -1.606252183868968757e+02 -1.606252183867782435e+02 -1.606252183864031338e+02 -1.606252183852169821e+02 -1.606252183814659418e+02 -1.606252183696041698e+02 -1.606252183320939650e+02 -1.606252182134762734e+02 -1.606252178383743967e+02
-1.609347016250884508e+02 -1.609347016250705167e+02 -1.609347016250137870e+02 -1.609347016248343891e+02 -1.609347016242670350e+02 -1.609347016224729714e+02 -1.609347016167996571e+02 -1.609347015988590783e+02 -1.609347015421259357e+02 -1.609347013627200340e+02 -1.609347007953892614e+02
