8.828128845706427086e+00 8.828128846608127134e+00 8.828128849459551120e+00 8.828128858476548046e+00 8.828128886990787905e+00 8.828128977160655921e+00 8.828129262302089941e+00 8.828130163991195545e+00 8.828133015309676423e+00 8.828142031241833720e+00 8.828170534829691718e+00
8.763587109324893376e+00 8.763587110169439143e+00 8.763587112840124149e+00 8.763587121285576487e+00 8.763587147992433657e+00 8.763587232446877096e+00 8.763587499514764900e+00 8.763588344052395840e+00 8.763591014663058232e+00 8.763599459357148902e+00 8.763626158636229846e+00
8.693449362232753330e+00 8.693449363023807663e+00 8.693449365525342643e+00 8.693449373435885974e+00 8.693449398451219778e+00 8.693449477556612237e+00 8.693449727709458230e+00 8.693450518758472967e+00 8.693453020237742024e+00 8.693460930236016182e+00 8.693485940106205234e+00
8.617646304457272421e+00 8.617646305199526680e+00 8.617646307546737106e+00 8.617646314969270804e+00 8.617646338441382170e+00 8.617646412666685407e+00 8.617646647387433134e+00 8.617647389636866606e+00 8.617649736808282057e+00 8.617657158942032325e+00 8.617680627047777264e+00
8.536186079876189936e+00 8.536186080574850621e+00 8.536186082784206874e+00 8.536186089770806618e+00 8.536186111864370929e+00 8.536186181730334610e+00 8.536186402665709494e+00 8.536187101322662230e+00 8.536189310649454853e+00 8.536196296949373874e+00 8.536218387519628692e+00
8.449161925834847153e+00 8.449161926495266428e+00 8.449161928583697190e+00 8.449161935187895267e+00 8.449161956072199331e+00 8.449162022114149906e+00 8.449162230956982711e+00 8.449162891374442097e+00 8.449164979782159079e+00 8.449171583750606729e+00 8.449192465765261062e+00
8.356755676362512375e+00 8.356755676989926940e+00 8.356755678973991408e+00 8.356755685248151266e+00 8.356755705088787067e+00 8.356755767830369663e+00 8.356755966236557143e+00 8.356756593650780829e+00 8.356758577696492551e+00 8.356764851677187522e+00 8.356784690518061609e+00
8.259235930711339435e+00 8.259235931310692891e+00 8.259235933206019453e+00 8.259235939199566445e+00 8.259235958152826740e+00 8.259236018088287778e+00 8.259236207620759274e+00 8.259236806974069367e+00 8.259238702285779610e+00 8.259244695688918725e+00 8.259263647505859396e+00
8.156950184568886542e+00 8.156950185144717480e+00 8.156950186965650218e+00 8.156950192723948945e+00 8.156950210933283429e+00 8.156950268516247604e+00 8.156950450609489423e+00 8.156951026438063579e+00 8.156952847359740133e+00 8.156958605538074281e+00 8.156976813680406835e+00
8.050310987445749689e+00 8.050310988002120638e+00 8.050310989761522151e+00 8.050310995325236973e+00 8.050311012919246778e+00 8.050311068556384342e+00 8.050311244496393570e+00 8.050311800866859713e+00 8.050313560257828627e+00 8.050319123871323868e+00 8.050336716869097131e+00
7.939777123574599749e+00 7.939777124115082962e+00 7.939777125824241999e+00 7.939777131229075913e+00 7.939777148320660949e+00 7.939777202368993869e+00 7.939777373284767847e+00 7.939777913767298578e+00 7.939779622917099822e+00 7.939785027663016415e+00 7.939802118366936945e+00
