1.230495487328572679e+01 1.230495487328572679e+01 1.230495487328572679e+01 1.230495487328572679e+01 1.230495487328572679e+01 1.230495487328572679e+01 1.230495487328572679e+01 1.230495487328572679e+01 1.230495487328572679e+01 1.230495487328572679e+01 1.230495487328572679e+01
1.230510586848698296e+01 1.230510586848698296e+01 1.230510586848698296e+01 1.230510586848698296e+01 1.230510586848698296e+01 1.230510586848698296e+01 1.230510586848698296e+01 1.230510586848698296e+01 1.230510586848698296e+01 1.230510586848698296e+01 1.230510586848698296e+01
1.230522635099211470e+01 1.230522635099211470e+01 1.230522635099211470e+01 1.230522635099211470e+01 1.230522635099211470e+01 1.230522635099211470e+01 1.230522635099211470e+01 1.230522635099211470e+01 1.230522635099211470e+01 1.230522635099211470e+01 1.230522635099211470e+01
1.230532197464466471e+01 1.230532197464466471e+01 1.230532197464466471e+01 1.230532197464466471e+01 1.230532197464466471e+01 1.230532197464466471e+01 1.230532197464466471e+01 1.230532197464466471e+01 1.230532197464466471e+01 1.230532197464466471e+01 1.230532197464466471e+01
1.230539747925794636e+01 1.230539747925794636e+01 1.230539747925794636e+01 1.230539747925794636e+01 1.230539747925794636e+01 1.230539747925794636e+01 1.230539747925794636e+01 1.230539747925794636e+01 1.230539747925794636e+01 1.230539747925794636e+01 1.230539747925794636e+01
1.230545680570509326e+01 1.230545680570509326e+01 1.230545680570509326e+01 1.230545680570509326e+01 1.230545680570509326e+01 1.230545680570509326e+01 1.230545680570509326e+01 1.230545680570509326e+01 1.230545680570509326e+01 1.230545680570509326e+01 1.230545680570509326e+01
1.230550320361217764e+01 1.230550320361217764e+01 1.230550320361217764e+01 1.230550320361217764e+01 1.230550320361217764e+01 1.230550320361217764e+01 1.230550320361217764e+01 1.230550320361217764e+01 1.230550320361217764e+01 1.230550320361217764e+01 1.230550320361217764e+01
1.230553933097966812e+01 1.230553933097966812e+01 1.230553933097966812e+01 1.230553933097966812e+01 1.230553933097966812e+01 1.230553933097966812e+01 1.230553933097966812e+01 1.230553933097966812e+01 1.230553933097966812e+01 1.230553933097966812e+01 1.230553933097966812e+01
1.230556734498139093e+01 1.230556734498139093e+01 1.230556734498139093e+01 1.230556734498139093e+01 1.230556734498139093e+01 1.230556734498139093e+01 1.230556734498139093e+01 1.230556734498139093e+01 1.230556734498139093e+01 1.230556734498139093e+01 1.230556734498139093e+01
1.230558898338135698e+01 1.230558898338135698e+01 1.230558898338135698e+01 1.230558898338135698e+01 1.230558898338135698e+01 1.230558898338135698e+01 1.230558898338135698e+01 1.230558898338135698e+01 1.230558898338135698e+01 1.230558898338135698e+01 1.230558898338135698e+01
1.230565842572288204e+01 1.230565842572288204e+01 1.230565842572288204e+01 1.230565842572288204e+01 1.230565842572288204e+01 1.230565842572288204e+01 1.230565842572288204e+01 1.230565842572288204e+01 1.230565842572288204e+01 1.230565842572288204e+01 1.230565842572288204e+01
