9.803756301726991751e+00 9.803756301726991751e+00 9.803756301726991751e+00 9.803756301726991751e+00 9.803756301726991751e+00 9.803756301726991751e+00 9.803756301726991751e+00 9.803756301726991751e+00 9.803756301726991751e+00 9.803756301726991751e+00 9.803756301726991751e+00
9.791719129468965832e+00 9.791719129468965832e+00 9.791719129468965832e+00 9.791719129468965832e+00 9.791719129468965832e+00 9.791719129468965832e+00 9.791719129468965832e+00 9.791719129468965832e+00 9.791719129468965832e+00 9.791719129468965832e+00 9.791719129468965832e+00
9.777861510992032379e+00 9.777861510992032379e+00 9.777861510992032379e+00 9.777861510992032379e+00 9.777861510992032379e+00 9.777861510992032379e+00 9.777861510992032379e+00 9.777861510992032379e+00 9.777861510992032379e+00 9.777861510992032379e+00 9.777861510992032379e+00
9.761974869552515699e+00 9.761974869552515699e+00 9.761974869552515699e+00 9.761974869552515699e+00 9.761974869552515699e+00 9.761974869552515699e+00 9.761974869552515699e+00 9.761974869552515699e+00 9.761974869552515699e+00 9.761974869552515699e+00 9.761974869552515699e+00
9.743834942407518795e+00 9.743834942407518795e+00 9.743834942407518795e+00 9.743834942407518795e+00 9.743834942407518795e+00 9.743834942407518795e+00 9.743834942407518795e+00 9.743834942407518795e+00 9.743834942407518795e+00 9.743834942407518795e+00 9.743834942407518795e+00
9.723201660760674159e+00 9.723201660760674159e+00 9.723201660760674159e+00 9.723201660760674159e+00 9.723201660760674159e+00 9.723201660760674159e+00 9.723201660760674159e+00 9.723201660760674159e+00 9.723201660760674159e+00 9.723201660760674159e+00 9.723201660760674159e+00
9.699819463118281249e+00 9.699819463118281249e+00 9.699819463118281249e+00 9.699819463118281249e+00 9.699819463118281249e+00 9.699819463118281249e+00 9.699819463118281249e+00 9.699819463118281249e+00 9.699819463118281249e+00 9.699819463118281249e+00 9.699819463118281249e+00
9.673418204587525437e+00 9.673418204587525437e+00 9.673418204587525437e+00 9.673418204587525437e+00 9.673418204587525437e+00 9.673418204587525437e+00 9.673418204587525437e+00 9.673418204587525437e+00 9.673418204587525437e+00 9.673418204587525437e+00 9.673418204587525437e+00
9.643714841754128742e+00 9.643714841754128742e+00 9.643714841754128742e+00 9.643714841754128742e+00 9.643714841754128742e+00 9.643714841754128742e+00 9.643714841754128742e+00 9.643714841754128742e+00 9.643714841754128742e+00 9.643714841754128742e+00 9.643714841754128742e+00
9.610416082012264383e+00 9.610416082012264383e+00 9.610416082012264383e+00 9.610416082012264383e+00 9.610416082012264383e+00 9.610416082012264383e+00 9.610416082012264383e+00 9.610416082012264383e+00 9.610416082012264383e+00 9.610416082012264383e+00 9.610416082012264383e+00
9.573222188779109132e+00 9.573222188779109132e+00 9.573222188779109132e+00 9.573222188779109132e+00 9.573222188779109132e+00 9.573222188779109132e+00 9.573222188779109132e+00 9.573222188779109132e+00 9.573222188779109132e+00 9.573222188779109132e+00 9.573222188779109132e+00
