5.193646449265092890e+00 5.193646743398123711e+00 5.193647673527125086e+00 5.193650614840169766e+00 5.193659915957550055e+00 5.193689327361785679e+00 5.193782321276112945e+00 5.194076262809718791e+00 5.195004479579745649e+00 5.197926756440302221e+00 5.207040179464445195e+00
5.041593964206196432e+00 5.041594201468279302e+00 5.041594951756009912e+00 5.041597324365605814e+00 5.041604827130596433e+00 5.041628552103439631e+00 5.041703568523616674e+00 5.041940706000356265e+00 5.042689749123313803e+00 5.045049958334528739e+00 5.052430140208924669e+00
4.881708588732270648e+00 4.881708773796837875e+00 4.881709359021865424e+00 4.881711209660704931e+00 4.881717061842651972e+00 4.881735567547789145e+00 4.881794082535369839e+00 4.881979071289577199e+00 4.882563538881303344e+00 4.884406625232553090e+00 4.890183964794938554e+00
4.711367607591518514e+00 4.711367746511401222e+00 4.711368185814350795e+00 4.711369575009330291e+00 4.711373968000328816e+00 4.711387859565137504e+00 4.711431785625584290e+00 4.711570662787521790e+00 4.712009538823008548e+00 4.713394473973515630e+00 4.717745158310968634e+00
4.527156070303576030e+00 4.527156170139125635e+00 4.527156485846701273e+00 4.527157484200206028e+00 4.527160641256084972e+00 4.527170624592307568e+00 4.527202193162985999e+00 4.527302006647587973e+00 4.527617493687127848e+00 4.528613645302434598e+00 4.531748791438785950e+00
4.324406838312968127e+00 4.324406906658845529e+00 4.324407122787415680e+00 4.324407806245255337e+00 4.324409967521635423e+00 4.324416802006859406e+00 4.324438413838936235e+00 4.324506749375077064e+00 4.324722774570028960e+00 4.325405199782666799e+00 4.327556185153409452e+00
4.096444248152739220e+00 4.096444292571040258e+00 4.096444433034012178e+00 4.096444877216630864e+00 4.096446281842413661e+00 4.096450723629248003e+00 4.096464769493544544e+00 4.096509183426897849e+00 4.096649602729642403e+00 4.097093348966811099e+00 4.098493620672017279e+00
3.833722402985537236e+00 3.833722430386036883e+00 3.833722517034014121e+00 3.833722791038861821e+00 3.833723657517133621e+00 3.833726397550637266e+00 3.833735062183603937e+00 3.833762461021220869e+00 3.833849092378931012e+00 3.834122931107678323e+00 3.834987750487418801e+00
3.519542661086589419e+00 3.519542677334511094e+00 3.519542728714947888e+00 3.519542891194115342e+00 3.519543404997956593e+00 3.519545029784365120e+00 3.519550167770122862e+00 3.519566415107669766e+00 3.519617789700351107e+00 3.519780210442026824e+00 3.520293430508948163e+00
3.125016908664459692e+00 3.125016918273554545e+00 3.125016948660179761e+00 3.125017044751112305e+00 3.125017348617181057e+00 3.125018309524663529e+00 3.125021348166936441e+00 3.125030957057596481e+00 3.125061341638793788e+00 3.125157412133232615e+00 3.125461073923359923e+00
2.587174031333797419e+00 2.587174037668243276e+00 2.587174057699519913e+00 2.587174121043972708e+00 2.587174321356659590e+00 2.587174954800386395e+00 2.587176957919252285e+00 2.587183292276490576e+00 2.587203322664870520e+00 2.587266658235356509e+00 2.587466882129123569e+00
