1.280383967444293880e+01 1.280381002097143472e+01 1.280369190164722859e+01 1.280321013360571847e+01 1.280180263591604728e+01 1.279889976711543298e+01 1.279383794327153367e+01 1.278563281702298404e+01 1.277284961551182718e+01 1.275350752290450984e+01 1.272500040507932795e+01
1.280327860963529041e+01 1.280325709587040350e+01 1.280316889416587856e+01 1.280277714810441125e+01 1.280150319000084558e+01 1.279871186048607257e+01 1.279372420716918946e+01 1.278556472411130684e+01 1.277280885964494317e+01 1.275348298083448562e+01 1.272498544922161479e+01
1.280261997469121127e+01 1.280260514660324134e+01 1.280254223996746710e+01 1.280223658386698915e+01 1.280111401336953669e+01 1.279846273699425652e+01 1.279357228073252628e+01 1.278547359052528876e+01 1.277275435537328718e+01 1.275345024795723248e+01 1.272496559590349996e+01
1.280184923185003854e+01 1.280183975534465723e+01 1.280179752435668128e+01 1.280157032881250956e+01 1.280061273584367143e+01 1.279813378777107502e+01 1.279336963380390202e+01 1.278535165101283511e+01 1.277268143560508662e+01 1.275340654897660286e+01 1.272493919909978288e+01
1.280094977730092509e+01 1.280094447098861288e+01 1.280091859106051899e+01 1.280075950073439195e+01 1.279997386169685214e+01 1.279770170044661803e+01 1.279309987846170316e+01 1.278518857832471944e+01 1.277258385593185785e+01 1.275334816416167527e+01 1.272490405312878181e+01
1.279990263004079409e+01 1.279990048026398242e+01 1.279988711062332030e+01 1.279978433923453629e+01 1.279916934986858656e+01 1.279713788261865481e+01 1.279274177344215246e+01 1.278497068580846552e+01 1.277245327203500835e+01 1.275327010952454287e+01 1.272485720185777502e+01
1.279868608307793920e+01 1.279868624465301430e+01 1.279868212008563333e+01 1.279862374719833440e+01 1.279816941781267481e+01 1.279640817272327169e+01 1.279226810959088034e+01 1.278467991949053228e+01 1.277227855304576565e+01 1.275316571073228822e+01 1.272479468321813201e+01
1.279727531475588620e+01 1.279727710145193242e+01 1.279727954718119243e+01 1.279725454968556875e+01 1.279694331050234446e+01 1.279547301588047681e+01 1.279164456179676712e+01 1.278429261307040399e+01 1.277204488668408189e+01 1.275302603720256300e+01 1.272471118750483221e+01
1.279564195757633627e+01 1.279564482616940424e+01 1.279565172093695935e+01 1.279565060924564612e+01 1.279545969069220313e+01 1.279428822559245127e+01 1.279082866505050120e+01 1.278377799950742499e+01 1.277173262598036807e+01 1.275283915366961018e+01 1.272459960111963717e+01
1.279375362167293240e+01 1.279375715279262771e+01 1.279376686300039623e+01 1.279378193208876802e+01 1.279368637375245754e+01 1.279280628825246069e+01 1.278976915622715538e+01 1.278309651454512519e+01 1.277131582567246149e+01 1.275258913602684707e+01 1.272445039873260519e+01
1.279157336984312288e+01 1.279157724803413210e+01 1.279158855042020981e+01 1.279161384236867960e+01 1.279158934956449123e+01 1.279097791207282953e+01 1.278840597602093787e+01 1.278219799952347735e+01 1.277076042421838942e+01 1.275225478732661522e+01 1.272425083600382756e+01
