4.000443620531280331e+00 4.000443620468671746e+00 4.000443620270684342e+00 4.000443619644593163e+00 4.000443617664719120e+00 4.000443611403809108e+00 4.000443591605072235e+00 4.000443528995966780e+00 4.000443331008585623e+00 4.000442704917439585e+00 4.000440725042671453e+00
3.992614048840403829e+00 3.992614048782776592e+00 3.992614048600542809e+00 3.992614048024268669e+00 3.992614046201930833e+00 3.992614040439192546e+00 3.992614022215813296e+00 3.992613964588426434e+00 3.992613782354603291e+00 3.992613206080409594e+00 3.992611383738939868e+00
3.983057103995865766e+00 3.983057103943529409e+00 3.983057103778028463e+00 3.983057103254667997e+00 3.983057101599657202e+00 3.983057096366052541e+00 3.983057079815941037e+00 3.983057027479889989e+00 3.983056861978725660e+00 3.983056338617697811e+00 3.983054683600883994e+00
3.971455287822598823e+00 3.971455287775833121e+00 3.971455287627946973e+00 3.971455287160289949e+00 3.971455285681428471e+00 3.971455281004858229e+00 3.971455266216243896e+00 3.971455219450534369e+00 3.971455071564323536e+00 3.971454603906551473e+00 3.971453125037699206e+00
3.957452133967212848e+00 3.957452133926255389e+00 3.957452133796735438e+00 3.957452133387158622e+00 3.957452132091962227e+00 3.957452127996191837e+00 3.957452115044227892e+00 3.957452074086516003e+00 3.957451944566797053e+00 3.957451534988877473e+00 3.957450239783711243e+00
3.940653136772843901e+00 3.940653136737879869e+00 3.940653136627313646e+00 3.940653136277671553e+00 3.940653135172007548e+00 3.940653131675590171e+00 3.940653120618947902e+00 3.940653085654767018e+00 3.940652975088251520e+00 3.940652625445555390e+00 3.940651519771526612e+00
3.920628686330191570e+00 3.920628686301344423e+00 3.920628686210120950e+00 3.920628685921646372e+00 3.920628685009410752e+00 3.920628682124668085e+00 3.920628673002309661e+00 3.920628644154872777e+00 3.920628552931196165e+00 3.920628264455881418e+00 3.920627352209654415e+00
3.896919463519835869e+00 3.896919463497157121e+00 3.896919463425441155e+00 3.896919463198653677e+00 3.896919462481490459e+00 3.896919460213619679e+00 3.896919453041981729e+00 3.896919430363265491e+00 3.896919358646792730e+00 3.896919131858651131e+00 3.896918414684167775e+00
3.869044722633815603e+00 3.869044722617279497e+00 3.869044722564987548e+00 3.869044722399626490e+00 3.869044721876708337e+00 3.869044720223096423e+00 3.869044714993916223e+00 3.869044698457788645e+00 3.869044646165887613e+00 3.869044480803633057e+00 3.869043957874826134e+00
3.836513790370460697e+00 3.836513790359958875e+00 3.836513790326749440e+00 3.836513790221730780e+00 3.836513789889633763e+00 3.836513788839449379e+00 3.836513785518475217e+00 3.836513775016624717e+00 3.836513741806784505e+00 3.836513636787317605e+00 3.836513304679293412e+00
3.798840942799256659e+00 3.798840942794597719e+00 3.798840942779865948e+00 3.798840942733279213e+00 3.798840942585959279e+00 3.798840942120091935e+00 3.798840940646890818e+00 3.798840935988211154e+00 3.798840921256102732e+00 3.798840874668380163e+00 3.798840727338019363e+00
