8.444962161030250769e+00 8.444962161030250769e+00 8.444962161030250769e+00 8.444962161030250769e+00 8.444962161030250769e+00 8.444962161030250769e+00 8.444962161030250769e+00 8.444962161030250769e+00 8.444962161030250769e+00 8.444962161030250769e+00 8.444962161030250769e+00
8.312707094324911949e+00 8.312707094324911949e+00 8.312707094324911949e+00 8.312707094324911949e+00 8.312707094324911949e+00 8.312707094324911949e+00 8.312707094324911949e+00 8.312707094324911949e+00 8.312707094324911949e+00 8.312707094324911949e+00 8.312707094324911949e+00
8.179145496712436625e+00 8.179145496712436625e+00 8.179145496712436625e+00 8.179145496712436625e+00 8.179145496712436625e+00 8.179145496712436625e+00 8.179145496712436625e+00 8.179145496712436625e+00 8.179145496712436625e+00 8.179145496712436625e+00 8.179145496712436625e+00
8.043855028630444437e+00 8.043855028630444437e+00 8.043855028630444437e+00 8.043855028630444437e+00 8.043855028630444437e+00 8.043855028630444437e+00 8.043855028630444437e+00 8.043855028630444437e+00 8.043855028630444437e+00 8.043855028630444437e+00 8.043855028630444437e+00
7.906268975431116175e+00 7.906268975431116175e+00 7.906268975431116175e+00 7.906268975431116175e+00 7.906268975431116175e+00 7.906268975431116175e+00 7.906268975431116175e+00 7.906268975431116175e+00 7.906268975431116175e+00 7.906268975431116175e+00 7.906268975431116175e+00
7.765632482532609515e+00 7.765632482532609515e+00 7.765632482532609515e+00 7.765632482532609515e+00 7.765632482532609515e+00 7.765632482532609515e+00 7.765632482532609515e+00 7.765632482532609515e+00 7.765632482532609515e+00 7.765632482532609515e+00 7.765632482532609515e+00
7.620947013661607095e+00 7.620947013661607095e+00 7.620947013661607095e+00 7.620947013661607095e+00 7.620947013661607095e+00 7.620947013661607095e+00 7.620947013661607095e+00 7.620947013661607095e+00 7.620947013661607095e+00 7.620947013661607095e+00 7.620947013661607095e+00
7.470901181819737502e+00 7.470901181819737502e+00 7.470901181819737502e+00 7.470901181819737502e+00 7.470901181819737502e+00 7.470901181819737502e+00 7.470901181819737502e+00 7.470901181819737502e+00 7.470901181819737502e+00 7.470901181819737502e+00 7.470901181819737502e+00
7.313787718363747636e+00 7.313787718363747636e+00 7.313787718363747636e+00 7.313787718363747636e+00 7.313787718363747636e+00 7.313787718363747636e+00 7.313787718363747636e+00 7.313787718363747636e+00 7.313787718363747636e+00 7.313787718363747636e+00 7.313787718363747636e+00
7.147407990826907032e+00 7.147407990826907032e+00 7.147407990826907032e+00 7.147407990826907032e+00 7.147407990826907032e+00 7.147407990826907032e+00 7.147407990826907032e+00 7.147407990826907032e+00 7.147407990826907032e+00 7.147407990826907032e+00 7.147407990826907032e+00
6.968966470863396268e+00 6.968966470863396268e+00 6.968966470863396268e+00 6.968966470863396268e+00 6.968966470863396268e+00 6.968966470863396268e+00 6.968966470863396268e+00 6.968966470863396268e+00 6.968966470863396268e+00 6.968966470863396268e+00 6.968966470863396268e+00
