7.860549966851538173e+00 7.860549966851538173e+00 7.860549966851538173e+00 7.860549966851538173e+00 7.860549966851538173e+00 7.860549966851538173e+00 7.860549966851538173e+00 7.860549966851539949e+00 7.860549966851543502e+00 7.860549966851556825e+00 7.860549966851596793e+00
7.731991336999464615e+00 7.731991336999464615e+00 7.731991336999464615e+00 7.731991336999464615e+00 7.731991336999464615e+00 7.731991336999465503e+00 7.731991336999465503e+00 7.731991336999466391e+00 7.731991336999470832e+00 7.731991336999483266e+00 7.731991336999522346e+00
7.603289986895206631e+00 7.603289986895206631e+00 7.603289986895206631e+00 7.603289986895206631e+00 7.603289986895206631e+00 7.603289986895206631e+00 7.603289986895207520e+00 7.603289986895208408e+00 7.603289986895211960e+00 7.603289986895224395e+00 7.603289986895262587e+00
7.474443577747661216e+00 7.474443577747661216e+00 7.474443577747661216e+00 7.474443577747661216e+00 7.474443577747661216e+00 7.474443577747661216e+00 7.474443577747661216e+00 7.474443577747662992e+00 7.474443577747666545e+00 7.474443577747678091e+00 7.474443577747715395e+00
7.345437304274495816e+00 7.345437304274495816e+00 7.345437304274495816e+00 7.345437304274495816e+00 7.345437304274495816e+00 7.345437304274495816e+00 7.345437304274496704e+00 7.345437304274497592e+00 7.345437304274501145e+00 7.345437304274512691e+00 7.345437304274549106e+00
7.216242504430796068e+00 7.216242504430796068e+00 7.216242504430796068e+00 7.216242504430796068e+00 7.216242504430796068e+00 7.216242504430796068e+00 7.216242504430796956e+00 7.216242504430797844e+00 7.216242504430801397e+00 7.216242504430812055e+00 7.216242504430847582e+00
7.086814102505313073e+00 7.086814102505313073e+00 7.086814102505313073e+00 7.086814102505313073e+00 7.086814102505313073e+00 7.086814102505313073e+00 7.086814102505313961e+00 7.086814102505314850e+00 7.086814102505318402e+00 7.086814102505329060e+00 7.086814102505362811e+00
6.957086633982794588e+00 6.957086633982794588e+00 6.957086633982794588e+00 6.957086633982794588e+00 6.957086633982794588e+00 6.957086633982794588e+00 6.957086633982795476e+00 6.957086633982796364e+00 6.957086633982799029e+00 6.957086633982809687e+00 6.957086633982841661e+00
6.826968538448901391e+00 6.826968538448901391e+00 6.826968538448901391e+00 6.826968538448901391e+00 6.826968538448901391e+00 6.826968538448902279e+00 6.826968538448902279e+00 6.826968538448903168e+00 6.826968538448905832e+00 6.826968538448915602e+00 6.826968538448945800e+00
6.696334207829651497e+00 6.696334207829651497e+00 6.696334207829651497e+00 6.696334207829651497e+00 6.696334207829651497e+00 6.696334207829651497e+00 6.696334207829652385e+00 6.696334207829653273e+00 6.696334207829655938e+00 6.696334207829664820e+00 6.696334207829693241e+00
6.565013210500800334e+00 6.565013210500800334e+00 6.565013210500800334e+00 6.565013210500800334e+00 6.565013210500800334e+00 6.565013210500800334e+00 6.565013210500800334e+00 6.565013210500801222e+00 6.565013210500803886e+00 6.565013210500811880e+00 6.565013210500838525e+00
