6.280272002931618580e+00 6.280272002931619468e+00 6.280272002931619468e+00 6.280272002931622133e+00 6.280272002931629238e+00 6.280272002931651443e+00 6.280272002931721609e+00 6.280272002931943653e+00 6.280272002932647091e+00 6.280272002934871090e+00 6.280272002941902798e+00
6.164215572553305655e+00 6.164215572553305655e+00 6.164215572553306544e+00 6.164215572553308320e+00 6.164215572553315425e+00 6.164215572553337630e+00 6.164215572553407796e+00 6.164215572553628064e+00 6.164215572554326172e+00 6.164215572556533296e+00 6.164215572563512602e+00
6.045518557180757924e+00 6.045518557180757924e+00 6.045518557180758812e+00 6.045518557180761476e+00 6.045518557180767694e+00 6.045518557180789898e+00 6.045518557180859176e+00 6.045518557181078556e+00 6.045518557181772223e+00 6.045518557183965136e+00 6.045518557190900033e+00
5.924646825131604899e+00 5.924646825131605787e+00 5.924646825131605787e+00 5.924646825131608452e+00 5.924646825131615557e+00 5.924646825131636874e+00 5.924646825131706152e+00 5.924646825131923755e+00 5.924646825132613870e+00 5.924646825134795236e+00 5.924646825141692830e+00
5.802014859620971521e+00 5.802014859620971521e+00 5.802014859620972409e+00 5.802014859620974185e+00 5.802014859620981291e+00 5.802014859621002607e+00 5.802014859621071885e+00 5.802014859621288601e+00 5.802014859621975162e+00 5.802014859624146759e+00 5.802014859631014154e+00
5.677980056370619089e+00 5.677980056370619089e+00 5.677980056370619977e+00 5.677980056370621753e+00 5.677980056370628859e+00 5.677980056370651063e+00 5.677980056370719453e+00 5.677980056370935280e+00 5.677980056371620066e+00 5.677980056373783668e+00 5.677980056380627083e+00
5.552842224935527149e+00 5.552842224935527149e+00 5.552842224935528037e+00 5.552842224935529813e+00 5.552842224935536919e+00 5.552842224935558235e+00 5.552842224935626625e+00 5.552842224935842452e+00 5.552842224936525461e+00 5.552842224938683735e+00 5.552842224945508498e+00
5.426846976068464556e+00 5.426846976068464556e+00 5.426846976068465445e+00 5.426846976068467221e+00 5.426846976068474326e+00 5.426846976068495643e+00 5.426846976068564032e+00 5.426846976068778972e+00 5.426846976069460204e+00 5.426846976071614037e+00 5.426846976078423701e+00
5.300191525430408390e+00 5.300191525430409278e+00 5.300191525430409278e+00 5.300191525430411943e+00 5.300191525430418160e+00 5.300191525430440365e+00 5.300191525430507866e+00 5.300191525430722805e+00 5.300191525431403150e+00 5.300191525433552542e+00 5.300191525440351548e+00
5.173031620646839635e+00 5.173031620646840523e+00 5.173031620646840523e+00 5.173031620646843187e+00 5.173031620646849404e+00 5.173031620646871609e+00 5.173031620646939110e+00 5.173031620647154050e+00 5.173031620647832618e+00 5.173031620649980233e+00 5.173031620656770357e+00
5.045488605765585000e+00 5.045488605765585888e+00 5.045488605765585888e+00 5.045488605765588552e+00 5.045488605765595658e+00 5.045488605765616974e+00 5.045488605765684476e+00 5.045488605765899415e+00 5.045488605766577095e+00 5.045488605768722934e+00 5.045488605775505953e+00
