-7.824345493294409870e+00 -7.824345493294409870e+00 -7.824345493294409870e+00 -7.824345493294409870e+00 -7.824345493294409870e+00 -7.824345493294409870e+00 -7.824345493294409870e+00 -7.824345493294409870e+00 -7.824345493294408982e+00 -7.824345493294408094e+00 -7.824345493294402765e+00
-7.321623395854076399e+00 -7.321623395854076399e+00 -7.321623395854076399e+00 -7.321623395854076399e+00 -7.321623395854076399e+00 -7.321623395854076399e+00 -7.321623395854076399e+00 -7.321623395854076399e+00 -7.321623395854076399e+00 -7.321623395854075511e+00 -7.321623395854074623e+00
-6.892634945337861474e+00 -6.892634945337861474e+00 -6.892634945337861474e+00 -6.892634945337861474e+00 -6.892634945337861474e+00 -6.892634945337861474e+00 -6.892634945337861474e+00 -6.892634945337861474e+00 -6.892634945337861474e+00 -6.892634945337860586e+00 -6.892634945337860586e+00
-6.525411464901249126e+00 -6.525411464901249126e+00 -6.525411464901249126e+00 -6.525411464901249126e+00 -6.525411464901249126e+00 -6.525411464901249126e+00 -6.525411464901249126e+00 -6.525411464901249126e+00 -6.525411464901249126e+00 -6.525411464901249126e+00 -6.525411464901249126e+00
-6.209359373679644634e+00 -6.209359373679644634e+00 -6.209359373679644634e+00 -6.209359373679644634e+00 -6.209359373679644634e+00 -6.209359373679644634e+00 -6.209359373679644634e+00 -6.209359373679644634e+00 -6.209359373679644634e+00 -6.209359373679644634e+00 -6.209359373679644634e+00
-5.935136338339973783e+00 -5.935136338339973783e+00 -5.935136338339973783e+00 -5.935136338339973783e+00 -5.935136338339973783e+00 -5.935136338339973783e+00 -5.935136338339973783e+00 -5.935136338339973783e+00 -5.935136338339973783e+00 -5.935136338339973783e+00 -5.935136338339973783e+00
-5.694613409045061303e+00 -5.694613409045061303e+00 -5.694613409045061303e+00 -5.694613409045061303e+00 -5.694613409045061303e+00 -5.694613409045061303e+00 -5.694613409045061303e+00 -5.694613409045061303e+00 -5.694613409045061303e+00 -5.694613409045061303e+00 -5.694613409045060415e+00
-5.480857240606765046e+00 -5.480857240606765046e+00 -5.480857240606765046e+00 -5.480857240606765046e+00 -5.480857240606765046e+00 -5.480857240606765046e+00 -5.480857240606765046e+00 -5.480857240606765046e+00 -5.480857240606765046e+00 -5.480857240606765046e+00 -5.480857240606765046e+00
-5.288083841587055467e+00 -5.288083841587055467e+00 -5.288083841587055467e+00 -5.288083841587055467e+00 -5.288083841587055467e+00 -5.288083841587055467e+00 -5.288083841587055467e+00 -5.288083841587055467e+00 -5.288083841587055467e+00 -5.288083841587055467e+00 -5.288083841587055467e+00
-5.111567497871784660e+00 -5.111567497871784660e+00 -5.111567497871784660e+00 -5.111567497871784660e+00 -5.111567497871784660e+00 -5.111567497871784660e+00 -5.111567497871784660e+00 -5.111567497871784660e+00 -5.111567497871784660e+00 -5.111567497871784660e+00 -5.111567497871784660e+00
-4.947513869816786425e+00 -4.947513869816786425e+00 -4.947513869816786425e+00 -4.947513869816786425e+00 -4.947513869816786425e+00 -4.947513869816786425e+00 -4.947513869816786425e+00 -4.947513869816786425e+00 -4.947513869816786425e+00 -4.947513869816786425e+00 -4.947513869816786425e+00
