9.923124506856535021e+00 9.923124506856538574e+00 9.923124506856547455e+00 9.923124506856581206e+00 9.923124506856682459e+00 9.923124506857007532e+00 9.923124506858034266e+00 9.923124506861281446e+00 9.923124506871547013e+00 9.923124506904013487e+00 9.923124507006679806e+00
9.799499736144881012e+00 9.799499736144884565e+00 9.799499736144895223e+00 9.799499736144927198e+00 9.799499736145028450e+00 9.799499736145349971e+00 9.799499736146364270e+00 9.799499736149574147e+00 9.799499736159722474e+00 9.799499736191817689e+00 9.799499736293309837e+00
9.674695419090163284e+00 9.674695419090166837e+00 9.674695419090177495e+00 9.674695419090209469e+00 9.674695419090308945e+00 9.674695419090626913e+00 9.674695419091632331e+00 9.674695419094812010e+00 9.674695419104866190e+00 9.674695419136661201e+00 9.674695419237202998e+00
9.548966828165797338e+00 9.548966828165800891e+00 9.548966828165811549e+00 9.548966828165841747e+00 9.548966828165942999e+00 9.548966828166257415e+00 9.548966828167255727e+00 9.548966828170410537e+00 9.548966828180386557e+00 9.548966828211932878e+00 9.548966828311691302e+00
9.422521621641305245e+00 9.422521621641307021e+00 9.422521621641317680e+00 9.422521621641349654e+00 9.422521621641449130e+00 9.422521621641761769e+00 9.422521621642752976e+00 9.422521621645886469e+00 9.422521621655794988e+00 9.422521621687131699e+00 9.422521621786223989e+00
9.295525548049100806e+00 9.295525548049104358e+00 9.295525548049113240e+00 9.295525548049145215e+00 9.295525548049242914e+00 9.295525548049555553e+00 9.295525548050539655e+00 9.295525548053655385e+00 9.295525548063505283e+00 9.295525548094655477e+00 9.295525548193159793e+00
9.168108827079235468e+00 9.168108827079239020e+00 9.168108827079247902e+00 9.168108827079279877e+00 9.168108827079377576e+00 9.168108827079686662e+00 9.168108827080667211e+00 9.168108827083765178e+00 9.168108827093561786e+00 9.168108827124539673e+00 9.168108827222502200e+00
9.040372427277398870e+00 9.040372427277400647e+00 9.040372427277411305e+00 9.040372427277441503e+00 9.040372427277539202e+00 9.040372427277848288e+00 9.040372427278821732e+00 9.040372427281903711e+00 9.040372427291647028e+00 9.040372427322461490e+00 9.040372427419901769e+00
8.912393768714407472e+00 8.912393768714411024e+00 8.912393768714421682e+00 8.912393768714451880e+00 8.912393768714547804e+00 8.912393768714855113e+00 8.912393768715823228e+00 8.912393768718889220e+00 8.912393768728581023e+00 8.912393768759226731e+00 8.912393768856141207e+00
8.784231625402577848e+00 8.784231625402581400e+00 8.784231625402590282e+00 8.784231625402620480e+00 8.784231625402716404e+00 8.784231625403021937e+00 8.784231625403984722e+00 8.784231625407032951e+00 8.784231625416669687e+00 8.784231625447143088e+00 8.784231625543508670e+00
8.655930171312759214e+00 8.655930171312762766e+00 8.655930171312771648e+00 8.655930171312801846e+00 8.655930171312897770e+00 8.655930171313201527e+00 8.655930171314158983e+00 8.655930171317187671e+00 8.655930171326765787e+00 8.655930171357052672e+00 8.655930171452828503e+00
