-1.976600726735901148e+01 -1.976600726735900793e+01 -1.976600726735900437e+01 -1.976600726735899016e+01 -1.976600726735894042e+01 -1.976600726735879121e+01 -1.976600726735831870e+01 -1.976600726735681945e+01 -1.976600726735208369e+01 -1.976600726733710900e+01 -1.976600726728974422e+01
-1.992091943601463200e+01 -1.992091943601462845e+01 -1.992091943601462489e+01 -1.992091943601460713e+01 -1.992091943601455739e+01 -1.992091943601440107e+01 -1.992091943601390014e+01 -1.992091943601231208e+01 -1.992091943600730275e+01 -1.992091943599145054e+01 -1.992091943594132886e+01
-2.008064477435444672e+01 -2.008064477435444672e+01 -2.008064477435443962e+01 -2.008064477435442186e+01 -2.008064477435436856e+01 -2.008064477435420159e+01 -2.008064477435366513e+01 -2.008064477435197048e+01 -2.008064477434660944e+01 -2.008064477432965944e+01 -2.008064477427605610e+01
-2.024630320423484164e+01 -2.024630320423483809e+01 -2.024630320423483454e+01 -2.024630320423481322e+01 -2.024630320423475638e+01 -2.024630320423457164e+01 -2.024630320423399255e+01 -2.024630320423215579e+01 -2.024630320422635066e+01 -2.024630320420798668e+01 -2.024630320414991402e+01
-2.041893893249011072e+01 -2.041893893249011072e+01 -2.041893893249010361e+01 -2.041893893249008229e+01 -2.041893893249001835e+01 -2.041893893248981584e+01 -2.041893893248917990e+01 -2.041893893248715841e+01 -2.041893893248077063e+01 -2.041893893246056990e+01 -2.041893893239669211e+01
-2.060083158456509267e+01 -2.060083158456508912e+01 -2.060083158456508201e+01 -2.060083158456506069e+01 -2.060083158456498964e+01 -2.060083158456476227e+01 -2.060083158456404462e+01 -2.060083158456177799e+01 -2.060083158455460506e+01 -2.060083158453192809e+01 -2.060083158446021301e+01
-2.079040495464329297e+01 -2.079040495464329297e+01 -2.079040495464328231e+01 -2.079040495464325744e+01 -2.079040495464317573e+01 -2.079040495464291638e+01 -2.079040495464209926e+01 -2.079040495463950933e+01 -2.079040495463132387e+01 -2.079040495460543880e+01 -2.079040495452358073e+01
-2.099256249105209093e+01 -2.099256249105209093e+01 -2.099256249105208028e+01 -2.099256249105204830e+01 -2.099256249105195238e+01 -2.099256249105165040e+01 -2.099256249105068761e+01 -2.099256249104765004e+01 -2.099256249103804350e+01 -2.099256249100766780e+01 -2.099256249091160598e+01
-2.120912528038819289e+01 -2.120912528038818934e+01 -2.120912528038817513e+01 -2.120912528038813960e+01 -2.120912528038802236e+01 -2.120912528038765643e+01 -2.120912528038649114e+01 -2.120912528038281053e+01 -2.120912528037117539e+01 -2.120912528033437994e+01 -2.120912528021802146e+01
-2.144126962998604213e+01 -2.144126962998603858e+01 -2.144126962998602437e+01 -2.144126962998597818e+01 -2.144126962998583252e+01 -2.144126962998537067e+01 -2.144126962998391406e+01 -2.144126962997929908e+01 -2.144126962996471519e+01 -2.144126962991859742e+01 -2.144126962977275497e+01
-2.169167589979144495e+01 -2.169167589979143784e+01 -2.169167589979142008e+01 -2.169167589979135968e+01 -2.169167589979116784e+01 -2.169167589979056743e+01 -2.169167589978866317e+01 -2.169167589978264843e+01 -2.169167589976362009e+01 -2.169167589970345134e+01 -2.169167589951318575e+01
