-1.221947946971343271e+02 -1.221947946971340144e+02 -1.221947946971330197e+02 -1.221947946971298506e+02 -1.221947946971198746e+02 -1.221947946970882981e+02 -1.221947946969884526e+02 -1.221947946966726875e+02 -1.221947946956741902e+02 -1.221947946925166235e+02 -1.221947946825315512e+02
-1.220750608063967064e+02 -1.220750608063964080e+02 -1.220750608063954701e+02 -1.220750608063924858e+02 -1.220750608063830782e+02 -1.220750608063533065e+02 -1.220750608062591738e+02 -1.220750608059614990e+02 -1.220750608050201578e+02 -1.220750608020433674e+02 -1.220750607926299409e+02
-1.219605314427456619e+02 -1.219605314427453919e+02 -1.219605314427445109e+02 -1.219605314427417682e+02 -1.219605314427330569e+02 -1.219605314427055163e+02 -1.219605314426184179e+02 -1.219605314423430116e+02 -1.219605314414720851e+02 -1.219605314387179789e+02 -1.219605314300087144e+02
-1.218520779544298165e+02 -1.218520779544295607e+02 -1.218520779544287791e+02 -1.218520779544262922e+02 -1.218520779544184336e+02 -1.218520779543935646e+02 -1.218520779543149217e+02 -1.218520779540662602e+02 -1.218520779532799168e+02 -1.218520779507932588e+02 -1.218520779429297818e+02
-1.217504998469476050e+02 -1.217504998469473918e+02 -1.217504998469467097e+02 -1.217504998469445354e+02 -1.217504998469376574e+02 -1.217504998469159290e+02 -1.217504998468471911e+02 -1.217504998466298503e+02 -1.217504998459425565e+02 -1.217504998437691626e+02 -1.217504998368962532e+02
-1.216564618946921570e+02 -1.216564618946919722e+02 -1.216564618946914038e+02 -1.216564618946895848e+02 -1.216564618946838436e+02 -1.216564618946656964e+02 -1.216564618946082845e+02 -1.216564618944267266e+02 -1.216564618938526223e+02 -1.216564618920371288e+02 -1.216564618862960430e+02
-1.215704429537379383e+02 -1.215704429537377962e+02 -1.215704429537373414e+02 -1.215704429537359346e+02 -1.215704429537314439e+02 -1.215704429537172899e+02 -1.215704429536725115e+02 -1.215704429535308861e+02 -1.215704429530830595e+02 -1.215704429516669052e+02 -1.215704429471886385e+02
-1.214927047793362789e+02 -1.214927047793361936e+02 -1.214927047793358810e+02 -1.214927047793349004e+02 -1.214927047793318025e+02 -1.214927047793219970e+02 -1.214927047792909889e+02 -1.214927047791929340e+02 -1.214927047788828958e+02 -1.214927047779024321e+02 -1.214927047748019220e+02
-1.214232842366209866e+02 -1.214232842366209439e+02 -1.214232842366207734e+02 -1.214232842366202618e+02 -1.214232842366186276e+02 -1.214232842366134832e+02 -1.214232842365971976e+02 -1.214232842365457117e+02 -1.214232842363828837e+02 -1.214232842358679960e+02 -1.214232842342397731e+02
-1.213620071946205456e+02 -1.213620071946205314e+02 -1.213620071946205314e+02 -1.213620071946205030e+02 -1.213620071946204177e+02 -1.213620071946201477e+02 -1.213620071946193093e+02 -1.213620071946166235e+02 -1.213620071946081680e+02 -1.213620071945814090e+02 -1.213620071944967833e+02
-1.213085187727161838e+02 -1.213085187727162264e+02 -1.213085187727163827e+02 -1.213085187727168659e+02 -1.213085187727183722e+02 -1.213085187727231329e+02 -1.213085187727381822e+02 -1.213085187727858170e+02 -1.213085187729364094e+02 -1.213085187734126436e+02 -1.213085187749186247e+02
