-3.423370838044652142e+00 -3.423370838044652142e+00 -3.423370838044652142e+00 -3.423370838044652142e+00 -3.423370838044652142e+00 -3.423370838044652142e+00 -3.423370838044652142e+00 -3.423370838044652142e+00 -3.423370838044652142e+00 -3.423370838044651254e+00 -3.423370838044649478e+00
-3.267133329839465361e+00 -3.267133329839465361e+00 -3.267133329839465361e+00 -3.267133329839465361e+00 -3.267133329839465361e+00 -3.267133329839465361e+00 -3.267133329839465361e+00 -3.267133329839465361e+00 -3.267133329839464917e+00 -3.267133329839464473e+00 -3.267133329839463141e+00
-3.116741177558784326e+00 -3.116741177558784326e+00 -3.116741177558784326e+00 -3.116741177558784326e+00 -3.116741177558784326e+00 -3.116741177558784326e+00 -3.116741177558784326e+00 -3.116741177558784326e+00 -3.116741177558783882e+00 -3.116741177558783882e+00 -3.116741177558782550e+00
-2.970603941797905101e+00 -2.970603941797905101e+00 -2.970603941797905101e+00 -2.970603941797905101e+00 -2.970603941797905101e+00 -2.970603941797905101e+00 -2.970603941797905101e+00 -2.970603941797905101e+00 -2.970603941797904657e+00 -2.970603941797904657e+00 -2.970603941797903769e+00
-2.827515765416509730e+00 -2.827515765416509730e+00 -2.827515765416509730e+00 -2.827515765416509730e+00 -2.827515765416509730e+00 -2.827515765416509730e+00 -2.827515765416509730e+00 -2.827515765416509730e+00 -2.827515765416509730e+00 -2.827515765416509286e+00 -2.827515765416508398e+00
-2.686568927869308343e+00 -2.686568927869308343e+00 -2.686568927869308343e+00 -2.686568927869308343e+00 -2.686568927869308343e+00 -2.686568927869308343e+00 -2.686568927869308343e+00 -2.686568927869308343e+00 -2.686568927869308343e+00 -2.686568927869307899e+00 -2.686568927869307011e+00
-2.547085266260469272e+00 -2.547085266260469272e+00 -2.547085266260469272e+00 -2.547085266260469272e+00 -2.547085266260469272e+00 -2.547085266260469272e+00 -2.547085266260469272e+00 -2.547085266260469272e+00 -2.547085266260469272e+00 -2.547085266260468828e+00 -2.547085266260467940e+00
-2.408562520671055029e+00 -2.408562520671055029e+00 -2.408562520671055029e+00 -2.408562520671055029e+00 -2.408562520671055029e+00 -2.408562520671055029e+00 -2.408562520671055029e+00 -2.408562520671055029e+00 -2.408562520671055029e+00 -2.408562520671054585e+00 -2.408562520671054141e+00
-2.270632682581892769e+00 -2.270632682581892769e+00 -2.270632682581892769e+00 -2.270632682581892769e+00 -2.270632682581892769e+00 -2.270632682581892769e+00 -2.270632682581892769e+00 -2.270632682581892325e+00 -2.270632682581892325e+00 -2.270632682581892325e+00 -2.270632682581891437e+00
-2.133029787741535177e+00 -2.133029787741535177e+00 -2.133029787741535177e+00 -2.133029787741535177e+00 -2.133029787741535177e+00 -2.133029787741535177e+00 -2.133029787741535177e+00 -2.133029787741535177e+00 -2.133029787741534733e+00 -2.133029787741534733e+00 -2.133029787741534289e+00
-1.995565056333182152e+00 -1.995565056333182152e+00 -1.995565056333182152e+00 -1.995565056333182152e+00 -1.995565056333182152e+00 -1.995565056333182152e+00 -1.995565056333182152e+00 -1.995565056333182152e+00 -1.995565056333181930e+00 -1.995565056333181708e+00 -1.995565056333181042e+00
