-2.602452596744484925e+00 -2.149793097659609131e+00 -1.665905156560762546e+00 -1.171127889823737167e+00 -6.727995361141385633e-01 -1.733986597488519077e-01 3.257216283262958090e-01 8.186953422835697713e-01 1.260493511877830430e+00 1.498954927175635499e+00 1.452038936864355811e+00
-2.521331485463649713e+00 -2.078220447972750851e+00 -1.597880174099103101e+00 -1.104287818942471189e+00 -6.063419835253039958e-01 -1.070741525417506917e-01 3.918905430383550215e-01 8.837339080272929026e-01 1.317795913806692809e+00 1.537487234227028710e+00 1.473183473429186430e+00
-2.431985089473043260e+00 -1.998145810320263394e+00 -1.521354733000126469e+00 -1.028960844882293113e+00 -5.314036656270491044e-01 -3.227470305126749206e-02 4.664955777907282553e-01 9.568557877443415460e-01 1.381230825898092540e+00 1.579399370185413209e+00 1.495847489676120246e+00
-2.335452793485191414e+00 -1.910348045067242095e+00 -1.436998133932948063e+00 -9.457788793463499655e-01 -4.486045232173717090e-01 5.038237193253056190e-02 5.489085710874155311e-01 1.037330313410546712e+00 1.449760578688171320e+00 1.623838964461444379e+00 1.519468446489455671e+00
-2.232710414336242177e+00 -1.815637090381341023e+00 -1.345537959198620959e+00 -8.554399653270485793e-01 -3.586330564524544129e-01 1.402100136651405760e-01 6.384271361129761901e-01 1.124321742738361163e+00 1.522245400154516926e+00 1.669941600073946208e+00 1.543488894706119829e+00
-2.124634354874626485e+00 -1.714805376352734001e+00 -1.247712050227319791e+00 -7.586610285507873197e-01 -2.621993993222008767e-01 2.364980821854432425e-01 7.343197807397191523e-01 1.216927179612158794e+00 1.597509327734198958e+00 1.716878468534375646e+00 1.567387515173476187e+00
-2.011990890274735211e+00 -1.608598226884065951e+00 -1.144235821162608913e+00 -6.561446877736208938e-01 -1.600020460303172853e-01 3.385464372340478700e-01 8.358569808198862416e-01 1.314200486375943999e+00 1.674398167261776704e+00 1.763888285904956499e+00 1.590700415622273711e+00
-1.895439791325614909e+00 -1.497698347297257371e+00 -1.035781899087437452e+00 -5.485576544465611271e-01 -5.270592429941563933e-02 4.456866717475881368e-01 9.423302683886173314e-01 1.415165595486779671e+00 1.751828024114950422e+00 1.810295703174861881e+00 1.613034070388042807e+00
-1.775544719622847101e+00 -1.382719855161352651e+00 -9.229689379451856412e-01 -4.365180174721228212e-01 5.907074483657230590e-02 5.572949839049695653e-01 1.053061626214807589e+00 1.518823712215112476e+00 1.828822254240020762e+00 1.855519331883030310e+00 1.634071621940557106e+00
-1.652785815435090955e+00 -1.264208275797396031e+00 -8.063568596560488633e-01 -3.205889739562578500e-01 1.747631350092916369e-01 6.727984491003020651e-01 1.167405248085398917e+00 1.624159508358185455e+00 1.904534973041940971e+00 1.899072568971265529e+00 1.653574171095183898e+00
-1.527572059264041160e+00 -1.142643955004919221e+00 -6.864463589361970985e-01 -2.012770159341968346e-01 2.938619745807049544e-01 7.916765418823694667e-01 1.284743341811372952e+00 1.730151392620951967e+00 1.978260736461277425e+00 1.940559973881357259e+00 1.671378401065311881e+00
