9.070321045996028175e+00 8.970475520911890044e+00 8.719028648217266309e+00 8.331076117088233701e+00 7.863830716633365192e+00 7.370379187200406967e+00 6.871596643743517419e+00 6.371871880686462042e+00 5.871947201048346443e+00 5.371969827316979362e+00 4.871976862561133714e+00
9.001654255307695252e+00 8.923083967121177906e+00 8.693944528309531350e+00 8.322431172366979268e+00 7.862088308539901149e+00 7.370142784224858801e+00 6.871566982731111217e+00 6.371867418968304442e+00 5.871946291840296261e+00 5.371969590236957970e+00 4.871976792641388165e+00
8.929678251788482513e+00 8.871947112258970591e+00 8.665492737952671831e+00 8.311881089798596633e+00 7.859800619440533431e+00 7.369822012197658978e+00 6.871527161297648512e+00 6.371861650594917492e+00 5.871945165590709337e+00 5.371969304267615541e+00 4.871976709239570269e+00
8.854302930511467551e+00 8.816968467673314436e+00 8.633443865870942702e+00 8.299122967163411246e+00 7.856811761141082151e+00 7.369385313626931833e+00 6.871473239215042383e+00 6.371854111139686694e+00 5.871943757294771693e+00 5.371968957113199217e+00 4.871976609295330718e+00
8.775390991165266996e+00 8.757991818640583404e+00 8.597555238115287324e+00 8.283826493879775654e+00 7.852928152937760586e+00 7.368789013516535036e+00 6.871399570106181187e+00 6.371844140796880218e+00 5.871941977488643438e+00 5.371968532527752416e+00 4.871976488878728695e+00
8.692750808617985214e+00 8.694844458998490566e+00 8.557562164893035117e+00 8.265630674133243261e+00 7.847911487951964027e+00 7.367972654249350661e+00 6.871297980144602136e+00 6.371830788784949462e+00 5.871939701010007617e+00 5.371968008703025710e+00 4.871976342875482757e+00
8.606127337899613039e+00 8.627296534666358596e+00 8.513178144043028084e+00 8.244138375995593293e+00 7.841470542797457810e+00 7.366852578320253642e+00 6.871156509429946269e+00 6.371812663770572982e+00 5.871936749612576278e+00 5.371967355846784642e+00 4.871976164530308573e+00
8.515190558220245620e+00 8.555054486213574449e+00 8.464037342023155830e+00 8.218908040507608703e+00 7.833251383218692077e+00 7.365313130845765777e+00 6.870957461527056331e+00 6.371787695341343039e+00 5.871932864497209970e+00 5.371966532464341526e+00 4.871975944770810862e+00
8.419520786317024275e+00 8.477745733916320248e+00 8.409737765166161338e+00 8.189441900402229635e+00 7.822825288673999289e+00 7.363194637184127700e+00 6.870674347965994855e+00 6.371752745767794934e+00 5.871927661897185402e+00 5.371965479510572017e+00 4.871975671183883527e+00
8.318590010587207928e+00 8.394899732879979481e+00 8.349816692233771320e+00 8.155169874235282279e+00 7.809673412933347159e+00 7.360277017946665445e+00 6.870267052703694866e+00 6.371702964098015620e+00 5.871920559430590991e+00 5.371964110948390214e+00 4.871975326427410380e+00
8.211738190265158721e+00 8.305924263077386627e+00 8.283671333639851753e+00 8.115428091954001388e+00 7.793166811561674123e+00 7.356257506462589468e+00 6.869674109598898681e+00 6.371630686266468224e+00 5.871910650569370560e+00 5.371962298059566265e+00 4.871974885697309965e+00
