-1.780212146866330336e+00 -1.780212146866330336e+00 -1.780212146866330336e+00 -1.780212146866330336e+00 -1.780212146866330336e+00 -1.780212146866330336e+00 -1.780212146866330336e+00 -1.780212146866330336e+00 -1.780212146866330336e+00 -1.780212146866330336e+00 -1.780212146866330336e+00
-1.908017814430702508e+00 -1.908017814430702508e+00 -1.908017814430702508e+00 -1.908017814430702508e+00 -1.908017814430702508e+00 -1.908017814430702508e+00 -1.908017814430702508e+00 -1.908017814430702508e+00 -1.908017814430702508e+00 -1.908017814430702508e+00 -1.908017814430702508e+00
-2.036149147309596508e+00 -2.036149147309596508e+00 -2.036149147309596508e+00 -2.036149147309596508e+00 -2.036149147309596508e+00 -2.036149147309596508e+00 -2.036149147309596508e+00 -2.036149147309596508e+00 -2.036149147309596508e+00 -2.036149147309596508e+00 -2.036149147309596508e+00
-2.164541153282780517e+00 -2.164541153282780517e+00 -2.164541153282780517e+00 -2.164541153282780517e+00 -2.164541153282780517e+00 -2.164541153282780517e+00 -2.164541153282780517e+00 -2.164541153282780517e+00 -2.164541153282780517e+00 -2.164541153282780517e+00 -2.164541153282780517e+00
-2.293148143692624874e+00 -2.293148143692624874e+00 -2.293148143692624874e+00 -2.293148143692624874e+00 -2.293148143692624874e+00 -2.293148143692624874e+00 -2.293148143692624874e+00 -2.293148143692624874e+00 -2.293148143692624874e+00 -2.293148143692624874e+00 -2.293148143692624874e+00
-2.421938244500406068e+00 -2.421938244500406068e+00 -2.421938244500406068e+00 -2.421938244500406068e+00 -2.421938244500406068e+00 -2.421938244500406068e+00 -2.421938244500406068e+00 -2.421938244500406068e+00 -2.421938244500406068e+00 -2.421938244500406068e+00 -2.421938244500406068e+00
-2.550891916932041426e+00 -2.550891916932041426e+00 -2.550891916932041426e+00 -2.550891916932041426e+00 -2.550891916932041426e+00 -2.550891916932041426e+00 -2.550891916932041426e+00 -2.550891916932041426e+00 -2.550891916932041426e+00 -2.550891916932041426e+00 -2.550891916932041426e+00
-2.679998620440259938e+00 -2.679998620440259938e+00 -2.679998620440259938e+00 -2.679998620440259938e+00 -2.679998620440259938e+00 -2.679998620440259938e+00 -2.679998620440259938e+00 -2.679998620440259938e+00 -2.679998620440259938e+00 -2.679998620440259938e+00 -2.679998620440259938e+00
-2.809257137427887407e+00 -2.809257137427887407e+00 -2.809257137427887407e+00 -2.809257137427887407e+00 -2.809257137427887407e+00 -2.809257137427887407e+00 -2.809257137427887407e+00 -2.809257137427887407e+00 -2.809257137427887407e+00 -2.809257137427887407e+00 -2.809257137427887407e+00
-2.938671711968776634e+00 -2.938671711968776634e+00 -2.938671711968776634e+00 -2.938671711968776634e+00 -2.938671711968776634e+00 -2.938671711968776634e+00 -2.938671711968776634e+00 -2.938671711968776634e+00 -2.938671711968776634e+00 -2.938671711968776634e+00 -2.938671711968776634e+00
-3.068252767810880410e+00 -3.068252767810880410e+00 -3.068252767810880410e+00 -3.068252767810880410e+00 -3.068252767810880410e+00 -3.068252767810880410e+00 -3.068252767810880410e+00 -3.068252767810880410e+00 -3.068252767810880410e+00 -3.068252767810880410e+00 -3.068252767810880410e+00
