-8.394970039615333235e+01 -8.394970040093721764e+01 -8.394970041606521249e+01 -8.394970046390413643e+01 -8.394970061518409921e+01 -8.394970109357329591e+01 -8.394970260637254000e+01 -8.394970739026119588e+01 -8.394972251821965870e+01 -8.394977035676492960e+01 -8.394992163286458720e+01
-8.395804166104009880e+01 -8.395804166549645231e+01 -8.395804167958867481e+01 -8.395804172415222411e+01 -8.395804186507450595e+01 -8.395804231070997048e+01 -8.395804371993345683e+01 -8.395804817629375805e+01 -8.395806226858560706e+01 -8.395810683275595920e+01 -8.395824776128529265e+01
-8.396823415936522395e+01 -8.396823416346977353e+01 -8.396823417644949927e+01 -8.396823421749499516e+01 -8.396823434729223834e+01 -8.396823475774726830e+01 -8.396823605572107851e+01 -8.396824016028509163e+01 -8.396825314016042796e+01 -8.396829418717113924e+01 -8.396842399957488112e+01
-8.398062014017108368e+01 -8.398062014390032459e+01 -8.398062015569320238e+01 -8.398062019298554048e+01 -8.398062031091430413e+01 -8.398062068383794099e+01 -8.398062186312763799e+01 -8.398062559238479707e+01 -8.398063738548870560e+01 -8.398067468012921211e+01 -8.398079263180859755e+01
-8.399558517146110148e+01 -8.399558517479280795e+01 -8.399558518532862195e+01 -8.399558521864575766e+01 -8.399558532400381239e+01 -8.399558565717543956e+01 -8.399558671075864424e+01 -8.399559004250156136e+01 -8.399560057860020379e+01 -8.399563389869302910e+01 -8.399573928627481223e+01
-8.401355481471061637e+01 -8.401355481762446686e+01 -8.401355482683889875e+01 -8.401355485597748896e+01 -8.401355494812183622e+01 -8.401355523950805093e+01 -8.401355616095460732e+01 -8.401355907484848728e+01 -8.401356828963010059e+01 -8.401359743172821481e+01 -8.401368961110233613e+01
-8.403499462377666873e+01 -8.403499462625484284e+01 -8.403499463409151815e+01 -8.403499465887325925e+01 -8.403499473724002655e+01 -8.403499498505780707e+01 -8.403499576872914645e+01 -8.403499824694254983e+01 -8.403500608401198235e+01 -8.403503086970620473e+01 -8.403510927597184832e+01
-8.406040071423196025e+01 -8.406040071625974974e+01 -8.406040072267217056e+01 -8.406040074295003706e+01 -8.406040080707430207e+01 -8.406040100985332231e+01 -8.406040165109983775e+01 -8.406040367892879317e+01 -8.406041009178125023e+01 -8.406043037394324813e+01 -8.406049454116609354e+01
-8.409029214622393056e+01 -8.409029214779039307e+01 -8.409029215274398439e+01 -8.409029216840862375e+01 -8.409029221794457953e+01 -8.409029237459135686e+01 -8.409029286995506425e+01 -8.409029443646385005e+01 -8.409029939051134761e+01 -8.409031505970216358e+01 -8.409036464118439369e+01
-8.412519645235096277e+01 -8.412519645344956132e+01 -8.412519645692358949e+01 -8.412519646790946126e+01 -8.412519650264987092e+01 -8.412519661250901493e+01 -8.412519695991736057e+01 -8.412519805855139055e+01 -8.412520153306090265e+01 -8.412521252366063607e+01 -8.412524731133045464e+01
-8.416563135459175271e+01 -8.416563135522083883e+01 -8.416563135721023059e+01 -8.416563136350123386e+01 -8.416563138339513728e+01 -8.416563144630552529e+01 -8.416563164524893637e+01 -8.416563227439633010e+01 -8.416563426426557726e+01 -8.416564056008940042e+01 -8.416566050226462892e+01
