-1.042637594502863863e+00 -1.542637540763120763e+00 -2.042637523902194108e+00 -2.542637446275096469e+00 -3.042637444594542995e+00 -3.542637444063238661e+00 -4.042637443895238825e+00 -4.542637443842114209e+00 -5.042637443825314314e+00 -5.542637443820002119e+00 -6.042637443818321685e+00
-1.042637594446486737e+00 -1.542637540785834593e+00 -2.042637523913431341e+00 -2.542637446279055080e+00 -3.042637444595835738e+00 -3.542637444063651220e+00 -4.042637443895369387e+00 -4.542637443842155065e+00 -5.042637443825327637e+00 -5.542637443820005672e+00 -6.042637443818323462e+00
-1.042637594422052283e+00 -1.542637540807555219e+00 -2.042637523923244824e+00 -2.542637446282452807e+00 -3.042637444596939744e+00 -3.542637444064003382e+00 -4.042637443895481297e+00 -4.542637443842190592e+00 -5.042637443825338295e+00 -5.542637443820009224e+00 -6.042637443818324350e+00
-1.042637594418399205e+00 -1.542637540827781040e+00 -2.042637523931778887e+00 -2.542637446285365588e+00 -3.042637444597882102e+00 -3.542637444064303587e+00 -4.042637443895576332e+00 -4.542637443842220790e+00 -5.042637443825348065e+00 -5.542637443820012777e+00 -6.042637443818325238e+00
-1.042637594427760828e+00 -1.542637540846260702e+00 -2.042637523939174304e+00 -2.542637446287859593e+00 -3.042637444598686347e+00 -3.542637444064559382e+00 -4.042637443895657157e+00 -4.542637443842246547e+00 -5.042637443825356058e+00 -5.542637443820015442e+00 -6.042637443818326126e+00
-1.042637594444795868e+00 -1.542637540862909162e+00 -2.042637523945565192e+00 -2.542637446289992997e+00 -3.042637444599372021e+00 -3.542637444064777430e+00 -4.042637443895726435e+00 -4.542637443842267864e+00 -5.042637443825363164e+00 -5.542637443820017218e+00 -6.042637443818327014e+00
-1.042637594465883222e+00 -1.542637540877747293e+00 -2.042637523951074563e+00 -2.542637446291816872e+00 -3.042637444599956886e+00 -3.542637444064963503e+00 -4.042637443895785054e+00 -4.542637443842286515e+00 -5.042637443825369381e+00 -5.542637443820018994e+00 -6.042637443818327903e+00
-1.042637594488617037e+00 -1.542637540890861914e+00 -2.042637523955814327e+00 -2.542637446293375181e+00 -3.042637444600455598e+00 -3.542637444065121599e+00 -4.042637443895835681e+00 -4.542637443842302503e+00 -5.042637443825373822e+00 -5.542637443820020771e+00 -6.042637443818327903e+00
-1.042637594511441224e+00 -1.542637540902376703e+00 -2.042637523959885293e+00 -2.542637446294705672e+00 -3.042637444600880592e+00 -3.542637444065256602e+00 -4.042637443895878313e+00 -4.542637443842315825e+00 -5.042637443825378263e+00 -5.542637443820022547e+00 -6.042637443818328791e+00
-1.042637594533389223e+00 -1.542637540912433325e+00 -2.042637523963377166e+00 -2.542637446295840764e+00 -3.042637444601242969e+00 -3.542637444065371177e+00 -4.042637443895914728e+00 -4.542637443842327372e+00 -5.042637443825381816e+00 -5.542637443820023435e+00 -6.042637443818328791e+00
-1.042637594553900371e+00 -1.542637540921178774e+00 -2.042637523966368551e+00 -2.542637446296809323e+00 -3.042637444601551167e+00 -3.542637444065469321e+00 -4.042637443895945815e+00 -4.542637443842337142e+00 -5.042637443825385368e+00 -5.542637443820024323e+00 -6.042637443818328791e+00
