1.693677287807731302e+00 1.693688063577300396e+00 1.693722137793188365e+00 1.693829872334087217e+00 1.694170383088271947e+00 1.695245418967827211e+00 1.698627572941125985e+00 1.709152767836148223e+00 1.740850816837871129e+00 1.828129417371899157e+00 2.025601575440861168e+00
1.464588964561202244e+00 1.464595833991389373e+00 1.464617556321950786e+00 1.464686241213096318e+00 1.464903370448546571e+00 1.465589279830273428e+00 1.467751213758524242e+00 1.474517870845541978e+00 1.495247386896739084e+00 1.554960047926065680e+00 1.703012777689630664e+00
1.201929815283131031e+00 1.201933942592972926e+00 1.201946994034550187e+00 1.201988263735602080e+00 1.202118744185775245e+00 1.202531101794670931e+00 1.203832520300796904e+00 1.207922487639694120e+00 1.220608294357745427e+00 1.258446780461333070e+00 1.360143921182179083e+00
8.913806469751298645e-01 8.913829993508745053e-01 8.913904381322858006e-01 8.914139607860641634e-01 8.914883375649875763e-01 8.917234537979836784e-01 8.924661200272075989e-01 8.948063135490729181e-01 9.021247421612984541e-01 9.244879501937549593e-01 9.884642270328853897e-01
5.074361751558195133e-01 5.074374835476805901e-01 5.074416210200921595e-01 5.074547045972648274e-01 5.074960759072654204e-01 5.076268775459490401e-01 5.080402495718102651e-01 5.093448632972971124e-01 5.134448100069611831e-01 5.261609774003307427e-01 5.640849251896723482e-01
-6.607858155179957733e-03 -6.607076480225266592e-03 -6.604604616237761371e-03 -6.596787988559691361e-03 -6.572070567317108390e-03 -6.493916475143703647e-03 -6.246864054094031747e-03 -5.466539319997115905e-03 -3.008122715061027977e-03 4.675733970870369835e-03 2.811639814939315141e-02
-7.841909117938178353e-01 -7.841902560251372556e-01 -7.841881823090057768e-01 -7.841816247079734792e-01 -7.841608884043393957e-01 -7.840953209698183768e-01 -7.838880436591999512e-01 -7.832332255515913610e-01 -7.811689827337732206e-01 -7.747051051669530120e-01 -7.545446794156810411e-01
-2.172077023818506980e+00 -2.172075382117933273e+00 -2.172070190645724708e+00 -2.172053774177536312e+00 -2.172001864830458651e+00 -2.171837753882608357e+00 -2.171319197246015964e+00 -2.169683440164761112e+00 -2.164550899610753198e+00 -2.148708413891264879e+00 -2.102105165904395445e+00
-4.995914645795595632e+00 -4.995836637283790793e+00 -4.995590044884007597e+00 -4.994811171430780128e+00 -4.992357310110892676e+00 -4.984687526235937582e+00 -4.961288287421965926e+00 -4.894637806877184083e+00 -4.733298561051896058e+00 -4.436358819982507029e+00 -4.027072200437823213e+00
-1.040566166517428570e+01 -9.906161480130307950e+00 -9.406392739612085663e+00 -8.906392799275845817e+00 -8.406392818143185508e+00 -7.906392824109562234e+00 -7.406392825996296558e+00 -6.906392826592934853e+00 -6.406392826781619476e+00 -5.906392826841392107e+00 -5.406392826861347700e+00
-1.194862663599232455e+01 -1.144862663599232455e+01 -1.094862663599232455e+01 -1.044862663599232278e+01 -9.948626635992322775e+00 -9.448626635992324552e+00 -8.948626635992324552e+00 -8.448626635992324552e+00 -7.948626635992324552e+00 -7.448626635992327216e+00 -6.948626635992358302e+00
