-6.032491359980840961e+00 -5.536859194766783787e+00 -5.077962049065440908e+00 -4.848530074738332196e+00 -5.080082362095743598e+00 -5.537095505249736149e+00 -6.032397081309830433e+00 -6.531922252120965666e+00 -7.031874717810773667e+00 -7.531869963864209261e+00 -8.031869488464394635e+00
-6.032491359980837409e+00 -5.536859194766779346e+00 -5.077962049065436467e+00 -4.848530074738330420e+00 -5.080082362095743598e+00 -5.537095505249736149e+00 -6.032397081309830433e+00 -6.531922252120965666e+00 -7.031874717810773667e+00 -7.531869963864209261e+00 -8.031869488464394635e+00
-6.032491359980256540e+00 -5.536859194766204695e+00 -5.077962049064913330e+00 -4.848530074738041762e+00 -5.080082362095684090e+00 -5.537095505249729044e+00 -6.032397081309829545e+00 -6.531922252120965666e+00 -7.031874717810773667e+00 -7.531869963864209261e+00 -8.031869488464394635e+00
-6.032491359942949494e+00 -5.536859194729281342e+00 -5.077962049031299330e+00 -4.848530074719512584e+00 -5.080082362091865811e+00 -5.537095505249284955e+00 -6.032397081309785136e+00 -6.531922252120960337e+00 -7.031874717810773667e+00 -7.531869963864209261e+00 -8.031869488464394635e+00
-6.032491358661303593e+00 -5.536859193460807127e+00 -5.077962047876519058e+00 -4.848530074082951558e+00 -5.080082361960696957e+00 -5.537095505234013615e+00 -6.032397081308229048e+00 -6.531922252120804906e+00 -7.031874717810757680e+00 -7.531869963864207485e+00 -8.031869488464394635e+00
-6.032491332890256963e+00 -5.536859167954611749e+00 -5.077962024656446971e+00 -4.848530061283131687e+00 -5.080082359323174757e+00 -5.537095504926953460e+00 -6.032397081276942075e+00 -6.531922252117673189e+00 -7.031874717810445041e+00 -7.531869963864176398e+00 -8.031869488464392859e+00
-6.032491005256523486e+00 -5.536858843688002629e+00 -5.077961729453909001e+00 -4.848529898555860917e+00 -5.080082325791715370e+00 -5.537095501023219235e+00 -6.032397080879187357e+00 -6.531922252077852598e+00 -7.031874717806473107e+00 -7.531869963863782935e+00 -8.031869488464353779e+00
-6.032488192528480120e+00 -5.536856059866743784e+00 -5.077959195147814242e+00 -4.848528501548371672e+00 -5.080082037925797600e+00 -5.537095467509869806e+00 -6.032397077464484170e+00 -6.531922251735995388e+00 -7.031874717772370609e+00 -7.531869963860400752e+00 -8.031869488464025153e+00
-6.032470941549909149e+00 -5.536838986182632816e+00 -5.077943651817017567e+00 -4.848519933537642324e+00 -5.080080272426031662e+00 -5.537095261970974569e+00 -6.032397056521961787e+00 -6.531922249639371181e+00 -7.031874717563218802e+00 -7.531869963839659121e+00 -8.031869488462005435e+00
-6.032391612786418555e+00 -5.536760472793998744e+00 -5.077872176454447661e+00 -4.848480535534889668e+00 -5.080072154532945028e+00 -5.537094316901569613e+00 -6.032396960228281202e+00 -6.531922239999099489e+00 -7.031874716601540065e+00 -7.531869963744292740e+00 -8.031869488452722194e+00
-6.032106495870294793e+00 -5.536478287582331070e+00 -5.077615296016775304e+00 -4.848338962458842438e+00 -5.080042988334196430e+00 -5.537090921605380522e+00 -6.032396614282209413e+00 -6.531922205365350287e+00 -7.031874713146604172e+00 -7.531869963401677026e+00 -8.031869488419372871e+00
