-2.248964980330014996e+01 -2.248882257348288860e+01 -2.248890631360196934e+01 -2.250827700011445032e+01 -2.262901318240944448e+01 -2.292962161187726267e+01 -2.335387073596648833e+01 -2.382867347846428174e+01 -2.432060356707358295e+01 -2.481804290162226678e+01 -2.531723233319222999e+01
-2.255006407459936213e+01 -2.254791183610169369e+01 -2.254379512983222966e+01 -2.255073190920052184e+01 -2.264820195298296923e+01 -2.293378265521895543e+01 -2.335444169014310845e+01 -2.382873680140231087e+01 -2.432060988002000457e+01 -2.481804345416391655e+01 -2.531723236113113273e+01
-2.261751331066420434e+01 -2.261410729988935131e+01 -2.260598376171178359e+01 -2.260064916858749129e+01 -2.267256440154083563e+01 -2.293931766546777595e+01 -2.335520911351839146e+01 -2.382882218288580134e+01 -2.432061844425426145e+01 -2.481804422074863581e+01 -2.531723240613298032e+01
-2.269206084201985618e+01 -2.268748859541294038e+01 -2.267561170509332413e+01 -2.265843642800185265e+01 -2.270306606444659892e+01 -2.294665262397812810e+01 -2.335623994112235735e+01 -2.382893725746972891e+01 -2.432063004826165553e+01 -2.481804527903273438e+01 -2.531723247529469845e+01
-2.277361389642002720e+01 -2.276797633960583767e+01 -2.275264977430626345e+01 -2.272430748212876850e+01 -2.274065168563958750e+01 -2.295632544093867367e+01 -2.335762345058272160e+01 -2.382909228802526869e+01 -2.432064575387316552e+01 -2.481804673392351646e+01 -2.531723257830844531e+01
-2.286191994874153721e+01 -2.285532757602401688e+01 -2.283689241749643983e+01 -2.279825870034893498e+01 -2.278616078316935400e+01 -2.296900133122312582e+01 -2.335947837968245722e+01 -2.382930106787188151e+01 -2.432066699152744249e+01 -2.481804872730983291e+01 -2.531723272846124573e+01
-2.295657701272026685e+01 -2.294914541040847666e+01 -2.292796503234470862e+01 -2.288006375820143035e+01 -2.284023825693910936e+01 -2.298548055971152237e+01 -2.336196202315790771e+01 -2.382958212433674561e+01 -2.432069568726875275e+01 -2.481805145081516883e+01 -2.531723294387414214e+01
-2.305705766316557614e+01 -2.304890277802265075e+01 -2.302534672067875121e+01 -2.296928893823169560e+01 -2.290325712846910733e+01 -2.300669156994285558e+01 -2.336528166018199926e+01 -2.382996032719547941e+01 -2.432073443380189914e+01 -2.481805516306400961e+01 -2.531723324920488238e+01
-2.316274432816047835e+01 -2.315397796548748133e+01 -2.312840640615181087e+01 -2.306532815374943013e+01 -2.297527058334752681e+01 -2.303366125981693102e+01 -2.336970852612675742e+01 -2.383046903140706263e+01 -2.432078672037714995e+01 -2.481806021291415121e+01 -2.531723367794140955e+01
-2.327297074304501479e+01 -2.326369676738980630e+01 -2.323644719303911899e+01 -2.316745284511918612e+01 -2.305600487418340094e+01 -2.306745548846205907e+01 -2.337559424935098207e+01 -2.383115292654322204e+01 -2.432085724306442032e+01 -2.481806707116487942e+01 -2.531723427563279571e+01
-2.338706417420270256e+01 -2.337737574715734468e+01 -2.334875301256397861e+01 -2.327486958271547479e+01 -2.314489519423622355e+01 -2.310908837587922093e+01 -2.338338900206361970e+01 -2.383207179167355605e+01 -2.432095231797911339e+01 -2.481807637213647411e+01 -2.531723510389928222e+01
