1.108994099228825014e+01 1.108994099228825014e+01 1.108994099228825014e+01 1.108994099228825014e+01 1.108994099228825014e+01 1.108994099228825192e+01 1.108994099228825192e+01 1.108994099228825370e+01 1.108994099228826258e+01 1.108994099228828745e+01 1.108994099228836561e+01
1.106083921435753759e+01 1.106083921435753759e+01 1.106083921435753759e+01 1.106083921435753759e+01 1.106083921435753759e+01 1.106083921435753936e+01 1.106083921435753936e+01 1.106083921435754114e+01 1.106083921435754824e+01 1.106083921435756956e+01 1.106083921435764061e+01
1.102830393748717519e+01 1.102830393748717519e+01 1.102830393748717519e+01 1.102830393748717519e+01 1.102830393748717519e+01 1.102830393748717519e+01 1.102830393748717519e+01 1.102830393748717697e+01 1.102830393748718407e+01 1.102830393748720361e+01 1.102830393748726401e+01
1.099203348999458285e+01 1.099203348999458285e+01 1.099203348999458285e+01 1.099203348999458285e+01 1.099203348999458285e+01 1.099203348999458285e+01 1.099203348999458463e+01 1.099203348999458640e+01 1.099203348999459173e+01 1.099203348999460772e+01 1.099203348999466279e+01
1.095172253640241422e+01 1.095172253640241422e+01 1.095172253640241422e+01 1.095172253640241422e+01 1.095172253640241422e+01 1.095172253640241422e+01 1.095172253640241422e+01 1.095172253640241600e+01 1.095172253640242133e+01 1.095172253640243731e+01 1.095172253640248528e+01
1.090706831249142006e+01 1.090706831249142006e+01 1.090706831249142006e+01 1.090706831249142006e+01 1.090706831249142006e+01 1.090706831249142006e+01 1.090706831249142006e+01 1.090706831249142184e+01 1.090706831249142539e+01 1.090706831249143960e+01 1.090706831249148223e+01
1.085777838293972763e+01 1.085777838293972763e+01 1.085777838293972763e+01 1.085777838293972763e+01 1.085777838293972763e+01 1.085777838293972941e+01 1.085777838293972941e+01 1.085777838293972941e+01 1.085777838293973474e+01 1.085777838293974540e+01 1.085777838293978448e+01
1.080357988079645715e+01 1.080357988079645715e+01 1.080357988079645715e+01 1.080357988079645715e+01 1.080357988079645715e+01 1.080357988079645715e+01 1.080357988079645715e+01 1.080357988079645892e+01 1.080357988079646248e+01 1.080357988079647313e+01 1.080357988079650688e+01
1.074423015002801307e+01 1.074423015002801307e+01 1.074423015002801307e+01 1.074423015002801307e+01 1.074423015002801307e+01 1.074423015002801307e+01 1.074423015002801307e+01 1.074423015002801485e+01 1.074423015002801840e+01 1.074423015002802728e+01 1.074423015002805748e+01
1.067952849191288500e+01 1.067952849191288500e+01 1.067952849191288500e+01 1.067952849191288500e+01 1.067952849191288500e+01 1.067952849191288500e+01 1.067952849191288500e+01 1.067952849191288678e+01 1.067952849191288855e+01 1.067952849191289744e+01 1.067952849191292408e+01
1.060932838101395959e+01 1.060932838101395959e+01 1.060932838101395959e+01 1.060932838101395959e+01 1.060932838101395959e+01 1.060932838101395959e+01 1.060932838101395959e+01 1.060932838101396136e+01 1.060932838101396314e+01 1.060932838101397024e+01 1.060932838101399511e+01
