-1.073799997969149089e+01 -1.123635008377799238e+01 -1.173618367240846361e+01 -1.223616670267668383e+01 -1.273616490304444859e+01 -1.323616469063126644e+01 -1.373616465912854423e+01 -1.423616465273333453e+01 -1.473616465106767315e+01 -1.523616465057661351e+01 -1.573616465042489487e+01
-1.073866673166662800e+01 -1.123641690874095111e+01 -1.173619029771586320e+01 -1.223616734606057399e+01 -1.273616496131715081e+01 -1.323616469454028000e+01 -1.373616465891283767e+01 -1.423616465251993723e+01 -1.473616465098567296e+01 -1.523616465054923097e+01 -1.573616465041608947e+01
-1.073958490112597453e+01 -1.123650916999574889e+01 -1.173619946759492016e+01 -1.223616824326765951e+01 -1.273616504476232514e+01 -1.323616470090008690e+01 -1.373616465892119543e+01 -1.423616465232230155e+01 -1.473616465090314698e+01 -1.523616465052113078e+01 -1.573616465040700341e+01
-1.074085342519540021e+01 -1.123663703406697500e+01 -1.173621220260962161e+01 -1.223616949674134702e+01 -1.273616516373819074e+01 -1.323616471078243428e+01 -1.373616465927215202e+01 -1.423616465215587112e+01 -1.473616465082277571e+01 -1.523616465049294177e+01 -1.573616465039781254e+01
-1.074261234084606897e+01 -1.123681505289079041e+01 -1.173622996946618002e+01 -1.223617125513355930e+01 -1.273616533371984438e+01 -1.323616472592753546e+01 -1.373616466020066440e+01 -1.423616465206341353e+01 -1.473616465075493132e+01 -1.523616465046762691e+01 -1.573616465038942103e+01
-1.074506073352613811e+01 -1.123706414359885741e+01 -1.173625486492332826e+01 -1.223617372644513779e+01 -1.273616557494492874e+01 -1.323616474818097011e+01 -1.373616466183493934e+01 -1.423616465203993009e+01 -1.473616465069347647e+01 -1.523616465044278989e+01 -1.573616465038102596e+01
-1.074848343958751329e+01 -1.123741483231224336e+01 -1.173628996839438265e+01 -1.223617722054573420e+01 -1.273616591894441896e+01 -1.323616478086721138e+01 -1.373616466456161511e+01 -1.423616465214121796e+01 -1.473616465064940861e+01 -1.523616465042124446e+01 -1.573616465037345158e+01
-1.075328946684311227e+01 -1.123791208298561983e+01 -1.173633982953442612e+01 -1.223618219593625511e+01 -1.273616641255218873e+01 -1.323616482897940116e+01 -1.373616466897794197e+01 -1.423616465245797436e+01 -1.473616465064159620e+01 -1.523616465040797685e+01 -1.573616465036817580e+01
-1.076006751279401819e+01 -1.123862285557940233e+01 -1.173641122980283491e+01 -1.223618933029551492e+01 -1.273616712311046051e+01 -1.323616489911437633e+01 -1.373616467570013100e+01 -1.423616465303807210e+01 -1.473616465067047443e+01 -1.523616465040165124e+01 -1.573616465036463019e+01
-1.076966571901989234e+01 -1.123964840556202738e+01 -1.173651448324277524e+01 -1.223619965666167531e+01 -1.273616815385084067e+01 -1.323616500156656173e+01 -1.373616468574848071e+01 -1.423616465398064967e+01 -1.473616465074504411e+01 -1.523616465040288404e+01 -1.573616465036278456e+01
-1.078330170725814163e+01 -1.124114412255694440e+01 -1.173666553337640828e+01 -1.223621477230901178e+01 -1.273616966414706297e+01 -1.323616515214868627e+01 -1.373616470066471962e+01 -1.423616465542737153e+01 -1.473616465087551752e+01 -1.523616465041144075e+01 -1.573616465036222145e+01
