-9.714048641695566033e+00 -9.714048641695566033e+00 -9.714048641695564257e+00 -9.714048641695562480e+00 -9.714048641695551822e+00 -9.714048641695519848e+00 -9.714048641695416819e+00 -9.714048641695093522e+00 -9.714048641694072117e+00 -9.714048641690839148e+00 -9.714048641680619767e+00
-9.575252838593584670e+00 -9.575252838593584670e+00 -9.575252838593584670e+00 -9.575252838593581117e+00 -9.575252838593570459e+00 -9.575252838593538485e+00 -9.575252838593435456e+00 -9.575252838593112159e+00 -9.575252838592087201e+00 -9.575252838588850679e+00 -9.575252838578609982e+00
-9.436333405560226595e+00 -9.436333405560226595e+00 -9.436333405560224818e+00 -9.436333405560223042e+00 -9.436333405560212384e+00 -9.436333405560180410e+00 -9.436333405560077381e+00 -9.436333405559752308e+00 -9.436333405558727350e+00 -9.436333405555483722e+00 -9.436333405545228814e+00
-9.297322579671602583e+00 -9.297322579671602583e+00 -9.297322579671600806e+00 -9.297322579671599030e+00 -9.297322579671588372e+00 -9.297322579671556397e+00 -9.297322579671453369e+00 -9.297322579671128295e+00 -9.297322579670101561e+00 -9.297322579666854381e+00 -9.297322579656587038e+00
-9.158254300794489211e+00 -9.158254300794489211e+00 -9.158254300794487435e+00 -9.158254300794485658e+00 -9.158254300794475000e+00 -9.158254300794441249e+00 -9.158254300794339997e+00 -9.158254300794014924e+00 -9.158254300792986413e+00 -9.158254300789737457e+00 -9.158254300779461232e+00
-9.019166086952456141e+00 -9.019166086952456141e+00 -9.019166086952454364e+00 -9.019166086952450812e+00 -9.019166086952440153e+00 -9.019166086952408179e+00 -9.019166086952305150e+00 -9.019166086951980077e+00 -9.019166086950951566e+00 -9.019166086947700833e+00 -9.019166086937419280e+00
-8.880101470084454718e+00 -8.880101470084454718e+00 -8.880101470084454718e+00 -8.880101470084451165e+00 -8.880101470084440507e+00 -8.880101470084408533e+00 -8.880101470084305504e+00 -8.880101470083980431e+00 -8.880101470082951920e+00 -8.880101470079701187e+00 -8.880101470069419634e+00
-8.741113180247333858e+00 -8.741113180247332082e+00 -8.741113180247332082e+00 -8.741113180247328529e+00 -8.741113180247317871e+00 -8.741113180247285896e+00 -8.741113180247182868e+00 -8.741113180246857794e+00 -8.741113180245831060e+00 -8.741113180242580327e+00 -8.741113180232304103e+00
-8.602267316301606570e+00 -8.602267316301606570e+00 -8.602267316301606570e+00 -8.602267316301603017e+00 -8.602267316301592359e+00 -8.602267316301560385e+00 -8.602267316301457356e+00 -8.602267316301132283e+00 -8.602267316300105549e+00 -8.602267316296860145e+00 -8.602267316286594578e+00
-8.463648789628999580e+00 -8.463648789628999580e+00 -8.463648789628999580e+00 -8.463648789628996028e+00 -8.463648789628985369e+00 -8.463648789628953395e+00 -8.463648789628850366e+00 -8.463648789628527069e+00 -8.463648789627502111e+00 -8.463648789624262037e+00 -8.463648789614016010e+00
-8.325368360488631936e+00 -8.325368360488630159e+00 -8.325368360488630159e+00 -8.325368360488626607e+00 -8.325368360488615949e+00 -8.325368360488583974e+00 -8.325368360488482722e+00 -8.325368360488159425e+00 -8.325368360487136243e+00 -8.325368360483906827e+00 -8.325368360473689222e+00
