3.625714196760432273e+00 3.638663437526474809e+00 3.677242651972261189e+00 3.780634334220684067e+00 4.003333036363527775e+00 4.359094672182072472e+00 4.801321823859414195e+00 5.281284707336857842e+00 5.774433744666123580e+00 6.269526342025282695e+00 6.755002334481237547e+00
4.086407838487473576e+00 4.090947734682345960e+00 4.104999571235001810e+00 4.146660521144311495e+00 4.256999326127929528e+00 4.489863912484999275e+00 4.853930203885685302e+00 5.300243361300551292e+00 5.781468574973474439e+00 6.272645066671037384e+00 6.756855132318867696e+00
4.482485165496274959e+00 4.484326811703814641e+00 4.490099738415358921e+00 4.507866132586595853e+00 4.559695279977437288e+00 4.691871606797194616e+00 4.954265144342264726e+00 5.340562109087083620e+00 5.797073297908532652e+00 6.279659693790714314e+00 6.761039145722364196e+00
4.823441258379130403e+00 4.824293211240808787e+00 4.826976376273401925e+00 4.835353810722001100e+00 4.860829668186070762e+00 4.932772080818581983e+00 5.103839595297814391e+00 5.411250248316627598e+00 5.826587655487950101e+00 6.293286116698346255e+00 6.769232662997585415e+00
5.118920385739164303e+00 5.119361991298648107e+00 5.120755522815962024e+00 5.125133057594213781e+00 5.138692605566745009e+00 5.178981239124465397e+00 5.286245153535007013e+00 5.514639061005497389e+00 5.874820381671013614e+00 6.316599783474525331e+00 6.783450508420356684e+00
5.377711431177574219e+00 5.377963763309361767e+00 5.378760744083628254e+00 5.381271436202712088e+00 5.389116746139207770e+00 5.413032286021478789e+00 5.481006145537880236e+00 5.644793897198454147e+00 5.944193232180122521e+00 6.352339108635296938e+00 6.805726618009691364e+00
5.607474829456018384e+00 5.607631512686069186e+00 5.608126616874733905e+00 5.609688569494808874e+00 5.614591247973706345e+00 5.629740362606113990e+00 5.674438405717328493e+00 5.791456768939797328e+00 6.033499817965272349e+00 6.402215915350773834e+00 6.837760263985390274e+00
5.814669084811044719e+00 5.814773519518440459e+00 5.815103605882326221e+00 5.816145782565192768e+00 5.819425071112005909e+00 5.829635063725302047e+00 5.860427039526658888e+00 5.945509126600300398e+00 6.139152236120305695e+00 6.466594977356213469e+00 6.880662059831260891e+00
6.004580596305741480e+00 6.004654535440143270e+00 6.004888268702245568e+00 6.005626571388359203e+00 6.007953063146238115e+00 6.015229102516894244e+00 6.037466774570531491e+00 6.101108753738595958e+00 6.256573650777542461e+00 6.544512599191830482e+00 6.934797315166377984e+00
6.181424998847982799e+00 6.181480107177186767e+00 6.181654329008923199e+00 6.182204807293557813e+00 6.183940994390885848e+00 6.189386053691202427e+00 6.206168580933277390e+00 6.255328251138191575e+00 6.381748181863863500e+00 6.634225392669988786e+00 6.999952235541821999e+00
6.348490852359529590e+00 6.348533762092007038e+00 6.348669426685269457e+00 6.349098157100587336e+00 6.350451142758902101e+00 6.354702120337829996e+00 6.367877178501586855e+00 6.407082813304408653e+00 6.511728091398748752e+00 6.733799970307616789e+00 7.075385890759430474e+00
