-2.732783158465216244e-01 -2.732783158464432982e-01 -2.732783158461953299e-01 -2.732783158454110128e-01 -2.732783158429306636e-01 -2.732783158350876596e-01 -2.732783158102858878e-01 -2.732783157318551259e-01 -2.732783154838358541e-01 -2.732783146995296786e-01 -2.732783122193365721e-01
-5.485644565938753159e-01 -5.485644565938229134e-01 -5.485644565936571571e-01 -5.485644565931337979e-01 -5.485644565914786774e-01 -5.485644565862443089e-01 -5.485644565696916608e-01 -5.485644565173474207e-01 -5.485644563518206063e-01 -5.485644558283795380e-01 -5.485644541731127255e-01
-9.026148943485888809e-01 -9.026148943485527987e-01 -9.026148943484386677e-01 -9.026148943480776232e-01 -9.026148943469358699e-01 -9.026148943433252025e-01 -9.026148943319078910e-01 -9.026148942958028831e-01 -9.026148941816283244e-01 -9.026148938205769134e-01 -9.026148926788321036e-01
-1.350769479581533039e+00 -1.350769479581507282e+00 -1.350769479581425125e+00 -1.350769479581165999e+00 -1.350769479580346433e+00 -1.350769479577754284e+00 -1.350769479569557285e+00 -1.350769479543636686e+00 -1.350769479461668254e+00 -1.350769479202461154e+00 -1.350769478382776168e+00
-2.038818334279151490e+00 -2.038818334279125288e+00 -2.038818334279042244e+00 -2.038818334278779787e+00 -2.038818334277950672e+00 -2.038818334275326993e+00 -2.038818334267031407e+00 -2.038818334240798169e+00 -2.038818334157841861e+00 -2.038818333895510371e+00 -2.038818333065946398e+00
-3.153969489080925559e+00 -3.153969489080869604e+00 -3.153969489080694633e+00 -3.153969489080139521e+00 -3.153969489078383592e+00 -3.153969489072831589e+00 -3.153969489055275410e+00 -3.153969488999757154e+00 -3.153969488824192702e+00 -3.153969488269010579e+00 -3.153969486513370057e+00
-5.261301074949436440e+00 -5.261301074948571355e+00 -5.261301074945833101e+00 -5.261301074937175137e+00 -5.261301074909798814e+00 -5.261301074823225399e+00 -5.261301074549455947e+00 -5.261301073683720020e+00 -5.261301070946023728e+00 -5.261301062288668007e+00 -5.261301034911705976e+00
-9.433334288461415085e+00 -9.433334287340374047e+00 -9.433334283795336006e+00 -9.433334272584941615e+00 -9.433334237134561207e+00 -9.433334125030663486e+00 -9.433333770527173812e+00 -9.433332649490612454e+00 -9.433329104480780103e+00 -9.433317894365817580e+00 -9.433282446773890939e+00
-1.848380282907186611e+01 -1.841517094085580908e+01 -1.825014912342957984e+01 -1.794919127417992755e+01 -1.753742410982147604e+01 -1.706951946288706878e+01 -1.658018320469579976e+01 -1.608361060613882998e+01 -1.558470009911714271e+01 -1.508504519663317112e+01 -1.458515438314342916e+01
-2.101014248395802042e+01 -2.051014248395802042e+01 -2.001014248395802042e+01 -1.951014248395802042e+01 -1.901014248395802042e+01 -1.851014248395802042e+01 -1.801014248395802042e+01 -1.751014248395802042e+01 -1.701014248395802042e+01 -1.651014248395802042e+01 -1.601014248395802042e+01
-2.266253396615156390e+01 -2.216253396615156390e+01 -2.166253396615156390e+01 -2.116253396615156390e+01 -2.066253396615156390e+01 -2.016253396615156390e+01 -1.966253396615156390e+01 -1.916253396615156390e+01 -1.866253396615156390e+01 -1.816253396615156390e+01 -1.766253396615156390e+01
