6.980751511444839075e+00 6.715170064628706470e+00 6.382004830325579192e+00 5.986905254623826167e+00 5.543283441464736505e+00 5.068772329191460813e+00 4.578635158047479337e+00 4.082059998877725526e+00 3.583183230748674397e+00 3.083542946827326325e+00 2.583657170824194438e+00
6.981178911137672749e+00 6.715342594257202258e+00 6.382065128667555598e+00 5.986922387277494373e+00 5.543287175324620009e+00 5.068772931736974741e+00 4.578635228520118616e+00 4.082060003627495881e+00 3.583183230182600987e+00 3.083542946428360132e+00 2.583657170675569770e+00
6.981488805981491019e+00 6.715467594709213728e+00 6.382108782607820885e+00 5.986934775803822717e+00 5.543289868118103314e+00 5.068773363135223420e+00 4.578635277720866981e+00 4.082060006449251155e+00 3.583183229572819872e+00 3.083542946075771063e+00 2.583657170547757786e+00
6.981713425665859063e+00 6.715558138071422434e+00 6.382140378764001198e+00 5.986943730337092262e+00 5.543291808467750492e+00 5.068773671301824102e+00 4.578635311786466211e+00 4.082060007966356707e+00 3.583183228961089206e+00 3.083542945766238219e+00 2.583657170438021122e+00
6.981876192478082999e+00 6.715623708757998855e+00 6.382163241754840399e+00 5.986950199825229468e+00 5.543293205228855491e+00 5.068773890838619955e+00 4.578635335121871819e+00 4.082060008616720026e+00 3.583183228373238993e+00 3.083542945495948651e+00 2.583657170343930165e+00
6.981994113065437269e+00 6.715671184941759186e+00 6.382179780793669543e+00 5.986954871466930506e+00 5.543294209494282754e+00 5.068774046718046655e+00 4.578635350883469179e+00 4.082060008705924226e+00 3.583183227824219053e+00 3.083542945260942414e+00 2.583657170263345737e+00
6.982079527769549543e+00 6.715705552980925752e+00 6.382191741360189852e+00 5.986958242814901077e+00 5.543294930536765364e+00 5.068774156950213161e+00 4.578635361328259989e+00 4.082060008445422383e+00 3.583183227321656616e+00 3.083542945057330620e+00 2.583657170194395114e+00
6.982141386711893105e+00 6.715730426788288909e+00 6.382200387825982979e+00 5.986960674042473229e+00 5.543295447356960892e+00 5.068774234513188759e+00 4.578635368066075628e+00 4.082060007979949390e+00 3.583183226868349447e+00 3.083542944881426884e+00 2.583657170135444936e+00
6.982186178884519201e+00 6.715748425033583047e+00 6.382206635912378800e+00 5.986962425821816147e+00 5.543295817047165563e+00 5.068774288749738233e+00 4.578635372241647516e+00 4.082060007407164015e+00 3.583183226464004001e+00 3.083542944729822821e+00 2.583657170085079446e+00
6.982218607667640242e+00 6.715761444901266586e+00 6.382211148727230388e+00 5.986963686769427362e+00 5.543296080847865070e+00 5.068774326377738504e+00 4.578635374665955382e+00 4.082060006791689233e+00 3.583183226106431363e+00 3.083542944599419577e+00 2.583657170042072959e+00
6.982303351368655875e+00 6.715795261366596769e+00 6.382222725891681492e+00 5.986966832126016769e+00 5.543296690738924504e+00 5.068774390744108516e+00 4.578635368568291675e+00 4.082060001011251771e+00 3.583183223824577990e+00 3.083542943829567839e+00 2.583657169793696529e+00
