2.371636990158218605e+00 1.871641058451372075e+00 1.371641554028433019e+00 8.716416316345345638e-01 3.716416482646172637e-01 -1.283583472995302732e-01 -6.283583459658064196e-01 -1.128358345551957020e+00 -1.628358345421877518e+00 -2.128358345380821692e+00 -2.628358345367846738e+00
2.371634718475388315e+00 1.871640814733424474e+00 1.371641524444103810e+00 8.716416270279995215e-01 3.716416472827918094e-01 -1.283583475625218739e-01 -6.283583460442226931e-01 -1.128358345576279564e+00 -1.628358345429521625e+00 -2.128358345383234429e+00 -2.628358345368609683e+00
2.371630997518878736e+00 1.871640420713416297e+00 1.371641478161828243e+00 8.716416202246370926e-01 3.716416459146257290e-01 -1.283583479168491914e-01 -6.283583461484383292e-01 -1.128358345608452273e+00 -1.628358345439617105e+00 -2.128358345386418993e+00 -2.628358345369615989e+00
2.371624683922813226e+00 1.871639759581200435e+00 1.371641402776078156e+00 8.716416097554010589e-01 3.716416439409661043e-01 -1.283583484072746139e-01 -6.283583462901543015e-01 -1.128358345651929717e+00 -1.628358345453232436e+00 -2.128358345390711115e+00 -2.628358345370971794e+00
2.371613521467501151e+00 1.871638601536165458e+00 1.371641274167778812e+00 8.716415928501289878e-01 3.716416409715281866e-01 -1.283583491086446038e-01 -6.283583464881822289e-01 -1.128358345712175081e+00 -1.628358345472045832e+00 -2.128358345396636597e+00 -2.628358345372843186e+00
2.371592814892625078e+00 1.871636469182342166e+00 1.371641042739859984e+00 8.716415639683731120e-01 3.716416362686958408e-01 -1.283583501527703341e-01 -6.283583467740596618e-01 -1.128358345798147200e+00 -1.628358345498789772e+00 -2.128358345405049423e+00 -2.628358345375499283e+00
2.371552186645188520e+00 1.871632307074317714e+00 1.371640599776833280e+00 8.716415112613743466e-01 3.716416283388491726e-01 -1.283583517866436485e-01 -6.283583472033591466e-01 -1.128358345925166040e+00 -1.628358345538082563e+00 -2.128358345417387554e+00 -2.628358345379392169e+00
2.371467091860426368e+00 1.871623609379016617e+00 1.371639688918174116e+00 8.716414073777410954e-01 3.716416139056024637e-01 -1.283583545090464517e-01 -6.283583478800790489e-01 -1.128358346120745592e+00 -1.628358345598088563e+00 -2.128358345436179189e+00 -2.628358345385315875e+00
2.371274968206711797e+00 1.871603920130330945e+00 1.371637652776330762e+00 8.716411834165183059e-01 3.716415850848515112e-01 -1.283583594226546387e-01 -6.283583490138654470e-01 -1.128358346437277060e+00 -1.628358345693984299e+00 -2.128358345466084156e+00 -2.628358345394730566e+00
2.370803280725223505e+00 1.871554977988342916e+00 1.371632634812109508e+00 8.716406475275457755e-01 3.716415207680858201e-01 -1.283583692461891246e-01 -6.283583510688107721e-01 -1.128358346981954696e+00 -1.628358345855711153e+00 -2.128358345516174754e+00 -2.628358345410465535e+00
2.369539766765935696e+00 1.871419396941097046e+00 1.371618774956437692e+00 8.716392003676707301e-01 3.716413570718085091e-01 -1.283583916139897640e-01 -6.283583552023320751e-01 -1.128358347995108257e+00 -1.628358346146700386e+00 -2.128358345605254165e+00 -2.628358345438341015e+00
