9.388295924788236491e+00 9.388295924792700475e+00 9.388295924806818959e+00 9.388295924851465912e+00 9.388295924992647201e+00 9.388295925439106071e+00 9.388295926850929618e+00 9.388295931315509435e+00 9.388295945433746681e+00 9.388295990079514652e+00 9.388296131261625987e+00
9.447806744261979972e+00 9.447806744266877388e+00 9.447806744282363667e+00 9.447806744331334272e+00 9.447806744486191732e+00 9.447806744975896009e+00 9.447806746524477717e+00 9.447806751421522264e+00 9.447806766907335785e+00 9.447806815877747511e+00 9.447806970735483034e+00
9.501424819518506482e+00 9.501424819523865750e+00 9.501424819540815747e+00 9.501424819594411986e+00 9.501424819763903074e+00 9.501424820299876117e+00 9.501424821994772785e+00 9.501424827354503222e+00 9.501424844303459238e+00 9.501424897900717426e+00 9.501425067389664747e+00
9.549495463384747751e+00 9.549495463390586636e+00 9.549495463409044760e+00 9.549495463467415846e+00 9.549495463652002414e+00 9.549495464235718600e+00 9.549495466081589612e+00 9.549495471918747924e+00 9.549495490377450935e+00 9.549495548748927476e+00 9.549495733335032099e+00
9.592391385593705522e+00 9.592391385600009812e+00 9.592391385619949418e+00 9.592391385683002980e+00 9.592391385882395483e+00 9.592391386512929330e+00 9.592391388506852579e+00 9.592391394812189276e+00 9.592391414751405776e+00 9.592391477804632416e+00 9.592391677195355015e+00
9.630498800223351807e+00 9.630498800230082423e+00 9.630498800251363178e+00 9.630498800318660457e+00 9.630498800531469783e+00 9.630498801204435466e+00 9.630498803332541158e+00 9.630498810062196213e+00 9.630498831343217603e+00 9.630498898639549665e+00 9.630499111447566207e+00
9.664206114904212441e+00 9.664206114911275236e+00 9.664206114933609371e+00 9.664206115004237319e+00 9.664206115227583993e+00 9.664206115933861696e+00 9.664206118167314230e+00 9.664206125230107247e+00 9.664206147564589955e+00 9.664206218192175513e+00 9.664206441533664815e+00
9.693895153437168233e+00 9.693895153444410440e+00 9.693895153467314785e+00 9.693895153539745735e+00 9.693895153768790962e+00 9.693895154493095134e+00 9.693895156783545630e+00 9.693895164026583799e+00 9.693895186931044350e+00 9.693895259360921557e+00 9.693895488400460891e+00
9.719934695842006533e+00 9.719934695849200779e+00 9.719934695871948804e+00 9.719934695943882375e+00 9.719934696171357302e+00 9.719934696890700110e+00 9.719934699165458269e+00 9.719934706358870358e+00 9.719934729106380900e+00 9.719934801039750383e+00 9.719935028507299180e+00
9.742676029166775109e+00 9.742676029173596319e+00 9.742676029195170173e+00 9.742676029263391158e+00 9.742676029479124367e+00 9.742676030161334211e+00 9.742676032318671631e+00 9.742676039140759414e+00 9.742676060714012820e+00 9.742676128933783986e+00 9.742676344655208709e+00
9.762450165900720123e+00 9.762450165906743749e+00 9.762450165925796952e+00 9.762450165986042094e+00 9.762450166176559918e+00 9.762450166779027327e+00 9.762450168684193130e+00 9.762450174708847683e+00 9.762450193760358275e+00 9.762450254005299755e+00 9.762450444504334968e+00
