5.339835751224667248e+00 5.339835751224667248e+00 5.339835751224668137e+00 5.339835751224671689e+00 5.339835751224680571e+00 5.339835751224708993e+00 5.339835751224800475e+00 5.339835751225089133e+00 5.339835751226001292e+00 5.339835751228886096e+00 5.339835751238008577e+00
5.845621285763495933e+00 5.845621285763495933e+00 5.845621285763496822e+00 5.845621285763497710e+00 5.845621285763500374e+00 5.845621285763509256e+00 5.845621285763537678e+00 5.845621285763627384e+00 5.845621285763913377e+00 5.845621285764814878e+00 5.845621285767666819e+00
6.277376827397926462e+00 6.277376827397926462e+00 6.277376827397926462e+00 6.277376827397926462e+00 6.277376827397928238e+00 6.277376827397930903e+00 6.277376827397941561e+00 6.277376827397975312e+00 6.277376827398081005e+00 6.277376827398416737e+00 6.277376827399476333e+00
6.647273504111150366e+00 6.647273504111150366e+00 6.647273504111150366e+00 6.647273504111151254e+00 6.647273504111151254e+00 6.647273504111153031e+00 6.647273504111157472e+00 6.647273504111171682e+00 6.647273504111216980e+00 6.647273504111361753e+00 6.647273504111818276e+00
6.966148499105560887e+00 6.966148499105560887e+00 6.966148499105560887e+00 6.966148499105560887e+00 6.966148499105560887e+00 6.966148499105561775e+00 6.966148499105564440e+00 6.966148499105571545e+00 6.966148499105593750e+00 6.966148499105663916e+00 6.966148499105886849e+00
7.243608742127695344e+00 7.243608742127695344e+00 7.243608742127695344e+00 7.243608742127695344e+00 7.243608742127695344e+00 7.243608742127696232e+00 7.243608742127697120e+00 7.243608742127701561e+00 7.243608742127713107e+00 7.243608742127751299e+00 7.243608742127872979e+00
7.488035562517734611e+00 7.488035562517734611e+00 7.488035562517734611e+00 7.488035562517735499e+00 7.488035562517735499e+00 7.488035562517735499e+00 7.488035562517736388e+00 7.488035562517738164e+00 7.488035562517745269e+00 7.488035562517768362e+00 7.488035562517840305e+00
7.706567967183070245e+00 7.706567967183070245e+00 7.706567967183070245e+00 7.706567967183070245e+00 7.706567967183070245e+00 7.706567967183070245e+00 7.706567967183071133e+00 7.706567967183072909e+00 7.706567967183077350e+00 7.706567967183091561e+00 7.706567967183137746e+00
7.905123761033522989e+00 7.905123761033522989e+00 7.905123761033522989e+00 7.905123761033522989e+00 7.905123761033522989e+00 7.905123761033522989e+00 7.905123761033523877e+00 7.905123761033524765e+00 7.905123761033527430e+00 7.905123761033537200e+00 7.905123761033569174e+00
8.088479844669411278e+00 8.088479844669411278e+00 8.088479844669411278e+00 8.088479844669411278e+00 8.088479844669411278e+00 8.088479844669411278e+00 8.088479844669411278e+00 8.088479844669411278e+00 8.088479844669414831e+00 8.088479844669421936e+00 8.088479844669445029e+00
8.260401856805637877e+00 8.260401856805637877e+00 8.260401856805637877e+00 8.260401856805637877e+00 8.260401856805637877e+00 8.260401856805637877e+00 8.260401856805637877e+00 8.260401856805637877e+00 8.260401856805639653e+00 8.260401856805646759e+00 8.260401856805662746e+00
