8.307261643614396007e+00 8.307261643614396007e+00 8.307261643614396007e+00 8.307261643614396007e+00 8.307261643614396007e+00 8.307261643614396007e+00 8.307261643614396007e+00 8.307261643614396007e+00 8.307261643614396007e+00 8.307261643614396007e+00 8.307261643614396007e+00
8.307261142080166749e+00 8.307261142080166749e+00 8.307261142080166749e+00 8.307261142080166749e+00 8.307261142080166749e+00 8.307261142080166749e+00 8.307261142080166749e+00 8.307261142080166749e+00 8.307261142080166749e+00 8.307261142080166749e+00 8.307261142080166749e+00
8.307260480246776879e+00 8.307260480246776879e+00 8.307260480246776879e+00 8.307260480246776879e+00 8.307260480246776879e+00 8.307260480246776879e+00 8.307260480246776879e+00 8.307260480246776879e+00 8.307260480246776879e+00 8.307260480246776879e+00 8.307260480246776879e+00
8.307259608295364472e+00 8.307259608295364472e+00 8.307259608295364472e+00 8.307259608295364472e+00 8.307259608295364472e+00 8.307259608295364472e+00 8.307259608295364472e+00 8.307259608295364472e+00 8.307259608295364472e+00 8.307259608295364472e+00 8.307259608295364472e+00
8.307258460266764288e+00 8.307258460266764288e+00 8.307258460266764288e+00 8.307258460266764288e+00 8.307258460266764288e+00 8.307258460266764288e+00 8.307258460266764288e+00 8.307258460266764288e+00 8.307258460266764288e+00 8.307258460266764288e+00 8.307258460266764288e+00
8.307256953621882545e+00 8.307256953621882545e+00 8.307256953621882545e+00 8.307256953621882545e+00 8.307256953621882545e+00 8.307256953621882545e+00 8.307256953621882545e+00 8.307256953621882545e+00 8.307256953621882545e+00 8.307256953621882545e+00 8.307256953621882545e+00
8.307254982956571610e+00 8.307254982956571610e+00 8.307254982956571610e+00 8.307254982956571610e+00 8.307254982956571610e+00 8.307254982956571610e+00 8.307254982956571610e+00 8.307254982956571610e+00 8.307254982956571610e+00 8.307254982956571610e+00 8.307254982956571610e+00
8.307252396295051966e+00 8.307252396295051966e+00 8.307252396295051966e+00 8.307252396295051966e+00 8.307252396295051966e+00 8.307252396295051966e+00 8.307252396295051966e+00 8.307252396295051966e+00 8.307252396295051966e+00 8.307252396295051966e+00 8.307252396295051966e+00
8.307249005800585451e+00 8.307249005800585451e+00 8.307249005800585451e+00 8.307249005800585451e+00 8.307249005800585451e+00 8.307249005800585451e+00 8.307249005800585451e+00 8.307249005800585451e+00 8.307249005800585451e+00 8.307249005800585451e+00 8.307249005800585451e+00
8.307244567008973846e+00 8.307244567008973846e+00 8.307244567008973846e+00 8.307244567008973846e+00 8.307244567008973846e+00 8.307244567008973846e+00 8.307244567008973846e+00 8.307244567008973846e+00 8.307244567008973846e+00 8.307244567008973846e+00 8.307244567008973846e+00
8.307238762086202044e+00 8.307238762086202044e+00 8.307238762086202044e+00 8.307238762086202044e+00 8.307238762086202044e+00 8.307238762086202044e+00 8.307238762086202044e+00 8.307238762086202044e+00 8.307238762086202044e+00 8.307238762086202044e+00 8.307238762086202044e+00
