-1.162916329890474287e+01 -1.112916584938151843e+01 -1.062916665591620813e+01 -1.012916691096518385e+01 -9.629166991618781424e+00 -9.129167017123691608e+00 -8.629167025189053319e+00 -8.129167027739544693e+00 -7.629167028546080864e+00 -7.129167028801130179e+00 -6.629167028881783885e+00
-1.162629900585552178e+01 -1.112825803105667966e+01 -1.062887937280842365e+01 -1.012907604346924195e+01 -9.629138254732662716e+00 -9.129157929516278358e+00 -8.629164151414650874e+00 -8.129166118970223565e+00 -7.629166741167782817e+00 -7.129166937924112268e+00 -6.629167000143945110e+00
-1.116672543317776167e+01 -1.092479609449631894e+01 -1.055360944405443036e+01 -1.010382327497688770e+01 -9.620991604320581203e+00 -9.126565055776723057e+00 -8.628342526136712820e+00 -8.128906128975209811e+00 -7.629084508166287470e+00 -7.129140931870522557e+00 -6.629158776138168285e+00
-9.256677016989037554e+00 -9.252712211692811550e+00 -9.240407426078389719e+00 -9.203643283066126557e+00 -9.104419458028838008e+00 -8.888016563553906124e+00 -8.537580679668263173e+00 -8.098065287310266314e+00 -7.619088907734860250e+00 -7.125954691013113518e+00 -6.628148627299282225e+00
-7.477994839493634416e+00 -7.477928543016792773e+00 -7.477718961727903846e+00 -7.477056872329788106e+00 -7.474969779976314399e+00 -7.468435058510995539e+00 -7.448394717107816199e+00 -7.390498046327179438e+00 -7.246024216324005174e+00 -6.968440691628670081e+00 -6.571643359675874763e+00
-5.962518832742460972e+00 -5.962516809506285043e+00 -5.962510411533756383e+00 -5.962490179988433781e+00 -5.962426208426540697e+00 -5.962223974577314678e+00 -5.961585074051330757e+00 -5.959570856682375073e+00 -5.953262133996774175e+00 -5.933894738979931027e+00 -5.877781561207544136e+00
-4.672566911736093509e+00 -4.672566807960397028e+00 -4.672566479792994443e+00 -4.672565442038182582e+00 -4.672562160385641761e+00 -4.672551783052314889e+00 -4.672518968674747697e+00 -4.672415216815805294e+00 -4.672087287655476651e+00 -4.671051911183839778e+00 -4.667793914114129805e+00
-3.574597644859253354e+00 -3.574597636577412807e+00 -3.574597610387935109e+00 -3.574597527569545186e+00 -3.574597265674904101e+00 -3.574596437492370882e+00 -3.574593818559641534e+00 -3.574585536871111469e+00 -3.574559348911769519e+00 -3.574476545703947128e+00 -3.574214802820247172e+00
-2.640036230547841090e+00 -2.640036229584968197e+00 -2.640036226540097175e+00 -2.640036216911369138e+00 -2.640036186462660250e+00 -2.640036090175401196e+00 -2.640035785688493952e+00 -2.640034822817753923e+00 -2.640031777967172033e+00 -2.640022149444686939e+00 -2.639991702787925831e+00
-1.844548435376159867e+00 -1.844548435221953664e+00 -1.844548434734311071e+00 -1.844548433192249259e+00 -1.844548428315822663e+00 -1.844548412895207434e+00 -1.844548364130944584e+00 -1.844548209924840698e+00 -1.844547722282684710e+00 -1.844546180226391607e+00 -1.844541303852259562e+00
-1.167380114259477297e+00 -1.167380114227041465e+00 -1.167380114124470403e+00 -1.167380113800111641e+00 -1.167380112774399681e+00 -1.167380109530813392e+00 -1.167380099273694016e+00 -1.167380066837835573e+00 -1.167379964266660686e+00 -1.167379639908285638e+00 -1.167378614198636422e+00
