7.753094818583566195e+00 7.753094818583566195e+00 7.753094818583566195e+00 7.753094818583566195e+00 7.753094818583566195e+00 7.753094818583566195e+00 7.753094818583566195e+00 7.753094818583566195e+00 7.753094818583566195e+00 7.753094818583566195e+00 7.753094818583566195e+00
7.893944156488585051e+00 7.893944156488585051e+00 7.893944156488585051e+00 7.893944156488585051e+00 7.893944156488585051e+00 7.893944156488585051e+00 7.893944156488585051e+00 7.893944156488585051e+00 7.893944156488585051e+00 7.893944156488585051e+00 7.893944156488585051e+00
8.034509450187433899e+00 8.034509450187433899e+00 8.034509450187433899e+00 8.034509450187433899e+00 8.034509450187433899e+00 8.034509450187433899e+00 8.034509450187433899e+00 8.034509450187433899e+00 8.034509450187433899e+00 8.034509450187433899e+00 8.034509450187433899e+00
8.174852304371427181e+00 8.174852304371427181e+00 8.174852304371427181e+00 8.174852304371427181e+00 8.174852304371427181e+00 8.174852304371427181e+00 8.174852304371427181e+00 8.174852304371427181e+00 8.174852304371427181e+00 8.174852304371427181e+00 8.174852304371427181e+00
8.315011014981360304e+00 8.315011014981360304e+00 8.315011014981360304e+00 8.315011014981360304e+00 8.315011014981360304e+00 8.315011014981360304e+00 8.315011014981360304e+00 8.315011014981360304e+00 8.315011014981360304e+00 8.315011014981360304e+00 8.315011014981360304e+00
8.455004560238394973e+00 8.455004560238394973e+00 8.455004560238394973e+00 8.455004560238394973e+00 8.455004560238394973e+00 8.455004560238394973e+00 8.455004560238394973e+00 8.455004560238394973e+00 8.455004560238394973e+00 8.455004560238394973e+00 8.455004560238394973e+00
8.594834635636486198e+00 8.594834635636486198e+00 8.594834635636486198e+00 8.594834635636486198e+00 8.594834635636486198e+00 8.594834635636486198e+00 8.594834635636486198e+00 8.594834635636486198e+00 8.594834635636486198e+00 8.594834635636486198e+00 8.594834635636486198e+00
8.734485977640579435e+00 8.734485977640579435e+00 8.734485977640579435e+00 8.734485977640579435e+00 8.734485977640579435e+00 8.734485977640579435e+00 8.734485977640579435e+00 8.734485977640579435e+00 8.734485977640579435e+00 8.734485977640579435e+00 8.734485977640579435e+00
8.873925082984804646e+00 8.873925082984804646e+00 8.873925082984804646e+00 8.873925082984804646e+00 8.873925082984804646e+00 8.873925082984804646e+00 8.873925082984804646e+00 8.873925082984804646e+00 8.873925082984804646e+00 8.873925082984804646e+00 8.873925082984804646e+00
9.013097329414708980e+00 9.013097329414708980e+00 9.013097329414708980e+00 9.013097329414708980e+00 9.013097329414708980e+00 9.013097329414708980e+00 9.013097329414708980e+00 9.013097329414708980e+00 9.013097329414708980e+00 9.013097329414708980e+00 9.013097329414708980e+00
9.151922448544171473e+00 9.151922448544171473e+00 9.151922448544171473e+00 9.151922448544171473e+00 9.151922448544171473e+00 9.151922448544171473e+00 9.151922448544171473e+00 9.151922448544171473e+00 9.151922448544171473e+00 9.151922448544171473e+00 9.151922448544171473e+00
