2.599695891246499801e+00 2.599695891246499801e+00 2.599695891246499801e+00 2.599695891246499801e+00 2.599695891246499801e+00 2.599695891246499801e+00 2.599695891246499801e+00 2.599695891246499801e+00 2.599695891246499801e+00 2.599695891246500246e+00 2.599695891246500246e+00
2.470535025015101471e+00 2.470535025015101471e+00 2.470535025015101471e+00 2.470535025015101471e+00 2.470535025015101471e+00 2.470535025015101471e+00 2.470535025015101471e+00 2.470535025015101471e+00 2.470535025015101471e+00 2.470535025015101471e+00 2.470535025015101915e+00
2.341219145658063105e+00 2.341219145658063105e+00 2.341219145658063105e+00 2.341219145658063105e+00 2.341219145658063105e+00 2.341219145658063105e+00 2.341219145658063105e+00 2.341219145658063105e+00 2.341219145658062661e+00 2.341219145658063105e+00 2.341219145658063105e+00
2.211696124081349524e+00 2.211696124081349524e+00 2.211696124081349524e+00 2.211696124081349524e+00 2.211696124081349524e+00 2.211696124081349524e+00 2.211696124081349524e+00 2.211696124081349524e+00 2.211696124081349524e+00 2.211696124081349524e+00 2.211696124081349968e+00
2.081895671203127574e+00 2.081895671203127574e+00 2.081895671203127574e+00 2.081895671203127574e+00 2.081895671203127574e+00 2.081895671203127574e+00 2.081895671203127574e+00 2.081895671203127574e+00 2.081895671203127574e+00 2.081895671203127574e+00 2.081895671203127574e+00
1.951723683536845222e+00 1.951723683536845222e+00 1.951723683536845222e+00 1.951723683536845222e+00 1.951723683536845222e+00 1.951723683536845222e+00 1.951723683536845222e+00 1.951723683536845222e+00 1.951723683536845222e+00 1.951723683536845222e+00 1.951723683536845444e+00
1.821054277584905456e+00 1.821054277584905456e+00 1.821054277584905456e+00 1.821054277584905456e+00 1.821054277584905456e+00 1.821054277584905456e+00 1.821054277584905456e+00 1.821054277584905456e+00 1.821054277584905456e+00 1.821054277584905456e+00 1.821054277584905456e+00
1.689717744766152441e+00 1.689717744766152441e+00 1.689717744766152441e+00 1.689717744766152441e+00 1.689717744766152441e+00 1.689717744766152441e+00 1.689717744766152441e+00 1.689717744766152441e+00 1.689717744766152441e+00 1.689717744766152441e+00 1.689717744766152663e+00
1.557487477825230338e+00 1.557487477825230338e+00 1.557487477825230338e+00 1.557487477825230338e+00 1.557487477825230338e+00 1.557487477825230338e+00 1.557487477825230338e+00 1.557487477825230338e+00 1.557487477825230338e+00 1.557487477825230338e+00 1.557487477825230338e+00
1.424059484670990638e+00 1.424059484670990638e+00 1.424059484670990638e+00 1.424059484670990638e+00 1.424059484670990638e+00 1.424059484670990638e+00 1.424059484670990638e+00 1.424059484670990638e+00 1.424059484670990638e+00 1.424059484670990638e+00 1.424059484670990638e+00
1.289026440120239370e+00 1.289026440120239370e+00 1.289026440120239370e+00 1.289026440120239370e+00 1.289026440120239370e+00 1.289026440120239370e+00 1.289026440120239370e+00 1.289026440120239370e+00 1.289026440120239370e+00 1.289026440120239592e+00 1.289026440120239592e+00
