1.036821429428999908e+00 5.368449547954281531e-01 3.685239477993917240e-02 -4.631452524293209194e-01 -9.631445084051575289e-01 -1.463144273123542005e+00 -1.963144198720901290e+00 -2.463144175192713892e+00 -2.963144167752447711e+00 -3.463144165399628438e+00 -3.963144164655601820e+00
1.036821427746331459e+00 5.368449546062227240e-01 3.685239475443023716e-02 -4.631452524339541577e-01 -9.631445084062792983e-01 -1.463144273123862416e+00 -1.963144198720999212e+00 -2.463144175192744534e+00 -2.963144167752457037e+00 -3.463144165399631547e+00 -3.963144164655602708e+00
1.036821425501121441e+00 5.368449543573979854e-01 3.685239472190624671e-02 -4.631452524396215131e-01 -9.631445084076097896e-01 -1.463144273124236783e+00 -1.963144198721112899e+00 -2.463144175192780061e+00 -2.963144167752468139e+00 -3.463144165399635099e+00 -3.963144164655604040e+00
1.036821422502189449e+00 5.368449540292909994e-01 3.685239468023320669e-02 -4.631452524465894394e-01 -9.631445084091920794e-01 -1.463144273124674877e+00 -1.963144198721245237e+00 -2.463144175192821361e+00 -2.963144167752481462e+00 -3.463144165399639096e+00 -3.963144164655604929e+00
1.036821418492867686e+00 5.368449535956006935e-01 3.685239462658528031e-02 -4.631452524552023831e-01 -9.631445084110804578e-01 -1.463144273125188910e+00 -1.963144198721399336e+00 -2.463144175192869323e+00 -2.963144167752496561e+00 -3.463144165399643981e+00 -3.963144164655606705e+00
1.036821413128478753e+00 5.368449530211195642e-01 3.685239455721458363e-02 -4.631452524659060987e-01 -9.631445084133418710e-01 -1.463144273125791761e+00 -1.963144198721578526e+00 -2.463144175192924834e+00 -2.963144167752513880e+00 -3.463144165399649754e+00 -3.963144164655608481e+00
1.036821405946077190e+00 5.368449522586915545e-01 3.685239446714330680e-02 -4.631452524792817327e-01 -9.631445084160606962e-01 -1.463144273126500305e+00 -1.963144198721787692e+00 -2.463144175192989671e+00 -2.963144167752533864e+00 -3.463144165399655972e+00 -3.963144164655610258e+00
1.036821396323737599e+00 5.368449512451186623e-01 3.685239434974581230e-02 -4.631452524960875672e-01 -9.631445084193430706e-01 -1.463144273127334749e+00 -1.963144198722031275e+00 -2.463144175193064278e+00 -2.963144167752557401e+00 -3.463144165399663077e+00 -3.963144164655612922e+00
1.036821383425833742e+00 5.368449498956631150e-01 3.685239419619464052e-02 -4.631452525173179735e-01 -9.631445084233237752e-01 -1.463144273128320627e+00 -1.963144198722315714e+00 -2.463144175193151764e+00 -2.963144167752584934e+00 -3.463144165399671959e+00 -3.963144164655615587e+00
1.036821366129450306e+00 5.368449480966598353e-01 3.685239399471207378e-02 -4.631452525442800172e-01 -9.631445084281744506e-01 -1.463144273129486805e+00 -1.963144198722647893e+00 -2.463144175193253016e+00 -2.963144167752616465e+00 -3.463144165399681729e+00 -3.963144164655618695e+00
1.036821342925433598e+00 5.368449456955849408e-01 3.685239372956827797e-02 -4.631452525786966534e-01 -9.631445084341144769e-01 -1.463144273130870809e+00 -1.963144198723036027e+00 -2.463144175193371144e+00 -2.963144167752653324e+00 -3.463144165399693719e+00 -3.963144164655622248e+00
