-3.963144164642527834e+00 -4.463144164415481008e+00 -4.963144164344316600e+00 -5.463144164321875884e+00 -5.963144164314785556e+00 -6.463144164312544682e+00 -6.963144164311835915e+00 -7.463144164311611206e+00 -7.963144164311541040e+00 -8.463144164311518836e+00 -8.963144164311511730e+00
-3.963144164644052836e+00 -4.463144164416152471e+00 -4.963144164344547526e+00 -5.463144164321950491e+00 -5.963144164314809537e+00 -6.463144164312551787e+00 -6.963144164311837692e+00 -7.463144164311612094e+00 -7.963144164311541040e+00 -8.463144164311518836e+00 -8.963144164311511730e+00
-3.963144164645461931e+00 -4.463144164416737780e+00 -4.963144164344746478e+00 -5.463144164322015328e+00 -5.963144164314830853e+00 -6.463144164312558893e+00 -6.963144164311840356e+00 -7.463144164311612982e+00 -7.963144164311541040e+00 -8.463144164311518836e+00 -8.963144164311511730e+00
-3.963144164646744017e+00 -4.463144164417244930e+00 -4.963144164344917897e+00 -5.463144164322070395e+00 -5.963144164314847728e+00 -6.463144164312564222e+00 -6.963144164311842133e+00 -7.463144164311613871e+00 -7.963144164311541040e+00 -8.463144164311518836e+00 -8.963144164311511730e+00
-3.963144164647895984e+00 -4.463144164417683690e+00 -4.963144164345063558e+00 -5.463144164322117469e+00 -5.963144164314862827e+00 -6.463144164312568662e+00 -6.963144164311843909e+00 -7.463144164311613871e+00 -7.963144164311541040e+00 -8.463144164311518836e+00 -8.963144164311511730e+00
-3.963144164648920942e+00 -4.463144164418062054e+00 -4.963144164345188791e+00 -5.463144164322157437e+00 -5.963144164314875262e+00 -6.463144164312573103e+00 -6.963144164311844797e+00 -7.463144164311614759e+00 -7.963144164311541928e+00 -8.463144164311518836e+00 -8.963144164311511730e+00
-3.963144164649825996e+00 -4.463144164418388016e+00 -4.963144164345295373e+00 -5.463144164322191187e+00 -5.963144164314885920e+00 -6.463144164312576656e+00 -6.963144164311845685e+00 -7.463144164311614759e+00 -7.963144164311541928e+00 -8.463144164311518836e+00 -8.963144164311511730e+00
-3.963144164650620471e+00 -4.463144164418667792e+00 -4.963144164345386855e+00 -5.463144164322220497e+00 -5.963144164314895690e+00 -6.463144164312579321e+00 -6.963144164311846573e+00 -7.463144164311614759e+00 -7.963144164311541928e+00 -8.463144164311518836e+00 -8.963144164311511730e+00
-3.963144164651314139e+00 -4.463144164418908488e+00 -4.963144164345465015e+00 -5.463144164322245366e+00 -5.963144164314903684e+00 -6.463144164312581985e+00 -6.963144164311847462e+00 -7.463144164311615647e+00 -7.963144164311541928e+00 -8.463144164311518836e+00 -8.963144164311511730e+00
-3.963144164651917212e+00 -4.463144164419114546e+00 -4.963144164345531628e+00 -5.463144164322266683e+00 -5.963144164314909901e+00 -6.463144164312583762e+00 -6.963144164311848350e+00 -7.463144164311615647e+00 -7.963144164311541928e+00 -8.463144164311518836e+00 -8.963144164311511730e+00
-3.963144164652439905e+00 -4.463144164419290405e+00 -4.963144164345589360e+00 -5.463144164322284446e+00 -5.963144164314916118e+00 -6.463144164312585538e+00 -6.963144164311848350e+00 -7.463144164311615647e+00 -7.963144164311541928e+00 -8.463144164311518836e+00 -8.963144164311511730e+00
