1.205365801824160776e+01 1.205365801824160776e+01 1.205365801824160776e+01 1.205365801824160776e+01 1.205365801824160776e+01 1.205365801824160776e+01 1.205365801824160776e+01 1.205365801824160776e+01 1.205365801824160776e+01 1.205365801824160776e+01 1.205365801824160776e+01
1.199902311609733019e+01 1.199902311609733019e+01 1.199902311609733019e+01 1.199902311609733019e+01 1.199902311609733019e+01 1.199902311609733019e+01 1.199902311609733019e+01 1.199902311609733019e+01 1.199902311609733019e+01 1.199902311609733019e+01 1.199902311609733019e+01
1.193921775609268465e+01 1.193921775609268465e+01 1.193921775609268465e+01 1.193921775609268465e+01 1.193921775609268465e+01 1.193921775609268465e+01 1.193921775609268465e+01 1.193921775609268465e+01 1.193921775609268465e+01 1.193921775609268465e+01 1.193921775609268465e+01
1.187404438587839195e+01 1.187404438587839195e+01 1.187404438587839195e+01 1.187404438587839195e+01 1.187404438587839195e+01 1.187404438587839195e+01 1.187404438587839195e+01 1.187404438587839195e+01 1.187404438587839195e+01 1.187404438587839195e+01 1.187404438587839195e+01
1.180336066309458865e+01 1.180336066309458865e+01 1.180336066309458865e+01 1.180336066309458865e+01 1.180336066309458865e+01 1.180336066309458865e+01 1.180336066309458865e+01 1.180336066309458865e+01 1.180336066309458865e+01 1.180336066309458865e+01 1.180336066309458865e+01
1.172709135279838577e+01 1.172709135279838577e+01 1.172709135279838577e+01 1.172709135279838577e+01 1.172709135279838577e+01 1.172709135279838577e+01 1.172709135279838577e+01 1.172709135279838577e+01 1.172709135279838577e+01 1.172709135279838577e+01 1.172709135279838577e+01
1.164523872291734818e+01 1.164523872291734818e+01 1.164523872291734818e+01 1.164523872291734818e+01 1.164523872291734818e+01 1.164523872291734818e+01 1.164523872291734818e+01 1.164523872291734818e+01 1.164523872291734818e+01 1.164523872291734818e+01 1.164523872291734818e+01
1.155789012409813488e+01 1.155789012409813488e+01 1.155789012409813488e+01 1.155789012409813488e+01 1.155789012409813488e+01 1.155789012409813488e+01 1.155789012409813488e+01 1.155789012409813488e+01 1.155789012409813488e+01 1.155789012409813488e+01 1.155789012409813488e+01
1.146522140046663196e+01 1.146522140046663196e+01 1.146522140046663196e+01 1.146522140046663196e+01 1.146522140046663196e+01 1.146522140046663196e+01 1.146522140046663196e+01 1.146522140046663196e+01 1.146522140046663196e+01 1.146522140046663196e+01 1.146522140046663196e+01
1.136749497435937784e+01 1.136749497435937784e+01 1.136749497435937784e+01 1.136749497435937784e+01 1.136749497435937784e+01 1.136749497435937784e+01 1.136749497435937784e+01 1.136749497435937784e+01 1.136749497435937784e+01 1.136749497435937784e+01 1.136749497435937784e+01
1.126505193449380826e+01 1.126505193449380826e+01 1.126505193449380826e+01 1.126505193449380826e+01 1.126505193449380826e+01 1.126505193449380826e+01 1.126505193449380826e+01 1.126505193449380826e+01 1.126505193449380826e+01 1.126505193449380826e+01 1.126505193449380826e+01
