6.060011891849207188e+00 6.060011891849207188e+00 6.060011891849207188e+00 6.060011891849207188e+00 6.060011891849208077e+00 6.060011891849208077e+00 6.060011891849210741e+00 6.060011891849217847e+00 6.060011891849240051e+00 6.060011891849311105e+00 6.060011891849535814e+00
5.957492467906153166e+00 5.957492467906153166e+00 5.957492467906153166e+00 5.957492467906153166e+00 5.957492467906154054e+00 5.957492467906154054e+00 5.957492467906156719e+00 5.957492467906163824e+00 5.957492467906186029e+00 5.957492467906257971e+00 5.957492467906483569e+00
5.850406049214123883e+00 5.850406049214123883e+00 5.850406049214123883e+00 5.850406049214123883e+00 5.850406049214123883e+00 5.850406049214124771e+00 5.850406049214127435e+00 5.850406049214134541e+00 5.850406049214156745e+00 5.850406049214228688e+00 5.850406049214455173e+00
5.739301335691900263e+00 5.739301335691900263e+00 5.739301335691900263e+00 5.739301335691900263e+00 5.739301335691901151e+00 5.739301335691901151e+00 5.739301335691903816e+00 5.739301335691910921e+00 5.739301335691933126e+00 5.739301335692005068e+00 5.739301335692232442e+00
5.624735551850211124e+00 5.624735551850211124e+00 5.624735551850211124e+00 5.624735551850211124e+00 5.624735551850211124e+00 5.624735551850212012e+00 5.624735551850213788e+00 5.624735551850220894e+00 5.624735551850243986e+00 5.624735551850315929e+00 5.624735551850542414e+00
5.507249420563406161e+00 5.507249420563406161e+00 5.507249420563406161e+00 5.507249420563406161e+00 5.507249420563407050e+00 5.507249420563407050e+00 5.507249420563409714e+00 5.507249420563416820e+00 5.507249420563439912e+00 5.507249420563510967e+00 5.507249420563738340e+00
5.387346653155351106e+00 5.387346653155351106e+00 5.387346653155351106e+00 5.387346653155351106e+00 5.387346653155351106e+00 5.387346653155351994e+00 5.387346653155354659e+00 5.387346653155361764e+00 5.387346653155383969e+00 5.387346653155455911e+00 5.387346653155682397e+00
5.265479559914811425e+00 5.265479559914811425e+00 5.265479559914811425e+00 5.265479559914811425e+00 5.265479559914811425e+00 5.265479559914812313e+00 5.265479559914814978e+00 5.265479559914822083e+00 5.265479559914844288e+00 5.265479559914916230e+00 5.265479559915142715e+00
5.142041215240479524e+00 5.142041215240479524e+00 5.142041215240479524e+00 5.142041215240480412e+00 5.142041215240480412e+00 5.142041215240481300e+00 5.142041215240483076e+00 5.142041215240490182e+00 5.142041215240513274e+00 5.142041215240584329e+00 5.142041215240810814e+00
5.017363526776622784e+00 5.017363526776622784e+00 5.017363526776622784e+00 5.017363526776622784e+00 5.017363526776622784e+00 5.017363526776623672e+00 5.017363526776625449e+00 5.017363526776633442e+00 5.017363526776655647e+00 5.017363526776726701e+00 5.017363526776953186e+00
4.891719868458748621e+00 4.891719868458748621e+00 4.891719868458748621e+00 4.891719868458748621e+00 4.891719868458749509e+00 4.891719868458749509e+00 4.891719868458752174e+00 4.891719868458759279e+00 4.891719868458781484e+00 4.891719868458853426e+00 4.891719868459079024e+00
