8.437511503619703035e+00 8.437511503619703035e+00 8.437511503619703035e+00 8.437511503619703035e+00 8.437511503619703035e+00 8.437511503619703035e+00 8.437511503619703035e+00 8.437511503619703035e+00 8.437511503619701259e+00 8.437511503619697706e+00 8.437511503619688824e+00
8.416108512678638576e+00 8.416108512678638576e+00 8.416108512678638576e+00 8.416108512678638576e+00 8.416108512678640352e+00 8.416108512678640352e+00 8.416108512678640352e+00 8.416108512678640352e+00 8.416108512678642128e+00 8.416108512678645681e+00 8.416108512678659892e+00
8.391440987374084060e+00 8.391440987374084060e+00 8.391440987374084060e+00 8.391440987374084060e+00 8.391440987374084060e+00 8.391440987374084060e+00 8.391440987374084060e+00 8.391440987374085836e+00 8.391440987374089389e+00 8.391440987374098270e+00 8.391440987374132021e+00
8.363181864555228273e+00 8.363181864555228273e+00 8.363181864555228273e+00 8.363181864555228273e+00 8.363181864555228273e+00 8.363181864555228273e+00 8.363181864555228273e+00 8.363181864555230050e+00 8.363181864555235379e+00 8.363181864555249589e+00 8.363181864555297551e+00
8.331000652243004012e+00 8.331000652243004012e+00 8.331000652243004012e+00 8.331000652243004012e+00 8.331000652243004012e+00 8.331000652243004012e+00 8.331000652243004012e+00 8.331000652243005788e+00 8.331000652243012894e+00 8.331000652243030657e+00 8.331000652243091054e+00
8.294568631935691272e+00 8.294568631935691272e+00 8.294568631935691272e+00 8.294568631935691272e+00 8.294568631935691272e+00 8.294568631935691272e+00 8.294568631935693048e+00 8.294568631935694825e+00 8.294568631935701930e+00 8.294568631935723246e+00 8.294568631935790748e+00
8.253565106774221505e+00 8.253565106774221505e+00 8.253565106774221505e+00 8.253565106774221505e+00 8.253565106774221505e+00 8.253565106774221505e+00 8.253565106774223281e+00 8.253565106774225058e+00 8.253565106774232163e+00 8.253565106774255256e+00 8.253565106774328086e+00
8.207684850497098950e+00 8.207684850497098950e+00 8.207684850497098950e+00 8.207684850497098950e+00 8.207684850497098950e+00 8.207684850497100726e+00 8.207684850497100726e+00 8.207684850497102502e+00 8.207684850497111384e+00 8.207684850497134477e+00 8.207684850497209084e+00
8.156646849567628976e+00 8.156646849567628976e+00 8.156646849567628976e+00 8.156646849567628976e+00 8.156646849567628976e+00 8.156646849567628976e+00 8.156646849567630753e+00 8.156646849567632529e+00 8.156646849567641411e+00 8.156646849567664503e+00 8.156646849567740887e+00
8.100204308387064955e+00 8.100204308387064955e+00 8.100204308387064955e+00 8.100204308387064955e+00 8.100204308387064955e+00 8.100204308387064955e+00 8.100204308387066732e+00 8.100204308387068508e+00 8.100204308387075613e+00 8.100204308387100482e+00 8.100204308387175089e+00
8.038155700256245595e+00 8.038155700256245595e+00 8.038155700256245595e+00 8.038155700256245595e+00 8.038155700256245595e+00 8.038155700256245595e+00 8.038155700256245595e+00 8.038155700256249148e+00 8.038155700256256253e+00 8.038155700256279346e+00 8.038155700256353953e+00
