6.989316122377243090e+00 6.991035432407785244e+00 6.996416715260979302e+00 7.012864600430494200e+00 7.058980648785671441e+00 7.154039158954175193e+00 7.256169525129645415e+00 7.298017667730847258e+00 7.238576179424521584e+00 7.051243410120897614e+00 6.734590867308678064e+00
7.115865988881707516e+00 7.117614446074972179e+00 7.123081761253293287e+00 7.139729984115787964e+00 7.185590826256574637e+00 7.274170719442106581e+00 7.358528862581544594e+00 7.377135438284272873e+00 7.291657324778324067e+00 7.079659367668114101e+00 6.745655568219980580e+00
7.238796696675359854e+00 7.240581510313477409e+00 7.246155232651043221e+00 7.263039925860061530e+00 7.308456360404981034e+00 7.389423118061671403e+00 7.455270180091322807e+00 7.449957402731462786e+00 7.338389252579189836e+00 7.103271014622837498e+00 6.754327429822008177e+00
7.357467818639590540e+00 7.359296990948267947e+00 7.364998997373380263e+00 7.382149525499035470e+00 7.426825249834217324e+00 7.498949090161296738e+00 7.545497635728843910e+00 7.515721222237970345e+00 7.378591521311257395e+00 7.122458498740640742e+00 6.761015550994188494e+00
7.471247716790030857e+00 7.473129669769547512e+00 7.478981712534266357e+00 7.496410787738695625e+00 7.539901954001150486e+00 7.601855086542300910e+00 7.628298204352588208e+00 7.573830312451225844e+00 7.412350834740580652e+00 7.137726674855545461e+00 6.766103276085777551e+00
7.579548255940593116e+00 7.581491211148390974e+00 7.587512307128799982e+00 7.605201294172907467e+00 7.646872709093132769e+00 7.697240446115200641e+00 7.702847052798336591e+00 7.623966436184283602e+00 7.440027597767526757e+00 7.149648623829500060e+00 6.769929841490716527e+00
7.681857168500506816e+00 7.683868215672139179e+00 7.690070769463653200e+00 7.707949113573865141e+00 7.746934642832106199e+00 7.784258827530619484e+00 7.768530823543781771e+00 7.666164243166562642e+00 7.462209608203718147e+00 7.158807231477998023e+00 6.772781755358060707e+00
7.777763911946913744e+00 7.779847696298522131e+00 7.786232042896775063e+00 7.804150202429822158e+00 7.839329696943093673e+00 7.862201486310483212e+00 7.825061139340463434e+00 7.700820530700181799e+00 7.479629166258222384e+00 7.165748382371248226e+00 6.774892146121635150e+00
7.866976313146476052e+00 7.869133270444440775e+00 7.875680327591376262e+00 7.893376833711602814e+00 7.923386313229248579e+00 7.930593160761948646e+00 7.872544155452608550e+00 7.728634229192734573e+00 7.493070667513490157e+00 7.170951907781979884e+00 6.776445266393183786e+00
7.949327139364541495e+00 7.951551220391355201e+00 7.958213034152022303e+00 7.975278813289933488e+00 7.998571942558644565e+00 7.989280210180041308e+00 7.911480648882119660e+00 7.750499062143021867e+00 7.503292475450960453e+00 7.174819530595922146e+00 6.777583521461819416e+00
8.024771414098591293e+00 8.027047276860352909e+00 8.033735506629144041e+00 8.049582647167206062e+00 8.064555387696536570e+00 8.038483422585171567e+00 7.942694517855376724e+00 7.767384014499496558e+00 7.510975151702526276e+00 7.177675317218790596e+00 6.778415126862249451e+00
