1.139315831045703753e+01 1.139315831045703575e+01 1.139315831045703575e+01 1.139315831045703575e+01 1.139315831045703398e+01 1.139315831045702687e+01 1.139315831045700378e+01 1.139315831045693272e+01 1.139315831045670890e+01 1.139315831045600014e+01 1.139315831045376015e+01
1.139149203866421622e+01 1.139149203866421622e+01 1.139149203866421622e+01 1.139149203866421622e+01 1.139149203866421445e+01 1.139149203866420912e+01 1.139149203866419313e+01 1.139149203866413984e+01 1.139149203866397286e+01 1.139149203866344529e+01 1.139149203866177906e+01
1.138952933623135877e+01 1.138952933623135877e+01 1.138952933623135877e+01 1.138952933623135877e+01 1.138952933623135699e+01 1.138952933623135344e+01 1.138952933623134278e+01 1.138952933623130548e+01 1.138952933623118824e+01 1.138952933623081520e+01 1.138952933622964103e+01
1.138722656245822407e+01 1.138722656245822407e+01 1.138722656245822407e+01 1.138722656245822407e+01 1.138722656245822229e+01 1.138722656245822051e+01 1.138722656245821341e+01 1.138722656245818854e+01 1.138722656245811216e+01 1.138722656245787057e+01 1.138722656245710496e+01
1.138453470729053940e+01 1.138453470729053940e+01 1.138453470729053940e+01 1.138453470729053940e+01 1.138453470729053940e+01 1.138453470729053763e+01 1.138453470729053407e+01 1.138453470729051986e+01 1.138453470729047723e+01 1.138453470729034045e+01 1.138453470728990879e+01
1.138139872931802010e+01 1.138139872931802010e+01 1.138139872931802010e+01 1.138139872931802010e+01 1.138139872931802010e+01 1.138139872931801833e+01 1.138139872931801655e+01 1.138139872931801122e+01 1.138139872931799523e+01 1.138139872931794194e+01 1.138139872931777496e+01
1.137775681379865667e+01 1.137775681379865667e+01 1.137775681379865667e+01 1.137775681379865667e+01 1.137775681379865667e+01 1.137775681379865667e+01 1.137775681379865667e+01 1.137775681379865667e+01 1.137775681379866022e+01 1.137775681379867265e+01 1.137775681379870640e+01
1.137353955422278062e+01 1.137353955422278062e+01 1.137353955422278062e+01 1.137353955422278062e+01 1.137353955422278062e+01 1.137353955422278062e+01 1.137353955422278240e+01 1.137353955422278773e+01 1.137353955422280727e+01 1.137353955422286411e+01 1.137353955422304708e+01
1.136866906382579323e+01 1.136866906382579323e+01 1.136866906382579323e+01 1.136866906382579323e+01 1.136866906382579323e+01 1.136866906382579501e+01 1.136866906382579678e+01 1.136866906382580567e+01 1.136866906382583409e+01 1.136866906382592468e+01 1.136866906382621067e+01
1.136305802583057911e+01 1.136305802583057911e+01 1.136305802583057911e+01 1.136305802583057911e+01 1.136305802583057911e+01 1.136305802583057911e+01 1.136305802583058266e+01 1.136305802583059510e+01 1.136305802583063063e+01 1.136305802583074076e+01 1.136305802583109248e+01
1.135660869389438865e+01 1.135660869389438865e+01 1.135660869389438865e+01 1.135660869389438865e+01 1.135660869389438865e+01 1.135660869389439043e+01 1.135660869389439398e+01 1.135660869389440641e+01 1.135660869389444549e+01 1.135660869389456806e+01 1.135660869389495709e+01
