-1.048853095270979097e+01 -1.048853095078179187e+01 -1.048853094468492309e+01 -1.048853092540493037e+01 -1.048853086443624427e+01 -1.048853067163638464e+01 -1.048853006195026438e+01 -1.048852813395910033e+01 -1.048852203717203579e+01 -1.048850275800175957e+01 -1.048844179754407513e+01
-1.033519933665517776e+01 -1.033519933509986011e+01 -1.033519933018151171e+01 -1.033519931462833163e+01 -1.033519926544485834e+01 -1.033519910991310198e+01 -1.033519861807886642e+01 -1.033519706276611672e+01 -1.033519214447201051e+01 -1.033517659182698267e+01 -1.033512741371016830e+01
-1.019035813471681529e+01 -1.019035813341107577e+01 -1.019035812928196272e+01 -1.019035811622456222e+01 -1.019035807493343881e+01 -1.019035794435946762e+01 -1.019035753144857637e+01 -1.019035622571226973e+01 -1.019035209663735664e+01 -1.019033903961435072e+01 -1.019029775226547940e+01
-1.005200775400047064e+01 -1.005200775286626858e+01 -1.005200774927961049e+01 -1.005200773793760050e+01 -1.005200770207101435e+01 -1.005200758865093214e+01 -1.005200722998533713e+01 -1.005200609578708715e+01 -1.005200250915678950e+01 -1.005199116743085774e+01 -1.005195530369347168e+01
-9.918576681615952850e+00 -9.918576680601791651e+00 -9.918576677394732144e+00 -9.918576667253121926e+00 -9.918576635182537515e+00 -9.918576533766456649e+00 -9.918576213060809721e+00 -9.918575198902063406e+00 -9.918571991866102167e+00 -9.918561850483781583e+00 -9.918529782175449228e+00
-9.788826882199785473e+00 -9.788826881270447089e+00 -9.788826878331617465e+00 -9.788826869038222966e+00 -9.788826839649928502e+00 -9.788826746715997729e+00 -9.788826452833232494e+00 -9.788825523495640724e+00 -9.788822584685220818e+00 -9.788813291481556433e+00 -9.788783905099872840e+00
-9.661778282259028572e+00 -9.661778281389654666e+00 -9.661778278640456463e+00 -9.661778269946728059e+00 -9.661778242454746035e+00 -9.661778155517474431e+00 -9.661777880597799850e+00 -9.661777011226597267e+00 -9.661774262044920292e+00 -9.661765568483650313e+00 -9.661738078174279210e+00
-9.536649982147830329e+00 -9.536649981320396208e+00 -9.536649978703822583e+00 -9.536649970429490253e+00 -9.536649944263757561e+00 -9.536649861520452021e+00 -9.536649599863249449e+00 -9.536648772431558285e+00 -9.536646155873185648e+00 -9.536637881692842100e+00 -9.536611717474587024e+00
-9.412815344666588757e+00 -9.412815343867716678e+00 -9.412815341341458364e+00 -9.412815333352728686e+00 -9.412815308090152655e+00 -9.412815228202877194e+00 -9.412814975577232346e+00 -9.412814176705763813e+00 -9.412811650462039381e+00 -9.412803661874649563e+00 -9.412778400710237747e+00
-9.289768182397670770e+00 -9.289768181617242604e+00 -9.289768179149316296e+00 -9.289768171345048842e+00 -9.289768146665789317e+00 -9.289768068623125430e+00 -9.289767821830647421e+00 -9.289767041405228909e+00 -9.289764573492591992e+00 -9.289756769359884814e+00 -9.289732091448252405e+00
-9.167097590346632074e+00 -9.167097589576902905e+00 -9.167097587142807313e+00 -9.167097579445519173e+00 -9.167097555104561479e+00 -9.167097478131703170e+00 -9.167097234722241694e+00 -9.167096464994836325e+00 -9.167094030912034341e+00 -9.167086333756149230e+00 -9.167061994109802825e+00
