7.936306757610758211e+00 7.682427972260524207e+00 7.366635729671034305e+00 6.989598171272550786e+00 6.560381558098486998e+00 6.094695932522713910e+00 5.608760550222131158e+00 5.113825007839295722e+00 4.615515166368749256e+00 4.116060114645641477e+00 3.616233559855924096e+00
7.936306267573900008e+00 7.682427743004208942e+00 7.366635632631433062e+00 6.989598134759708259e+00 6.560381545825517691e+00 6.094695928690513576e+00 5.608760549048236399e+00 5.113825007475784723e+00 4.615515166254830604e+00 4.116060114609732423e+00 3.616233559844580725e+00
7.936305614691649524e+00 7.682427439528956903e+00 7.366635505571213827e+00 6.989598087794013814e+00 6.560381530443534004e+00 6.094695924030279599e+00 5.608760547655633033e+00 5.113825007050493809e+00 4.615515166122319712e+00 4.116060114568048434e+00 3.616233559831421918e+00
7.936304743784225124e+00 7.682427037011538395e+00 7.366635338686966072e+00 6.989598027112100098e+00 6.560381511059727444e+00 6.094695918335267137e+00 5.608760545998617175e+00 5.113825006552270125e+00 4.615515165968108846e+00 4.116060114519651592e+00 3.616233559816155907e+00
7.936303580798261592e+00 7.682426502191052720e+00 7.366635118882050470e+00 6.989597948379652870e+00 6.560381486502021353e+00 6.094695911340012984e+00 5.608760544020473304e+00 5.113825005967738591e+00 4.615515165788546703e+00 4.116060114463452102e+00 3.616233559798444297e+00
7.936302026322922032e+00 7.682425790478650818e+00 7.366634828644825106e+00 6.989597845830761713e+00 6.560381455227332737e+00 6.094695902702098600e+00 5.608760541650428699e+00 5.113825005280790315e+00 4.615515165579335388e+00 4.116060114398178094e+00 3.616233559777894069e+00
7.936299946874149747e+00 7.682424842073626969e+00 7.366634444542230042e+00 6.989597711784275802e+00 6.560381415198918376e+00 6.094695891977938373e+00 5.608760538799686834e+00 5.113825004471941327e+00 4.615515165335405179e+00 4.116060114322345420e+00 3.616233559754048255e+00
7.936297163178402947e+00 7.682423576743860671e+00 7.366633935196465366e+00 6.989597535994973576e+00 6.560381363722269654e+00 6.094695878590591143e+00 5.608760535356230648e+00 5.113825003517518120e+00 4.615515165050759983e+00 4.116060114234221246e+00 3.616233559726376612e+00
7.936293434422124982e+00 7.682421886810532285e+00 7.366633258566882780e+00 6.989597304782828147e+00 6.560381297225389652e+00 6.094695861786901148e+00 5.608760531177995112e+00 5.113825002388615815e+00 4.615515164718289931e+00 4.116060114131782299e+00 3.616233559694261412e+00
7.936288437077710256e+00 7.682419627718796384e+00 7.366632358298009109e+00 6.989596999864136073e+00 6.560381210964426835e+00 6.094695840580361512e+00 5.608760526083877984e+00 5.113825001049762342e+00 4.615515164329542230e+00 4.116060114012657145e+00 3.616233559656984120e+00
7.936281736438612455e+00 7.682416605363145301e+00 7.366631158812313451e+00 6.989596596782075011e+00 6.560381098629114227e+00 6.094695813674845475e+00 5.608760519841863079e+00 5.113824999457195375e+00 4.615515163874429838e+00 4.116060113874068449e+00 3.616233559613709847e+00
