-1.957464955343175106e+00 -2.457464952094136290e+00 -2.957464951378447005e+00 -3.457464951183300883e+00 -3.957464951124707753e+00 -4.457464951106491213e+00 -4.957464951100761574e+00 -5.457464951098952355e+00 -5.957464951098381256e+00 -6.457464951098200068e+00 -6.957464951098143224e+00
-1.957464955068375367e+00 -2.457464952091806154e+00 -2.957464951386167495e+00 -3.457464951186588031e+00 -3.957464951125831742e+00 -4.457464951106854478e+00 -4.957464951100877038e+00 -5.457464951098989658e+00 -5.957464951098392802e+00 -6.457464951098203620e+00 -6.957464951098144113e+00
-1.957464954870106189e+00 -2.457464952094223332e+00 -2.957464951393443453e+00 -3.457464951189539892e+00 -3.957464951126830499e+00 -4.457464951107176887e+00 -4.957464951100980066e+00 -5.457464951099021633e+00 -5.957464951098402572e+00 -6.457464951098207173e+00 -6.957464951098145001e+00
-1.957464954730760986e+00 -2.457464952099848610e+00 -2.957464951400190944e+00 -3.457464951192170677e+00 -3.957464951127712016e+00 -4.457464951107461104e+00 -4.957464951101069772e+00 -5.457464951099050054e+00 -5.957464951098411454e+00 -6.457464951098209838e+00 -6.957464951098145889e+00
-1.957464954635883103e+00 -2.457464952107475842e+00 -2.957464951406366005e+00 -3.457464951194499925e+00 -3.957464951128486064e+00 -4.457464951107709794e+00 -4.957464951101148820e+00 -5.457464951099075812e+00 -5.957464951098419448e+00 -6.457464951098212502e+00 -6.957464951098146777e+00
-1.957464954573918448e+00 -2.457464952116192869e+00 -2.957464951411953535e+00 -3.457464951196549841e+00 -3.957464951129162856e+00 -4.457464951107926510e+00 -4.957464951101218098e+00 -5.457464951099097128e+00 -5.957464951098426553e+00 -6.457464951098214279e+00 -6.957464951098147665e+00
-1.957464954535841128e+00 -2.457464952125334001e+00 -2.957464951416962862e+00 -3.457464951198345737e+00 -3.957464951129751718e+00 -4.457464951108114803e+00 -4.957464951101277606e+00 -5.457464951099115780e+00 -5.957464951098432770e+00 -6.457464951098216943e+00 -6.957464951098148553e+00
-1.957464954514736677e+00 -2.457464952134433389e+00 -2.957464951421417521e+00 -3.457464951199912040e+00 -3.957464951130263309e+00 -4.457464951108277340e+00 -4.957464951101329120e+00 -5.457464951099132655e+00 -5.957464951098438100e+00 -6.457464951098218719e+00 -6.957464951098148553e+00
-1.957464954505403476e+00 -2.457464952143179726e+00 -2.957464951425353039e+00 -3.457464951201273617e+00 -3.957464951130705177e+00 -4.457464951108418560e+00 -4.957464951101374417e+00 -5.457464951099146866e+00 -5.957464951098442540e+00 -6.457464951098219608e+00 -6.957464951098149442e+00
-1.957464954503992605e+00 -2.457464952151378945e+00 -2.957464951428810274e+00 -3.457464951202453562e+00 -3.957464951131087094e+00 -4.457464951108540241e+00 -4.957464951101412609e+00 -5.457464951099158412e+00 -5.957464951098446093e+00 -6.457464951098220496e+00 -6.957464951098149442e+00
-1.957464954507703858e+00 -2.457464952158923133e+00 -2.957464951431833189e+00 -3.457464951203473191e+00 -3.957464951131415720e+00 -4.457464951108645046e+00 -4.957464951101445472e+00 -5.457464951099169070e+00 -5.957464951098449646e+00 -6.457464951098222272e+00 -6.957464951098150330e+00
