-5.422226725653045065e+01 -5.372399802374703626e+01 -5.322454677898682007e+01 -5.272472045503225502e+01 -5.222477539067754293e+01 -5.172479276430021145e+01 -5.122479825846674828e+01 -5.072479999588922084e+01 -5.022480054531189353e+01 -4.972480071905474119e+01 -4.922480077399706744e+01
-5.360114286138522033e+01 -5.342091837274372068e+01 -5.310409680224332618e+01 -5.268288809500074876e+01 -5.221110446359925561e+01 -5.172042275964022195e+01 -5.122341156427280140e+01 -5.072436100404503634e+01 -5.022466167574565787e+01 -4.972475679982350982e+01 -4.922478688503474586e+01
-5.138757506090345117e+01 -5.138621114404553225e+01 -5.138192603575624418e+01 -5.136864705922078400e+01 -5.132914312461468853e+01 -5.122364995784264607e+01 -5.099783359809437400e+01 -5.063948636504139245e+01 -5.019596833051830487e+01 -4.971547456432843859e+01 -4.922182987561440370e+01
-4.940420276301935587e+01 -4.940418856948218718e+01 -4.940414368862921890e+01 -4.940400179342664444e+01 -4.940355338626128656e+01 -4.940213843756577461e+01 -4.939769407649099975e+01 -4.938393181679314381e+01 -4.934307736007831835e+01 -4.923454115720770119e+01 -4.900427591829944163e+01
-4.771548996100946738e+01 -4.771548967034978972e+01 -4.771548875120446098e+01 -4.771548584462452425e+01 -4.771547665333974209e+01 -4.771544758922532026e+01 -4.771535569322409032e+01 -4.771506522045680043e+01 -4.771414794140886073e+01 -4.771125993527304132e+01 -4.770225163255705070e+01
-4.627810320574585745e+01 -4.627810319512894921e+01 -4.627810316155532888e+01 -4.627810305538623936e+01 -4.627810271965027766e+01 -4.627810165796164199e+01 -4.627809830062448526e+01 -4.627808768396297978e+01 -4.627805411283939208e+01 -4.627794796870048799e+01 -4.627761248208904021e+01
-4.505464278422319779e+01 -4.505464278358854102e+01 -4.505464278158158464e+01 -4.505464277523503114e+01 -4.505464275516547445e+01 -4.505464269169996072e+01 -4.505464249100445784e+01 -4.505464185635014474e+01 -4.505463984940310240e+01 -4.505463350294032665e+01 -4.505461343427320742e+01
-4.401326955684198339e+01 -4.401326955678428021e+01 -4.401326955660182705e+01 -4.401326955602483793e+01 -4.401326955420024944e+01 -4.401326954843038664e+01 -4.401326953018447341e+01 -4.401326947248585242e+01 -4.401326929002684096e+01 -4.401326871304129185e+01 -4.401326688845782797e+01
-4.312687974657423950e+01 -4.312687974656675038e+01 -4.312687974654304668e+01 -4.312687974646809153e+01 -4.312687974623107579e+01 -4.312687974548155978e+01 -4.312687974311137395e+01 -4.312687973561619259e+01 -4.312687971191434855e+01 -4.312687963696254911e+01 -4.312687939994424369e+01
-4.237238932338347297e+01 -4.237238932338215847e+01 -4.237238932337798047e+01 -4.237238932336479280e+01 -4.237238932332306973e+01 -4.237238932319115037e+01 -4.237238932277396231e+01 -4.237238932145471892e+01 -4.237238931728288804e+01 -4.237238930409041160e+01 -4.237238926237213832e+01
-4.173010405931056255e+01 -4.173010405931026412e+01 -4.173010405930931199e+01 -4.173010405930630640e+01 -4.173010405929679223e+01 -4.173010405926672206e+01 -4.173010405917162302e+01 -4.173010405887088581e+01 -4.173010405791988120e+01 -4.173010405491253039e+01 -4.173010404540246299e+01
