5.595898664393632593e+00 5.595905387572972067e+00 5.595926647447683422e+00 5.595993870224157618e+00 5.596206378829451822e+00 5.596877706038943856e+00 5.598993813706854894e+00 5.605618149047161047e+00 5.625915520472414499e+00 5.684240846096189514e+00 5.825100273257625361e+00
5.420969659643670724e+00 5.420974557049768272e+00 5.420990043644144052e+00 5.421039012920667588e+00 5.421193831030636900e+00 5.421683045799244205e+00 5.423226457688046231e+00 5.428071249851534219e+00 5.443042120572571640e+00 5.487154239287429291e+00 5.600891219402145182e+00
5.231387395891077929e+00 5.231390788492634947e+00 5.231401516666308815e+00 5.231435440385949320e+00 5.231542699167000876e+00 5.231881706921889474e+00 5.232952003956673259e+00 5.236319287997975636e+00 5.246797855019416978e+00 5.278330977889091891e+00 5.364460121995273667e+00
5.022933135853844711e+00 5.022935353698665395e+00 5.022942367065247993e+00 5.022964544532273479e+00 5.023034668387333035e+00 5.023256344982556243e+00 5.023956603813016564e+00 5.026163604983749700e+00 5.033069555354134472e+00 5.054203683866400176e+00 5.114749398767923338e+00
4.790350643566568145e+00 4.790352000168020652e+00 4.790356290090597824e+00 4.790369855738025429e+00 4.790412751293045446e+00 4.790548371067405498e+00 4.790976959856541484e+00 4.792329497496188750e+00 4.796579019533142585e+00 4.809747963003222715e+00 4.848888526472808103e+00
4.527034451535921988e+00 4.527035221027115419e+00 4.527037654362953134e+00 4.527045349156781029e+00 4.527069681334130458e+00 4.527146617463523093e+00 4.527389821191938779e+00 4.528158003418063515e+00 4.530578293527129041e+00 4.538143997026914178e+00 4.561226374138877659e+00
4.224286821483486776e+00 4.224287223036127692e+00 4.224288492854628707e+00 4.224292508348871600e+00 4.224305206212267016e+00 4.224345357938744883e+00 4.224472304419438551e+00 4.224873500350125433e+00 4.226139758074862307e+00 4.230119842749659576e+00 4.242469710746935796e+00
3.869144449528172824e+00 3.869144641900261306e+00 3.869145250233657407e+00 3.869147173947158791e+00 3.869153257207309959e+00 3.869172493604216445e+00 3.869233318825345602e+00 3.869425609012727918e+00 3.870033124106585287e+00 3.871948676828711466e+00 3.877951023447169465e+00
3.436948441927184739e+00 3.436948528280549642e+00 3.436948801353752359e+00 3.436949664885911471e+00 3.436952395603067867e+00 3.436961030775929515e+00 3.436988336460252036e+00 3.437074673318550655e+00 3.437347581523732654e+00 3.438209465782906982e+00 3.440923769237242968e+00
2.871625157010047502e+00 2.871625196668121660e+00 2.871625322077938858e+00 2.871625718658364690e+00 2.871626972753401841e+00 2.871630938526289256e+00 2.871643479162973467e+00 2.871683133755176254e+00 2.871808508761980683e+00 2.872204741293792551e+00 2.873455364087584396e+00
1.996888770785183009e+00 1.996888797469363430e+00 1.996888881852140418e+00 1.996889148693802518e+00 1.996889992520151313e+00 1.996892660922573004e+00 1.996901099044041672e+00 1.996927781648137668e+00 1.997012148663764197e+00 1.997278832781993252e+00 1.998121085852384349e+00
