5.243384747754031849e+00 5.420823206638329950e+00 5.486852895871472846e+00 5.419722930517667514e+00 5.196614168801911404e+00 4.825848717658712594e+00 4.363173702162418621e+00 3.869420714920803306e+00 3.370142603893180322e+00 2.870216429485241694e+00 2.370223830758352079e+00
5.243726316074343252e+00 5.421114553670739689e+00 5.487087962970486288e+00 5.419889395262680765e+00 5.196706024201191099e+00 4.825881782213526705e+00 4.363180355930090570e+00 3.869421534680921759e+00 3.370142683953213592e+00 2.870216435877789074e+00 2.370223830875958004e+00
5.244642685546510918e+00 5.421896169207498062e+00 5.487718544882999261e+00 5.420335877605705122e+00 5.196952323661701456e+00 4.825970400902814816e+00 4.363198180136055981e+00 3.869423730003935802e+00 3.370142898326122793e+00 2.870216452989900358e+00 2.370223831188878361e+00
5.246722271954686434e+00 5.423669846447999099e+00 5.489149231093242598e+00 5.421348496152547547e+00 5.197510551155316350e+00 4.826171035435947054e+00 4.363238485840333247e+00 3.869428690708714313e+00 3.370143382585410574e+00 2.870216491618987842e+00 2.370223831885040600e+00
5.250817431804235547e+00 5.427162188209845972e+00 5.491965176126133663e+00 5.423340051515027405e+00 5.198606905191238248e+00 4.826564205654423567e+00 4.363317274146147895e+00 3.869438373456688396e+00 3.370144327192723832e+00 2.870216566863028174e+00 2.370223833199734287e+00
5.257972985405818811e+00 5.433263085542854753e+00 5.496881081898720822e+00 5.426811906578088873e+00 5.200513285716151124e+00 4.827245095567909594e+00 4.363453102928541938e+00 3.869455021693151142e+00 3.370145949405893848e+00 2.870216695746048874e+00 2.370223835321005001e+00
5.269285323522364450e+00 5.442904552575636323e+00 5.504641041948155511e+00 5.432279644753336356e+00 5.203502933014484633e+00 4.828305765958370799e+00 4.363663127468084824e+00 3.869480652179847713e+00 3.370148442024567093e+00 2.870216892920784524e+00 2.370223838231015900e+00
5.285741189436042653e+00 5.456921838729813068e+00 5.515903330654883696e+00 5.440187107269595757e+00 5.207798875076216305e+00 4.829814510665795702e+00 4.363958561569002192e+00 3.869516473435533843e+00 3.370151915609036930e+00 2.870217165849060947e+00 2.370223841536745812e+00
5.308087767825568903e+00 5.475941086071594022e+00 5.531146635126412470e+00 5.450835921129190353e+00 5.213531582582263901e+00 4.831799227779799644e+00 4.364341195866941803e+00 3.869562457828613855e+00 3.370156356662602271e+00 2.870217511390890763e+00 2.370223844377600919e+00
5.336762998963174631e+00 5.500318495449045386e+00 5.550618798550658539e+00 5.464346907139338683e+00 5.220716497199692441e+00 4.834239661522581777e+00 4.364802179822314443e+00 3.869617230621118065e+00 3.370161618317383923e+00 2.870217915238249873e+00 2.370223845481374436e+00
5.371887390249475480e+00 5.530132318997858398e+00 5.574329746565447330e+00 5.480655474649681835e+00 5.229253541686313511e+00 4.837069730312859583e+00 4.365323341893946996e+00 3.869678304415706815e+00 3.370167446060088334e+00 2.870218354398579752e+00 2.370223843374579697e+00
