9.333238968755825482e+00 9.333238968755825482e+00 9.333238968755825482e+00 9.333238968755825482e+00 9.333238968755825482e+00 9.333238968755825482e+00 9.333238968755825482e+00 9.333238968755825482e+00 9.333238968755825482e+00 9.333238968755825482e+00 9.333238968755823706e+00
9.334430407383687012e+00 9.334430407383687012e+00 9.334430407383687012e+00 9.334430407383687012e+00 9.334430407383687012e+00 9.334430407383687012e+00 9.334430407383687012e+00 9.334430407383687012e+00 9.334430407383687012e+00 9.334430407383687012e+00 9.334430407383685235e+00
9.335365892198790760e+00 9.335365892198790760e+00 9.335365892198790760e+00 9.335365892198790760e+00 9.335365892198790760e+00 9.335365892198790760e+00 9.335365892198790760e+00 9.335365892198790760e+00 9.335365892198790760e+00 9.335365892198790760e+00 9.335365892198788984e+00
9.336097005746902155e+00 9.336097005746902155e+00 9.336097005746902155e+00 9.336097005746902155e+00 9.336097005746902155e+00 9.336097005746902155e+00 9.336097005746902155e+00 9.336097005746902155e+00 9.336097005746902155e+00 9.336097005746902155e+00 9.336097005746900379e+00
9.336665928327455788e+00 9.336665928327455788e+00 9.336665928327455788e+00 9.336665928327455788e+00 9.336665928327455788e+00 9.336665928327455788e+00 9.336665928327455788e+00 9.336665928327455788e+00 9.336665928327455788e+00 9.336665928327454012e+00 9.336665928327454012e+00
9.337106862795639728e+00 9.337106862795639728e+00 9.337106862795639728e+00 9.337106862795639728e+00 9.337106862795639728e+00 9.337106862795639728e+00 9.337106862795639728e+00 9.337106862795639728e+00 9.337106862795639728e+00 9.337106862795639728e+00 9.337106862795637952e+00
9.337447328286328840e+00 9.337447328286328840e+00 9.337447328286328840e+00 9.337447328286328840e+00 9.337447328286328840e+00 9.337447328286328840e+00 9.337447328286328840e+00 9.337447328286328840e+00 9.337447328286328840e+00 9.337447328286328840e+00 9.337447328286327064e+00
9.337709308276691544e+00 9.337709308276691544e+00 9.337709308276691544e+00 9.337709308276691544e+00 9.337709308276691544e+00 9.337709308276691544e+00 9.337709308276691544e+00 9.337709308276691544e+00 9.337709308276691544e+00 9.337709308276691544e+00 9.337709308276689768e+00
9.337910249190322531e+00 9.337910249190322531e+00 9.337910249190322531e+00 9.337910249190322531e+00 9.337910249190322531e+00 9.337910249190322531e+00 9.337910249190322531e+00 9.337910249190322531e+00 9.337910249190322531e+00 9.337910249190322531e+00 9.337910249190320755e+00
9.338063913922693970e+00 9.338063913922693970e+00 9.338063913922693970e+00 9.338063913922693970e+00 9.338063913922693970e+00 9.338063913922693970e+00 9.338063913922693970e+00 9.338063913922693970e+00 9.338063913922693970e+00 9.338063913922693970e+00 9.338063913922692194e+00
9.338181100263375001e+00 9.338181100263375001e+00 9.338181100263375001e+00 9.338181100263375001e+00 9.338181100263375001e+00 9.338181100263375001e+00 9.338181100263375001e+00 9.338181100263375001e+00 9.338181100263373224e+00 9.338181100263373224e+00 9.338181100263371448e+00
