1.098684445218609440e+01 1.097862384929491597e+01 1.096450311402186806e+01 1.094245283969527982e+01 1.090975622255713873e+01 1.086291494278966141e+01 1.079755983163540023e+01 1.070829058111025134e+01 1.058845718434467820e+01 1.043005697254854525e+01 1.022413068651227697e+01
1.098633791089631018e+01 1.097832113269900489e+01 1.096432557439664102e+01 1.094234879722088039e+01 1.090969524453039163e+01 1.086287925684435507e+01 1.079753904679295218e+01 1.070827860795509423e+01 1.058845043334475200e+01 1.043005330205264691e+01 1.022412879812129205e+01
1.098567210452230647e+01 1.097791725855992873e+01 1.096408756067298640e+01 1.094220909323538571e+01 1.090961333427318181e+01 1.086283133068220863e+01 1.079751115112863857e+01 1.070826255771851088e+01 1.058844140139376400e+01 1.043004840732540117e+01 1.022412629331863876e+01
1.098480269216039673e+01 1.097737979952744247e+01 1.096376877882994982e+01 1.094202156738876930e+01 1.090950331335598023e+01 1.086276695991123376e+01 1.079747370306437482e+01 1.070824103306099317e+01 1.058842930950345007e+01 1.043004187282866013e+01 1.022412296508589691e+01
1.098367647770038502e+01 1.097666696115484797e+01 1.096334237071318540e+01 1.094176997023813236e+01 1.090935555440036531e+01 1.086268049798289148e+01 1.079742342204602856e+01 1.070821215649227121e+01 1.058841311135037166e+01 1.043003314080449151e+01 1.022411853590314479e+01
1.098223143029786897e+01 1.097572560428988808e+01 1.096277298179582615e+01 1.094143263502559194e+01 1.090915715701068045e+01 1.086256436423346017e+01 1.079735590079067364e+01 1.070817340535973727e+01 1.058839140137165202e+01 1.043002146242302253e+01 1.022411263358283584e+01
1.098039746725036458e+01 1.097448933852832198e+01 1.096201440467770638e+01 1.094098075506750867e+01 1.090889085570745642e+01 1.086240838646783047e+01 1.079726521944064999e+01 1.070812139026627285e+01 1.058836229128033857e+01 1.043000583213233590e+01 1.022410475879783753e+01
1.097809795576563552e+01 1.097287703774483703e+01 1.096100681410108280e+01 1.094037617874225354e+01 1.090853358015665187e+01 1.086219892436375645e+01 1.079714342869450583e+01 1.070805155765943084e+01 1.058832324418260207e+01 1.042998489944032059e+01 1.022409424144749401e+01
1.097525159987138288e+01 1.097079226053907242e+01 1.095967370462020796e+01 1.093956863785468769e+01 1.090805457028954706e+01 1.086191770409593715e+01 1.079697985835031382e+01 1.070795779089425537e+01 1.058827085180612926e+01 1.042995685038514253e+01 1.022408018202555269e+01
1.097177412324962198e+01 1.096812409778792308e+01 1.095791879754649756e+01 1.093849235172244683e+01 1.090741293229830688e+01 1.086154027527164168e+01 1.079676019396026199e+01 1.070783187556852845e+01 1.058820053545280615e+01 1.042991924830885431e+01 1.022406137283851280e+01
1.096757910510439515e+01 1.096474979432009000e+01 1.095562340127948353e+01 1.093706201649300880e+01 1.090655451125942399e+01 1.086103397891452360e+01 1.079646524684263653e+01 1.070766278378208902e+01 1.058810614478634093e+01 1.042986882001857118e+01 1.022403619216033199e+01
