1.130031049018565881e+01 1.130031049018565881e+01 1.130031049018565881e+01 1.130031049018565881e+01 1.130031049018565881e+01 1.130031049018565881e+01 1.130031049018565881e+01 1.130031049018565881e+01 1.130031049018565881e+01 1.130031049018565881e+01 1.130031049018565881e+01
1.130028892568698318e+01 1.130028892568698318e+01 1.130028892568698318e+01 1.130028892568698318e+01 1.130028892568698318e+01 1.130028892568698318e+01 1.130028892568698318e+01 1.130028892568698318e+01 1.130028892568698318e+01 1.130028892568698318e+01 1.130028892568698318e+01
1.130026132657063265e+01 1.130026132657063265e+01 1.130026132657063265e+01 1.130026132657063265e+01 1.130026132657063265e+01 1.130026132657063265e+01 1.130026132657063265e+01 1.130026132657063265e+01 1.130026132657063265e+01 1.130026132657063265e+01 1.130026132657063265e+01
1.130022608421449881e+01 1.130022608421449881e+01 1.130022608421449881e+01 1.130022608421449881e+01 1.130022608421449881e+01 1.130022608421449881e+01 1.130022608421449881e+01 1.130022608421449881e+01 1.130022608421449881e+01 1.130022608421449881e+01 1.130022608421449881e+01
1.130018119212084216e+01 1.130018119212084216e+01 1.130018119212084216e+01 1.130018119212084216e+01 1.130018119212084216e+01 1.130018119212084216e+01 1.130018119212084216e+01 1.130018119212084216e+01 1.130018119212084216e+01 1.130018119212084216e+01 1.130018119212084216e+01
1.130012415913402180e+01 1.130012415913402180e+01 1.130012415913402180e+01 1.130012415913402180e+01 1.130012415913402180e+01 1.130012415913402180e+01 1.130012415913402180e+01 1.130012415913402180e+01 1.130012415913402180e+01 1.130012415913402180e+01 1.130012415913402180e+01
1.130005190793112213e+01 1.130005190793112213e+01 1.130005190793112213e+01 1.130005190793112213e+01 1.130005190793112213e+01 1.130005190793112213e+01 1.130005190793112213e+01 1.130005190793112213e+01 1.130005190793112213e+01 1.130005190793112213e+01 1.130005190793112213e+01
1.129996065772611935e+01 1.129996065772611935e+01 1.129996065772611935e+01 1.129996065772611935e+01 1.129996065772611935e+01 1.129996065772611935e+01 1.129996065772611935e+01 1.129996065772611935e+01 1.129996065772611935e+01 1.129996065772611935e+01 1.129996065772611935e+01
1.129984579050862159e+01 1.129984579050862159e+01 1.129984579050862159e+01 1.129984579050862159e+01 1.129984579050862159e+01 1.129984579050862159e+01 1.129984579050862159e+01 1.129984579050862159e+01 1.129984579050862159e+01 1.129984579050862159e+01 1.129984579050862159e+01
1.129970170069756463e+01 1.129970170069756463e+01 1.129970170069756463e+01 1.129970170069756463e+01 1.129970170069756463e+01 1.129970170069756463e+01 1.129970170069756463e+01 1.129970170069756463e+01 1.129970170069756463e+01 1.129970170069756463e+01 1.129970170069756463e+01
1.129952162869597210e+01 1.129952162869597210e+01 1.129952162869597210e+01 1.129952162869597210e+01 1.129952162869597210e+01 1.129952162869597210e+01 1.129952162869597210e+01 1.129952162869597210e+01 1.129952162869597210e+01 1.129952162869597210e+01 1.129952162869597210e+01
