1.696728759344249271e+00 1.696728759344249493e+00 1.696728759344249937e+00 1.696728759344251047e+00 1.696728759344254822e+00 1.696728759344266146e+00 1.696728759344302118e+00 1.696728759344416915e+00 1.696728759344778847e+00 1.696728759345923709e+00 1.696728759349545035e+00
1.561664591929577517e+00 1.561664591929577517e+00 1.561664591929577739e+00 1.561664591929579071e+00 1.561664591929582624e+00 1.561664591929593060e+00 1.561664591929627033e+00 1.561664591929734058e+00 1.561664591930072232e+00 1.561664591931142265e+00 1.561664591934525781e+00
1.424716057024232319e+00 1.424716057024232541e+00 1.424716057024232763e+00 1.424716057024233873e+00 1.424716057024236981e+00 1.424716057024246751e+00 1.424716057024278060e+00 1.424716057024377092e+00 1.424716057024690397e+00 1.424716057025680049e+00 1.424716057028810212e+00
1.285207906080339413e+00 1.285207906080339413e+00 1.285207906080339635e+00 1.285207906080340745e+00 1.285207906080343632e+00 1.285207906080352736e+00 1.285207906080381157e+00 1.285207906080471751e+00 1.285207906080758189e+00 1.285207906081663909e+00 1.285207906084527618e+00
1.142241764757760514e+00 1.142241764757760514e+00 1.142241764757760736e+00 1.142241764757761624e+00 1.142241764757764289e+00 1.142241764757772282e+00 1.142241764757798261e+00 1.142241764757879974e+00 1.142241764758138878e+00 1.142241764758957112e+00 1.142241764761545264e+00
9.946418462883965805e-01 9.946418462883966916e-01 9.946418462883968026e-01 9.946418462883975797e-01 9.946418462884000222e-01 9.946418462884072387e-01 9.946418462884301093e-01 9.946418462885031619e-01 9.946418462887339773e-01 9.946418462894633938e-01 9.946418462917708814e-01
8.405923066944411826e-01 8.405923066944412936e-01 8.405923066944414046e-01 8.405923066944420707e-01 8.405923066944440691e-01 8.405923066944505084e-01 8.405923066944708255e-01 8.405923066945348854e-01 8.405923066947375011e-01 8.405923066953788769e-01 8.405923066974070323e-01
6.775918777558069817e-01 6.775918777558070927e-01 6.775918777558072037e-01 6.775918777558078698e-01 6.775918777558094241e-01 6.775918777558151973e-01 6.775918777558327388e-01 6.775918777558880279e-01 6.775918777560638873e-01 6.775918777566195539e-01 6.775918777583767039e-01
5.020997520101618816e-01 5.020997520101619926e-01 5.020997520101621037e-01 5.020997520101624367e-01 5.020997520101642131e-01 5.020997520101687650e-01 5.020997520101838640e-01 5.020997520102312706e-01 5.020997520103814837e-01 5.020997520108564371e-01 5.020997520123590130e-01
3.085773057795861418e-01 3.085773057795861418e-01 3.085773057795863084e-01 3.085773057795868080e-01 3.085773057795880847e-01 3.085773057795920815e-01 3.085773057796049046e-01 3.085773057796450392e-01 3.085773057797722707e-01 3.085773057801750041e-01 3.085773057814478193e-01
8.916834235934616160e-02 8.916834235934616160e-02 8.916834235934624486e-02 8.916834235934656405e-02 8.916834235934766040e-02 8.916834235935111597e-02 8.916834235936178799e-02 8.916834235939588571e-02 8.916834235950338305e-02 8.916834235984398560e-02 8.916834236092037458e-02
