1.000351499533486432e+01 1.000351499533486255e+01 1.000351499533486432e+01 1.000351499533486432e+01 1.000351499533486432e+01 1.000351499533486610e+01 1.000351499533487321e+01 1.000351499533489630e+01 1.000351499533496735e+01 1.000351499533519473e+01 1.000351499533590882e+01
9.954098275067975621e+00 9.954098275067975621e+00 9.954098275067975621e+00 9.954098275067975621e+00 9.954098275067975621e+00 9.954098275067979174e+00 9.954098275067984503e+00 9.954098275068005819e+00 9.954098275068069768e+00 9.954098275068274049e+00 9.954098275068920643e+00
9.899742935971451274e+00 9.899742935971451274e+00 9.899742935971451274e+00 9.899742935971451274e+00 9.899742935971451274e+00 9.899742935971453051e+00 9.899742935971458380e+00 9.899742935971477920e+00 9.899742935971536539e+00 9.899742935971721280e+00 9.899742935972305702e+00
9.840208099638418915e+00 9.840208099638418915e+00 9.840208099638418915e+00 9.840208099638418915e+00 9.840208099638420691e+00 9.840208099638422468e+00 9.840208099638427797e+00 9.840208099638443784e+00 9.840208099638497075e+00 9.840208099638664052e+00 9.840208099639193406e+00
9.775295161748376316e+00 9.775295161748376316e+00 9.775295161748376316e+00 9.775295161748376316e+00 9.775295161748376316e+00 9.775295161748378092e+00 9.775295161748383421e+00 9.775295161748397632e+00 9.775295161748445594e+00 9.775295161748598360e+00 9.775295161749081529e+00
9.704860125161763662e+00 9.704860125161763662e+00 9.704860125161763662e+00 9.704860125161763662e+00 9.704860125161763662e+00 9.704860125161765438e+00 9.704860125161768991e+00 9.704860125161783202e+00 9.704860125161827611e+00 9.704860125161966167e+00 9.704860125162408480e+00
9.628825608719131068e+00 9.628825608719131068e+00 9.628825608719131068e+00 9.628825608719131068e+00 9.628825608719131068e+00 9.628825608719132845e+00 9.628825608719136397e+00 9.628825608719150608e+00 9.628825608719189688e+00 9.628825608719319362e+00 9.628825608719724372e+00
9.547191417339659480e+00 9.547191417339659480e+00 9.547191417339659480e+00 9.547191417339659480e+00 9.547191417339661257e+00 9.547191417339661257e+00 9.547191417339666586e+00 9.547191417339677244e+00 9.547191417339714548e+00 9.547191417339833563e+00 9.547191417340210151e+00
9.460042356663242558e+00 9.460042356663242558e+00 9.460042356663242558e+00 9.460042356663242558e+00 9.460042356663242558e+00 9.460042356663244334e+00 9.460042356663247887e+00 9.460042356663258545e+00 9.460042356663294072e+00 9.460042356663404206e+00 9.460042356663755925e+00
9.367551923182430684e+00 9.367551923182430684e+00 9.367551923182430684e+00 9.367551923182432461e+00 9.367551923182432461e+00 9.367551923182432461e+00 9.367551923182436013e+00 9.367551923182446671e+00 9.367551923182480422e+00 9.367551923182583451e+00 9.367551923182913853e+00
9.269980683123483445e+00 9.269980683123483445e+00 9.269980683123483445e+00 9.269980683123483445e+00 9.269980683123483445e+00 9.269980683123485221e+00 9.269980683123488774e+00 9.269980683123497656e+00 9.269980683123529630e+00 9.269980683123627330e+00 9.269980683123939968e+00
