6.861293532948469220e-01 1.159896717660704901e+00 1.651260226059291236e+00 2.148492578219946214e+00 2.647609532565529111e+00 3.147288362976426335e+00 3.646773752723260209e+00 4.142718081439880962e+00 4.615236358166826314e+00 5.026693560187716514e+00 5.365016990362478921e+00
7.531574411825870952e-01 1.184388280167227858e+00 1.660161842752453820e+00 2.152210304192382129e+00 2.649661043691832862e+00 3.148810121806895346e+00 3.648126557753467392e+00 4.144006840525475965e+00 4.616453309246569603e+00 5.027813657001926728e+00 5.366041277719407532e+00
8.756223145409530728e-01 1.235497238549784216e+00 1.679775621623973425e+00 2.160555046322884198e+00 2.654291397601930225e+00 3.152249833404283663e+00 3.651185524743099986e+00 4.146921193042224729e+00 4.619205089277024889e+00 5.030346376274344777e+00 5.368357314075198339e+00
1.048737304599640430e+00 1.322302267486745952e+00 1.716389044011298104e+00 2.176699092878372266e+00 2.663349475639433361e+00 3.158998783854244152e+00 3.657192040343284933e+00 4.152644571870809820e+00 4.624608436440330372e+00 5.035319367005842928e+00 5.372904676841751659e+00
1.249852533563154955e+00 1.444346766719646569e+00 1.775077050911488152e+00 2.204126469772107910e+00 2.679038375595333310e+00 3.170750314163153227e+00 3.667665258246815441e+00 4.162626666937624620e+00 4.634029942170926120e+00 5.043989820640752519e+00 5.380832497177349794e+00
1.457118899008498225e+00 1.591735759543480899e+00 1.857222812043991755e+00 2.245731204377510615e+00 2.703547665033166680e+00 3.189263397681753265e+00 3.684201143812472878e+00 4.178393564856884623e+00 4.648905066947308207e+00 5.057677469602296583e+00 5.393346351573719666e+00
1.658322636148561013e+00 1.752076077722259484e+00 1.959979879176201978e+00 2.302993807616489530e+00 2.738648144759342706e+00 3.216096042081564743e+00 3.708245632395699154e+00 4.201333239604320369e+00 4.670533373822300938e+00 5.077575660499018539e+00 5.411534967652530170e+00
1.849081529484450037e+00 1.916071964147580076e+00 2.078046434055255798e+00 2.375684006135712512e+00 2.785399524690840511e+00 3.252396220272051330e+00 3.740914847297128087e+00 4.232524815503317051e+00 4.699915196563194897e+00 5.104600764440905714e+00 5.436231959698401006e+00
2.029098861300775436e+00 2.078626518402750811e+00 2.205999490484880976e+00 2.462193703345554763e+00 2.844058394565696091e+00 3.298799683439420871e+00 3.782901651851484637e+00 4.272647991878669060e+00 4.737664880782036292e+00 5.139312472458399839e+00 5.467942488403159551e+00
2.199712255677440442e+00 2.237669491687427126e+00 2.339639396026447216e+00 2.560207075326559778e+00 2.914177014505469732e+00 3.355435531537870997e+00 3.834468370780939939e+00 4.321972153987226228e+00 4.784000781442230732e+00 5.181905154838873706e+00 5.506835100144516382e+00
2.362686332774279752e+00 2.392795190451384890e+00 2.476229013391040734e+00 2.667322995788413920e+00 2.994814771132407571e+00 3.422008019223325981e+00 3.895501053916013312e+00 4.380402379941839008e+00 4.838790786854976211e+00 5.232250520438892494e+00 5.552780695352355522e+00
