6.209192361147221284e+00 6.209192361146758543e+00 6.209192361145293937e+00 6.209192361140662975e+00 6.209192361126017801e+00 6.209192361079705513e+00 6.209192360933252886e+00 6.209192360470131788e+00 6.209192359005611728e+00 6.209192354374394540e+00 6.209192339729201926e+00
6.209132491016836397e+00 6.209132491016375432e+00 6.209132491014918820e+00 6.209132491010312727e+00 6.209132490995746601e+00 6.209132490949683003e+00 6.209132490804018190e+00 6.209132490343384880e+00 6.209132488886734080e+00 6.209132484280400099e+00 6.209132469713896540e+00
6.209054835361079050e+00 6.209054835360620750e+00 6.209054835359173907e+00 6.209054835354596236e+00 6.209054835340119816e+00 6.209054835294342212e+00 6.209054835149582452e+00 6.209054834691809077e+00 6.209054833244204374e+00 6.209054828666475956e+00 6.209054814190428928e+00
6.208954284803773760e+00 6.208954284803319013e+00 6.208954284801881940e+00 6.208954284797337131e+00 6.208954284782964628e+00 6.208954284737515650e+00 6.208954284593794171e+00 6.208954284139305280e+00 6.208954282702086047e+00 6.208954278157198914e+00 6.208954263785004812e+00
6.208824298842261946e+00 6.208824298841810752e+00 6.208824298840386113e+00 6.208824298835878608e+00 6.208824298821625121e+00 6.208824298776552730e+00 6.208824298634022298e+00 6.208824298183298396e+00 6.208824296757985195e+00 6.208824292250749721e+00 6.208824277997620378e+00
6.208656535074051241e+00 6.208656535073605376e+00 6.208656535072193172e+00 6.208656535067729187e+00 6.208656535053612480e+00 6.208656535008970856e+00 6.208656534867802890e+00 6.208656534421388429e+00 6.208656533009704326e+00 6.208656528545565934e+00 6.208656514428721351e+00
6.208440411961530181e+00 6.208440411961088756e+00 6.208440411959692540e+00 6.208440411955277405e+00 6.208440411941316128e+00 6.208440411897167444e+00 6.208440411757556454e+00 6.208440411316066054e+00 6.208440409919953495e+00 6.208440405505056603e+00 6.208440391543928349e+00
6.208162525277545640e+00 6.208162525277109545e+00 6.208162525275731092e+00 6.208162525271372800e+00 6.208162525257589159e+00 6.208162525214001803e+00 6.208162525076165394e+00 6.208162524640290947e+00 6.208162523261933963e+00 6.208162518903185045e+00 6.208162505119612540e+00
6.207805989009478331e+00 6.207805989009049341e+00 6.207805989007691316e+00 6.207805989003396085e+00 6.207805988989814061e+00 6.207805988946866194e+00 6.207805988811049502e+00 6.207805988381562834e+00 6.207805987023405692e+00 6.207805982728534566e+00 6.207805969146961367e+00
6.207349516777960652e+00 6.207349516777538767e+00 6.207349516776202947e+00 6.207349516771980547e+00 6.207349516758628560e+00 6.207349516716404558e+00 6.207349516582881144e+00 6.207349516160642011e+00 6.207349514825406089e+00 6.207349510603020981e+00 6.207349497250664427e+00
6.206766469044725731e+00 6.206766469044311840e+00 6.206766469043002665e+00 6.206766469038861977e+00 6.206766469025769339e+00 6.206766468984365126e+00 6.206766468853435192e+00 6.206766468439398388e+00 6.206766467130098164e+00 6.206766462989727451e+00 6.206766449896724325e+00
