4.612606437045568164e+00 4.612606437045568164e+00 4.612606437045568164e+00 4.612606437045568164e+00 4.612606437045568164e+00 4.612606437045568164e+00 4.612606437045568164e+00 4.612606437045568164e+00 4.612606437045568164e+00 4.612606437045568164e+00 4.612606437045568164e+00
4.483988346532107983e+00 4.483988346532107983e+00 4.483988346532107983e+00 4.483988346532107983e+00 4.483988346532107983e+00 4.483988346532107983e+00 4.483988346532107983e+00 4.483988346532107983e+00 4.483988346532107983e+00 4.483988346532107983e+00 4.483988346532107983e+00
4.355349018217754775e+00 4.355349018217754775e+00 4.355349018217754775e+00 4.355349018217754775e+00 4.355349018217754775e+00 4.355349018217754775e+00 4.355349018217754775e+00 4.355349018217754775e+00 4.355349018217754775e+00 4.355349018217754775e+00 4.355349018217754775e+00
4.226693445224218415e+00 4.226693445224218415e+00 4.226693445224218415e+00 4.226693445224218415e+00 4.226693445224218415e+00 4.226693445224218415e+00 4.226693445224218415e+00 4.226693445224218415e+00 4.226693445224218415e+00 4.226693445224218415e+00 4.226693445224218415e+00
4.098025272880062353e+00 4.098025272880062353e+00 4.098025272880062353e+00 4.098025272880062353e+00 4.098025272880062353e+00 4.098025272880062353e+00 4.098025272880062353e+00 4.098025272880062353e+00 4.098025272880062353e+00 4.098025272880062353e+00 4.098025272880062353e+00
3.969347130407151258e+00 3.969347130407151258e+00 3.969347130407151258e+00 3.969347130407151258e+00 3.969347130407151258e+00 3.969347130407151258e+00 3.969347130407151258e+00 3.969347130407151258e+00 3.969347130407151258e+00 3.969347130407151258e+00 3.969347130407151258e+00
3.840660874652334300e+00 3.840660874652334300e+00 3.840660874652334300e+00 3.840660874652334300e+00 3.840660874652334300e+00 3.840660874652334300e+00 3.840660874652334300e+00 3.840660874652334300e+00 3.840660874652334300e+00 3.840660874652334300e+00 3.840660874652334300e+00
3.711967769916955540e+00 3.711967769916955540e+00 3.711967769916955540e+00 3.711967769916955540e+00 3.711967769916955540e+00 3.711967769916955540e+00 3.711967769916955540e+00 3.711967769916955540e+00 3.711967769916955540e+00 3.711967769916955540e+00 3.711967769916955540e+00
3.583268615351499431e+00 3.583268615351499431e+00 3.583268615351499431e+00 3.583268615351499431e+00 3.583268615351499431e+00 3.583268615351499431e+00 3.583268615351499431e+00 3.583268615351499431e+00 3.583268615351499875e+00 3.583268615351499875e+00 3.583268615351499875e+00
3.454563849358212924e+00 3.454563849358212924e+00 3.454563849358212924e+00 3.454563849358212924e+00 3.454563849358212924e+00 3.454563849358212924e+00 3.454563849358212924e+00 3.454563849358212924e+00 3.454563849358212924e+00 3.454563849358212924e+00 3.454563849358213368e+00
3.325853601154459938e+00 3.325853601154459938e+00 3.325853601154459938e+00 3.325853601154459938e+00 3.325853601154459938e+00 3.325853601154459938e+00 3.325853601154459938e+00 3.325853601154459938e+00 3.325853601154459938e+00 3.325853601154459938e+00 3.325853601154459938e+00
