1.980622980193796234e+00 1.980622980193798455e+00 1.980622980193806448e+00 1.980622980193831761e+00 1.980622980193912142e+00 1.980622980194165716e+00 1.980622980194967298e+00 1.980622980197503047e+00 1.980622980205520411e+00 1.980622980230874353e+00 1.980622980311049774e+00
1.851352760850809132e+00 1.851352760850811574e+00 1.851352760850819346e+00 1.851352760850844881e+00 1.851352760850924817e+00 1.851352760851177726e+00 1.851352760851977086e+00 1.851352760854505286e+00 1.851352760862500446e+00 1.851352760887783555e+00 1.851352760967735600e+00
1.721979980140042166e+00 1.721979980140044386e+00 1.721979980140052602e+00 1.721979980140077693e+00 1.721979980140157407e+00 1.721979980140409427e+00 1.721979980141206568e+00 1.721979980143726552e+00 1.721979980151696177e+00 1.721979980176897573e+00 1.721979980256592047e+00
1.592486399662034646e+00 1.592486399662037089e+00 1.592486399662045082e+00 1.592486399662070173e+00 1.592486399662149443e+00 1.592486399662400576e+00 1.592486399663194607e+00 1.592486399665705488e+00 1.592486399673645137e+00 1.592486399698753274e+00 1.592486399778151540e+00
1.462849104169594350e+00 1.462849104169596792e+00 1.462849104169604786e+00 1.462849104169629877e+00 1.462849104169708703e+00 1.462849104169958725e+00 1.462849104170749426e+00 1.462849104173249426e+00 1.462849104181155324e+00 1.462849104206155770e+00 1.462849104285214086e+00
1.333041343440250381e+00 1.333041343440253046e+00 1.333041343440260817e+00 1.333041343440285686e+00 1.333041343440364290e+00 1.333041343440613202e+00 1.333041343441399684e+00 1.333041343443887472e+00 1.333041343451754734e+00 1.333041343476631946e+00 1.333041343555300573e+00
1.203029228939594741e+00 1.203029228939597184e+00 1.203029228939604955e+00 1.203029228939629824e+00 1.203029228939708206e+00 1.203029228939955564e+00 1.203029228940737827e+00 1.203029228943211182e+00 1.203029228951033591e+00 1.203029228975769804e+00 1.203029229053993010e+00
1.072773127046949382e+00 1.072773127046951824e+00 1.072773127046959374e+00 1.072773127046984243e+00 1.072773127047061958e+00 1.072773127047307762e+00 1.072773127048084696e+00 1.072773127050542286e+00 1.072773127058313625e+00 1.072773127082889077e+00 1.072773127160602913e+00
9.422220608557446697e-01 9.422220608557471122e-01 9.422220608557547727e-01 9.422220608557793087e-01 9.422220608558565802e-01 9.422220608561001631e-01 9.422220608568715461e-01 9.422220608593107061e-01 9.422220608670243136e-01 9.422220608914161355e-01 9.422220609685499904e-01
8.113158100535060591e-01 8.113158100535086126e-01 8.113158100535161621e-01 8.113158100535402539e-01 8.113158100536168593e-01 8.113158100538585549e-01 8.113158100546236096e-01 8.113158100570416753e-01 8.113158100646891135e-01 8.113158100888726576e-01 8.113158101653472620e-01
6.799802098991518662e-01 6.799802098991543087e-01 6.799802098991619692e-01 6.799802098991858390e-01 6.799802098992614452e-01 6.799802098995010313e-01 6.799802099002583144e-01 6.799802099026529545e-01 6.799802099102256747e-01 6.799802099341728523e-01 6.799802100099002766e-01
