7.006330625943037127e+00 7.006330625943037127e+00 7.006330625943037127e+00 7.006330625943037127e+00 7.006330625943037127e+00 7.006330625943037127e+00 7.006330625943037127e+00 7.006330625943037127e+00 7.006330625943037127e+00 7.006330625943037127e+00 7.006330625943037127e+00
7.006251738090654158e+00 7.006251738090654158e+00 7.006251738090654158e+00 7.006251738090654158e+00 7.006251738090654158e+00 7.006251738090654158e+00 7.006251738090654158e+00 7.006251738090654158e+00 7.006251738090654158e+00 7.006251738090654158e+00 7.006251738090654158e+00
7.006227586667987062e+00 7.006227586667987062e+00 7.006227586667987062e+00 7.006227586667987062e+00 7.006227586667987062e+00 7.006227586667987062e+00 7.006227586667987062e+00 7.006227586667987062e+00 7.006227586667987062e+00 7.006227586667987062e+00 7.006227586667987062e+00
7.006196170459672246e+00 7.006196170459672246e+00 7.006196170459672246e+00 7.006196170459672246e+00 7.006196170459672246e+00 7.006196170459672246e+00 7.006196170459672246e+00 7.006196170459672246e+00 7.006196170459672246e+00 7.006196170459672246e+00 7.006196170459672246e+00
7.006155351761778505e+00 7.006155351761778505e+00 7.006155351761778505e+00 7.006155351761778505e+00 7.006155351761778505e+00 7.006155351761778505e+00 7.006155351761778505e+00 7.006155351761778505e+00 7.006155351761778505e+00 7.006155351761778505e+00 7.006155351761778505e+00
7.006102382012836749e+00 7.006102382012836749e+00 7.006102382012836749e+00 7.006102382012836749e+00 7.006102382012836749e+00 7.006102382012836749e+00 7.006102382012836749e+00 7.006102382012836749e+00 7.006102382012836749e+00 7.006102382012836749e+00 7.006102382012836749e+00
7.006033734328421581e+00 7.006033734328421581e+00 7.006033734328421581e+00 7.006033734328421581e+00 7.006033734328421581e+00 7.006033734328421581e+00 7.006033734328421581e+00 7.006033734328421581e+00 7.006033734328421581e+00 7.006033734328421581e+00 7.006033734328421581e+00
7.005944892910979327e+00 7.005944892910979327e+00 7.005944892910979327e+00 7.005944892910979327e+00 7.005944892910979327e+00 7.005944892910979327e+00 7.005944892910979327e+00 7.005944892910979327e+00 7.005944892910979327e+00 7.005944892910979327e+00 7.005944892910979327e+00
7.005830089322365950e+00 7.005830089322365950e+00 7.005830089322365950e+00 7.005830089322365950e+00 7.005830089322365950e+00 7.005830089322365950e+00 7.005830089322365950e+00 7.005830089322365950e+00 7.005830089322365950e+00 7.005830089322365950e+00 7.005830089322365950e+00
7.005681973747021729e+00 7.005681973747021729e+00 7.005681973747021729e+00 7.005681973747021729e+00 7.005681973747021729e+00 7.005681973747021729e+00 7.005681973747021729e+00 7.005681973747021729e+00 7.005681973747021729e+00 7.005681973747021729e+00 7.005681973747021729e+00
7.005491207330999615e+00 7.005491207330999615e+00 7.005491207330999615e+00 7.005491207330999615e+00 7.005491207330999615e+00 7.005491207330999615e+00 7.005491207330999615e+00 7.005491207330999615e+00 7.005491207330999615e+00 7.005491207330999615e+00 7.005491207330999615e+00
