5.681872126479183827e+00 5.245710783820823231e+00 4.775044595719627694e+00 4.286553338955011228e+00 3.790584168443000390e+00 3.291911442493277384e+00 2.792337149173904187e+00 2.292472397529571104e+00 1.792515230655719272e+00 1.292528782097425610e+00 7.925330680824369534e-01
5.681777149390095261e+00 5.245689339582805921e+00 4.775040889052180049e+00 4.286552829509116869e+00 3.790584106789631758e+00 3.291911434904306599e+00 2.792337148048890771e+00 2.292472397304300635e+00 1.792515230597630849e+00 1.292528782080374583e+00 7.925330680771767167e-01
5.681649545437191584e+00 5.245660525191949475e+00 4.775035911925094467e+00 4.286552147138237956e+00 3.790584024803913543e+00 3.291911424999107716e+00 2.792337146631813649e+00 2.292472397031749320e+00 1.792515230529133197e+00 1.292528782060487158e+00 7.925330680710652720e-01
5.681478143970807082e+00 5.245621808019418353e+00 4.775029227684148836e+00 4.286551232651375720e+00 3.790583915622034006e+00 3.291911412026903072e+00 2.792337144837260698e+00 2.292472396700467652e+00 1.792515230448172847e+00 1.292528782037271062e+00 7.925330680639625092e-01
5.681247984035635135e+00 5.245569787613736601e+00 4.775020249524461136e+00 4.286550006520031708e+00 3.790583770036648925e+00 3.291911394985643557e+00 2.792337142552809848e+00 2.292472396295830883e+00 1.792515230352234701e+00 1.292528782010142319e+00 7.925330680557047813e-01
5.680939056319103564e+00 5.245499900666065862e+00 4.775008188944051213e+00 4.286548361880790914e+00 3.790583575692448637e+00 3.291911372536567626e+00 2.792337139630098886e+00 2.292472395799072249e+00 1.792515230238219237e+00 1.292528781978405483e+00 7.925330680461009081e-01
5.680524649915846602e+00 5.245406027595414855e+00 4.774991986593444260e+00 4.286546155130975144e+00 3.790583316004932257e+00 3.291911342889486392e+00 2.792337135872885234e+00 2.292472395185992440e+00 1.792515230102290191e+00 1.292528781941229221e+00 7.925330680349260692e-01
5.679969197512203749e+00 5.245279969496445815e+00 4.774970219587232556e+00 4.286543193291405096e+00 3.790582968707085332e+00 3.291911303648723308e+00 2.792337131021052965e+00 2.292472394425258297e+00 1.792515229939668719e+00 1.292528781897616996e+00 7.925330680219164758e-01
5.679225498150669793e+00 5.245110755499733379e+00 4.774940977406101794e+00 4.286539217028573212e+00 3.790582503895834954e+00 3.291911251606179700e+00 2.792337124729193931e+00 2.292472393476129522e+00 1.792515229744373384e+00 1.292528781846369323e+00 7.925330680067622646e-01
5.678231192721669984e+00 5.244883730490471407e+00 4.774901695999067108e+00 4.286533877852254371e+00 3.790581881406071663e+00 3.291911182463329144e+00 2.792337116537891184e+00 2.292472392285441973e+00 1.792515229508873542e+00 1.292528781786034697e+00 7.925330679890977281e-01
5.676904386488490495e+00 5.244579362275223033e+00 4.774848936462428917e+00 4.286526707503115041e+00 3.790581047280850324e+00 3.291911090457672273e+00 2.792337105835210220e+00 2.292472390783579783e+00 1.792515229223639039e+00 1.292528781714851194e+00 7.925330679684905455e-01
