5.672892458657421422e+00 5.243652978863960534e+00 4.774689422966161167e+00 4.286505711947378394e+00 3.790578854602184133e+00 3.291910930188011619e+00 2.792337112239726693e+00 2.292472398652236176e+00 1.792515232300712302e+00 1.292528782746928506e+00 7.925330683007686394e-01
5.675386901998581202e+00 5.244232603131528059e+00 4.774790209594894641e+00 4.286519316644627153e+00 3.790580395855783991e+00 3.291911086494704097e+00 2.792337126214476495e+00 2.292472399442343711e+00 1.792515232184892948e+00 1.292528782673647347e+00 7.925330682739266663e-01
5.677220177026976344e+00 5.244654817848434902e+00 4.774863321715466569e+00 4.286529166380879552e+00 3.790581509063979837e+00 3.291911198609407396e+00 2.792337135978980811e+00 2.292472399900583380e+00 1.792515232064841868e+00 1.292528782609123628e+00 7.925330682508644475e-01
5.678562418192125705e+00 5.244961900558316792e+00 4.774916330736979297e+00 4.286536295502418881e+00 3.790582312639944274e+00 3.291911278874484204e+00 2.792337142746729395e+00 2.292472400135375565e+00 1.792515231947103382e+00 1.292528782552646138e+00 7.925330682310788299e-01
5.679542358875892205e+00 5.245184992381951794e+00 4.774954748508536184e+00 4.286541453968036208e+00 3.790582892312825081e+00 3.291911336207341332e+00 2.792337147388942675e+00 2.292472400222744788e+00 1.792515231835618117e+00 1.292528782503446383e+00 7.925330682141247252e-01
5.680256284893669516e+00 5.245346928718996438e+00 4.774982582107205609e+00 4.286545185350549403e+00 3.790583310136041106e+00 3.291911377047542331e+00 2.792337150530040280e+00 2.292472400215618933e+00 1.792515231732560110e+00 1.292528782460751868e+00 7.925330681996122228e-01
5.680775598180152208e+00 5.245464399327430804e+00 4.775002741738740397e+00 4.286547883524177038e+00 3.790583611015676979e+00 3.291911406042522081e+00 2.792337152616641838e+00 2.292472400150511902e+00 1.792515231638925011e+00 1.292528782423819411e+00 7.925330681872003735e-01
5.681152914473815763e+00 5.245549572831819773e+00 4.775017339427097163e+00 4.286549833825426425e+00 3.790583827440763276e+00 3.291911426543959962e+00 2.792337153967405339e+00 2.292472400052318893e+00 1.792515231554939525e+00 1.292528782391954456e+00 7.925330681765929697e-01
5.681426826941656572e+00 5.245611305785496725e+00 4.775027907089389068e+00 4.286551242920663363e+00 3.790583982910140648e+00 3.291911440967028923e+00 2.792337154809011679e+00 2.292472399937748762e+00 1.792515231480348525e+00 1.292528782364521511e+00 7.925330681675329947e-01
5.681625547630129169e+00 5.245656035818723417e+00 4.775035555413261079e+00 4.286552260468482700e+00 3.790584094414708449e+00 3.291911451050343107e+00 2.792337155302125673e+00 2.292472399817776729e+00 1.792515231414609111e+00 1.292528782340945925e+00 7.925330681597988480e-01
5.681769648955839358e+00 5.245688437867015885e+00 4.775041089426097507e+00 4.286552994825336249e+00 3.790584174235199555e+00 3.291911458044005201e+00 2.792337155560115747e+00 2.292472399699392760e+00 1.792515231357023842e+00 1.292528782320715885e+00 7.925330681531995713e-01
