7.585008471391550877e+00 7.585008471391550877e+00 7.585008471391550877e+00 7.585008471391550877e+00 7.585008471391550877e+00 7.585008471391550877e+00 7.585008471391550877e+00 7.585008471391550877e+00 7.585008471391550877e+00 7.585008471391550877e+00 7.585008471391550877e+00
7.725826111297253718e+00 7.725826111297253718e+00 7.725826111297253718e+00 7.725826111297253718e+00 7.725826111297253718e+00 7.725826111297253718e+00 7.725826111297253718e+00 7.725826111297253718e+00 7.725826111297253718e+00 7.725826111297253718e+00 7.725826111297253718e+00
7.866391948813618029e+00 7.866391948813618029e+00 7.866391948813618029e+00 7.866391948813618029e+00 7.866391948813618029e+00 7.866391948813618029e+00 7.866391948813618029e+00 7.866391948813618029e+00 7.866391948813618029e+00 7.866391948813618029e+00 7.866391948813618029e+00
8.006768141242918801e+00 8.006768141242918801e+00 8.006768141242918801e+00 8.006768141242918801e+00 8.006768141242918801e+00 8.006768141242918801e+00 8.006768141242918801e+00 8.006768141242918801e+00 8.006768141242918801e+00 8.006768141242918801e+00 8.006768141242918801e+00
8.146997007219571429e+00 8.146997007219571429e+00 8.146997007219571429e+00 8.146997007219571429e+00 8.146997007219571429e+00 8.146997007219571429e+00 8.146997007219571429e+00 8.146997007219571429e+00 8.146997007219571429e+00 8.146997007219571429e+00 8.146997007219571429e+00
8.287105417233355809e+00 8.287105417233355809e+00 8.287105417233355809e+00 8.287105417233355809e+00 8.287105417233355809e+00 8.287105417233355809e+00 8.287105417233355809e+00 8.287105417233355809e+00 8.287105417233355809e+00 8.287105417233355809e+00 8.287105417233355809e+00
8.427107593121714757e+00 8.427107593121714757e+00 8.427107593121714757e+00 8.427107593121714757e+00 8.427107593121714757e+00 8.427107593121714757e+00 8.427107593121714757e+00 8.427107593121714757e+00 8.427107593121714757e+00 8.427107593121714757e+00 8.427107593121714757e+00
8.567006608393489486e+00 8.567006608393489486e+00 8.567006608393489486e+00 8.567006608393489486e+00 8.567006608393489486e+00 8.567006608393489486e+00 8.567006608393489486e+00 8.567006608393489486e+00 8.567006608393489486e+00 8.567006608393489486e+00 8.567006608393489486e+00
8.706794757042972677e+00 8.706794757042972677e+00 8.706794757042972677e+00 8.706794757042972677e+00 8.706794757042972677e+00 8.706794757042972677e+00 8.706794757042972677e+00 8.706794757042972677e+00 8.706794757042972677e+00 8.706794757042972677e+00 8.706794757042972677e+00
8.846452856050182945e+00 8.846452856050182945e+00 8.846452856050182945e+00 8.846452856050182945e+00 8.846452856050182945e+00 8.846452856050182945e+00 8.846452856050182945e+00 8.846452856050182945e+00 8.846452856050182945e+00 8.846452856050182945e+00 8.846452856050182945e+00
8.985948461362989192e+00 8.985948461362989192e+00 8.985948461362989192e+00 8.985948461362989192e+00 8.985948461362989192e+00 8.985948461362989192e+00 8.985948461362989192e+00 8.985948461362989192e+00 8.985948461362989192e+00 8.985948461362989192e+00 8.985948461362989192e+00
