9.168385155927055052e+00 9.168385171725057958e+00 9.168385221682720854e+00 9.168385379662632673e+00 9.168385879238059033e+00 9.168387459025115760e+00 9.168392454658839341e+00 9.168408251322206937e+00 9.168458195530448052e+00 9.168616039073588908e+00 9.169114193594030127e+00
9.076470478803939201e+00 9.076470493672415429e+00 9.076470540690657174e+00 9.076470689375325307e+00 9.076471159556822599e+00 9.076472646394204702e+00 9.076477348116197774e+00 9.076492215559044396e+00 9.076539223430120984e+00 9.076687803135982335e+00 9.077156895751972598e+00
8.979438804964551935e+00 8.979438819058781718e+00 8.979438863628645962e+00 8.979439004570874516e+00 8.979439450268772660e+00 8.979440859683682774e+00 8.979445316588964943e+00 8.979459410000167452e+00 8.979503971646964899e+00 8.979644830844465631e+00 8.980089671237831084e+00
8.877623119227841642e+00 8.877623132683462259e+00 8.877623175233862796e+00 8.877623309790003248e+00 8.877623735293417084e+00 8.877625080848797978e+00 8.877629335822859957e+00 8.877642790775135850e+00 8.877685334481554946e+00 8.877819823065339122e+00 8.878244631909419482e+00
8.771423816831021014e+00 8.771423829765078395e+00 8.771423870666158251e+00 8.771424000006689425e+00 8.771424409016981727e+00 8.771425702417264603e+00 8.771429792469803033e+00 8.771442725968363163e+00 8.771483621437758060e+00 8.771612905442745856e+00 8.772021337053446999e+00
8.661290512348701398e+00 8.661290524860968176e+00 8.661290564428227867e+00 8.661290689550856570e+00 8.661291085223021824e+00 8.661292336444974538e+00 8.661296293123230683e+00 8.661308804908484760e+00 8.661348367338888465e+00 8.661473441371192905e+00 8.661868618044142210e+00
8.547700468891301639e+00 8.547700481065739098e+00 8.547700519564685351e+00 8.547700641309011971e+00 8.547701026298089033e+00 8.547702243737536065e+00 8.547706093589978238e+00 8.547718267600947328e+00 8.547756762283665211e+00 8.547878463762904389e+00 8.548263017551354537e+00
8.431136066268708262e+00 8.431136078175033077e+00 8.431136115826134869e+00 8.431136234889343939e+00 8.431136611400010139e+00 8.431137802028651151e+00 8.431141567100690182e+00 8.431153473040666313e+00 8.431191120292041319e+00 8.431310144848644939e+00 8.431686264101116990e+00
8.312063888697721836e+00 8.312063900393034999e+00 8.312063937376862555e+00 8.312064054329965757e+00 8.312064424167909138e+00 8.312065593695752597e+00 8.312069292043283042e+00 8.312080987002532950e+00 8.312117967282480535e+00 8.312234884811436686e+00 8.312604363503757199e+00
8.190917621775408719e+00 8.190917633305831558e+00 8.190917669768227327e+00 8.190917785072420187e+00 8.190918149696068795e+00 8.190919302735014895e+00 8.190922948941594228e+00 8.190934479031955817e+00 8.190970938104291221e+00 8.191086208994116546e+00 8.191450497083884841e+00
8.068086117638681998e+00 8.068086129040949572e+00 8.068086165098085516e+00 8.068086279120736393e+00 8.068086639691802731e+00 8.068087779915471103e+00 8.068091385597716325e+00 8.068102787550190058e+00 8.068138841528718075e+00 8.068252832557449850e+00 8.068613085592804879e+00
