1.168970962350586618e+01 1.168970962148935300e+01 1.168970961511212181e+01 1.168970959494098416e+01 1.168970953110863142e+01 1.168970932879687830e+01 1.168970868446969114e+01 1.168970660131924788e+01 1.168969955798112181e+01 1.168967274838602854e+01 1.168954453612240840e+01
1.168719022482091141e+01 1.168719022408757269e+01 1.168719022176822087e+01 1.168719021443044781e+01 1.168719019119298608e+01 1.168719011737580971e+01 1.168718988060618535e+01 1.168718909846674592e+01 1.168718629061428160e+01 1.168717406037223583e+01 1.168710241305971209e+01
1.168426486297116718e+01 1.168426486320696256e+01 1.168426486395236985e+01 1.168426486630715821e+01 1.168426487372969547e+01 1.168426489696218873e+01 1.168426496803282788e+01 1.168426516878773747e+01 1.168426556311570153e+01 1.168426438961368419e+01 1.168423638966779343e+01
1.168087688951373870e+01 1.168087689045182387e+01 1.168087689341813906e+01 1.168087690279676494e+01 1.168087693243769465e+01 1.168087702600164057e+01 1.168087732018715208e+01 1.168087823356797372e+01 1.168088095220321776e+01 1.168088783592194169e+01 1.168089217322307860e+01
1.167696244453654408e+01 1.167696244595630972e+01 1.167696245044588110e+01 1.167696246464198495e+01 1.167696250952229953e+01 1.167696265132921063e+01 1.167696309859055503e+01 1.167696450122544682e+01 1.167696881899151151e+01 1.167698128195838336e+01 1.167700846464820152e+01
1.167244958730498183e+01 1.167244958902887575e+01 1.167244959448022712e+01 1.167244961171811823e+01 1.167244966622111590e+01 1.167244983849476014e+01 1.167245038247179956e+01 1.167245209466694256e+01 1.167245742865560665e+01 1.167247348164272402e+01 1.167251583353857747e+01
1.166725735234972383e+01 1.166725735423883847e+01 1.166725736021268922e+01 1.166725737910312333e+01 1.166725743883453248e+01 1.166725762766796493e+01 1.166725822427274650e+01 1.166726010550571324e+01 1.166726600028578531e+01 1.166728409214328011e+01 1.166733561461749069e+01
1.166129479901707455e+01 1.166129480096615900e+01 1.166129480712967137e+01 1.166129482662004868e+01 1.166129488825045080e+01 1.166129508310704388e+01 1.166129569893909057e+01 1.166129764278005609e+01 1.166130375368251038e+01 1.166132271270631726e+01 1.166137887536218720e+01
1.165446009470150024e+01 1.165446009663372173e+01 1.165446010274391497e+01 1.165446012206581017e+01 1.165446018316464460e+01 1.165446037635254051e+01 1.165446098703033329e+01 1.165446291580020954e+01 1.165446899137934977e+01 1.165448796372818840e+01 1.165454546526438406e+01
1.164663955233807613e+01 1.164663955419974961e+01 1.164663956008685730e+01 1.164663957870337541e+01 1.164663963757243614e+01 1.164663982371738093e+01 1.164664041220562218e+01 1.164664227162926835e+01 1.164664813618590244e+01 1.164666652504725519e+01 1.164672305242318195e+01
1.163770543307650840e+01 1.163770543483223641e+01 1.163770544038432675e+01 1.163770545794147893e+01 1.163770551346107318e+01 1.163770568901951918e+01 1.163770624408472720e+01 1.163770799836043324e+01 1.163771353588336943e+01 1.163773094604080605e+01 1.163778495503445676e+01
