3.897111475473753028e+00 3.897111475473753028e+00 3.897111475473753028e+00 3.897111475473753028e+00 3.897111475473753028e+00 3.897111475473753472e+00 3.897111475473753472e+00 3.897111475473754361e+00 3.897111475473756581e+00 3.897111475473763686e+00 3.897111475473786779e+00
3.765750491102487718e+00 3.765750491102487718e+00 3.765750491102487718e+00 3.765750491102487718e+00 3.765750491102487718e+00 3.765750491102487718e+00 3.765750491102488162e+00 3.765750491102488606e+00 3.765750491102490827e+00 3.765750491102497488e+00 3.765750491102519693e+00
3.633530933429885756e+00 3.633530933429885756e+00 3.633530933429885756e+00 3.633530933429885756e+00 3.633530933429885756e+00 3.633530933429885756e+00 3.633530933429885756e+00 3.633530933429886645e+00 3.633530933429888421e+00 3.633530933429895082e+00 3.633530933429915066e+00
3.500163361061709555e+00 3.500163361061709555e+00 3.500163361061709555e+00 3.500163361061709555e+00 3.500163361061709999e+00 3.500163361061709555e+00 3.500163361061709999e+00 3.500163361061710443e+00 3.500163361061712219e+00 3.500163361061717993e+00 3.500163361061736644e+00
3.365258593956633071e+00 3.365258593956633071e+00 3.365258593956633071e+00 3.365258593956633071e+00 3.365258593956633071e+00 3.365258593956633071e+00 3.365258593956633071e+00 3.365258593956633515e+00 3.365258593956635291e+00 3.365258593956640620e+00 3.365258593956657496e+00
3.228290136951368794e+00 3.228290136951368794e+00 3.228290136951368794e+00 3.228290136951368794e+00 3.228290136951368794e+00 3.228290136951368794e+00 3.228290136951368794e+00 3.228290136951369238e+00 3.228290136951371014e+00 3.228290136951375899e+00 3.228290136951390554e+00
3.088544755581454915e+00 3.088544755581454915e+00 3.088544755581454915e+00 3.088544755581454915e+00 3.088544755581454915e+00 3.088544755581454915e+00 3.088544755581455359e+00 3.088544755581455803e+00 3.088544755581457135e+00 3.088544755581461132e+00 3.088544755581474011e+00
2.945042226917805372e+00 2.945042226917805372e+00 2.945042226917805372e+00 2.945042226917805372e+00 2.945042226917805372e+00 2.945042226917805372e+00 2.945042226917805372e+00 2.945042226917805817e+00 2.945042226917806705e+00 2.945042226917810702e+00 2.945042226917821804e+00
2.796424425153658522e+00 2.796424425153658522e+00 2.796424425153658522e+00 2.796424425153658522e+00 2.796424425153658522e+00 2.796424425153658522e+00 2.796424425153658966e+00 2.796424425153659410e+00 2.796424425153660298e+00 2.796424425153662963e+00 2.796424425153672733e+00
2.640878572090838983e+00 2.640878572090838983e+00 2.640878572090838983e+00 2.640878572090838983e+00 2.640878572090838983e+00 2.640878572090839427e+00 2.640878572090839427e+00 2.640878572090839427e+00 2.640878572090840315e+00 2.640878572090842535e+00 2.640878572090850529e+00
2.475842501733530820e+00 2.475842501733530820e+00 2.475842501733530820e+00 2.475842501733530820e+00 2.475842501733530820e+00 2.475842501733531265e+00 2.475842501733531265e+00 2.475842501733531265e+00 2.475842501733532153e+00 2.475842501733533929e+00 2.475842501733540146e+00
