1.301810839576436685e+01 1.301810839576449119e+01 1.301810839576488377e+01 1.301810839576612544e+01 1.301810839577004941e+01 1.301810839578246082e+01 1.301810839582170587e+01 1.301810839594581459e+01 1.301810839633827754e+01 1.301810839757935412e+01 1.301810840150398541e+01
1.291822467255716234e+01 1.291822467255727780e+01 1.291822467255764728e+01 1.291822467255881435e+01 1.291822467256250739e+01 1.291822467257417983e+01 1.291822467261109786e+01 1.291822467272784003e+01 1.291822467309700784e+01 1.291822467426442422e+01 1.291822467795612006e+01
1.281383872897091436e+01 1.281383872897102449e+01 1.281383872897137444e+01 1.281383872897247933e+01 1.281383872897597698e+01 1.281383872898703657e+01 1.281383872902201126e+01 1.281383872913261079e+01 1.281383872948235769e+01 1.281383873058835121e+01 1.281383873408581131e+01
1.270537376665916973e+01 1.270537376665927454e+01 1.270537376665960849e+01 1.270537376666066365e+01 1.270537376666399787e+01 1.270537376667454232e+01 1.270537376670788987e+01 1.270537376681333974e+01 1.270537376714680455e+01 1.270537376820131215e+01 1.270537377153595671e+01
1.259328653677183674e+01 1.259328653677193799e+01 1.259328653677225773e+01 1.259328653677326848e+01 1.259328653677646415e+01 1.259328653678657339e+01 1.259328653681854249e+01 1.259328653691963673e+01 1.259328653723932234e+01 1.259328653825025945e+01 1.259328654144712267e+01
1.247804544140670657e+01 1.247804544140680250e+01 1.247804544140711158e+01 1.247804544140808503e+01 1.247804544141116345e+01 1.247804544142089789e+01 1.247804544145168393e+01 1.247804544154903361e+01 1.247804544185688513e+01 1.247804544283039441e+01 1.247804544590890430e+01
1.236010933391690436e+01 1.236010933391699851e+01 1.236010933391729516e+01 1.236010933391823663e+01 1.236010933392121025e+01 1.236010933393061784e+01 1.236010933396036471e+01 1.236010933405443168e+01 1.236010933435189862e+01 1.236010933529257017e+01 1.236010933826723424e+01
1.223990920332034804e+01 1.223990920332043864e+01 1.223990920332072818e+01 1.223990920332163768e+01 1.223990920332451893e+01 1.223990920333362986e+01 1.223990920336244059e+01 1.223990920345354638e+01 1.223990920374165015e+01 1.223990920465271159e+01 1.223990920753374034e+01
1.211783425311960549e+01 1.211783425311969431e+01 1.211783425311997320e+01 1.211783425312085782e+01 1.211783425312365203e+01 1.211783425313248586e+01 1.211783425316042440e+01 1.211783425324877328e+01 1.211783425352815868e+01 1.211783425441165463e+01 1.211783425720550866e+01
1.199422296303525748e+01 1.199422296303534274e+01 1.199422296303561453e+01 1.199422296303647073e+01 1.199422296303918145e+01 1.199422296304775060e+01 1.199422296307484892e+01 1.199422296316054393e+01 1.199422296343153249e+01 1.199422296428847190e+01 1.199422296699835755e+01
1.186935881746387800e+01 1.186935881746395971e+01 1.186935881746422261e+01 1.186935881746505395e+01 1.186935881746767940e+01 1.186935881747598565e+01 1.186935881750224908e+01 1.186935881758529909e+01 1.186935881784792990e+01 1.186935881867844067e+01 1.186935882130474873e+01
