4.885539405576829530e+00 5.066946564864502456e+00 5.384126481211130688e+00 5.797414922937115023e+00 6.228399380836573407e+00 6.624633354813132868e+00 6.965849454970309829e+00 7.239586787241456101e+00 7.435025694381073968e+00 7.537235866980276811e+00 7.521731002786680165e+00
5.026665297014051959e+00 5.182917820673865528e+00 5.473289759338637595e+00 5.869523949510256244e+00 6.291093412792066353e+00 6.681357071740209541e+00 7.017561610643576309e+00 7.286252026654478797e+00 7.476140641334847459e+00 7.571656624747214792e+00 7.547655516323140468e+00
5.167772109882990961e+00 5.304163441318541672e+00 5.570881372957357414e+00 5.950352490251249016e+00 6.361905475672147148e+00 6.745542436992079338e+00 7.076055433528519067e+00 7.338972685310355182e+00 7.522476267073614054e+00 7.610249845510946187e+00 7.576429042444085660e+00
5.308524451967276292e+00 5.429281276249698251e+00 5.675553297239861017e+00 6.038958042418038019e+00 6.440108438940407076e+00 6.816548759029307902e+00 7.140732674552724646e+00 7.397181021018141678e+00 7.573486037302571638e+00 7.652478789704628248e+00 7.607538670196612784e+00
5.448852430631560217e+00 5.557276035350221299e+00 5.786096719259926857e+00 6.134362107110105988e+00 6.524902302040488600e+00 6.893656946631951499e+00 7.210920213466123663e+00 7.460240237256160256e+00 7.628558150751458378e+00 7.697747867654435083e+00 7.640427402688656500e+00
5.588803240061127831e+00 5.687449036070324482e+00 5.901472230290591980e+00 6.235613595047795776e+00 6.615471508493061314e+00 6.976121279218143734e+00 7.285917807654995748e+00 7.527487430648282185e+00 7.687055077067888043e+00 7.745438415954410516e+00 7.674526493672032323e+00
5.728463785515806705e+00 5.819307122085654704e+00 6.020807111370778841e+00 6.341827377560733225e+00 6.711024607933672392e+00 7.063206738565324549e+00 7.365032833115681576e+00 7.598265337011942400e+00 7.748342323708967250e+00 7.794935091617622547e+00 7.709279906725425846e+00
5.867923832750332025e+00 5.952496120094616039e+00 6.143376988392445170e+00 6.452204135635495774e+00 6.810819173550157757e+00 7.154213908942332445e+00 7.447603698007404738e+00 7.671943649107155316e+00 7.811807789071081309e+00 7.845644041833585547e+00 7.744161791797639971e+00
6.007260742948878018e+00 6.086755213013100629e+00 6.268582529382737079e+00 6.566037380624536901e+00 6.914175497244415602e+00 7.248494052998206705e+00 7.533014185608428726e+00 7.747931952607017614e+00 7.876873569545240095e+00 7.897004484636202193e+00 7.778688267767123854e+00
6.146534980324220854e+00 6.221886649357270649e+00 6.395926812410839268e+00 6.682712317866165819e+00 7.020482343154459848e+00 7.345456893478844229e+00 7.620700957540867293e+00 7.825686347892639283e+00 7.943002092412249304e+00 7.948495350580802921e+00 7.812424892650371433e+00
6.285790545639834193e+00 6.357735877362050481e+00 6.524995842352015352e+00 6.801699939380100091e+00 7.129197439747703591e+00 7.444573252822813458e+00 7.710158077848176639e+00 7.904711513944617352e+00 8.009698207808062520e+00 7.999638436403700759e+00 7.844990961342492852e+00
