8.817333814065113629e+00 8.817333825856922047e+00 8.817333863145890405e+00 8.817333981063915971e+00 8.817334353952981374e+00 8.817335533127046432e+00 8.817339261955874363e+00 8.817351053077867817e+00 8.817388335167310132e+00 8.817506184011834947e+00 8.817878368949765289e+00
8.722658446415595179e+00 8.722658457586145886e+00 8.722658492910522199e+00 8.722658604615970646e+00 8.722658957859245277e+00 8.722660074908873185e+00 8.722663607293014820e+00 8.722674777302874105e+00 8.722710096271784508e+00 8.722821747378215917e+00 8.723174438724688784e+00
8.623028131076091896e+00 8.623028141728505958e+00 8.623028175414390262e+00 8.623028281938481143e+00 8.623028618796936939e+00 8.623029684033918230e+00 8.623033052579177848e+00 8.623043704555929168e+00 8.623077386071974715e+00 8.623183866288146149e+00 8.623520280073339705e+00
8.518815665087469569e+00 8.518815675312513491e+00 8.518815707646938407e+00 8.518815809897343883e+00 8.518816133241266186e+00 8.518817155742052449e+00 8.518820389148640260e+00 8.518830613829923237e+00 8.518862944626013345e+00 8.518965158610653177e+00 8.519288134177395833e+00
8.410451851068117435e+00 8.410451860944483826e+00 8.410451892176292077e+00 8.410451990939924016e+00 8.410452303257734741e+00 8.410453290891256373e+00 8.410456414041505013e+00 8.410466290097954101e+00 8.410497518809862072e+00 8.410596251376578181e+00 8.410908255614234719e+00
8.298405192581975953e+00 8.298405202176876827e+00 8.298405232518614838e+00 8.298405328467596931e+00 8.298405631884733680e+00 8.298406591372112118e+00 8.298409625519072463e+00 8.298419220148725017e+00 8.298449559174898127e+00 8.298545480971943888e+00 8.298848624178294386e+00
8.183159468676647563e+00 8.183159478046638569e+00 8.183159507677151723e+00 8.183159601377045789e+00 8.183159897681962391e+00 8.183160834678714579e+00 8.183163797705990561e+00 8.183173167454651065e+00 8.183202795537203755e+00 8.183296471075371059e+00 8.183592530949779231e+00
8.065191764613743430e+00 8.065191773805704401e+00 8.065191802873235005e+00 8.065191894792823391e+00 8.065192185467932262e+00 8.065193104661810608e+00 8.065196011392862019e+00 8.065205203131315059e+00 8.065234268437391663e+00 8.065326165744536979e+00 8.065616616986833520e+00
7.944953394836320903e+00 7.944953403888526999e+00 7.944953432514116898e+00 7.944953523036165421e+00 7.944953809291874336e+00 7.944954714510489957e+00 7.944957577048915809e+00 7.944966629048399120e+00 7.944995252565157706e+00 7.945085753861508060e+00 7.945371801301902792e+00
7.822855498623781045e+00 7.822855507567028077e+00 7.822855535848055375e+00 7.822855625280501712e+00 7.822855908090597943e+00 7.822856802413303612e+00 7.822859630496603600e+00 7.822868573547097526e+00 7.822896852613935081e+00 7.822986265440643905e+00 7.823268878802542403e+00
7.699260123190287963e+00 7.699260132048993732e+00 7.699260160062680214e+00 7.699260248649722804e+00 7.699260528786419755e+00 7.699261414655155455e+00 7.699264216005224704e+00 7.699273074523525828e+00 7.699301086333311339e+00 7.699389654595674592e+00 7.699669603121186867e+00
