9.049551523749883586e+00 9.049551523749883586e+00 9.049551523749883586e+00 9.049551523749883586e+00 9.049551523749883586e+00 9.049551523749883586e+00 9.049551523749883586e+00 9.049551523749883586e+00 9.049551523749883586e+00 9.049551523749883586e+00 9.049551523749883586e+00
8.935613197088924764e+00 8.935613197088924764e+00 8.935613197088924764e+00 8.935613197088924764e+00 8.935613197088924764e+00 8.935613197088924764e+00 8.935613197088924764e+00 8.935613197088924764e+00 8.935613197088924764e+00 8.935613197088924764e+00 8.935613197088924764e+00
8.818758154760534040e+00 8.818758154760534040e+00 8.818758154760534040e+00 8.818758154760534040e+00 8.818758154760534040e+00 8.818758154760534040e+00 8.818758154760534040e+00 8.818758154760534040e+00 8.818758154760534040e+00 8.818758154760534040e+00 8.818758154760534040e+00
8.699448559373138323e+00 8.699448559373138323e+00 8.699448559373138323e+00 8.699448559373138323e+00 8.699448559373138323e+00 8.699448559373138323e+00 8.699448559373138323e+00 8.699448559373138323e+00 8.699448559373138323e+00 8.699448559373138323e+00 8.699448559373138323e+00
8.578112195305493515e+00 8.578112195305493515e+00 8.578112195305493515e+00 8.578112195305493515e+00 8.578112195305493515e+00 8.578112195305493515e+00 8.578112195305493515e+00 8.578112195305493515e+00 8.578112195305493515e+00 8.578112195305493515e+00 8.578112195305493515e+00
8.455131204965439906e+00 8.455131204965439906e+00 8.455131204965439906e+00 8.455131204965439906e+00 8.455131204965439906e+00 8.455131204965439906e+00 8.455131204965439906e+00 8.455131204965439906e+00 8.455131204965439906e+00 8.455131204965439906e+00 8.455131204965439906e+00
8.330836287125018558e+00 8.330836287125018558e+00 8.330836287125018558e+00 8.330836287125018558e+00 8.330836287125018558e+00 8.330836287125018558e+00 8.330836287125018558e+00 8.330836287125018558e+00 8.330836287125018558e+00 8.330836287125018558e+00 8.330836287125018558e+00
8.205505727599904375e+00 8.205505727599904375e+00 8.205505727599904375e+00 8.205505727599904375e+00 8.205505727599904375e+00 8.205505727599904375e+00 8.205505727599904375e+00 8.205505727599904375e+00 8.205505727599904375e+00 8.205505727599904375e+00 8.205505727599904375e+00
8.079368097876788113e+00 8.079368097876788113e+00 8.079368097876788113e+00 8.079368097876788113e+00 8.079368097876788113e+00 8.079368097876788113e+00 8.079368097876788113e+00 8.079368097876788113e+00 8.079368097876788113e+00 8.079368097876788113e+00 8.079368097876788113e+00
7.952607291662230793e+00 7.952607291662230793e+00 7.952607291662230793e+00 7.952607291662230793e+00 7.952607291662230793e+00 7.952607291662230793e+00 7.952607291662230793e+00 7.952607291662230793e+00 7.952607291662230793e+00 7.952607291662230793e+00 7.952607291662230793e+00
7.825368692283737992e+00 7.825368692283737992e+00 7.825368692283737992e+00 7.825368692283737992e+00 7.825368692283737992e+00 7.825368692283737992e+00 7.825368692283737992e+00 7.825368692283737992e+00 7.825368692283737992e+00 7.825368692283737992e+00 7.825368692283737992e+00
