6.156785403657032418e+00 5.746602874209427725e+00 5.292444507674325394e+00 4.812157762064932953e+00 4.319500956871254793e+00 3.821995880919604627e+00 3.322806294907121316e+00 2.823064912556068506e+00 2.323146936318467137e+00 1.823172898929929620e+00 1.323181111478744842e+00
6.156825141096864407e+00 5.746612920270623981e+00 5.292446309646443581e+00 4.812157940575962911e+00 4.319500941674290218e+00 3.821995866453319124e+00 3.322806289238910527e+00 2.823064910649260906e+00 2.323146935703873428e+00 1.823172898734411351e+00 1.323181111416799949e+00
6.156853731362923909e+00 5.746620084562643171e+00 5.292447561755495578e+00 4.812158048820556644e+00 4.319500923272390658e+00 3.821995853539365662e+00 3.322806284352099571e+00 2.823064909019935786e+00 2.323146935180111505e+00 1.823172898567926747e+00 1.323181111364067020e+00
6.156874273301605527e+00 5.746625177778186710e+00 5.292448423422618120e+00 4.812158109294292885e+00 4.319500903648514800e+00 3.821995842112187791e+00 3.322806280147528213e+00 2.823064907628533238e+00 2.323146934733838265e+00 1.823172898426172805e+00 1.323181111319177372e+00
6.156889008797613805e+00 5.746628784871800733e+00 5.292449008975658842e+00 4.812158137828852489e+00 4.319500884075650582e+00 3.821995832070401722e+00 3.322806276536072634e+00 2.823064906440902355e+00 2.323146934353649495e+00 1.823172898305481571e+00 1.323181111280964828e+00
6.156899558914136428e+00 5.746631327557611968e+00 5.292449400243111057e+00 4.812158145497090977e+00 4.319500865336752149e+00 3.821995823294685568e+00 3.322806273438454916e+00 2.823064905427627558e+00 2.323146934029800992e+00 1.823172898202727543e+00 1.323181111248436848e+00
6.156907095175651712e+00 5.746633109566650965e+00 5.292449655654798413e+00 4.812158139983068850e+00 4.319500847880466843e+00 3.821995815659546381e+00 3.322806270784717242e+00 2.823064904563421074e+00 2.323146933753974963e+00 1.823172898115248852e+00 1.323181111220747885e+00
6.156912463733952734e+00 5.746634349405724151e+00 5.292449816814379204e+00 4.812158126565927674e+00 4.319500831930881191e+00 3.821995809040830139e+00 3.322806268513518013e+00 2.823064903826574934e+00 2.323146933519073087e+00 1.823172898040775980e+00 1.323181111197178739e+00
6.156916275335866828e+00 5.746635204059800550e+00 5.292449913242854187e+00 4.812158108825265401e+00 4.319500817564408734e+00 3.821995803320298535e+00 3.322806266571346256e+00 2.823064903198481357e+00 2.323146933319039320e+00 1.823172897977377804e+00 1.323181111177116120e+00
6.156918970485842912e+00 5.746635786134556945e+00 5.292449965799448819e+00 4.812158089145814444e+00 4.319500804763262813e+00 3.821995798388210019e+00 3.322806264911709828e+00 2.823064902663206421e+00 2.323146933148709792e+00 1.823172897923408087e+00 1.323181111160038892e+00
6.156920866625855915e+00 5.746636176249155348e+00 5.292449989146472689e+00 4.812158069077684175e+00 4.319500793452291987e+00 3.821995794144562364e+00 3.322806263494355150e+00 2.823064902207117477e+00 2.323146933003681802e+00 1.823172897877466170e+00 1.323181111145502520e+00
