-2.563485850124120891e+00 -2.563485841461320636e+00 -2.563485814067142154e+00 -2.563485727439158257e+00 -2.563485453497574174e+00 -2.563484587219756694e+00 -2.563481847824114368e+00 -2.563473185247930886e+00 -2.563445793311293297e+00 -2.563359187744155943e+00 -2.563085470224021112e+00
-2.682556725722891500e+00 -2.682556716868474300e+00 -2.682556688868350303e+00 -2.682556600324199625e+00 -2.682556320323157717e+00 -2.682555434883612477e+00 -2.682552634892857668e+00 -2.682543780694026214e+00 -2.682515782752590283e+00 -2.682427260422262982e+00 -2.682147477488126874e+00
-2.803826150764528347e+00 -2.803826141761265767e+00 -2.803826113290450728e+00 -2.803826023257842692e+00 -2.803825738549885038e+00 -2.803824838225732030e+00 -2.803821991165395211e+00 -2.803812988116275662e+00 -2.803784519436895550e+00 -2.803694508182464684e+00 -2.803410013657385846e+00
-2.926841096193746328e+00 -2.926841087075858105e+00 -2.926841058242564575e+00 -2.926840967063698784e+00 -2.926840678730952217e+00 -2.926839766944186128e+00 -2.926836883635635989e+00 -2.926827765957120242e+00 -2.926798934762958826e+00 -2.926707776888121781e+00 -2.926419653951256805e+00
-3.051223782737221502e+00 -3.051223773531650973e+00 -3.051223744421081907e+00 -3.051223652365394390e+00 -3.051223361259891576e+00 -3.051222440704881134e+00 -3.051219529668516728e+00 -3.051210324305053678e+00 -3.051181215807724278e+00 -3.051089180833113534e+00 -3.050798282361927516e+00
-3.176666757370490757e+00 -3.176666748098173620e+00 -3.176666718776533838e+00 -3.176666626053381126e+00 -3.176666332837166706e+00 -3.176665405607486115e+00 -3.176662473463816916e+00 -3.176653201351750333e+00 -3.176623881762357993e+00 -3.176531179111577785e+00 -3.176238167818627112e+00
-3.302925171430832307e+00 -3.302925162107852142e+00 -3.302925132626002735e+00 -3.302925039396221063e+00 -3.302924744577905081e+00 -3.302923812281923777e+00 -3.302920864117095512e+00 -3.302911541340588286e+00 -3.302882061525287405e+00 -3.302788852086905536e+00 -3.302494237103068109e+00
-3.429806968170218351e+00 -3.429806958808818251e+00 -3.429806929205473587e+00 -3.429806835591491243e+00 -3.429806539558224898e+00 -3.429805603420224447e+00 -3.429802643105785531e+00 -3.429793281908022351e+00 -3.429763680585918628e+00 -3.429670086828058739e+00 -3.429374255707113850e+00
-3.557163756176867420e+00 -3.557163746786287550e+00 -3.557163717090667365e+00 -3.557163623184886436e+00 -3.557163326228869327e+00 -3.557162387172870588e+00 -3.557159417630848974e+00 -3.557150027252307556e+00 -3.557120333646474286e+00 -3.557026448001788133e+00 -3.556729693253188440e+00
-3.684882003106504378e+00 -3.684881993693665425e+00 -3.684881963927656212e+00 -3.684881869799283560e+00 -3.684881572139370842e+00 -3.684880630857453987e+00 -3.684877654276418113e+00 -3.684868241638118658e+00 -3.684838477636369625e+00 -3.684744369336417691e+00 -3.684446910051756063e+00
-3.812875955700735009e+00 -3.812875946270773309e+00 -3.812875916450616742e+00 -3.812875822151015726e+00 -3.812875523949631695e+00 -3.812874580955426751e+00 -3.812871598959629793e+00 -3.812862169198039552e+00 -3.812832351044549206e+00 -3.812738071470366030e+00 -3.812440070255108893e+00
