1.022810344355262480e+01 1.031512428141473947e+01 1.028785169139207234e+01 1.011591460052936853e+01 9.791786541536460220e+00 9.354997620509344358e+00 8.869120289789291789e+00 8.371450125496872730e+00 7.871860317026158071e+00 7.371953731953017730e+00 6.871979555924109917e+00
1.010869572999810195e+01 1.021436717561570617e+01 1.021118758076059940e+01 1.006784218507668882e+01 9.770251940913459165e+00 9.349127817489927494e+00 8.868139531141741472e+00 8.371313136687641432e+00 7.871837644843584947e+00 7.371948703656650004e+00 6.871978181731670965e+00
9.980266144586355637e+00 1.010449310661906530e+01 1.012540251012840820e+01 1.001147693816557016e+01 9.742962964471439946e+00 9.340889891353929997e+00 8.866656349905358780e+00 8.371105788495551536e+00 7.871805007774031360e+00 7.371941836063328424e+00 6.871976358839315679e+00
9.841255730708043714e+00 9.984032253550010338e+00 1.002907881241604393e+01 9.945351120158782976e+00 9.708462032903831584e+00 9.329316227330480160e+00 8.864374885671356452e+00 8.370781549016889755e+00 7.871756293525769443e+00 7.371932167709051242e+00 6.871973882556567936e+00
9.689726534047924389e+00 9.851132952023846201e+00 9.920434557376188067e+00 9.867641624569799319e+00 9.664907597749921919e+00 9.313050709060407328e+00 8.860808730901714725e+00 8.370256245519939853e+00 7.871680452888476509e+00 7.371918047676122576e+00 6.871970420851544858e+00
9.523275966596518316e+00 9.703462721432591920e+00 9.797222773417999520e+00 9.776067508468630152e+00 9.609961417315911802e+00 9.290201998777689596e+00 8.855154778241301372e+00 8.369372522026521821e+00 7.871556480143220291e+00 7.371896486254958525e+00 6.871965409703414629e+00
9.338938479574247609e+00 9.538085458757304735e+00 9.656605116825140556e+00 9.667761674918828874e+00 9.540645186580409387e+00 9.258150235711713805e+00 8.846089148888873765e+00 8.367827170685618654e+00 7.871342181801206372e+00 7.371861726492726419e+00 6.871957837058927154e+00
9.133088310186105119e+00 9.351314025258034235e+00 9.494993545542984137e+00 9.539112098848297805e+00 9.453163601735489863e+00 9.213300216714667812e+00 8.831449651493876729e+00 8.365021656312690013e+00 7.870947688138724807e+00 7.371801872343700879e+00 6.871945763718906086e+00
8.901369244463047892e+00 9.138543885053513449e+00 9.307856554596698473e+00 9.385569815118717685e+00 9.342694942841617944e+00 9.150782697495170481e+00 8.807769554596434958e+00 8.359758808072628611e+00 7.870169866970343264e+00 7.371690285515589025e+00 6.871925168228460556e+00
8.638719155815159922e+00 8.894092800551996802e+00 9.089491354480315977e+00 9.201419840343291412e+00 9.203156505992426517e+00 9.064119348846958246e+00 8.769651234150213526e+00 8.349653519044414551e+00 7.868523972188881110e+00 7.371461724357744494e+00 6.871886878773010743e+00
8.339626957479856273e+00 8.611109484984879714e+00 8.832777041272354523e+00 8.979515582508433624e+00 9.026958617026396681e+00 8.944892413653061425e+00 8.709029449222049024e+00 8.330084014223183786e+00 7.864807755126720146e+00 7.370940375380215848e+00 6.871807471394506983e+00
