1.289977817616567712e+01 1.289977817616567712e+01 1.289977817616567712e+01 1.289977817616567712e+01 1.289977817616567712e+01 1.289977817616567712e+01 1.289977817616567712e+01 1.289977817616567712e+01 1.289977817616567712e+01 1.289977817616567712e+01 1.289977817616567712e+01
1.292678720166752449e+01 1.292678720166752449e+01 1.292678720166752449e+01 1.292678720166752449e+01 1.292678720166752449e+01 1.292678720166752449e+01 1.292678720166752449e+01 1.292678720166752449e+01 1.292678720166752449e+01 1.292678720166752449e+01 1.292678720166752449e+01
1.295056147069178643e+01 1.295056147069178643e+01 1.295056147069178643e+01 1.295056147069178643e+01 1.295056147069178643e+01 1.295056147069178643e+01 1.295056147069178643e+01 1.295056147069178643e+01 1.295056147069178643e+01 1.295056147069178643e+01 1.295056147069178643e+01
1.297143521120132270e+01 1.297143521120132270e+01 1.297143521120132270e+01 1.297143521120132270e+01 1.297143521120132270e+01 1.297143521120132270e+01 1.297143521120132270e+01 1.297143521120132270e+01 1.297143521120132270e+01 1.297143521120132270e+01 1.297143521120132270e+01
1.298971898975609918e+01 1.298971898975609918e+01 1.298971898975609918e+01 1.298971898975609918e+01 1.298971898975609918e+01 1.298971898975609918e+01 1.298971898975609918e+01 1.298971898975609918e+01 1.298971898975609918e+01 1.298971898975609918e+01 1.298971898975609918e+01
1.300569889167266524e+01 1.300569889167266524e+01 1.300569889167266524e+01 1.300569889167266524e+01 1.300569889167266524e+01 1.300569889167266524e+01 1.300569889167266524e+01 1.300569889167266524e+01 1.300569889167266524e+01 1.300569889167266524e+01 1.300569889167266524e+01
1.301963649216617114e+01 1.301963649216617114e+01 1.301963649216617114e+01 1.301963649216617114e+01 1.301963649216617114e+01 1.301963649216617114e+01 1.301963649216617114e+01 1.301963649216617114e+01 1.301963649216617114e+01 1.301963649216617114e+01 1.301963649216617114e+01
1.303176940943744455e+01 1.303176940943744455e+01 1.303176940943744455e+01 1.303176940943744455e+01 1.303176940943744455e+01 1.303176940943744455e+01 1.303176940943744455e+01 1.303176940943744455e+01 1.303176940943744455e+01 1.303176940943744455e+01 1.303176940943744455e+01
1.304231227002852833e+01 1.304231227002852833e+01 1.304231227002852833e+01 1.304231227002852833e+01 1.304231227002852833e+01 1.304231227002852833e+01 1.304231227002852833e+01 1.304231227002852833e+01 1.304231227002852833e+01 1.304231227002852833e+01 1.304231227002852833e+01
1.305145795163056555e+01 1.305145795163056555e+01 1.305145795163056555e+01 1.305145795163056555e+01 1.305145795163056555e+01 1.305145795163056555e+01 1.305145795163056555e+01 1.305145795163056555e+01 1.305145795163056555e+01 1.305145795163056555e+01 1.305145795163056555e+01
1.305937899825000059e+01 1.305937899825000059e+01 1.305937899825000059e+01 1.305937899825000059e+01 1.305937899825000059e+01 1.305937899825000059e+01 1.305937899825000059e+01 1.305937899825000059e+01 1.305937899825000059e+01 1.305937899825000059e+01 1.305937899825000059e+01
