7.206006806635866901e+00 7.206006806635866901e+00 7.206006806635866901e+00 7.206006806635866901e+00 7.206006806635866901e+00 7.206006806635866901e+00 7.206006806635866901e+00 7.206006806635866901e+00 7.206006806635866901e+00 7.206006806635866901e+00 7.206006806635866901e+00
7.129560249995983590e+00 7.129560249995983590e+00 7.129560249995983590e+00 7.129560249995983590e+00 7.129560249995983590e+00 7.129560249995983590e+00 7.129560249995983590e+00 7.129560249995983590e+00 7.129560249995983590e+00 7.129560249995983590e+00 7.129560249995983590e+00
7.047085386265761642e+00 7.047085386265761642e+00 7.047085386265761642e+00 7.047085386265761642e+00 7.047085386265761642e+00 7.047085386265761642e+00 7.047085386265761642e+00 7.047085386265761642e+00 7.047085386265761642e+00 7.047085386265761642e+00 7.047085386265761642e+00
6.958756013097652904e+00 6.958756013097652904e+00 6.958756013097652904e+00 6.958756013097652904e+00 6.958756013097652904e+00 6.958756013097652904e+00 6.958756013097652904e+00 6.958756013097652904e+00 6.958756013097652904e+00 6.958756013097652904e+00 6.958756013097652904e+00
6.864841765863981315e+00 6.864841765863981315e+00 6.864841765863981315e+00 6.864841765863981315e+00 6.864841765863981315e+00 6.864841765863981315e+00 6.864841765863981315e+00 6.864841765863981315e+00 6.864841765863981315e+00 6.864841765863981315e+00 6.864841765863981315e+00
6.765700302760160767e+00 6.765700302760160767e+00 6.765700302760160767e+00 6.765700302760160767e+00 6.765700302760160767e+00 6.765700302760160767e+00 6.765700302760160767e+00 6.765700302760160767e+00 6.765700302760160767e+00 6.765700302760160767e+00 6.765700302760160767e+00
6.661763237862555975e+00 6.661763237862555975e+00 6.661763237862555975e+00 6.661763237862555975e+00 6.661763237862555975e+00 6.661763237862555975e+00 6.661763237862555975e+00 6.661763237862555975e+00 6.661763237862555975e+00 6.661763237862555975e+00 6.661763237862555975e+00
6.553516637408594470e+00 6.553516637408594470e+00 6.553516637408594470e+00 6.553516637408594470e+00 6.553516637408594470e+00 6.553516637408594470e+00 6.553516637408594470e+00 6.553516637408594470e+00 6.553516637408594470e+00 6.553516637408594470e+00 6.553516637408594470e+00
6.441477857212479563e+00 6.441477857212479563e+00 6.441477857212479563e+00 6.441477857212479563e+00 6.441477857212479563e+00 6.441477857212479563e+00 6.441477857212479563e+00 6.441477857212479563e+00 6.441477857212479563e+00 6.441477857212479563e+00 6.441477857212479563e+00
6.326171214949651400e+00 6.326171214949651400e+00 6.326171214949651400e+00 6.326171214949651400e+00 6.326171214949651400e+00 6.326171214949651400e+00 6.326171214949651400e+00 6.326171214949651400e+00 6.326171214949651400e+00 6.326171214949651400e+00 6.326171214949651400e+00
6.208105229590364260e+00 6.208105229590364260e+00 6.208105229590364260e+00 6.208105229590364260e+00 6.208105229590364260e+00 6.208105229590364260e+00 6.208105229590364260e+00 6.208105229590364260e+00 6.208105229590364260e+00 6.208105229590364260e+00 6.208105229590364260e+00
