8.483234645507108374e-01 3.483720917148158125e-01 -1.516230378840405513e-01 -6.516225507553582430e-01 -1.151622502031302675e+00 -1.651622497158390823e+00 -2.151622496670730467e+00 -2.651622496621847791e+00 -3.151622496616922398e+00 -3.651622496616418356e+00 -4.151622496616364622e+00
8.483235634743039322e-01 3.483721015178290470e-01 -1.516230369406360856e-01 -6.516225506727726380e-01 -1.151622502026762307e+00 -1.651622497159112690e+00 -2.151622496671174556e+00 -2.651622496622009884e+00 -3.151622496616975688e+00 -3.651622496616435232e+00 -4.151622496616369951e+00
8.483238048928963826e-01 3.483721254409827828e-01 -1.516230346385085692e-01 -6.516225504712914729e-01 -1.151622502015701821e+00 -1.651622497160880387e+00 -2.151622496672259910e+00 -2.651622496622405567e+00 -3.151622496617106250e+00 -3.651622496616476976e+00 -4.151622496616382385e+00
8.483243084296030467e-01 3.483721753354581119e-01 -1.516230298378275498e-01 -6.516225500513552760e-01 -1.151622501992727754e+00 -1.651622497164597636e+00 -2.151622496674533647e+00 -2.651622496623234237e+00 -3.151622496617379365e+00 -3.651622496616564462e+00 -4.151622496616410807e+00
8.483252253178661384e-01 3.483722661774964480e-01 -1.516230210996679095e-01 -6.516225492877563141e-01 -1.151622501951229394e+00 -1.651622497171472137e+00 -2.151622496678707641e+00 -2.651622496624754355e+00 -3.151622496617879854e+00 -3.651622496616724778e+00 -4.151622496616461433e+00
8.483267089632529068e-01 3.483724131421557235e-01 -1.516230069696696825e-01 -6.516225480551355309e-01 -1.151622501885020355e+00 -1.651622497182893001e+00 -2.151622496685554609e+00 -2.651622496627243031e+00 -3.151622496618699643e+00 -3.651622496616987235e+00 -4.151622496616544922e+00
8.483288743107048058e-01 3.483726275658934335e-01 -1.516229863691739566e-01 -6.516225462630654830e-01 -1.151622501790573239e+00 -1.651622497200251782e+00 -2.151622496695766440e+00 -2.651622496630944958e+00 -3.151622496619917335e+00 -3.651622496617377145e+00 -4.151622496616668379e+00
8.483317608967652079e-01 3.483729132789056826e-01 -1.516229589500105723e-01 -6.516225438877070175e-01 -1.151622501668974730e+00 -1.651622497224754849e+00 -2.151622496709810761e+00 -2.651622496636015125e+00 -3.151622496621583558e+00 -3.651622496617910496e+00 -4.151622496616838021e+00
8.483353141228867633e-01 3.483732647549829808e-01 -1.516229252719895337e-01 -6.516225409871750918e-01 -1.151622501526710529e+00 -1.651622497257263733e+00 -2.151622496727840339e+00 -2.651622496642491722e+00 -3.151622496623709413e+00 -3.651622496618590397e+00 -4.151622496617053848e+00
8.483393914995074336e-01 3.483736677499568724e-01 -1.516228867377442946e-01 -6.516225376946408465e-01 -1.151622501374852447e+00 -1.651622497298175452e+00 -2.151622496749671321e+00 -2.651622496650284599e+00 -3.151622496626262482e+00 -3.651622496619406633e+00 -4.151622496617312308e+00
8.483437902470245540e-01 3.483741020647935782e-01 -1.516228453207685845e-01 -6.516225341925621084e-01 -1.151622501226935436e+00 -1.651622497347353891e+00 -2.151622496774818316e+00 -2.651622496659196582e+00 -3.151622496629176595e+00 -3.651622496620337444e+00 -4.151622496617608071e+00
