-2.232180267749293634e+01 -2.232180267749049918e+01 -2.232180267748278624e+01 -2.232180267745840752e+01 -2.232180267738131008e+01 -2.232180267713750865e+01 -2.232180267636653426e+01 -2.232180267392850581e+01 -2.232180266621877962e+01 -2.232180264183848450e+01 -2.232180256474123325e+01
-2.220006476346064872e+01 -2.220006476345813340e+01 -2.220006476345017177e+01 -2.220006476342500434e+01 -2.220006476334540935e+01 -2.220006476309371379e+01 -2.220006476229778869e+01 -2.220006475978084026e+01 -2.220006475182155725e+01 -2.220006472665209429e+01 -2.220006464705927485e+01
-2.207719717773750290e+01 -2.207719717773490586e+01 -2.207719717772669910e+01 -2.207719717770074297e+01 -2.207719717761866463e+01 -2.207719717735911402e+01 -2.207719717653833058e+01 -2.207719717394279613e+01 -2.207719716573498658e+01 -2.207719713977962428e+01 -2.207719705770156438e+01
-2.195316888037122638e+01 -2.195316888036855119e+01 -2.195316888036009928e+01 -2.195316888033337221e+01 -2.195316888024884960e+01 -2.195316887998156474e+01 -2.195316887913634218e+01 -2.195316887646350068e+01 -2.195316886801124667e+01 -2.195316884128287072e+01 -2.195316875676033064e+01
-2.182796707270249215e+01 -2.182796707269974235e+01 -2.182796707269105241e+01 -2.182796707266357217e+01 -2.182796707257667279e+01 -2.182796707230187394e+01 -2.182796707143288018e+01 -2.182796706868488457e+01 -2.182796705999495401e+01 -2.182796703251498016e+01 -2.182796694561568529e+01
-2.170159598987658001e+01 -2.170159598987375915e+01 -2.170159598986484184e+01 -2.170159598983663685e+01 -2.170159598974745307e+01 -2.170159598946542445e+01 -2.170159598857357253e+01 -2.170159598575328630e+01 -2.170159597683475994e+01 -2.170159594863190833e+01 -2.170159585944667313e+01
-2.157407532222615743e+01 -2.157407532222326907e+01 -2.157407532221413149e+01 -2.157407532218524082e+01 -2.157407532209387924e+01 -2.157407532180496901e+01 -2.157407532089135671e+01 -2.157407531800225087e+01 -2.157407530886610658e+01 -2.157407527997508012e+01 -2.157407518861364082e+01
-2.144543831918148058e+01 -2.144543831917852472e+01 -2.144543831916918464e+01 -2.144543831913964382e+01 -2.144543831904623232e+01 -2.144543831875083129e+01 -2.144543831781669851e+01 -2.144543831486271301e+01 -2.144543830552138530e+01 -2.144543827598151253e+01 -2.144543818256825318e+01
-2.131572966279911796e+01 -2.131572966279610171e+01 -2.131572966278656978e+01 -2.131572966275642500e+01 -2.131572966266109503e+01 -2.131572966235963307e+01 -2.131572966140632985e+01 -2.131572965839172085e+01 -2.131572964885868871e+01 -2.131572961871259508e+01 -2.131572952338229499e+01
-2.118500321702445888e+01 -2.118500321702138933e+01 -2.118500321701167977e+01 -2.118500321698097011e+01 -2.118500321688386379e+01 -2.118500321657678853e+01 -2.118500321560572530e+01 -2.118500321253495855e+01 -2.118500320282434046e+01 -2.118500317211666584e+01 -2.118500307501049207e+01
-2.105331976355410717e+01 -2.105331976355098433e+01 -2.105331976354111134e+01 -2.105331976350988654e+01 -2.105331976341114952e+01 -2.105331976309891218e+01 -2.105331976211153133e+01 -2.105331975898915431e+01 -2.105331974911533877e+01 -2.105331971789158985e+01 -2.105331961915344507e+01
