8.753463346063155015e+00 8.753463346063155015e+00 8.753463346063155015e+00 8.753463346063155015e+00 8.753463346063155015e+00 8.753463346063156791e+00 8.753463346063162120e+00 8.753463346063178108e+00 8.753463346063229622e+00 8.753463346063394823e+00 8.753463346063911743e+00
8.892419497227322722e+00 8.892419497227322722e+00 8.892419497227322722e+00 8.892419497227322722e+00 8.892419497227324499e+00 8.892419497227324499e+00 8.892419497227329828e+00 8.892419497227345815e+00 8.892419497227397329e+00 8.892419497227560754e+00 8.892419497228074121e+00
9.030973832845967664e+00 9.030973832845967664e+00 9.030973832845967664e+00 9.030973832845967664e+00 9.030973832845967664e+00 9.030973832845969440e+00 9.030973832845974769e+00 9.030973832845990756e+00 9.030973832846042271e+00 9.030973832846203919e+00 9.030973832846715510e+00
9.168990886151425102e+00 9.168990886151425102e+00 9.168990886151425102e+00 9.168990886151425102e+00 9.168990886151425102e+00 9.168990886151426878e+00 9.168990886151432207e+00 9.168990886151448194e+00 9.168990886151499708e+00 9.168990886151661357e+00 9.168990886152171171e+00
9.306290939536960849e+00 9.306290939536960849e+00 9.306290939536960849e+00 9.306290939536960849e+00 9.306290939536960849e+00 9.306290939536962625e+00 9.306290939536967954e+00 9.306290939536983942e+00 9.306290939537035456e+00 9.306290939537195328e+00 9.306290939537705142e+00
9.442640401564679209e+00 9.442640401564679209e+00 9.442640401564679209e+00 9.442640401564680985e+00 9.442640401564680985e+00 9.442640401564682762e+00 9.442640401564688091e+00 9.442640401564704078e+00 9.442640401564753816e+00 9.442640401564915464e+00 9.442640401565427055e+00
9.577742380368745145e+00 9.577742380368745145e+00 9.577742380368745145e+00 9.577742380368745145e+00 9.577742380368746922e+00 9.577742380368748698e+00 9.577742380368752251e+00 9.577742380368770014e+00 9.577742380368819752e+00 9.577742380368983177e+00 9.577742380369496544e+00
9.711229149349975387e+00 9.711229149349975387e+00 9.711229149349975387e+00 9.711229149349975387e+00 9.711229149349975387e+00 9.711229149349977163e+00 9.711229149349982492e+00 9.711229149349998480e+00 9.711229149350049994e+00 9.711229149350215195e+00 9.711229149350733891e+00
9.842658727610855252e+00 9.842658727610855252e+00 9.842658727610855252e+00 9.842658727610855252e+00 9.842658727610855252e+00 9.842658727610857028e+00 9.842658727610862357e+00 9.842658727610878344e+00 9.842658727610931635e+00 9.842658727611098612e+00 9.842658727611624414e+00
9.971517996916176685e+00 9.971517996916176685e+00 9.971517996916176685e+00 9.971517996916176685e+00 9.971517996916178461e+00 9.971517996916178461e+00 9.971517996916185567e+00 9.971517996916201554e+00 9.971517996916254845e+00 9.971517996916425375e+00 9.971517996916961835e+00
1.009723429956370389e+01 1.009723429956370389e+01 1.009723429956370389e+01 1.009723429956370389e+01 1.009723429956370389e+01 1.009723429956370566e+01 1.009723429956371099e+01 1.009723429956372875e+01 1.009723429956378382e+01 1.009723429956395790e+01 1.009723429956450858e+01
