-1.154702962905066066e+01 -1.154702962905066066e+01 -1.154702962905066066e+01 -1.154702962905066066e+01 -1.154702962905066066e+01 -1.154702962905066066e+01 -1.154702962905066066e+01 -1.154702962905066066e+01 -1.154702962905066066e+01 -1.154702962905066066e+01 -1.154702962905066066e+01
-1.156529341475255634e+01 -1.156529341475255634e+01 -1.156529341475255634e+01 -1.156529341475255634e+01 -1.156529341475255634e+01 -1.156529341475255634e+01 -1.156529341475255634e+01 -1.156529341475255634e+01 -1.156529341475255634e+01 -1.156529341475255634e+01 -1.156529341475255634e+01
-1.158705304407306613e+01 -1.158705304407306613e+01 -1.158705304407306613e+01 -1.158705304407306613e+01 -1.158705304407306613e+01 -1.158705304407306613e+01 -1.158705304407306613e+01 -1.158705304407306613e+01 -1.158705304407306613e+01 -1.158705304407306613e+01 -1.158705304407306613e+01
-1.161280168304226379e+01 -1.161280168304226379e+01 -1.161280168304226379e+01 -1.161280168304226379e+01 -1.161280168304226379e+01 -1.161280168304226379e+01 -1.161280168304226379e+01 -1.161280168304226379e+01 -1.161280168304226379e+01 -1.161280168304226379e+01 -1.161280168304226379e+01
-1.164305258401259557e+01 -1.164305258401259557e+01 -1.164305258401259557e+01 -1.164305258401259557e+01 -1.164305258401259557e+01 -1.164305258401259557e+01 -1.164305258401259557e+01 -1.164305258401259557e+01 -1.164305258401259557e+01 -1.164305258401259557e+01 -1.164305258401259557e+01
-1.167832505197621273e+01 -1.167832505197621273e+01 -1.167832505197621273e+01 -1.167832505197621273e+01 -1.167832505197621273e+01 -1.167832505197621273e+01 -1.167832505197621273e+01 -1.167832505197621273e+01 -1.167832505197621273e+01 -1.167832505197621273e+01 -1.167832505197621273e+01
-1.171912703442922243e+01 -1.171912703442922243e+01 -1.171912703442922243e+01 -1.171912703442922243e+01 -1.171912703442922243e+01 -1.171912703442922243e+01 -1.171912703442922243e+01 -1.171912703442922243e+01 -1.171912703442922243e+01 -1.171912703442922243e+01 -1.171912703442922243e+01
-1.176592891180756872e+01 -1.176592891180756872e+01 -1.176592891180756872e+01 -1.176592891180756872e+01 -1.176592891180756872e+01 -1.176592891180756872e+01 -1.176592891180756872e+01 -1.176592891180756872e+01 -1.176592891180756872e+01 -1.176592891180756872e+01 -1.176592891180756872e+01
-1.181914626537769664e+01 -1.181914626537769664e+01 -1.181914626537769664e+01 -1.181914626537769664e+01 -1.181914626537769664e+01 -1.181914626537769664e+01 -1.181914626537769664e+01 -1.181914626537769664e+01 -1.181914626537769664e+01 -1.181914626537769664e+01 -1.181914626537769664e+01
-1.187910446770892214e+01 -1.187910446770892214e+01 -1.187910446770892214e+01 -1.187910446770892214e+01 -1.187910446770892214e+01 -1.187910446770892214e+01 -1.187910446770892214e+01 -1.187910446770892214e+01 -1.187910446770892214e+01 -1.187910446770892214e+01 -1.187910446770892214e+01
-1.194601622305640731e+01 -1.194601622305640731e+01 -1.194601622305640731e+01 -1.194601622305640731e+01 -1.194601622305640731e+01 -1.194601622305640731e+01 -1.194601622305640731e+01 -1.194601622305640731e+01 -1.194601622305640731e+01 -1.194601622305640731e+01 -1.194601622305640731e+01
