-1.461693995578049687e+01 -1.461693995578049687e+01 -1.461693995578049687e+01 -1.461693995578049687e+01 -1.461693995578049687e+01 -1.461693995578049687e+01 -1.461693995578049687e+01 -1.461693995578049687e+01 -1.461693995578049687e+01 -1.461693995578049687e+01 -1.461693995578049687e+01
-1.447752551945439947e+01 -1.447752551945439947e+01 -1.447752551945439947e+01 -1.447752551945439947e+01 -1.447752551945439947e+01 -1.447752551945439947e+01 -1.447752551945439947e+01 -1.447752551945439947e+01 -1.447752551945439947e+01 -1.447752551945439947e+01 -1.447752551945439947e+01
-1.433815470824226779e+01 -1.433815470824226779e+01 -1.433815470824226779e+01 -1.433815470824226779e+01 -1.433815470824226779e+01 -1.433815470824226779e+01 -1.433815470824226779e+01 -1.433815470824226779e+01 -1.433815470824226779e+01 -1.433815470824226779e+01 -1.433815470824226779e+01
-1.419886788442703285e+01 -1.419886788442703285e+01 -1.419886788442703285e+01 -1.419886788442703285e+01 -1.419886788442703285e+01 -1.419886788442703285e+01 -1.419886788442703285e+01 -1.419886788442703285e+01 -1.419886788442703285e+01 -1.419886788442703285e+01 -1.419886788442703285e+01
-1.405971695204859806e+01 -1.405971695204859806e+01 -1.405971695204859806e+01 -1.405971695204859806e+01 -1.405971695204859806e+01 -1.405971695204859806e+01 -1.405971695204859806e+01 -1.405971695204859806e+01 -1.405971695204859806e+01 -1.405971695204859806e+01 -1.405971695204859806e+01
-1.392076991837902433e+01 -1.392076991837902433e+01 -1.392076991837902433e+01 -1.392076991837902433e+01 -1.392076991837902433e+01 -1.392076991837902433e+01 -1.392076991837902433e+01 -1.392076991837902433e+01 -1.392076991837902433e+01 -1.392076991837902433e+01 -1.392076991837902433e+01
-1.378211686444826967e+01 -1.378211686444826967e+01 -1.378211686444826967e+01 -1.378211686444826967e+01 -1.378211686444826967e+01 -1.378211686444826967e+01 -1.378211686444826967e+01 -1.378211686444826967e+01 -1.378211686444826967e+01 -1.378211686444826967e+01 -1.378211686444826967e+01
-1.364387765051277768e+01 -1.364387765051277768e+01 -1.364387765051277768e+01 -1.364387765051277768e+01 -1.364387765051277768e+01 -1.364387765051277768e+01 -1.364387765051277768e+01 -1.364387765051277768e+01 -1.364387765051277768e+01 -1.364387765051277768e+01 -1.364387765051277768e+01
-1.350621165191580531e+01 -1.350621165191580531e+01 -1.350621165191580531e+01 -1.350621165191580531e+01 -1.350621165191580531e+01 -1.350621165191580531e+01 -1.350621165191580531e+01 -1.350621165191580531e+01 -1.350621165191580531e+01 -1.350621165191580531e+01 -1.350621165191580531e+01
-1.336932965632839121e+01 -1.336932965632839121e+01 -1.336932965632839121e+01 -1.336932965632839121e+01 -1.336932965632839121e+01 -1.336932965632839121e+01 -1.336932965632839121e+01 -1.336932965632839121e+01 -1.336932965632839121e+01 -1.336932965632839121e+01 -1.336932965632839121e+01
-1.323350771825131389e+01 -1.323350771825131389e+01 -1.323350771825131389e+01 -1.323350771825131389e+01 -1.323350771825131389e+01 -1.323350771825131389e+01 -1.323350771825131389e+01 -1.323350771825131389e+01 -1.323350771825131389e+01 -1.323350771825131389e+01 -1.323350771825131389e+01
