7.024195369532776567e+00 7.024195373464028336e+00 7.024195385895736443e+00 7.024195425208247023e+00 7.024195549525297899e+00 7.024195942650096391e+00 7.024197185817523170e+00 7.024201117034684749e+00 7.024213548400695117e+00 7.024252857489924118e+00 7.024377140332369152e+00
7.189224693290131363e+00 7.189224696381694812e+00 7.189224706158075406e+00 7.189224737073703686e+00 7.189224834837491862e+00 7.189225143993589917e+00 7.189226121629562982e+00 7.189229213171476118e+00 7.189238989340561936e+00 7.189269902853318683e+00 7.189367645483104141e+00
7.347521079858521098e+00 7.347521082378288604e+00 7.347521090346494255e+00 7.347521115544170200e+00 7.347521195226208945e+00 7.347521447202843170e+00 7.347522244021962301e+00 7.347524763775641787e+00 7.347532731840185072e+00 7.347557928110465930e+00 7.347637596091975531e+00
7.500854483388124549e+00 7.500854485505354496e+00 7.500854492200624613e+00 7.500854513372927634e+00 7.500854580325619914e+00 7.500854792048556874e+00 7.500855461574590599e+00 7.500857578795015357e+00 7.500864273965921925e+00 7.500885445275890184e+00 7.500952388042596120e+00
7.650543443540859911e+00 7.650543445366586148e+00 7.650543451140040752e+00 7.650543469397306673e+00 7.650543527131847377e+00 7.650543709704441753e+00 7.650544287049173775e+00 7.650546112768470408e+00 7.650551886149284719e+00 7.650570142677158181e+00 7.650627869834410788e+00
7.797561899434313659e+00 7.797561901043818189e+00 7.797561906133517518e+00 7.797561922228560150e+00 7.797561973125549883e+00 7.797562134075923801e+00 7.797562643045302444e+00 7.797564252543872421e+00 7.797569342185964203e+00 7.797585436654651758e+00 7.797636327905203224e+00
7.942623936646818095e+00 7.942623938092645552e+00 7.942623942664754466e+00 7.942623957123031708e+00 7.942624002844117292e+00 7.942624147426851522e+00 7.942624604637286367e+00 7.942626050460457776e+00 7.942630622523067174e+00 7.942645080337435992e+00 7.942690796789523944e+00
8.086249174410117035e+00 8.086249175729898653e+00 8.086249179903418849e+00 8.086249193101245680e+00 8.086249234836435207e+00 8.086249366814669770e+00 8.086249784166223975e+00 8.086251103945080843e+00 8.086255277425841825e+00 8.086268474866470157e+00 8.086310206194015748e+00
8.228812109807236652e+00 8.228812111028547704e+00 8.228812114890672547e+00 8.228812127103784846e+00 8.228812165725035044e+00 8.228812287856127838e+00 8.228812674068326061e+00 8.228813895376271503e+00 8.228817757468451788e+00 8.228829970249730508e+00 8.228868588188845479e+00
8.370578617709183433e+00 8.370578618852647423e+00 8.370578622468595853e+00 8.370578633903232202e+00 8.370578670062720050e+00 8.370578784409044459e+00 8.370579146003674254e+00 8.370580289464303547e+00 8.370583905384433976e+00 8.370595339729087314e+00 8.370631496312643804e+00
8.511732357583628783e+00 8.511732358664962916e+00 8.511732362084444503e+00 8.511732372897791166e+00 8.511732407092594599e+00 8.511732515226041684e+00 8.511732857173845090e+00 8.511733938505964048e+00 8.511737357960571515e+00 8.511748171047434752e+00 8.511782363248460825e+00
