1.105683282951578805e+00 1.105650149492612311e+00 1.105545104738891116e+00 1.105210263248353808e+00 1.104125257873257437e+00 1.100447201753389503e+00 1.086777271024619740e+00 1.033470122939706526e+00 8.743442539536299130e-01 5.763028937825462883e-01 1.723161782761837013e-01
1.070549797973762152e+00 1.070528960863255552e+00 1.070462800889779631e+00 1.070250924251333169e+00 1.069554685713036024e+00 1.067102558088623976e+00 1.057200969337299457e+00 1.013477889380606012e+00 8.665642916206840463e-01 5.744855240457819034e-01 1.720181356091648184e-01
1.029963783674966438e+00 1.029954982188717949e+00 1.029926887080039100e+00 1.029835428634928940e+00 1.029520379759673476e+00 1.028275411524322669e+00 1.022144704366911849e+00 9.886107701670425740e-01 8.563433121391366143e-01 5.720532442594621347e-01 1.716176587960448197e-01
9.834669234514908931e-01 9.834697382106600827e-01 9.834783854090171085e-01 9.835031996321810244e-01 9.835566120329670703e-01 9.834827587398722315e-01 9.810611193561195043e-01 9.581053736201847748e-01 8.430099695522978998e-01 5.688034099033771884e-01 1.710797266624299040e-01
9.306583716175474974e-01 9.306722318497278046e-01 9.307158191062149255e-01 9.308512340778941629e-01 9.312554561445877122e-01 9.323000998888366642e-01 9.334628189914689900e-01 9.212281661258806542e-01 8.257693140201592952e-01 5.644707813921896467e-01 1.703574888672141630e-01
8.712198459245868998e-01 8.712440443781969135e-01 8.713203369441109292e-01 8.715593038601060494e-01 8.722922362819486297e-01 8.743877125939012451e-01 8.789518498581589956e-01 8.773228421438123981e-01 8.037158872779666119e-01 5.587113691868679233e-01 1.693883847899521899e-01
8.049401029498095550e-01 8.049738182502677031e-01 8.050802196395068222e-01 8.054145372422034654e-01 8.064503493420125402e-01 8.095162772716297805e-01 8.172484350127828812e-01 8.258585908157447530e-01 7.758686002864788600e-01 5.510844825796357149e-01 1.680890783382194553e-01
7.317360175887834828e-01 7.317783430509314790e-01 7.319119862536651588e-01 7.323325902855744030e-01 7.336426455321976015e-01 7.375889572146216988e-01 7.482157755070470984e-01 7.664737510909179763e-01 7.412312499377885500e-01 5.410346606724533158e-01 1.663489207898069255e-01
6.516673146307792042e-01 6.517172917150916289e-01 6.518751451239901407e-01 6.523724445841576625e-01 6.539263769358291123e-01 6.586568543978201795e-01 6.718775187576638830e-01 6.990091282682971974e-01 6.988767661678824128e-01 5.278767022113707297e-01 1.640216334257239006e-01
5.649419101978457869e-01 5.649985640854984226e-01 5.651775441398464439e-01 5.657417789598758739e-01 5.675086387382709541e-01 5.729246900420169597e-01 5.884244713797495141e-01 6.235256727898157436e-01 6.480450669960545751e-01 5.107890809248210040e-01 1.609149431718644163e-01
4.719097803014688508e-01 4.719721546221800068e-01 4.721692357779039284e-01 4.727908260931139028e-01 4.747401998148648716e-01 4.807445591478499702e-01 4.982082312258618861e-01 5.403029517218115307e-01 5.882364570262740289e-01 4.888231297771287176e-01 1.567780330976271397e-01
