-1.959865922742770161e+00 -1.959865922742770161e+00 -1.959865922742770161e+00 -1.959865922742770161e+00 -1.959865922742770161e+00 -1.959865922742770161e+00 -1.959865922742770161e+00 -1.959865922742770161e+00 -1.959865922742769939e+00 -1.959865922742769051e+00 -1.959865922742766386e+00
-2.088685629253822729e+00 -2.088685629253822729e+00 -2.088685629253822729e+00 -2.088685629253822729e+00 -2.088685629253822729e+00 -2.088685629253822729e+00 -2.088685629253822729e+00 -2.088685629253822729e+00 -2.088685629253822285e+00 -2.088685629253821396e+00 -2.088685629253818732e+00
-2.217583824121761360e+00 -2.217583824121761360e+00 -2.217583824121761360e+00 -2.217583824121761360e+00 -2.217583824121761360e+00 -2.217583824121761360e+00 -2.217583824121761360e+00 -2.217583824121761360e+00 -2.217583824121760916e+00 -2.217583824121760028e+00 -2.217583824121757363e+00
-2.346558895727237193e+00 -2.346558895727237193e+00 -2.346558895727237193e+00 -2.346558895727237193e+00 -2.346558895727237193e+00 -2.346558895727237193e+00 -2.346558895727237193e+00 -2.346558895727237193e+00 -2.346558895727236749e+00 -2.346558895727235861e+00 -2.346558895727233196e+00
-2.475612633723097922e+00 -2.475612633723097922e+00 -2.475612633723097922e+00 -2.475612633723097922e+00 -2.475612633723097922e+00 -2.475612633723097922e+00 -2.475612633723097922e+00 -2.475612633723097922e+00 -2.475612633723097478e+00 -2.475612633723096589e+00 -2.475612633723093925e+00
-2.604749990106034918e+00 -2.604749990106034918e+00 -2.604749990106034918e+00 -2.604749990106034918e+00 -2.604749990106034918e+00 -2.604749990106034918e+00 -2.604749990106034918e+00 -2.604749990106034918e+00 -2.604749990106034474e+00 -2.604749990106033586e+00 -2.604749990106030921e+00
-2.733979113879968725e+00 -2.733979113879968725e+00 -2.733979113879968725e+00 -2.733979113879968725e+00 -2.733979113879968725e+00 -2.733979113879968725e+00 -2.733979113879968725e+00 -2.733979113879968725e+00 -2.733979113879968281e+00 -2.733979113879967393e+00 -2.733979113879964729e+00
-2.863310831797843292e+00 -2.863310831797843292e+00 -2.863310831797843292e+00 -2.863310831797843292e+00 -2.863310831797843292e+00 -2.863310831797843292e+00 -2.863310831797843292e+00 -2.863310831797842848e+00 -2.863310831797842848e+00 -2.863310831797841960e+00 -2.863310831797839295e+00
-2.992759384585607751e+00 -2.992759384585607751e+00 -2.992759384585607751e+00 -2.992759384585607751e+00 -2.992759384585607751e+00 -2.992759384585607751e+00 -2.992759384585607751e+00 -2.992759384585607751e+00 -2.992759384585607307e+00 -2.992759384585606419e+00 -2.992759384585603755e+00
-3.122342204459120030e+00 -3.122342204459120030e+00 -3.122342204459120030e+00 -3.122342204459120030e+00 -3.122342204459120030e+00 -3.122342204459120030e+00 -3.122342204459120030e+00 -3.122342204459119586e+00 -3.122342204459119586e+00 -3.122342204459118697e+00 -3.122342204459116033e+00
-3.252081050039895338e+00 -3.252081050039895338e+00 -3.252081050039895338e+00 -3.252081050039895338e+00 -3.252081050039895338e+00 -3.252081050039895338e+00 -3.252081050039895338e+00 -3.252081050039895338e+00 -3.252081050039894894e+00 -3.252081050039894006e+00 -3.252081050039891341e+00
