2.106138719522620661e+00 1.607236136506751789e+00 1.107351145075151644e+00 6.073632201837736444e-01 1.073645962579735658e-01 -3.926352129729792084e-01 -8.926351770974377819e-01 -1.392635168193061102e+00 -1.892635165621652682e+00 -2.392635164832942252e+00 -2.892635164585974028e+00
2.105570588666368703e+00 1.607175195497438924e+00 1.107344927446972216e+00 6.073625747745066139e-01 1.073645244052365555e-01 -3.926352224686094350e-01 -8.926351787775741453e-01 -1.392635168592101902e+00 -1.892635165734613878e+00 -2.392635164867340958e+00 -2.892635164596719655e+00
2.104706191076556987e+00 1.607080134936344828e+00 1.107335211957511945e+00 6.073615724903954627e-01 1.073644148427046890e-01 -3.926352363723688565e-01 -8.926351810999856307e-01 -1.392635169119077698e+00 -1.892635165880514725e+00 -2.392635164911404377e+00 -2.892635164610446452e+00
2.103372781048367557e+00 1.606928343003516391e+00 1.107319634208205228e+00 6.073599734845165354e-01 1.073642428414686711e-01 -3.926352573890096176e-01 -8.926351844084177145e-01 -1.392635169831532682e+00 -1.892635166072436315e+00 -2.392635164968758055e+00 -2.892635164628249100e+00
2.101287364325845175e+00 1.606679479055487914e+00 1.107293896768973163e+00 6.073573416050154217e-01 1.073639636785427010e-01 -3.926352903315221132e-01 -8.926351892917816500e-01 -1.392635170822388302e+00 -1.892635166330432606e+00 -2.392635165044809220e+00 -2.892635164651745416e+00
2.097982796593521826e+00 1.606259317958610211e+00 1.107249865716035675e+00 6.073528494995129590e-01 1.073634929072456862e-01 -3.926353441570139546e-01 -8.926351968076012833e-01 -1.392635172248557929e+00 -1.892635166686372772e+00 -2.392635165147861898e+00 -2.892635164683383220e+00
2.092685238199363695e+00 1.605527031711301511e+00 1.107171433488897794e+00 6.073448505635230532e-01 1.073626630804691007e-01 -3.926354363998302843e-01 -8.926352089579846494e-01 -1.392635174388882957e+00 -1.892635167193006174e+00 -2.392635165291054022e+00 -2.892635164726962138e+00
2.084115389753965264e+00 1.604207749236264746e+00 1.107025072327756821e+00 6.073298836896148245e-01 1.073611231207590722e-01 -3.926356034148155150e-01 -8.926352297695123728e-01 -1.392635177769649291e+00 -1.892635167942055441e+00 -2.392635165495919924e+00 -2.892635164788546209e+00
2.070177572914470687e+00 1.601752719632216992e+00 1.106737152898592536e+00 6.073002074217351831e-01 1.073580884816217607e-01 -3.926359256807137044e-01 -8.926352679151828839e-01 -1.392635183455819936e+00 -1.892635169102521608e+00 -2.392635165799125829e+00 -2.892635164878051501e+00
2.047499261001922033e+00 1.597053084424328251e+00 1.106136865021745130e+00 6.072372444157656535e-01 1.073516729526624164e-01 -3.926365951707228574e-01 -8.926353435995955099e-01 -1.392635193785245473e+00 -1.892635171008550277e+00 -2.392635166265822289e+00 -2.892635165012029663e+00
2.010800935506154019e+00 1.587877867896402284e+00 1.104807377489004372e+00 6.070927715201037689e-01 1.073369447016581518e-01 -3.926381108931448760e-01 -8.926355082821071374e-01 -1.392635214391422460e+00 -1.892635174377633733e+00 -2.392635167016503139e+00 -2.892635165217944060e+00
