-5.065326366672841196e+00 -5.061093266820031467e+00 -5.047972274867263742e+00 -5.008911063311047407e+00 -4.904422184970477439e+00 -4.680091054759518698e+00 -4.322971222407683278e+00 -3.880067008992506228e+00 -3.399804690403538832e+00 -2.906237710028563015e+00 -2.408286250124445971e+00
-2.730655521334225178e+00 -2.730635838116560077e+00 -2.730573600187366168e+00 -2.730376845252231455e+00 -2.729755237503294740e+00 -2.727795376129143801e+00 -2.721655322734241711e+00 -2.702791075760601291e+00 -2.648017996393667861e+00 -2.509811189299560041e+00 -2.239844723757324463e+00
-7.417925759935812824e-01 -7.417923740440307556e-01 -7.417917354240973760e-01 -7.417897159367288218e-01 -7.417833298187390678e-01 -7.417631357584655305e-01 -7.416992827117453446e-01 -7.414974234109632523e-01 -7.408597050215163238e-01 -7.388492031500427659e-01 -7.325520070758541058e-01
9.510751597276961844e-01 9.510751638238403860e-01 9.510751767769859422e-01 9.510752177384261818e-01 9.510753472698482147e-01 9.510757568839158793e-01 9.510770521947887746e-01 9.510811483020003010e-01 9.510941010760861625e-01 9.511350588020084373e-01 9.512645530888029777e-01
2.391993202856081080e+00 2.391993203004489033e+00 2.391993203473796292e+00 2.391993204957875818e+00 2.391993209650947527e+00 2.391993224491744119e+00 2.391993271422458989e+00 2.391993419830377832e+00 2.391993889137090434e+00 2.391995373211885489e+00 2.392000066235080435e+00
3.618459261802398963e+00 3.618459261811209249e+00 3.618459261839069629e+00 3.618459261927172932e+00 3.618459262205779403e+00 3.618459263086810651e+00 3.618459265872875363e+00 3.618459274683186067e+00 3.618459302543834077e+00 3.618459390646926455e+00 3.618459669253250244e+00
4.662390961623686714e+00 4.662390961624483410e+00 4.662390961627001396e+00 4.662390961634963915e+00 4.662390961660144661e+00 4.662390961739771633e+00 4.662390961991573768e+00 4.662390962787844373e+00 4.662390965305871049e+00 4.662390973268571770e+00 4.662390998448840307e+00
5.550959686647388480e+00 5.550959686647491509e+00 5.550959686647817470e+00 5.550959686648845981e+00 5.550959686652101155e+00 5.550959686662393366e+00 5.550959686694938888e+00 5.550959686797858339e+00 5.550959687123318886e+00 5.550959688152514282e+00 5.550959691407116203e+00
6.307311116425282194e+00 6.307311116425299957e+00 6.307311116425356801e+00 6.307311116425537101e+00 6.307311116426108200e+00 6.307311116427911202e+00 6.307311116433615972e+00 6.307311116451653099e+00 6.307311116508693694e+00 6.307311116689070296e+00 6.307311117259470912e+00
6.951205556602393365e+00 6.951205556602397806e+00 6.951205556602411129e+00 6.951205556602451985e+00 6.951205556602581659e+00 6.951205556602991109e+00 6.951205556604286073e+00 6.951205556608383240e+00 6.951205556621337323e+00 6.951205556662303664e+00 6.951205556791850704e+00
7.499607971183325006e+00 7.499607971183325894e+00 7.499607971183330335e+00 7.499607971183341881e+00 7.499607971183378297e+00 7.499607971183494648e+00 7.499607971183860577e+00 7.499607971185021427e+00 7.499607971188689604e+00 7.499607971200290102e+00 7.499607971236974535e+00
