9.446420252817676610e-01 9.446420252817760987e-01 9.446420252818025221e-01 9.446420252818868990e-01 9.446420252821537966e-01 9.446420252829975661e-01 9.446420252856646549e-01 9.446420252940995743e-01 9.446420253207737927e-01 9.446420254051237642e-01 9.446420256718627284e-01
8.080366506903509105e-01 8.080366506903589041e-01 8.080366506903834400e-01 8.080366506904609336e-01 8.080366506907067370e-01 8.080366506914835600e-01 8.080366506939402615e-01 8.080366507017092692e-01 8.080366507262768394e-01 8.080366508039666940e-01 8.080366510496435062e-01
6.689392896093375729e-01 6.689392896093449004e-01 6.689392896093671048e-01 6.689392896094379370e-01 6.689392896096615360e-01 6.689392896103685260e-01 6.689392896126041821e-01 6.689392896196743044e-01 6.689392896420319756e-01 6.689392897127335313e-01 6.689392899363105771e-01
5.265231185146213022e-01 5.265231185146275195e-01 5.265231185146475035e-01 5.265231185147111193e-01 5.265231185149118476e-01 5.265231185155468951e-01 5.265231185175540674e-01 5.265231185239018785e-01 5.265231185439754880e-01 5.265231186074540437e-01 5.265231188081911373e-01
3.795201108669997714e-01 3.795201108670053780e-01 3.795201108670230306e-01 3.795201108670792634e-01 3.795201108672567325e-01 3.795201108678183943e-01 3.795201108695945291e-01 3.795201108752107033e-01 3.795201108929703859e-01 3.795201109491317948e-01 3.795201111267298977e-01
2.262718048471806243e-01 2.262718048471854815e-01 2.262718048472009413e-01 2.262718048472500409e-01 2.262718048474045562e-01 2.262718048478935540e-01 2.262718048494399559e-01 2.262718048543302940e-01 2.262718048697947848e-01 2.262718049186981661e-01 2.262718050733441566e-01
6.419681449707198562e-02 6.419681449707605181e-02 6.419681449708936061e-02 6.419681449713103560e-02 6.419681449726372113e-02 6.419681449768270542e-02 6.419681449900786763e-02 6.419681450319814076e-02 6.419681451644923542e-02 6.419681455835284101e-02 6.419681469086319092e-02
-1.098958476104667098e-01 -1.098958476104631571e-01 -1.098958476104518606e-01 -1.098958476104165277e-01 -1.098958476103049919e-01 -1.098958476099515802e-01 -1.098958476088344044e-01 -1.098958476053015498e-01 -1.098958475941298474e-01 -1.098958475588017597e-01 -1.098958474470842911e-01
-3.024696136749314701e-01 -3.024696136749284725e-01 -3.024696136749191466e-01 -3.024696136748895592e-01 -3.024696136747964115e-01 -3.024696136745014807e-01 -3.024696136735695040e-01 -3.024696136706215288e-01 -3.024696136612994302e-01 -3.024696136318207329e-01 -3.024696135386004681e-01
-5.293546178056471874e-01 -5.293546178056444118e-01 -5.293546178056367513e-01 -5.293546178056118823e-01 -5.293546178055328344e-01 -5.293546178052830342e-01 -5.293546178044938877e-01 -5.293546178019976622e-01 -5.293546177941039765e-01 -5.293546177691422772e-01 -5.293546176902065303e-01
-7.723611732541817432e-01 -7.723611732541796338e-01 -7.723611732541734165e-01 -7.723611732541530994e-01 -7.723611732540889285e-01 -7.723611732538859798e-01 -7.723611732532439378e-01 -7.723611732512136729e-01 -7.723611732447933642e-01 -7.723611732244909378e-01 -7.723611731602890718e-01
