1.093022025595116808e+01 1.093022025595116808e+01 1.093022025595116808e+01 1.093022025595116808e+01 1.093022025595116808e+01 1.093022025595116808e+01 1.093022025595116808e+01 1.093022025595116808e+01 1.093022025595116808e+01 1.093022025595116808e+01 1.093022025595116808e+01
1.094055512104699801e+01 1.094055512104699801e+01 1.094055512104699801e+01 1.094055512104699801e+01 1.094055512104699801e+01 1.094055512104699801e+01 1.094055512104699801e+01 1.094055512104699801e+01 1.094055512104699801e+01 1.094055512104699801e+01 1.094055512104699801e+01
1.094946950536291830e+01 1.094946950536291830e+01 1.094946950536291830e+01 1.094946950536291830e+01 1.094946950536291830e+01 1.094946950536291830e+01 1.094946950536291830e+01 1.094946950536291830e+01 1.094946950536291830e+01 1.094946950536291830e+01 1.094946950536291830e+01
1.095713513116438520e+01 1.095713513116438520e+01 1.095713513116438520e+01 1.095713513116438520e+01 1.095713513116438520e+01 1.095713513116438520e+01 1.095713513116438520e+01 1.095713513116438520e+01 1.095713513116438520e+01 1.095713513116438520e+01 1.095713513116438520e+01
1.096370537260757594e+01 1.096370537260757594e+01 1.096370537260757594e+01 1.096370537260757594e+01 1.096370537260757594e+01 1.096370537260757594e+01 1.096370537260757594e+01 1.096370537260757594e+01 1.096370537260757594e+01 1.096370537260757594e+01 1.096370537260757594e+01
1.096931690818596827e+01 1.096931690818596827e+01 1.096931690818596827e+01 1.096931690818596827e+01 1.096931690818596827e+01 1.096931690818596827e+01 1.096931690818596827e+01 1.096931690818596827e+01 1.096931690818596827e+01 1.096931690818596827e+01 1.096931690818596827e+01
1.097409134657458729e+01 1.097409134657458729e+01 1.097409134657458729e+01 1.097409134657458729e+01 1.097409134657458729e+01 1.097409134657458729e+01 1.097409134657458729e+01 1.097409134657458729e+01 1.097409134657458729e+01 1.097409134657458729e+01 1.097409134657458729e+01
1.097813677954919065e+01 1.097813677954919065e+01 1.097813677954919065e+01 1.097813677954919065e+01 1.097813677954919065e+01 1.097813677954919065e+01 1.097813677954919065e+01 1.097813677954919065e+01 1.097813677954919065e+01 1.097813677954919065e+01 1.097813677954919065e+01
1.098154922579103321e+01 1.098154922579103321e+01 1.098154922579103321e+01 1.098154922579103321e+01 1.098154922579103321e+01 1.098154922579103321e+01 1.098154922579103321e+01 1.098154922579103321e+01 1.098154922579103321e+01 1.098154922579103321e+01 1.098154922579103321e+01
1.098441393965049606e+01 1.098441393965049606e+01 1.098441393965049606e+01 1.098441393965049606e+01 1.098441393965049606e+01 1.098441393965049606e+01 1.098441393965049606e+01 1.098441393965049606e+01 1.098441393965049606e+01 1.098441393965049606e+01 1.098441393965049606e+01
1.098680657012971551e+01 1.098680657012971551e+01 1.098680657012971551e+01 1.098680657012971551e+01 1.098680657012971551e+01 1.098680657012971551e+01 1.098680657012971551e+01 1.098680657012971551e+01 1.098680657012971551e+01 1.098680657012971551e+01 1.098680657012971551e+01
