5.046828507327000501e+00 5.046828507445104250e+00 5.046828507818581500e+00 5.046828508999619878e+00 5.046828512734390593e+00 5.046828524544774375e+00 5.046828561892482412e+00 5.046828679996260725e+00 5.046829053472762006e+00 5.046830234504775525e+00 5.046833969212078053e+00
4.943795981284413443e+00 4.943795981405694207e+00 4.943795981789217642e+00 4.943795983002027050e+00 4.943795986837265843e+00 4.943795998965356375e+00 4.943796037317741643e+00 4.943796158598592783e+00 4.943796542121923210e+00 4.943797754925213894e+00 4.943801590106292387e+00
4.836149044433497579e+00 4.836149044557152443e+00 4.836149044948184539e+00 4.836149046184736733e+00 4.836149050095056801e+00 4.836149062460574299e+00 4.836149101563772312e+00 4.836149225218902892e+00 4.836149616250398964e+00 4.836150852796921029e+00 4.836154763063976958e+00
4.724477232317957132e+00 4.724477232443367036e+00 4.724477232839947582e+00 4.724477234094044853e+00 4.724477238059849427e+00 4.724477250600824796e+00 4.724477290258865203e+00 4.724477415668569158e+00 4.724477812248534470e+00 4.724479066341116251e+00 4.724483032096242319e+00
4.609370247076342686e+00 4.609370247203038673e+00 4.609370247603685300e+00 4.609370248870640729e+00 4.609370252877106999e+00 4.609370265546664847e+00 4.609370305611323104e+00 4.609370432306864274e+00 4.609370832953024966e+00 4.609372099904240905e+00 4.609376106323917810e+00
4.491391392802591476e+00 4.491391392930224491e+00 4.491391393333834969e+00 4.491391394610161569e+00 4.491391398646263688e+00 4.491391411409538570e+00 4.491391451770554433e+00 4.491391579403262391e+00 4.491391983013021338e+00 4.491393259336110333e+00 4.491397295393763756e+00
4.371057218881695405e+00 4.371057219010008765e+00 4.371057219415772188e+00 4.371057220698911117e+00 4.371057224756550674e+00 4.371057237587933741e+00 4.371057278164326654e+00 4.371057406478119134e+00 4.371057812241665452e+00 4.371059095375747106e+00 4.371063152972804566e+00
4.248824569184192157e+00 4.248824569313001120e+00 4.248824569720328626e+00 4.248824571008412931e+00 4.248824575081694199e+00 4.248824587962539923e+00 4.248824628695347272e+00 4.248824757503766314e+00 4.248825164831467660e+00 4.248826452911927731e+00 4.248830526151684772e+00
4.125084863514860700e+00 4.125084863644028488e+00 4.125084864052493749e+00 4.125084865344173402e+00 4.125084869428824241e+00 4.125084882345621651e+00 4.125084923192122055e+00 4.125085052360067728e+00 4.125085460824699624e+00 4.125086752500515708e+00 4.125090837110450437e+00
4.000164397808371852e+00 4.000164397937801652e+00 4.000164398347094696e+00 4.000164399641392698e+00 4.000164403734322249e+00 4.000164416677300494e+00 4.000164457606588897e+00 4.000164587036335817e+00 4.000164996328863687e+00 4.000166290622764187e+00 4.000170383512306138e+00
3.874328919937985116e+00 3.874328920067605875e+00 3.874328920477502880e+00 3.874328921773711354e+00 3.874328925872682294e+00 3.874328938834765701e+00 3.874328979824470220e+00 3.874329109445269204e+00 3.874329519341960015e+00 3.874330815546429108e+00 3.874334914478094749e+00
