9.799455511779720851e+00 9.808001538786026430e+00 9.832617080516449448e+00 9.895713431902921187e+00 1.002669766619432501e+01 1.022963668009281157e+01 1.046421849625991563e+01 1.067852576415818788e+01 1.083477873692826421e+01 1.090352825148570481e+01 1.085311439940506162e+01
9.939838045421021562e+00 9.947992968235071842e+00 9.971402576184329902e+00 1.003120868473479455e+01 1.015519062260730720e+01 1.034754257122257748e+01 1.057002603044535505e+01 1.077196677174653949e+01 1.091512120298374633e+01 1.096854003670792288e+01 1.089943951113136045e+01
1.007990927139324633e+01 1.008773711558408515e+01 1.011011602363999273e+01 1.016701821262587480e+01 1.028455961107221839e+01 1.046671914422719141e+01 1.067709140269111678e+01 1.086631175705250385e+01 1.099571922147883640e+01 1.103286804031746016e+01 1.094409481689579877e+01
1.021968598088158409e+01 1.022723761791498198e+01 1.024872374617439874e+01 1.030302555000733200e+01 1.041457243493502816e+01 1.058685586332742901e+01 1.078508003647619340e+01 1.096120824540316541e+01 1.107617979530602703e+01 1.109608156630625331e+01 1.098670073070710629e+01
1.035915355096402735e+01 1.036646994992675985e+01 1.038717297316926746e+01 1.043911335436744814e+01 1.054501903216187841e+01 1.070767652632767231e+01 1.089369051902635199e+01 1.102208653352100320e+01 1.115612293345077433e+01 1.115776191328042444e+01 1.102691332199455587e+01
1.049826534581954540e+01 1.050538005949249154e+01 1.052538801769967236e+01 1.057515615681941590e+01 1.067570055579633070e+01 1.082892739754090883e+01 1.100264263379659013e+01 1.115135326940343319e+01 1.123516952468242103e+01 1.121749535131609221e+01 1.106442580002895859e+01
1.063693955299196503e+01 1.064388068941961052e+01 1.066326541897305091e+01 1.071101242733488412e+01 1.080641820619367444e+01 1.095036446142568565e+01 1.111166353820348185e+01 1.124596461591742980e+01 1.131292798108775521e+01 1.127486696684399625e+01 1.109897276812786693e+01
1.077505369513696287e+01 1.078184554764878378e+01 1.080066709512998813e+01 1.084651561355605764e+01 1.093696140093114977e+01 1.107173937086791682e+01 1.122054333850429941e+01 1.133982159845031390e+01 1.138897979309394515e+01 1.132945642956262233e+01 1.113033775296299766e+01
1.091243719333716555e+01 1.091910164692118990e+01 1.093741199677066156e+01 1.098146407552019888e+01 1.106709493945808731e+01 1.119278373465864718e+01 1.132876141545795257e+01 1.143254433701365436e+01 1.146286492364300003e+01 1.138083936725678846e+01 1.115836426635735990e+01
1.104886267331579219e+01 1.105542046786032984e+01 1.107326675121465698e+01 1.111561021623415435e+01 1.119654521647054857e+01 1.131319161874980139e+01 1.143621501575285926e+01 1.152369167986101495e+01 1.153406977885390106e+01 1.142859453312922113e+01 1.118296956789421337e+01
1.118403720518655398e+01 1.119050910720816461e+01 1.120793638206051135e+01 1.124864962628903697e+01 1.132498599961544272e+01 1.143260057414527076e+01 1.154229053526817239e+01 1.161273973874842369e+01 1.160201972488450828e+01 1.147232264941141544e+01 1.120415861295638571e+01
