1.299076373504407655e+01 1.300806795119869363e+01 1.303291521016169519e+01 1.305114933089056706e+01 1.303547257055483222e+01 1.295662291137107403e+01 1.279434124142322560e+01 1.254157650132472668e+01 1.220389843257230567e+01 1.179703267249091603e+01 1.134262857033687411e+01
1.307791242574208113e+01 1.309448238432697842e+01 1.311516807599005752e+01 1.312298533037027148e+01 1.309071923433755558e+01 1.299298791043238133e+01 1.281439919685283613e+01 1.255063214236823477e+01 1.220712558175043583e+01 1.179789095890612494e+01 1.134278477184915168e+01
1.315841545196896156e+01 1.317385465832255420e+01 1.318939062225694414e+01 1.318571206094647152e+01 1.313691685731764025e+01 1.302207223663414304e+01 1.282984284351180548e+01 1.255740695440045052e+01 1.220948899768281848e+01 1.179850745378981003e+01 1.134289330911168214e+01
1.323225514871507436e+01 1.324600505062591260e+01 1.325527679683451865e+01 1.323928442074547362e+01 1.317463727132294871e+01 1.304485676432227770e+01 1.284155521281793177e+01 1.256242573996361145e+01 1.221120881146433135e+01 1.179894772916323120e+01 1.134296783702172995e+01
1.329948220425793615e+01 1.331081326051358360e+01 1.331268922373263131e+01 1.328399847666575795e+01 1.320475467515626278e+01 1.306239110131775227e+01 1.285032946632535023e+01 1.256611449530331370e+01 1.221245345958934969e+01 1.179926028758814205e+01 1.134301824505360479e+01
1.336019265485129814e+01 1.336822464249069675e+01 1.336170847834614150e+01 1.332047650375280767e+01 1.322832339708116578e+01 1.307568677636903232e+01 1.285683862306636804e+01 1.256880855107075057e+01 1.221334982793322155e+01 1.179948073437225631e+01 1.134305166166055123e+01
1.341450878660214308e+01 1.341827248697296859e+01 1.340266724098238704e+01 1.334959806529250059e+01 1.324645057598985787e+01 1.308564828772286681e+01 1.286163016837616269e+01 1.257076590387486981e+01 1.221399239031272721e+01 1.179963505124516843e+01 1.134307320196705504e+01
1.346256994003791263e+01 1.346111282319397340e+01 1.343614970414829557e+01 1.337239483683229224e+01 1.326019264282592935e+01 1.309304094923468575e+01 1.286513573750630535e+01 1.257218171161823506e+01 1.221445087128645390e+01 1.179974210554071590e+01 1.134308651970245485e+01
1.350453799571740632e+01 1.349705885600032396e+01 1.346294749414864711e+01 1.338993844426272695e+01 1.327048904457226008e+01 1.309848620784124584e+01 1.286768782205426120e+01 1.257320175176835519e+01 1.221477638598106985e+01 1.179981554185313719e+01 1.134309421203526291e+01
1.354061814932498820e+01 1.352659698984491676e+01 1.348398112975134921e+01 1.340324746070794149e+01 1.327813231260913973e+01 1.310247346295523663e+01 1.286953818292450435e+01 1.257393390063089100e+01 1.221500621257682972e+01 1.179986519130718037e+01 1.134309811503842269e+01
1.357108859939464374e+01 1.355037099382820642e+01 1.350020921925971962e+01 1.341322693384559095e+01 1.328376469551117189e+01 1.310537945530983350e+01 1.287087504748306266e+01 1.257445742891900409e+01 1.221516742523358445e+01 1.179989811241149056e+01 1.134309951846857345e+01
