1.956143384512465833e+00 1.457221963084993632e+00 9.573434064615307104e-01 4.573590420511494115e-01 -4.263830079040698690e-02 -5.426376893968754000e-01 -1.042637518947484354e+00 -1.542637467334575074e+00 -2.042637451242422131e+00 -2.542637446176527760e+00 -3.042637444576840711e+00
1.956445051638987520e+00 1.457253148287176669e+00 9.573464935533592124e-01 4.573593363388135935e-01 -4.263827597946466541e-02 -5.426376883770057669e-01 -1.042637519307598071e+00 -1.542637467516716043e+00 -2.042637451306846597e+00 -2.542637446197583362e+00 -3.042637444583566886e+00
1.956668774710363268e+00 1.457276055411162119e+00 9.573487530083070185e-01 4.573595498694850159e-01 -4.263825858662732837e-02 -5.426376878906729040e-01 -1.042637519655197353e+00 -1.542637467676776231e+00 -2.042637451362475876e+00 -2.542637446215676000e+00 -3.042637444589338713e+00
1.956833960557593510e+00 1.457292838946531166e+00 9.573504022056558149e-01 4.573597041280721420e-01 -4.263824655309106371e-02 -5.426376877604778270e-01 -1.042637519981550964e+00 -1.542637467816731167e+00 -2.042637451410409088e+00 -2.542637446231201803e+00 -3.042637444594284979e+00
1.956955480557858174e+00 1.457305108740708732e+00 9.573516029156688978e-01 4.573598150604006873e-01 -4.263823836287197050e-02 -5.426376878597501952e-01 -1.042637520281875618e+00 -1.542637467938595686e+00 -2.042637451451635222e+00 -2.542637446244507160e+00 -3.042637444598519814e+00
1.957044609038379068e+00 1.457314061392061211e+00 9.573524749854948057e-01 4.573598944443919012e-01 -4.263823290671182181e-02 -5.426376880992810348e-01 -1.042637520554119401e+00 -1.542637468044336657e+00 -2.042637451487038458e+00 -2.542637446255899381e+00 -3.042637444602141805e+00
1.957109818583176342e+00 1.457320582477448223e+00 9.573531068633204244e-01 4.573599509424196574e-01 -4.263822937788967066e-02 -5.426376884172475767e-01 -1.042637520798060935e+00 -1.542637468135817036e+00 -2.042637451517401281e+00 -2.542637446265644030e+00 -3.042637444605237551e+00
1.957157430992470193e+00 1.457325325029234175e+00 9.573535636090689804e-01 4.573599909009754549e-01 -4.263822719327090699e-02 -5.426376887716450881e-01 -1.042637521014657676e+00 -1.542637468214763663e+00 -2.042637451543411586e+00 -2.542637446273973811e+00 -3.042637444607882102e+00
1.957192136134926486e+00 1.457328769145486591e+00 9.573538929414563414e-01 4.573600189533627569e-01 -4.263822593399273914e-02 -5.426376891346613718e-01 -1.042637521205579176e+00 -1.542637468282750834e+00 -2.042637451565672002e+00 -2.542637446281089453e+00 -3.042637444610139852e+00
1.957217397110279977e+00 1.457331266888392429e+00 9.573541297716471332e-01 4.573600384708527700e-01 -4.263822530122721166e-02 -5.426376894885330815e-01 -1.042637521372881571e+00 -1.542637468341196305e+00 -2.042637451584708330e+00 -2.542637446287164593e+00 -3.042637444612066755e+00
1.957235761632408089e+00 1.457333075872586647e+00 9.573542995830760516e-01 4.573600518984733410e-01 -4.263822508339580597e-02 -5.426376898225193646e-01 -1.042637521518785748e+00 -1.542637468391363953e+00 -2.042637451600975318e+00 -2.542637446292348891e+00 -3.042637444613710329e+00
