-4.045272227949130439e+01 -4.045221127436330733e+01 -4.045059927994262949e+01 -4.044554072983420667e+01 -4.042992126683849818e+01 -4.038392941194059915e+01 -4.026409203508461587e+01 -4.001795149563122322e+01 -3.964354692391441404e+01 -3.919223237867703347e+01 -3.870883763232939856e+01
-3.765495145502744379e+01 -3.765495064049280671e+01 -3.765494806471819089e+01 -3.765493991950420138e+01 -3.765491416308127270e+01 -3.765483272417181126e+01 -3.765457529218512178e+01 -3.765376222356339042e+01 -3.765120104703905923e+01 -3.764319988929539562e+01 -3.761882656644524303e+01
-3.527337267356762851e+01 -3.527337267018440059e+01 -3.527337265948569467e+01 -3.527337262565342968e+01 -3.527337251866641310e+01 -3.527337218034392663e+01 -3.527337111047604168e+01 -3.527336772727407066e+01 -3.527335702882349722e+01 -3.527332319908659031e+01 -3.527321623740461121e+01
-3.324624432170991639e+01 -3.324624432167813382e+01 -3.324624432157762755e+01 -3.324624432125978757e+01 -3.324624432025470355e+01 -3.324624431707634642e+01 -3.324624430702549205e+01 -3.324624427524191361e+01 -3.324624417473342675e+01 -3.324624385689784134e+01 -3.324624285181499772e+01
-3.152081380222675122e+01 -3.152081380222615081e+01 -3.152081380222426077e+01 -3.152081380221828155e+01 -3.152081380219936690e+01 -3.152081380213955697e+01 -3.152081380195042115e+01 -3.152081380135232180e+01 -3.152081379946097073e+01 -3.152081379347999146e+01 -3.152081377456647715e+01
-3.005217937782043691e+01 -3.005217937782041560e+01 -3.005217937782035165e+01 -3.005217937782014914e+01 -3.005217937781950610e+01 -3.005217937781747395e+01 -3.005217937781104354e+01 -3.005217937779071491e+01 -3.005217937772642500e+01 -3.005217937752312451e+01 -3.005217937688023255e+01
-2.880212200513327048e+01 -2.880212200513327048e+01 -2.880212200513326692e+01 -2.880212200513325271e+01 -2.880212200513321719e+01 -2.880212200513310350e+01 -2.880212200513274112e+01 -2.880212200513159715e+01 -2.880212200512798404e+01 -2.880212200511655496e+01 -2.880212200508040610e+01
-2.773811040767067837e+01 -2.773811040767067837e+01 -2.773811040767067837e+01 -2.773811040767067837e+01 -2.773811040767067482e+01 -2.773811040767066416e+01 -2.773811040767063218e+01 -2.773811040767053626e+01 -2.773811040767022362e+01 -2.773811040766923597e+01 -2.773811040766611669e+01
-2.683245239737307131e+01 -2.683245239737307131e+01 -2.683245239737307131e+01 -2.683245239737307131e+01 -2.683245239737306775e+01 -2.683245239737306775e+01 -2.683245239737306420e+01 -2.683245239737305354e+01 -2.683245239737301446e+01 -2.683245239737289012e+01 -2.683245239737250287e+01
-2.606156533372557504e+01 -2.606156533372557504e+01 -2.606156533372557504e+01 -2.606156533372557504e+01 -2.606156533372557504e+01 -2.606156533372557504e+01 -2.606156533372557504e+01 -2.606156533372557504e+01 -2.606156533372556794e+01 -2.606156533372554662e+01 -2.606156533372547912e+01
-2.540533621601523251e+01 -2.540533621601523251e+01 -2.540533621601523251e+01 -2.540533621601523251e+01 -2.540533621601523251e+01 -2.540533621601523251e+01 -2.540533621601523251e+01 -2.540533621601523251e+01 -2.540533621601522896e+01 -2.540533621601522540e+01 -2.540533621601521119e+01
