7.337468221526465939e+00 7.337468221526465939e+00 7.337468221526465939e+00 7.337468221526465939e+00 7.337468221526465939e+00 7.337468221526465939e+00 7.337468221526465939e+00 7.337468221526465939e+00 7.337468221526465939e+00 7.337468221526465939e+00 7.337468221526465939e+00
7.337089946254701012e+00 7.337089946254701012e+00 7.337089946254701012e+00 7.337089946254701012e+00 7.337089946254701012e+00 7.337089946254701012e+00 7.337089946254701012e+00 7.337089946254701012e+00 7.337089946254701012e+00 7.337089946254701012e+00 7.337089946254701012e+00
7.336606668450038171e+00 7.336606668450038171e+00 7.336606668450038171e+00 7.336606668450038171e+00 7.336606668450038171e+00 7.336606668450038171e+00 7.336606668450038171e+00 7.336606668450038171e+00 7.336606668450038171e+00 7.336606668450038171e+00 7.336606668450038171e+00
7.335990758558553537e+00 7.335990758558553537e+00 7.335990758558553537e+00 7.335990758558553537e+00 7.335990758558553537e+00 7.335990758558553537e+00 7.335990758558553537e+00 7.335990758558553537e+00 7.335990758558553537e+00 7.335990758558553537e+00 7.335990758558553537e+00
7.335207900746876675e+00 7.335207900746876675e+00 7.335207900746876675e+00 7.335207900746876675e+00 7.335207900746876675e+00 7.335207900746876675e+00 7.335207900746876675e+00 7.335207900746876675e+00 7.335207900746876675e+00 7.335207900746876675e+00 7.335207900746876675e+00
7.334215672953366294e+00 7.334215672953366294e+00 7.334215672953366294e+00 7.334215672953366294e+00 7.334215672953366294e+00 7.334215672953366294e+00 7.334215672953366294e+00 7.334215672953366294e+00 7.334215672953366294e+00 7.334215672953366294e+00 7.334215672953366294e+00
7.332961920960131330e+00 7.332961920960131330e+00 7.332961920960131330e+00 7.332961920960131330e+00 7.332961920960131330e+00 7.332961920960131330e+00 7.332961920960131330e+00 7.332961920960131330e+00 7.332961920960131330e+00 7.332961920960131330e+00 7.332961920960131330e+00
7.331382912859819356e+00 7.331382912859819356e+00 7.331382912859819356e+00 7.331382912859819356e+00 7.331382912859819356e+00 7.331382912859819356e+00 7.331382912859819356e+00 7.331382912859819356e+00 7.331382912859819356e+00 7.331382912859819356e+00 7.331382912859819356e+00
7.329401256461092196e+00 7.329401256461092196e+00 7.329401256461092196e+00 7.329401256461092196e+00 7.329401256461092196e+00 7.329401256461092196e+00 7.329401256461092196e+00 7.329401256461092196e+00 7.329401256461092196e+00 7.329401256461092196e+00 7.329401256461092196e+00
7.326923639425032775e+00 7.326923639425032775e+00 7.326923639425032775e+00 7.326923639425032775e+00 7.326923639425032775e+00 7.326923639425032775e+00 7.326923639425032775e+00 7.326923639425032775e+00 7.326923639425032775e+00 7.326923639425032775e+00 7.326923639425032775e+00
7.323838398154339124e+00 7.323838398154339124e+00 7.323838398154339124e+00 7.323838398154339124e+00 7.323838398154339124e+00 7.323838398154339124e+00 7.323838398154339124e+00 7.323838398154339124e+00 7.323838398154339124e+00 7.323838398154339124e+00 7.323838398154339124e+00
