-7.106487761151348082e+01 -7.057808569134004983e+01 -7.018966148363305990e+01 -7.020318102655797077e+01 -7.060260529571115740e+01 -7.109113158939130983e+01 -7.158996665974777329e+01 -7.208984978818062928e+01 -7.258983803420974823e+01 -7.308983683821776367e+01 -7.358983671211132105e+01
-7.100861293064389201e+01 -7.052365131522547870e+01 -7.014817769225751931e+01 -7.019087395520257644e+01 -7.060107296779290209e+01 -7.109097473548236223e+01 -7.158995101163205277e+01 -7.208984824730933383e+01 -7.258983788781472413e+01 -7.308983682601190424e+01 -7.358983671166033957e+01
-7.094341484471881643e+01 -7.046085593937310421e+01 -7.010190664670994920e+01 -7.017810019228845420e+01 -7.059952233826581391e+01 -7.109081651018102832e+01 -7.158993523064208375e+01 -7.208984669301901249e+01 -7.258983774002152245e+01 -7.308983681364831853e+01 -7.358983671118789971e+01
-7.086977540199804082e+01 -7.039035290525691835e+01 -7.005212178502755194e+01 -7.016542761768634762e+01 -7.059802318598613624e+01 -7.109066401404544422e+01 -7.158992002405869925e+01 -7.208984519474655883e+01 -7.258983759736136676e+01 -7.308983680164962493e+01 -7.358983671070502908e+01
-7.078833084611422066e+01 -7.031299237679057512e+01 -7.000031143119961996e+01 -7.015335483634713398e+01 -7.059663050416509122e+01 -7.109052276349027011e+01 -7.158990594041515010e+01 -7.208984380628923816e+01 -7.258983746487930944e+01 -7.308983679041448056e+01 -7.358983671021810835e+01
-7.069980112100461156e+01 -7.022977568268501614e+01 -6.994807249399336513e+01 -7.014226384161884198e+01 -7.059538097189394534e+01 -7.109039636674555140e+01 -7.158989333764174035e+01 -7.208984256270035473e+01 -7.258983734584845138e+01 -7.308983678019677654e+01 -7.358983670972931179e+01
-7.060494503066416883e+01 -7.014182700183712882e+01 -6.989699335124380752e+01 -7.013240005089149065e+01 -7.059429326796836790e+01 -7.109028659159990582e+01 -7.158988239025728717e+01 -7.208984148102481981e+01 -7.258983724184761854e+01 -7.308983677111470456e+01 -7.358983670923790044e+01
-7.050453046837678528e+01 -7.005038053098346040e+01 -6.984853103017665887e+01 -7.012387667273790726e+01 -7.059337091507113371e+01 -7.109019368078237733e+01 -7.158987312111622714e+01 -7.208984056344215219e+01 -7.258983715306463580e+01 -7.308983676317753009e+01 -7.358983670874179950e+01
-7.039931784980757357e+01 -6.995677838613593735e+01 -6.980389513182052497e+01 -7.011669604562187885e+01 -7.059260627348591299e+01 -7.109011677131704232e+01 -7.158986544335544977e+01 -7.208983980140159531e+01 -7.258983707869043656e+01 -7.308983675631894528e+01 -7.358983670823899104e+01
-7.029005464572617257e+01 -6.986247185436332074e+01 -6.976395716489754761e+01 -7.011077929004287057e+01 -7.059198460702461375e+01 -7.109005431035572542e+01 -7.158985920185192242e+01 -7.208983917969842992e+01 -7.258983701730433324e+01 -7.308983675042844652e+01 -7.358983670772839503e+01
-7.017747918262458029e+01 -6.976901591612222830e+01 -6.972920384905013691e+01 -7.010599680130701472e+01 -7.059148756803347169e+01 -7.109000440523135467e+01 -7.158985420803649902e+01 -7.208983867988899874e+01 -7.258983696719458578e+01 -7.308983674537680031e+01 -7.358983670721038095e+01
