1.342840135680314795e+01 1.338883086904268538e+01 1.333316518217276858e+01 1.325649646949146643e+01 1.315279794231130062e+01 1.301472004018887318e+01 1.283367147352310056e+01 1.260065512227579632e+01 1.230831803585336992e+01 1.195416242906910931e+01 1.154361164259510808e+01
1.342840435933826804e+01 1.338883220009721242e+01 1.333316555234549483e+01 1.325649630294054759e+01 1.315279749698041023e+01 1.301471947887526071e+01 1.283367090425927870e+01 1.260065461849980828e+01 1.230831764294789110e+01 1.195416216332824710e+01 1.154361149069403680e+01
1.342840639478843556e+01 1.338883302869651004e+01 1.333316569028826137e+01 1.325649605916227181e+01 1.315279706035827090e+01 1.301471896976037179e+01 1.283367040362364087e+01 1.260065418213425836e+01 1.230831730538560720e+01 1.195416193604845567e+01 1.154361136109902120e+01
1.342840775038422763e+01 1.338883351346769679e+01 1.333316567936562613e+01 1.325649577775637411e+01 1.315279664700985229e+01 1.301471851371043975e+01 1.283366996583671593e+01 1.260065380523113099e+01 1.230831701579295157e+01 1.195416174180564894e+01 1.154361125057328508e+01
1.342840863113969796e+01 1.338883376633171984e+01 1.333316557709027705e+01 1.325649548468560290e+01 1.315279626496253229e+01 1.301471810908373961e+01 1.283366958475744646e+01 1.260065348045095490e+01 1.230831676765595617e+01 1.195416157590033279e+01 1.154361115633890655e+01
1.342840918295655683e+01 1.338883386581687773e+01 1.333316542267439964e+01 1.325649519643862106e+01 1.315279591788303648e+01 1.301471775275930653e+01 1.283366925427360883e+01 1.260065320113048237e+01 1.230831655525783574e+01 1.195416143427254063e+01 1.154361107601482850e+01
1.342840950929836907e+01 1.338883386663869679e+01 1.333316524243688050e+01 1.325649492298562393e+01 1.315279560659866576e+01 1.301471744083195325e+01 1.283366896854138162e+01 1.260065296129668688e+01 1.230831637360780739e+01 1.195416131342315857e+01 1.154361100756235636e+01
1.342840968321456785e+01 1.338883380658428024e+01 1.333316505366650873e+01 1.325649466986826219e+01 1.315279533015183588e+01 1.301471716907301790e+01 1.283366872212208953e+01 1.260065275564710063e+01 1.230831621836743572e+01 1.195416121034240753e+01 1.154361094923751452e+01
1.342840975600310927e+01 1.338883371145195689e+01 1.333316486737457929e+01 1.325649443967003371e+01 1.315279508652355211e+01 1.301471693322776346e+01 1.283366851004989684e+01 1.260065257951018225e+01 1.230831608577845770e+01 1.195416112244567586e+01 1.154361089954958253e+01
1.342840976344472814e+01 1.338883359858907696e+01 1.333316469024975248e+01 1.325649423304430741e+01 1.315279487312307261e+01 1.301471672919983291e+01 1.283366832785417522e+01 1.260065242879501923e+01 1.230831597259448351e+01 1.195416104751651609e+01 1.154361085722513458e+01
1.342840884280433400e+01 1.338883238967763312e+01 1.333316334935198455e+01 1.325649286249614711e+01 1.315279354610389007e+01 1.301471550433404012e+01 1.283366725607036862e+01 1.260065155283821881e+01 1.230831531948813407e+01 1.195416061697534005e+01 1.154361061461078641e+01
