1.350711054959763047e+01 1.350711054959760560e+01 1.350711054959752389e+01 1.350711054959726987e+01 1.350711054959646162e+01 1.350711054959390900e+01 1.350711054958583546e+01 1.350711054956030566e+01 1.350711054947957201e+01 1.350711054922426868e+01 1.350711054841693226e+01
1.350702625972748905e+01 1.350702625972746773e+01 1.350702625972739845e+01 1.350702625972717996e+01 1.350702625972648896e+01 1.350702625972430582e+01 1.350702625971740112e+01 1.350702625969556614e+01 1.350702625962651737e+01 1.350702625940816759e+01 1.350702625871768703e+01
1.350692504706582575e+01 1.350692504706580799e+01 1.350692504706574937e+01 1.350692504706556640e+01 1.350692504706498553e+01 1.350692504706314701e+01 1.350692504705733832e+01 1.350692504703896368e+01 1.350692504698086083e+01 1.350692504679712691e+01 1.350692504621610190e+01
1.350680403361514159e+01 1.350680403361512560e+01 1.350680403361507764e+01 1.350680403361492488e+01 1.350680403361444526e+01 1.350680403361292647e+01 1.350680403360812143e+01 1.350680403359293180e+01 1.350680403354489201e+01 1.350680403339297975e+01 1.350680403291259069e+01
1.350665993537425535e+01 1.350665993537424292e+01 1.350665993537420384e+01 1.350665993537408127e+01 1.350665993537369047e+01 1.350665993537245946e+01 1.350665993536856213e+01 1.350665993535624132e+01 1.350665993531728049e+01 1.350665993519407060e+01 1.350665993480445159e+01
1.350648900643905392e+01 1.350648900643904327e+01 1.350648900643901307e+01 1.350648900643891537e+01 1.350648900643860451e+01 1.350648900643762751e+01 1.350648900643453310e+01 1.350648900642475247e+01 1.350648900639381900e+01 1.350648900629599858e+01 1.350648900598666557e+01
1.350628697232490971e+01 1.350628697232490083e+01 1.350628697232487774e+01 1.350628697232480135e+01 1.350628697232456155e+01 1.350628697232380304e+01 1.350628697232140674e+01 1.350628697231382702e+01 1.350628697228985509e+01 1.350628697221405083e+01 1.350628697197433858e+01
1.350604895073877998e+01 1.350604895073877287e+01 1.350604895073875511e+01 1.350604895073869827e+01 1.350604895073851708e+01 1.350604895073794687e+01 1.350604895073614209e+01 1.350604895073043110e+01 1.350604895071237621e+01 1.350604895065528233e+01 1.350604895047473164e+01
1.350576935808926216e+01 1.350576935808925860e+01 1.350576935808924617e+01 1.350576935808920354e+01 1.350576935808907209e+01 1.350576935808865819e+01 1.350576935808734547e+01 1.350576935808319234e+01 1.350576935807006329e+01 1.350576935802854273e+01 1.350576935789724509e+01
1.350544180009461215e+01 1.350544180009460860e+01 1.350544180009459971e+01 1.350544180009457129e+01 1.350544180009448070e+01 1.350544180009419293e+01 1.350544180009327988e+01 1.350544180009039863e+01 1.350544180008128237e+01 1.350544180005245565e+01 1.350544179996130012e+01
1.350505894487136693e+01 1.350505894487136516e+01 1.350505894487135983e+01 1.350505894487134029e+01 1.350505894487128167e+01 1.350505894487109337e+01 1.350505894487050362e+01 1.350505894486863134e+01 1.350505894486271607e+01 1.350505894484401104e+01 1.350505894478485658e+01
