7.596961607252527671e+00 7.596961607252527671e+00 7.596961607252527671e+00 7.596961607252527671e+00 7.596961607252527671e+00 7.596961607252527671e+00 7.596961607252527671e+00 7.596961607252527671e+00 7.596961607252527671e+00 7.596961607252527671e+00 7.596961607252527671e+00
7.545880097149221477e+00 7.545880097149221477e+00 7.545880097149221477e+00 7.545880097149221477e+00 7.545880097149221477e+00 7.545880097149221477e+00 7.545880097149221477e+00 7.545880097149221477e+00 7.545880097149221477e+00 7.545880097149221477e+00 7.545880097149221477e+00
7.489110930309233360e+00 7.489110930309233360e+00 7.489110930309233360e+00 7.489110930309233360e+00 7.489110930309233360e+00 7.489110930309233360e+00 7.489110930309233360e+00 7.489110930309233360e+00 7.489110930309233360e+00 7.489110930309233360e+00 7.489110930309233360e+00
7.426458336626410528e+00 7.426458336626410528e+00 7.426458336626410528e+00 7.426458336626410528e+00 7.426458336626410528e+00 7.426458336626410528e+00 7.426458336626410528e+00 7.426458336626410528e+00 7.426458336626410528e+00 7.426458336626410528e+00 7.426458336626410528e+00
7.357796234411734027e+00 7.357796234411734027e+00 7.357796234411734027e+00 7.357796234411734027e+00 7.357796234411734027e+00 7.357796234411734027e+00 7.357796234411734027e+00 7.357796234411734027e+00 7.357796234411734027e+00 7.357796234411734027e+00 7.357796234411734027e+00
7.283079168617945243e+00 7.283079168617945243e+00 7.283079168617945243e+00 7.283079168617945243e+00 7.283079168617945243e+00 7.283079168617945243e+00 7.283079168617945243e+00 7.283079168617945243e+00 7.283079168617945243e+00 7.283079168617945243e+00 7.283079168617945243e+00
7.202351074608361436e+00 7.202351074608361436e+00 7.202351074608361436e+00 7.202351074608361436e+00 7.202351074608361436e+00 7.202351074608361436e+00 7.202351074608361436e+00 7.202351074608361436e+00 7.202351074608361436e+00 7.202351074608361436e+00 7.202351074608361436e+00
7.115750545176415365e+00 7.115750545176415365e+00 7.115750545176415365e+00 7.115750545176415365e+00 7.115750545176415365e+00 7.115750545176415365e+00 7.115750545176415365e+00 7.115750545176415365e+00 7.115750545176415365e+00 7.115750545176415365e+00 7.115750545176415365e+00
7.023511317331655235e+00 7.023511317331655235e+00 7.023511317331655235e+00 7.023511317331655235e+00 7.023511317331655235e+00 7.023511317331655235e+00 7.023511317331655235e+00 7.023511317331655235e+00 7.023511317331655235e+00 7.023511317331655235e+00 7.023511317331655235e+00
6.925956987581620261e+00 6.925956987581620261e+00 6.925956987581620261e+00 6.925956987581620261e+00 6.925956987581620261e+00 6.925956987581620261e+00 6.925956987581620261e+00 6.925956987581620261e+00 6.925956987581620261e+00 6.925956987581620261e+00 6.925956987581620261e+00
6.823489434059454517e+00 6.823489434059454517e+00 6.823489434059454517e+00 6.823489434059454517e+00 6.823489434059454517e+00 6.823489434059454517e+00 6.823489434059454517e+00 6.823489434059454517e+00 6.823489434059454517e+00 6.823489434059454517e+00 6.823489434059454517e+00
