6.994927484974069465e+00 6.994927485911183851e+00 6.994927488874599142e+00 6.994927498245740338e+00 6.994927527879887919e+00 6.994927621591261691e+00 6.994927917932372452e+00 6.994928855042482851e+00 6.994931818417231995e+00 6.994941189154817884e+00 6.994970819266948858e+00
7.096777931812099816e+00 7.096777932763736807e+00 7.096777935773078028e+00 7.096777945289447942e+00 7.096777975382851267e+00 7.096778070546512218e+00 7.096778371480092495e+00 7.096779323112227367e+00 7.096782332403233085e+00 7.096791848276612136e+00 7.096821936706728451e+00
7.192029349257032855e+00 7.192029350220392026e+00 7.192029353266802261e+00 7.192029362900393963e+00 7.192029393364482992e+00 7.192029489700349387e+00 7.192029794340676574e+00 7.192030757693689935e+00 7.192033804040520728e+00 7.192043437006195639e+00 7.192073894829465353e+00
7.280360240282310436e+00 7.280360241251712772e+00 7.280360244317232166e+00 7.280360254011257304e+00 7.280360284666448578e+00 7.280360381606621800e+00 7.280360688157814231e+00 7.280361657552298027e+00 7.280364722991771842e+00 7.280374416212078259e+00 7.280405063360952944e+00
7.361582112617948148e+00 7.361582113583962972e+00 7.361582116638773599e+00 7.361582126298928941e+00 7.361582156847018332e+00 7.361582253448484714e+00 7.361582558928429165e+00 7.361583524933669409e+00 7.361586579638821348e+00 7.361596238748279397e+00 7.361626776369601721e+00
7.435639319245138879e+00 7.435639320193705437e+00 7.435639323193334427e+00 7.435639332678992908e+00 7.435639362675268593e+00 7.435639457531729946e+00 7.435639757493256674e+00 7.435640706045486326e+00 7.435643705536971737e+00 7.435653189821432640e+00 7.435683172356912785e+00
7.502600919569449189e+00 7.502600920481075519e+00 7.502600923363892171e+00 7.502600932480154583e+00 7.502600961308296235e+00 7.502601052470762255e+00 7.502601340750551628e+00 7.502602252358903989e+00 7.502605134993779679e+00 7.502614249447087325e+00 7.502643059492611677e+00
7.562646892453433800e+00 7.562646893302621187e+00 7.562646895987986007e+00 7.562646904479854548e+00 7.562646931333484979e+00 7.562647016251958121e+00 7.562647284786120139e+00 7.562648133949424256e+00 7.562650819076801589e+00 7.562659308567410754e+00 7.562686138416080617e+00
7.616051034673554376e+00 7.616051035428556659e+00 7.616051037816085056e+00 7.616051045366110550e+00 7.616051069241366989e+00 7.616051144741343037e+00 7.616051383491106108e+00 7.616052138462912957e+00 7.616054525681015264e+00 7.616062072603726918e+00 7.616085916831320191e+00
7.663162512426335837e+00 7.663162513049407210e+00 7.663162515019730670e+00 7.663162521250439063e+00 7.663162540953639912e+00 7.663162603260357919e+00 7.663162800288763954e+00 7.663163423319907963e+00 7.663165393243550838e+00 7.663171619950903235e+00 7.663191283148820254e+00
7.704387508888409286e+00 7.704387509336610762e+00 7.704387510753947232e+00 7.704387515235957551e+00 7.704387529409281399e+00 7.704387574228920066e+00 7.704387715957589755e+00 7.704388164108253889e+00 7.704389580937691662e+00 7.704394057872005597e+00 7.704408180449979326e+00
