3.519181317153925903e+00 3.020154002235245994e+00 2.520464772277617449e+00 2.020563375813480000e+00 1.520594590320581529e+00 1.020604464560184832e+00 5.206075874038940121e-01 2.060857496729445390e-02 -4.793911127343861711e-01 -9.793910139761404787e-01 -1.479390982746168870e+00
3.519181316922944447e+00 3.020154002161181683e+00 2.520464772254089159e+00 2.020563375806029072e+00 1.520594590318224304e+00 1.020604464559439206e+00 5.206075874036582007e-01 2.060857496721996487e-02 -4.793911127344097078e-01 -9.793910139761479172e-01 -1.479390982746171312e+00
3.519181316885926059e+00 3.020154002149340045e+00 2.520464772250330387e+00 2.020563375804838913e+00 1.520594590317847716e+00 1.020604464559320190e+00 5.206075874036206752e-01 2.060857496720800916e-02 -4.793911127344134271e-01 -9.793910139761492495e-01 -1.479390982746171757e+00
3.519181316842951102e+00 3.020154002135602589e+00 2.520464772245970764e+00 2.020563375803458683e+00 1.520594590317411177e+00 1.020604464559182079e+00 5.206075874035770434e-01 2.060857496719421464e-02 -4.793911127344178125e-01 -9.793910139761505818e-01 -1.479390982746171979e+00
3.519181316793052350e+00 3.020154002119665115e+00 2.520464772240914364e+00 2.020563375801857742e+00 1.520594590316904915e+00 1.020604464559021984e+00 5.206075874035263062e-01 2.060857496717821355e-02 -4.793911127344229750e-01 -9.793910139761522471e-01 -1.479390982746172645e+00
3.519181316735103593e+00 3.020154002101173685e+00 2.520464772235049278e+00 2.020563375800001893e+00 1.520594590316317607e+00 1.020604464558836355e+00 5.206075874034675754e-01 2.060857496715963466e-02 -4.793911127344288592e-01 -9.793910139761540234e-01 -1.479390982746173311e+00
3.519181316667790327e+00 3.020154002079718403e+00 2.520464772228246719e+00 2.020563375797848504e+00 1.520594590315636374e+00 1.020604464558620750e+00 5.206075874033995188e-01 2.060857496713811368e-02 -4.793911127344356315e-01 -9.793910139761562439e-01 -1.479390982746173755e+00
3.519181316589580000e+00 3.020154002054821429e+00 2.520464772220356586e+00 2.020563375795351835e+00 1.520594590314846783e+00 1.020604464558371172e+00 5.206075874033204709e-01 2.060857496711310244e-02 -4.793911127344435696e-01 -9.793910139761586864e-01 -1.479390982746174643e+00
3.519181316498680712e+00 3.020154002025927209e+00 2.520464772211203464e+00 2.020563375792455929e+00 1.520594590313930849e+00 1.020604464558081403e+00 5.206075874032289885e-01 2.060857496708403888e-02 -4.793911127344526735e-01 -9.793910139761615730e-01 -1.479390982746175531e+00
3.519181316392998582e+00 3.020154001992390924e+00 2.520464772200586623e+00 2.020563375789097282e+00 1.520594590312868588e+00 1.020604464557745450e+00 5.206075874031227402e-01 2.060857496705056566e-02 -4.793911127344633316e-01 -9.793910139761649036e-01 -1.479390982746176864e+00
3.519181316270080462e+00 3.020154001953462508e+00 2.520464772188269809e+00 2.020563375785201732e+00 1.520594590311636685e+00 1.020604464557355984e+00 5.206075874029993944e-01 2.060857496701157601e-02 -4.793911127344756551e-01 -9.793910139761687894e-01 -1.479390982746177752e+00
