-8.579839692832722520e+00 -9.079839692802128326e+00 -9.579839692799064110e+00 -1.007983969279875680e+01 -1.057983969279872483e+01 -1.107983969279872127e+01 -1.157983969279872127e+01 -1.207983969279872127e+01 -1.257983969279872127e+01 -1.307983969279872127e+01 -1.357983969279872127e+01
-8.579839692832690545e+00 -9.079839692802135431e+00 -9.579839692799067663e+00 -1.007983969279875858e+01 -1.057983969279872660e+01 -1.107983969279872305e+01 -1.157983969279872127e+01 -1.207983969279872127e+01 -1.257983969279872127e+01 -1.307983969279872127e+01 -1.357983969279872127e+01
-8.579839692832614162e+00 -9.079839692802154971e+00 -9.579839692799078321e+00 -1.007983969279876213e+01 -1.057983969279872660e+01 -1.107983969279872305e+01 -1.157983969279872127e+01 -1.207983969279872127e+01 -1.257983969279872127e+01 -1.307983969279872127e+01 -1.357983969279872127e+01
-8.579839692832464948e+00 -9.079839692802194051e+00 -9.579839692799099637e+00 -1.007983969279876924e+01 -1.057983969279873016e+01 -1.107983969279872305e+01 -1.157983969279872127e+01 -1.207983969279872127e+01 -1.257983969279872127e+01 -1.307983969279872127e+01 -1.357983969279872127e+01
-8.579839692832207376e+00 -9.079839692802261553e+00 -9.579839692799136941e+00 -1.007983969279878167e+01 -1.057983969279873371e+01 -1.107983969279872483e+01 -1.157983969279872305e+01 -1.207983969279872127e+01 -1.257983969279872127e+01 -1.307983969279872127e+01 -1.357983969279872127e+01
-8.579839692831805920e+00 -9.079839692802368134e+00 -9.579839692799193784e+00 -1.007983969279880299e+01 -1.057983969279874081e+01 -1.107983969279872660e+01 -1.157983969279872305e+01 -1.207983969279872127e+01 -1.257983969279872127e+01 -1.307983969279872127e+01 -1.357983969279872127e+01
-8.579839692831244591e+00 -9.079839692802520901e+00 -9.579839692799273720e+00 -1.007983969279883141e+01 -1.057983969279874970e+01 -1.107983969279873016e+01 -1.157983969279872483e+01 -1.207983969279872305e+01 -1.257983969279872127e+01 -1.307983969279872127e+01 -1.357983969279872127e+01
-8.579839692830530495e+00 -9.079839692802723405e+00 -9.579839692799382078e+00 -1.007983969279886871e+01 -1.057983969279876213e+01 -1.107983969279873371e+01 -1.157983969279872483e+01 -1.207983969279872305e+01 -1.257983969279872127e+01 -1.307983969279872127e+01 -1.357983969279872127e+01
-8.579839692829688502e+00 -9.079839692802970319e+00 -9.579839692799511752e+00 -1.007983969279891490e+01 -1.057983969279877812e+01 -1.107983969279873904e+01 -1.157983969279872660e+01 -1.207983969279872305e+01 -1.257983969279872127e+01 -1.307983969279872127e+01 -1.357983969279872127e+01
-8.579839692828770126e+00 -9.079839692803256312e+00 -9.579839692799659190e+00 -1.007983969279896819e+01 -1.057983969279879410e+01 -1.107983969279874437e+01 -1.157983969279872838e+01 -1.207983969279872305e+01 -1.257983969279872305e+01 -1.307983969279872127e+01 -1.357983969279872127e+01
-8.579839692827828657e+00 -9.079839692803568951e+00 -9.579839692799819062e+00 -1.007983969279902503e+01 -1.057983969279881364e+01 -1.107983969279874970e+01 -1.157983969279873016e+01 -1.207983969279872483e+01 -1.257983969279872305e+01 -1.307983969279872127e+01 -1.357983969279872127e+01
