9.261285329923554244e+00 9.204312016717327793e+00 9.122987391061325724e+00 9.011506377915527111e+00 8.862533872230592635e+00 8.667477429957530788e+00 8.417706353804007335e+00 8.107040062063598285e+00 7.735156001841390960e+00 7.310124531201934062e+00 6.847111800380877966e+00
9.261285173758077249e+00 9.204311897985173019e+00 9.122987295808695052e+00 9.011506299298806866e+00 8.862533807146874665e+00 8.667477377313240083e+00 8.417706313389027528e+00 8.107040033591271566e+00 7.735155984120705597e+00 7.310124521798766040e+00 6.847111796194877975e+00
9.261285134236814542e+00 9.204311870858106204e+00 9.122987276008975854e+00 9.011506284205204054e+00 8.862533795399652803e+00 8.667477368229146606e+00 8.417706306627760426e+00 8.107040028923133690e+00 7.735155981251217838e+00 7.310124520286986005e+00 6.847111795524422284e+00
9.261285083374771077e+00 9.204311836582526496e+00 9.122987251464863334e+00 9.011506265825605766e+00 8.862533781309613445e+00 8.667477357460883880e+00 8.417706298680830201e+00 8.107040023467719791e+00 7.735155977909847991e+00 7.310124518530289883e+00 6.847111794746221669e+00
9.261285017626224914e+00 9.204311793045459211e+00 9.122987220872911251e+00 9.011506243333254673e+00 8.862533764341614884e+00 8.667477344658975014e+00 8.417706289322362423e+00 8.107040017084891304e+00 7.735155974016535652e+00 7.310124516488365032e+00 6.847111793842835858e+00
9.261284932280959836e+00 9.204311737461468468e+00 9.122987182533279338e+00 9.011506215665212594e+00 8.862533743819520637e+00 8.667477329390363749e+00 8.417706278277814036e+00 8.107040009607160869e+00 7.735155969476815940e+00 7.310124514114042071e+00 6.847111792793960205e+00
9.261284821071921414e+00 9.204311666149711968e+00 9.122987134221494543e+00 9.011506181448710961e+00 8.862533718884536782e+00 8.667477311115483474e+00 8.417706265211855055e+00 8.107040000833611870e+00 7.735155964178955124e+00 7.310124511352065646e+00 6.847111791575938966e+00
9.261284675649131160e+00 9.204311574235557458e+00 9.122987073017378989e+00 9.011506138903360608e+00 8.862533688440283441e+00 8.667477289158371789e+00 8.417706249712823663e+00 8.107039990522245887e+00 7.735155957990446751e+00 7.310124508137601396e+00 6.847111790161195088e+00
9.261284484873778311e+00 9.204311455250898888e+00 9.122986995076484362e+00 9.011506085711081582e+00 8.862533651080209296e+00 8.667477262667558691e+00 8.417706231272664041e+00 8.107039978380335299e+00 7.735155950753676457e+00 7.310124504394456046e+00 6.847111788517550757e+00
9.261284233870973992e+00 9.204311300598641665e+00 9.122986895324574519e+00 9.011506018842840859e+00 8.862533604991469360e+00 8.667477230564742285e+00 8.417706209260977346e+00 8.107039964052136227e+00 7.735155942280555585e+00 7.310124500032912032e+00 6.847111786607427142e+00
9.261283902758064457e+00 9.204311098834663696e+00 9.122986767048836043e+00 9.011505934327603384e+00 8.862533547827384339e+00 8.667477191477232168e+00 8.417706182891258493e+00 8.107039947103229949e+00 7.735155932345826990e+00 7.310124494947096707e+00 6.847111784386890498e+00
