6.634738006494092843e+00 6.634738024154350100e+00 6.634738080000960991e+00 6.634738256603179174e+00 6.634738815065734485e+00 6.634740581052445130e+00 6.634746165323242018e+00 6.634763821642795989e+00 6.634819628875838760e+00 6.634995837340617264e+00 6.635550362985738637e+00
6.559448045982043674e+00 6.559448064505705389e+00 6.559448123082641580e+00 6.559448308318957643e+00 6.559448894085406323e+00 6.559450746419411615e+00 6.559456603792348517e+00 6.559475124216867847e+00 6.559533668791103445e+00 6.559718581491485345e+00 6.560301112013352309e+00
6.477910754311990260e+00 6.477910773427701940e+00 6.477910833876870278e+00 6.477911025033741943e+00 6.477911629523013914e+00 6.477913541067587211e+00 6.477919585718834306e+00 6.477938698749899693e+00 6.477999121115803227e+00 6.478190009964934326e+00 6.478791819152765363e+00
6.390310919792614008e+00 6.390310939289615355e+00 6.390311000944532971e+00 6.390311195914344822e+00 6.390311812461490604e+00 6.390313762139386178e+00 6.390319927408560474e+00 6.390339422164722727e+00 6.390401054628654265e+00 6.390595799918377118e+00 6.391210102040145280e+00
6.296937646517369203e+00 6.296937666238744846e+00 6.296937728603197115e+00 6.296937925816779469e+00 6.296938549459578205e+00 6.296940521578207495e+00 6.296946757834268382e+00 6.296966477301273457e+00 6.297028822669345161e+00 6.297225845423671586e+00 6.297847580255989897e+00
6.198174281410351760e+00 6.198174301244749884e+00 6.198174363966614031e+00 6.198174562310451385e+00 6.198175189527608708e+00 6.198177172951121250e+00 6.198183444974084466e+00 6.198203277723187021e+00 6.198265983093015130e+00 6.198464161999276634e+00 6.199089730271893472e+00
6.094481643143673466e+00 6.094481663016505735e+00 6.094481725859909993e+00 6.094481924588103894e+00 6.094482553020839077e+00 6.094484540289701435e+00 6.094490824486268110e+00 6.094510695867083605e+00 6.094573524755186433e+00 6.094772107804159234e+00 6.095399089615378685e+00
5.986375731178162241e+00 5.986375751043082616e+00 5.986375813861469553e+00 5.986376012510558731e+00 5.986376640693248596e+00 5.986378627172426192e+00 5.986384908882088851e+00 5.986404772501605187e+00 5.986467577876215529e+00 5.986666096870273179e+00 5.987292979208726607e+00
5.874402075341639495e+00 5.874402095172894356e+00 5.874402157884818898e+00 5.874402356197256481e+00 5.874402983315436089e+00 5.874404966429118247e+00 5.874411237503954553e+00 5.874431067571251219e+00 5.874493767625020624e+00 5.874691961373105897e+00 5.875317893328596774e+00
5.759109539060464300e+00 5.759109558846446930e+00 5.759109621415209546e+00 5.759109819274937259e+00 5.759110444961577535e+00 5.759112423548929272e+00 5.759118680316149153e+00 5.759138465197783496e+00 5.759201022951917714e+00 5.759398772610177630e+00 5.760023359284996758e+00
5.641026490277383232e+00 5.641026510015539230e+00 5.641026572433060160e+00 5.641026769814521558e+00 5.641027393988798266e+00 5.641029367794077487e+00 5.641035609443508569e+00 5.641055346562973583e+00 5.641117753724708805e+00 5.641315031617406106e+00 5.641938170964878374e+00
