4.620536896816079597e+00 4.403289894927530312e+00 4.022289525330399407e+00 3.553697854596035821e+00 3.058876305015433061e+00 2.559581676270076489e+00 2.059693907958461523e+00 1.559717959393902564e+00 1.059724414408892201e+00 5.597263404313476132e-01 5.972693796534465221e-02
4.568974588777965806e+00 4.377462410899991774e+00 4.013766549745057866e+00 3.552093453805989398e+00 3.058680584018422799e+00 2.559561359611833176e+00 2.059691862753766145e+00 1.559717754172841309e+00 1.059724393734670977e+00 5.597263383175596907e-01 5.972693773935390527e-02
4.513666164666984670e+00 4.348654852402836113e+00 4.003606032304243278e+00 3.550037780072678117e+00 3.058419974726718671e+00 2.559534067753947983e+00 2.059689112550927348e+00 1.559717478263369594e+00 1.059724365965852844e+00 5.597263354868672325e-01 5.972693743933690097e-02
4.454531583129130112e+00 4.316746309362867962e+00 3.991615951442981647e+00 3.547425637342730198e+00 3.058073921920037908e+00 2.559497420258546541e+00 2.059685414347725896e+00 1.559717107287698079e+00 1.059724328659827908e+00 5.597263316938040356e-01 5.972693704037311535e-02
4.391484407428515091e+00 4.281627460637954741e+00 3.977605864749497400e+00 3.544135756934698289e+00 3.057615956067667451e+00 2.559448235614647960e+00 2.059680441461768208e+00 1.559716608454382092e+00 1.059724278531429364e+00 5.597263266084490096e-01 5.972693650903641155e-02
4.324431056588019295e+00 4.243198870284429880e+00 3.961390132856597912e+00 3.540030980457120169e+00 3.057012325100132877e+00 2.559382270180992958e+00 2.059673754795598555e+00 1.559715937652555118e+00 1.059724211161882312e+00 5.597263197872842655e-01 5.972693580047110790e-02
4.253271588198963116e+00 4.201368877800636170e+00 3.942790684883045849e+00 3.534959168283044573e+00 3.056220472822288592e+00 2.559293878162982594e+00 2.059664764306004425e+00 1.559715035542054373e+00 1.059724120607055786e+00 5.597263106339773753e-01 5.972693485445967204e-02
4.177902661513948068e+00 4.156051184484814698e+00 3.921639189307682738e+00 3.528754846417986979e+00 3.055187418910429553e+00 2.559175572843731761e+00 2.059652677397473042e+00 1.559713822292408514e+00 1.059723998870105932e+00 5.597262983465886022e-01 5.972693359012926778e-02
4.098223408728783212e+00 4.107162246497979119e+00 3.897778547902170487e+00 3.521241531828973592e+00 3.053848126425523724e+00 2.559017466907261174e+00 2.059636429909076583e+00 1.559712190503867335e+00 1.059723835191452412e+00 5.597262818464994183e-01 5.972693189882900128e-02
4.014144865289848596e+00 4.054618604294935480e+00 3.871063680829493148e+00 3.512234606748325660e+00 3.052123973045726579e+00 2.558806568616633026e+00 2.059614594013467581e+00 1.559709995682765804e+00 1.059723615092658111e+00 5.597262596827028425e-01 5.972692963454202808e-02
3.925603231126303605e+00 3.998334313656920269e+00 3.841361613140012565e+00 3.501544556966685651e+00 3.049921465912149188e+00 2.558525911900094929e+00 2.059585255637936818e+00 1.559707043427561279e+00 1.059723319088648363e+00 5.597262299028920030e-01 5.972692660097248668e-02
