1.108364724520630418e+01 1.108364724394603762e+01 1.108364723996070822e+01 1.108364722735780106e+01 1.108364718750206457e+01 1.108364706144869416e+01 1.108364666264832543e+01 1.108364539968525442e+01 1.108364138740814298e+01 1.108362851569880014e+01 1.108358599402659905e+01
1.108072621349054820e+01 1.108072621267374380e+01 1.108072621009076641e+01 1.108072620192252700e+01 1.108072617609083999e+01 1.108072609438938727e+01 1.108072583588186433e+01 1.108072501696109136e+01 1.108072241283240089e+01 1.108071403338336935e+01 1.108068609968586671e+01
1.107731071352377406e+01 1.107731071307027015e+01 1.107731071163615688e+01 1.107731070710098287e+01 1.107731069275839175e+01 1.107731064739204818e+01 1.107731050382018978e+01 1.107731004869734193e+01 1.107730859838757809e+01 1.107730390134536336e+01 1.107728794364606983e+01
1.107333176461503399e+01 1.107333176445038703e+01 1.107333176392972085e+01 1.107333176228314287e+01 1.107333175707537620e+01 1.107333174059867709e+01 1.107333168841181781e+01 1.107333152255288589e+01 1.107333098976494234e+01 1.107332922198579794e+01 1.107332280257961443e+01
1.106871230194766298e+01 1.106871230200492739e+01 1.106871230218600921e+01 1.106871230275857521e+01 1.106871230456857980e+01 1.106871231028624081e+01 1.106871232830631691e+01 1.106871238468320584e+01 1.106871255688559152e+01 1.106871304063699135e+01 1.106871396155925602e+01
1.106336626371988352e+01 1.106336626394068645e+01 1.106336626463892259e+01 1.106336626684689506e+01 1.106336627382868087e+01 1.106336629590266440e+01 1.106336636566310361e+01 1.106336658582868537e+01 1.106336727768917072e+01 1.106336942186359806e+01 1.106337576438922454e+01
1.105719760806675644e+01 1.105719760840170274e+01 1.105719760946088748e+01 1.105719761281029179e+01 1.105719762340173418e+01 1.105719765689173961e+01 1.105719776276567501e+01 1.105719809726079816e+01 1.105719915194960556e+01 1.105720245635719579e+01 1.105721259663487466e+01
1.105009927581074258e+01 1.105009927621925669e+01 1.105009927751108556e+01 1.105009928159618937e+01 1.105009929451420447e+01 1.105009933536242173e+01 1.105009946451449743e+01 1.105009987271584038e+01 1.105010116142720200e+01 1.105010521531666789e+01 1.105011782025501965e+01
1.104195211937369692e+01 1.104195211982345803e+01 1.104195212124572123e+01 1.104195212574330043e+01 1.104195213996574942e+01 1.104195218493962116e+01 1.104195232714491937e+01 1.104195277669176889e+01 1.104195419682524637e+01 1.104195867307685752e+01 1.104197268155804501e+01
1.103262382281179299e+01 1.103262382327787883e+01 1.103262382475177361e+01 1.103262382941262487e+01 1.103262384415143060e+01 1.103262389075865002e+01 1.103262403813378967e+01 1.103262450407662598e+01 1.103262597653407262e+01 1.103263062300785435e+01 1.103264521756248762e+01
1.102196784327200874e+01 1.102196784373590432e+01 1.102196784520287132e+01 1.102196784984182365e+01 1.102196786451141541e+01 1.102196791090008077e+01 1.102196805758737774e+01 1.102196852138787442e+01 1.102196998739892742e+01 1.102197461677481627e+01 1.102198919027895663e+01
