4.591180505688789992e+00 4.591201080478219509e+00 4.591266137261068359e+00 4.591471800759477695e+00 4.592121525624456524e+00 4.594169762300451154e+00 4.600584003668913624e+00 4.620265746416761132e+00 4.677212635236494442e+00 4.819780762443306443e+00 5.094827444547087580e+00
4.753268700312280437e+00 4.753285125385427357e+00 4.753337061939483910e+00 4.753501258880476144e+00 4.754020087022706065e+00 4.755656698401724114e+00 4.760791897918410065e+00 4.776642372984713170e+00 4.823266873470573479e+00 4.944451823113133138e+00 5.192157031365706388e+00
4.909399720356402597e+00 4.909413279717213641e+00 4.909456155395108823e+00 4.909591712342820991e+00 4.910020102802474362e+00 4.911372018062787781e+00 4.915619661524933015e+00 4.928784817617620995e+00 4.967969222589627698e+00 5.072722358811070364e+00 5.297156423335941611e+00
5.061150525000530642e+00 5.061162042663137406e+00 5.061198462700186695e+00 5.061313612873672874e+00 5.061677548892727252e+00 5.062826412611310722e+00 5.066439565038177051e+00 5.077671433757259933e+00 5.111390143165794875e+00 5.203472982539413039e+00 5.408402568712648240e+00
5.209693195890398698e+00 5.209703219827557241e+00 5.209734916777550850e+00 5.209835136112193510e+00 5.210151905357349733e+00 5.211152099775188340e+00 5.214299916548857716e+00 5.224106614507759261e+00 5.253735755949845654e+00 5.335980913152322813e+00 5.524700036082180077e+00
5.355892990006199561e+00 5.355901896181735289e+00 5.355930058779730274e+00 5.356019104717139712e+00 5.356300572597862519e+00 5.357189453511692179e+00 5.359988427261387578e+00 5.368722650124118978e+00 5.395239688677163414e+00 5.469781025355081816e+00 5.645075444041977697e+00
5.500385425092952474e+00 5.500393478633331945e+00 5.500418945181328567e+00 5.500499467650540986e+00 5.500754003843797868e+00 5.501557937533411824e+00 5.504090448054732576e+00 5.512003090268901673e+00 5.536115585988550691e+00 5.604569362253284837e+00 5.768748233111784529e+00
5.643635511301902774e+00 5.643642903741102224e+00 5.643666279858332580e+00 5.643740193351885814e+00 5.643973845585141369e+00 5.644711892563297084e+00 5.647037580395215528e+00 5.654311106443999257e+00 5.676540591421501247e+00 5.740140954065910073e+00 5.895095244143706559e+00
5.785982521808811896e+00 5.785989394486957593e+00 5.786011127087759220e+00 5.786079844449192322e+00 5.786297076293156039e+00 5.786983309407859544e+00 5.789146258751000751e+00 5.795916016399158543e+00 5.816653428947282656e+00 5.876351452001961739e+00 6.023617513332377271e+00
5.927673431925426506e+00 5.927679891110551047e+00 5.927700316215137377e+00 5.927764899745541882e+00 5.927969067612519183e+00 5.928614072062183382e+00 5.930647471598743614e+00 5.937015641165546143e+00 5.956558571067969154e+00 6.013094047660560548e+00 6.153912330316478219e+00
6.068887676821943522e+00 6.068893803736766124e+00 6.068913178173756862e+00 6.068974439834938117e+00 6.069168109359097230e+00 6.069779978295353651e+00 6.071709221398410961e+00 6.077754157070394569e+00 6.096332303469240266e+00 6.150285757566388511e+00 6.285650977613255641e+00
