7.202020366354769720e+00 6.828799703439029756e+00 6.365133559460496748e+00 5.871183807001337129e+00 5.371886340500070744e+00 4.871959982134260514e+00 4.371967946364466506e+00 3.871968927086405277e+00 3.371969083377581722e+00 2.871969117416350414e+00 2.371969126641855663e+00
7.214186750073540821e+00 6.833070182180184027e+00 6.365969404058672509e+00 5.871285170446445711e+00 5.371896171561891364e+00 4.871960754393214188e+00 4.371967955604943334e+00 3.871968906498723495e+00 3.371969074516095066e+00 2.871969114378992494e+00 2.371969125657848121e+00
7.227234576255741061e+00 6.837483271718861388e+00 6.366799486339937530e+00 5.871383613297823878e+00 5.371905620534290549e+00 4.871961477453829126e+00 4.371967956661419130e+00 3.871968884062262362e+00 3.371969065143902711e+00 2.871969111187528068e+00 2.371969124625846526e+00
7.240805597223848977e+00 6.841882350503285082e+00 6.367591488860825599e+00 5.871475368563610964e+00 5.371914325505802168e+00 4.871962121762367204e+00 4.371967948692869754e+00 3.871968860361696407e+00 3.371969055530961601e+00 2.871969107935831822e+00 2.371969123576388228e+00
7.254541922358356487e+00 6.846127397525185287e+00 6.368320685076039211e+00 5.871557859382837918e+00 5.371922050378668878e+00 4.871962669739727581e+00 4.371967931833439458e+00 3.871968836008654602e+00 3.371969045927607045e+00 2.871969104708758103e+00 2.371969122536875307e+00
7.268108724478446803e+00 6.850104639443149068e+00 6.368971049186725075e+00 5.871629712001323220e+00 5.371928681740471667e+00 4.871963115094069430e+00 4.371967907018334820e+00 3.871968811591101733e+00 3.371969036548991827e+00 2.871969101577267924e+00 2.371969121530039804e+00
7.281210699925716234e+00 6.853731445461272997e+00 6.369534903632619205e+00 5.871690588284812051e+00 5.371934208386565324e+00 4.871963460603963014e+00 4.371967875720277341e+00 3.871968787633849995e+00 3.371969027566986021e+00 2.871969098596301340e+00 2.371969120573314438e+00
7.293602721709430803e+00 6.856957104380386525e+00 6.370011591482387381e+00 5.871740928750879718e+00 5.371938693243413887e+00 4.871963715305150266e+00 4.371967839674235634e+00 3.871968764573009203e+00 3.371969019108244758e+00 2.871969095804784988e+00 2.371969119678897009e+00
7.305095391141063210e+00 6.859760356389935865e+00 6.370405679358941420e+00 5.871781680692651939e+00 5.371942245174195385e+00 4.871963891775577871e+00 4.371967800642873492e+00 3.871968742744246850e+00 3.371969011256741755e+00 2.871969093227056291e+00 2.371969118854261094e+00
7.315556363111810789e+00 6.862144761178229579e+00 6.370725105360207863e+00 5.871814059117866691e+00 5.371944995102962750e+00 4.871964003912180097e+00 4.371967760247233770e+00 3.871968722382629124e+00 3.371969004059054864e+00 2.871969090875068797e+00 2.371969118102909224e+00
7.324908218137618832e+00 6.864132928163880543e+00 6.370979548229199985e+00 5.871839362627326864e+00 5.371947078238560991e+00 4.871964065338402428e+00 4.371967719865426538e+00 3.871968703630804143e+00 3.371968997530978118e+00 2.871969088750885746e+00 2.371969117425201112e+00
