-8.213289690238143592e+00 -8.213289690238143592e+00 -8.213289690238143592e+00 -8.213289690238143592e+00 -8.213289690238143592e+00 -8.213289690238143592e+00 -8.213289690238143592e+00 -8.213289690238143592e+00 -8.213289690238141816e+00 -8.213289690238140039e+00 -8.213289690238136487e+00
-8.135899219311609087e+00 -8.135899219311609087e+00 -8.135899219311609087e+00 -8.135899219311609087e+00 -8.135899219311609087e+00 -8.135899219311609087e+00 -8.135899219311609087e+00 -8.135899219311609087e+00 -8.135899219311609087e+00 -8.135899219311607311e+00 -8.135899219311605535e+00
-8.066785042428502805e+00 -8.066785042428502805e+00 -8.066785042428502805e+00 -8.066785042428502805e+00 -8.066785042428502805e+00 -8.066785042428502805e+00 -8.066785042428502805e+00 -8.066785042428502805e+00 -8.066785042428502805e+00 -8.066785042428502805e+00 -8.066785042428501029e+00
-8.005764086145681802e+00 -8.005764086145681802e+00 -8.005764086145681802e+00 -8.005764086145681802e+00 -8.005764086145681802e+00 -8.005764086145683578e+00 -8.005764086145681802e+00 -8.005764086145681802e+00 -8.005764086145681802e+00 -8.005764086145681802e+00 -8.005764086145681802e+00
-7.952479392590127816e+00 -7.952479392590127816e+00 -7.952479392590127816e+00 -7.952479392590127816e+00 -7.952479392590127816e+00 -7.952479392590127816e+00 -7.952479392590127816e+00 -7.952479392590127816e+00 -7.952479392590127816e+00 -7.952479392590128704e+00 -7.952479392590129592e+00
-7.906438151300841710e+00 -7.906438151300841710e+00 -7.906438151300841710e+00 -7.906438151300841710e+00 -7.906438151300841710e+00 -7.906438151300841710e+00 -7.906438151300841710e+00 -7.906438151300841710e+00 -7.906438151300842598e+00 -7.906438151300843487e+00 -7.906438151300845263e+00
-7.867052651361594151e+00 -7.867052651361594151e+00 -7.867052651361594151e+00 -7.867052651361594151e+00 -7.867052651361594151e+00 -7.867052651361594151e+00 -7.867052651361594151e+00 -7.867052651361594151e+00 -7.867052651361594151e+00 -7.867052651361595927e+00 -7.867052651361599480e+00
-7.833679502900726455e+00 -7.833679502900726455e+00 -7.833679502900726455e+00 -7.833679502900726455e+00 -7.833679502900726455e+00 -7.833679502900726455e+00 -7.833679502900726455e+00 -7.833679502900727343e+00 -7.833679502900727343e+00 -7.833679502900729119e+00 -7.833679502900734448e+00
-7.805654081542140688e+00 -7.805654081542140688e+00 -7.805654081542140688e+00 -7.805654081542140688e+00 -7.805654081542140688e+00 -7.805654081542140688e+00 -7.805654081542140688e+00 -7.805654081542141576e+00 -7.805654081542141576e+00 -7.805654081542144240e+00 -7.805654081542151346e+00
-7.782318630355872457e+00 -7.782318630355872457e+00 -7.782318630355872457e+00 -7.782318630355872457e+00 -7.782318630355872457e+00 -7.782318630355872457e+00 -7.782318630355872457e+00 -7.782318630355872457e+00 -7.782318630355873346e+00 -7.782318630355876010e+00 -7.782318630355884004e+00
-7.684906040461177312e+00 -7.684906040461177312e+00 -7.684906040461177312e+00 -7.684906040461177312e+00 -7.684906040461177312e+00 -7.684906040461177312e+00 -7.684906040461178200e+00 -7.684906040461179089e+00 -7.684906040461180865e+00 -7.684906040461187970e+00 -7.684906040461211063e+00
