6.480645681316533846e+00 6.971922994709069954e+00 7.451378917460573348e+00 7.909266626175571524e+00 8.333957620379134568e+00 8.711333633735002024e+00 9.027895641756922274e+00 9.272540060536838880e+00 9.433782227993086522e+00 9.493328910904013540e+00 9.423409196318083048e+00
6.489867502606967875e+00 6.975675360950773118e+00 7.453362309204321967e+00 7.910652307035563879e+00 8.335107921159989885e+00 8.712355041636739017e+00 9.028815406650995357e+00 9.273360823812847542e+00 9.434493581797836370e+00 9.493905996528745561e+00 9.423818403460183291e+00
6.510476258037858344e+00 6.984256988358035656e+00 7.457920108630316847e+00 7.913841797410611889e+00 8.337756704291955145e+00 8.714707225692558623e+00 9.030933514129966255e+00 9.275250870356451571e+00 9.436131538661559404e+00 9.495234545316174390e+00 9.424760133359837866e+00
6.549447699163399861e+00 7.001077499664436488e+00 7.466968536972840909e+00 7.920195209355140875e+00 8.343037494442182123e+00 8.719397527184048258e+00 9.035157042111473302e+00 9.279019341099257190e+00 9.439396785503941345e+00 9.497881975925634990e+00 9.426635347894327666e+00
6.612013069685729327e+00 7.029920820345234134e+00 7.482822943080672751e+00 7.931395498627010987e+00 8.352361191659170458e+00 8.727681335482349922e+00 9.042616380650304819e+00 9.285673998253150430e+00 9.445160866450232007e+00 9.502552122114135358e+00 9.429938738644768392e+00
6.699508794186734839e+00 7.073813086005627859e+00 7.507826327524681709e+00 7.949213269057429088e+00 8.367230598613023318e+00 8.740899243918866190e+00 9.054518502225237242e+00 9.296289521035980385e+00 9.454350564122471212e+00 9.509988932906317416e+00 9.435187041760055848e+00
6.808249981901523640e+00 7.134316789290703120e+00 7.543764853368493561e+00 7.975228835516841031e+00 8.389020643261988042e+00 8.760284005694597198e+00 9.071972930451883244e+00 9.311851216089142014e+00 9.467810382363762045e+00 9.520861546583462953e+00 9.442833047242974231e+00
6.932104763183098761e+00 7.210893718978359956e+00 7.591850782754298699e+00 8.010605584436502724e+00 8.418796671619734440e+00 8.786800495553208634e+00 9.095847258964090187e+00 9.333124861596127531e+00 9.486187736070963439e+00 9.535667750089318773e+00 9.453192769704569898e+00
7.065126907156977332e+00 7.301544429272109227e+00 7.652063409309219466e+00 8.056004937148779632e+00 8.457214086043794765e+00 8.821056023010280356e+00 9.126685812882543658e+00 9.360583311771932813e+00 9.509867631178259728e+00 9.554678579284118456e+00 9.466403436892045775e+00
7.202938431841994671e+00 7.403586083078677937e+00 7.723992700191596228e+00 8.111428204923313956e+00 8.504503904305266815e+00 8.863284693337401876e+00 9.164694819006085069e+00 9.394392680135336349e+00 9.538959990402636535e+00 9.577927321376041192e+00 9.482415686427234647e+00
7.342840192907662100e+00 7.514364419344012447e+00 7.806472640760605763e+00 8.176669588223496987e+00 8.560522502660582234e+00 8.913387144714869592e+00 9.209777399153978195e+00 9.434443481296607814e+00 9.573326822743473130e+00 9.605232649212952722e+00 9.501012970720701389e+00
