-2.911149746603405752e+00 -2.911149746602545996e+00 -2.911149746599826837e+00 -2.911149746591229270e+00 -2.911149746564040353e+00 -2.911149746478061573e+00 -2.911149746206172839e+00 -2.911149745346385487e+00 -2.911149742627498593e+00 -2.911149734029623293e+00 -2.911149706840756579e+00
-3.040143075043216569e+00 -3.040143075042356369e+00 -3.040143075039636322e+00 -3.040143075031033870e+00 -3.040143075003831186e+00 -3.040143074917808441e+00 -3.040143074645782040e+00 -3.040143073785557704e+00 -3.040143071065289249e+00 -3.040143062463045887e+00 -3.040143035260365334e+00
-3.169192325049207337e+00 -3.169192325048346692e+00 -3.169192325045624870e+00 -3.169192325037017532e+00 -3.169192325009798861e+00 -3.169192324923726822e+00 -3.169192324651541881e+00 -3.169192323790818833e+00 -3.169192321068972973e+00 -3.169192312461741157e+00 -3.169192285243285667e+00
-3.298305465347841192e+00 -3.298305465346980103e+00 -3.298305465344256504e+00 -3.298305465335643394e+00 -3.298305465308406959e+00 -3.298305465222277189e+00 -3.298305464949910615e+00 -3.298305464088612471e+00 -3.298305461364949398e+00 -3.298305452751969291e+00 -3.298305425515335010e+00
-3.427491957994539096e+00 -3.427491957993677119e+00 -3.427491957990951299e+00 -3.427491957982331527e+00 -3.427491957955073776e+00 -3.427491957868877392e+00 -3.427491957596300320e+00 -3.427491956734336487e+00 -3.427491954008566655e+00 -3.427491945388926542e+00 -3.427491918131231330e+00
-3.556762974217767326e+00 -3.556762974216904460e+00 -3.556762974214176420e+00 -3.556762974205549099e+00 -3.556762974178266923e+00 -3.556762974091993268e+00 -3.556762973819171059e+00 -3.556762972956433178e+00 -3.556762970228215970e+00 -3.556762961600834494e+00 -3.556762934318661085e+00
-3.686132752686686054e+00 -3.686132752685822300e+00 -3.686132752683091152e+00 -3.686132752674454949e+00 -3.686132752647144351e+00 -3.686132752560780101e+00 -3.686132752287672343e+00 -3.686132751424030740e+00 -3.686132748692955818e+00 -3.686132740056539348e+00 -3.686132712745793683e+00
-3.815617648488073055e+00 -3.815617648487208413e+00 -3.815617648484473712e+00 -3.815617648475826851e+00 -3.815617648448482946e+00 -3.815617648362013004e+00 -3.815617648088571290e+00 -3.815617647223872755e+00 -3.815617644489455618e+00 -3.815617635842469380e+00 -3.815617608498299340e+00
-3.945236839369244297e+00 -3.945236839368378767e+00 -3.945236839365640069e+00 -3.945236839356980774e+00 -3.945236839329597345e+00 -3.945236839243003946e+00 -3.945236838969170545e+00 -3.945236838103233890e+00 -3.945236835364900774e+00 -3.945236826705532884e+00 -3.945236799322206611e+00
-4.075013297131249601e+00 -4.075013297130382739e+00 -4.075013297127639156e+00 -4.075013297118965205e+00 -4.075013297091536479e+00 -4.075013297004796975e+00 -4.075013296730504386e+00 -4.075013295863114671e+00 -4.075013293120186120e+00 -4.075013284446287187e+00 -4.075013257017010559e+00
-4.204974771771794018e+00 -4.204974771770924491e+00 -4.204974771768176467e+00 -4.204974771759484753e+00 -4.204974771732001848e+00 -4.204974771645091813e+00 -4.204974771370258324e+00 -4.204974770501158865e+00 -4.204974767752827525e+00 -4.204974759061836487e+00 -4.204974731578512426e+00
