-1.050450496236310016e+01 -1.003334955916382221e+01 -9.542884662876760515e+00 -9.045944022132566431e+00 -8.546915978963781413e+00 -8.047223792682791199e+00 -7.547321184641679004e+00 -7.047352060152376474e+00 -6.547362553519423756e+00 -6.047373163897165504e+00 -5.547449430876447707e+00
-1.042218658569409939e+01 -1.000327299354140287e+01 -9.532421384047278679e+00 -9.042061481377901444e+00 -8.545155025020278572e+00 -8.046137893939325991e+00 -7.546449175182141644e+00 -7.046547730462904724e+00 -6.546579631565339064e+00 -6.046597025138190418e+00 -5.546675567275817009e+00
-1.026783653579420097e+01 -9.936807593719457543e+00 -9.507593353958784022e+00 -9.032612288688468993e+00 -8.540833627042369258e+00 -8.043466169616571904e+00 -7.544301991996715806e+00 -7.044566710751506200e+00 -6.544651189542777914e+00 -6.044685244792497691e+00 -5.544769377513861564e+00
-1.005398411141803905e+01 -9.822244215680246526e+00 -9.459076985168866969e+00 -9.013173444874032825e+00 -8.531784460816849602e+00 -8.037839723476437825e+00 -7.539772277832534009e+00 -7.040385273322211646e+00 -6.540580040404784690e+00 -6.040649055126108280e+00 -5.540744927700044009e+00
-9.815602949037097957e+00 -9.665066535450318241e+00 -9.380338113981077086e+00 -8.978823559834911094e+00 -8.515268741043314549e+00 -8.027460653996728368e+00 -7.531388417266970947e+00 -7.032637989832538850e+00 -6.533034642438183326e+00 -6.033167684861869162e+00 -5.533285093808230748e+00
-9.580094439781715820e+00 -9.483934743789669497e+00 -9.272258719858003317e+00 -8.925916822891167612e+00 -8.488516383952294575e+00 -8.010349607533557403e+00 -7.517488738576854068e+00 -7.019771051613298063e+00 -6.520496061363944662e+00 -6.020733334894413424e+00 -5.520885904709405878e+00
-9.359762564920142580e+00 -9.296869036930768715e+00 -9.142646501957813143e+00 -8.853678318927800106e+00 -8.449424651381649554e+00 -7.984693356377361440e+00 -7.496469943068248654e+00 -7.000261527756880930e+00 -6.501468272793594849e+00 -6.001858675458278114e+00 -5.502063148214483057e+00
-9.157508657246459904e+00 -9.114553654576006636e+00 -9.001344908649963727e+00 -8.764395135711829710e+00 -8.397085570355587336e+00 -7.949163222505664983e+00 -7.467021901926706562e+00 -6.972825728047306271e+00 -6.474678180742939659e+00 -5.975274234468792578e+00 -5.475548932696417737e+00
-8.972153562465571497e+00 -8.941328368622729172e+00 -8.856155340485125649e+00 -8.662153622707306155e+00 -8.331888735879987351e+00 -7.903094714256140740e+00 -7.428279453956520229e+00 -6.936557503566268323e+00 -6.439209369735373834e+00 -5.940060679991422177e+00 -5.440423522575851933e+00
-8.801176210312174675e+00 -8.777949179484181741e+00 -8.711741604477504453e+00 -8.551232128703359692e+00 -8.255207661787260065e+00 -7.846491296540190064e+00 -7.379865768764771516e+00 -6.890976873721251117e+00 -6.394551510759186819e+00 -5.895698408501503174e+00 -5.396165015718172420e+00
-8.641878136992426462e+00 -8.623568601533735389e+00 -8.570279573950976726e+00 -8.435096505177428483e+00 -8.168897826857453026e+00 -7.779890553774665207e+00 -7.321845270523259508e+00 -6.836002887787642202e+00 -6.340578876957327914e+00 -5.842047722171531454e+00 -5.342630093965117233e+00
