8.855636008678654747e+00 8.855657628700981832e+00 8.855725990013700866e+00 8.855942094294796618e+00 8.856624707727041468e+00 8.858774507747316562e+00 8.865454664001907403e+00 8.885091666391915055e+00 8.935929394878796117e+00 9.043317646232301499e+00 9.214600338646848243e+00
8.727305226789086490e+00 8.727326697206946093e+00 8.727394585557766149e+00 8.727609195809165499e+00 8.728287110765039714e+00 8.730422618471255447e+00 8.737070514369532859e+00 8.756756534407289294e+00 8.808265497217375284e+00 8.918321824640571549e+00 9.095812726510260404e+00
8.598872532348492470e+00 8.598893837259840467e+00 8.598961202363499368e+00 8.599174159499757053e+00 8.599846869586688314e+00 8.601966371907353803e+00 8.608573954423910379e+00 8.628269219183529515e+00 8.680344153637053140e+00 8.792851020420297203e+00 8.976250504693126686e+00
8.470359732749288995e+00 8.470380852285543938e+00 8.470447631317906456e+00 8.470658736668243094e+00 8.471325611656260079e+00 8.473427036979868987e+00 8.479985683993261247e+00 8.499647894315815577e+00 8.552173535025717754e+00 8.666894443277350035e+00 8.855876320351635300e+00
8.341781860360979906e+00 8.341802770613604423e+00 8.341868887978870717e+00 8.342077902539067225e+00 8.342738185698381770e+00 8.344819087720171780e+00 8.351319479663022349e+00 8.370904157378676658e+00 8.423754304107472279e+00 8.540432524629039790e+00 8.734642308887710982e+00
8.213148385700286269e+00 8.213169058560108482e+00 8.213234425382268000e+00 8.213441068197687045e+00 8.214093870966793887e+00 8.216151405967831778e+00 8.222583374218872976e+00 8.242044113254653581e+00 8.295080635435040151e+00 8.413437435062061098e+00 8.612490180507755611e+00
8.084463987375835714e+00 8.084484390309317092e+00 8.084548903724252611e+00 8.084752849644743833e+00 8.085397144367764355e+00 8.087428043816029088e+00 8.093780409222452121e+00 8.113068977424521933e+00 8.166140887491865286e+00 8.285873180271957850e+00 8.489350740204796963e+00
7.955728926255670075e+00 7.955749022042667207e+00 7.955812564368625495e+00 7.956013441419980126e+00 7.956648052910122004e+00 7.958648593415330375e+00 7.964909005247611695e+00 7.983975263428034097e+00 8.036917995142223603e+00 8.157695352766779706e+00 8.365142911001962389e+00
7.826939045308910714e+00 7.826958791768952040e+00 7.827021229640640065e+00 7.827218616281811592e+00 7.827842213048500142e+00 7.829808186028465400e+00 7.835962970029615171e+00 7.854754609938918719e+00 7.907389620125311325e+00 8.028850602703828443e+00 8.239772309832146036e+00
7.698085388835845144e+00 7.698104738574466310e+00 7.698165922140566053e+00 7.698359344721371400e+00 7.698970430845497148e+00 7.700897114782954134e+00 7.706931138917246571e+00 7.725393281118621225e+00 7.777528057023505248e+00 7.899275882001826510e+00 8.113129410549424492e+00
7.569153404171405697e+00 7.569172304384832017e+00 7.569232066689934868e+00 7.569420997491432601e+00 7.570017906348082803e+00 7.571900045242646371e+00 7.577796613141696724e+00 7.595871337322098960e+00 7.647299841920637498e+00 7.768897511706359893e+00 7.985087319868432232e+00
