1.179576409228423017e+01 1.179585043671327682e+01 1.179612161924710989e+01 1.179694939898735306e+01 1.179932109964508058e+01 1.180546189985519057e+01 1.181885367453501168e+01 1.184083151796702715e+01 1.186252076903884500e+01 1.186064796394541965e+01 1.180571070647476262e+01
1.171172766644648533e+01 1.171180726124373450e+01 1.171205766175549456e+01 1.171282705780716249e+01 1.171505916668163039e+01 1.172096825821445698e+01 1.173439007581366766e+01 1.175814320882274089e+01 1.178610300909801722e+01 1.179684036661980073e+01 1.175930542666770329e+01
1.162225043445236317e+01 1.162232444705060530e+01 1.162255757787098709e+01 1.162327787223216369e+01 1.162539039911181327e+01 1.163108866007065600e+01 1.164447422326041703e+01 1.166961748809156063e+01 1.170299051918744127e+01 1.172543902707156960e+01 1.170532330146552091e+01
1.152754259557453764e+01 1.152761201731745366e+01 1.152783089259175320e+01 1.152851025047064404e+01 1.153052197270797663e+01 1.153603602410598583e+01 1.154935964915239133e+01 1.157562528422164050e+01 1.161370062547174875e+01 1.164690970833342654e+01 1.164381321857686125e+01
1.142789879968789002e+01 1.142796446852416459e+01 1.142817165660480327e+01 1.142881717285473009e+01 1.143074516954641062e+01 1.143610380466754251e+01 1.144936690013487102e+01 1.147658100448803431e+01 1.151880247371175869e+01 1.156187119404378194e+01 1.157510378635012316e+01
1.132368787504702468e+01 1.132375049528756961e+01 1.132394816820052696e+01 1.132456593737468609e+01 1.132642535571349995e+01 1.133165712696474436e+01 1.134487771839648218e+01 1.137293691348454416e+01 1.141889138651137436e+01 1.147103142145432031e+01 1.149975013342737284e+01
1.121533690151507123e+01 1.121539706100702638e+01 1.121558704007026996e+01 1.121618223761602096e+01 1.121798621267606677e+01 1.122311786068687312e+01 1.123632276425053789e+01 1.126517335909996120e+01 1.131456811787917260e+01 1.137513085101725707e+01 1.141845788070705048e+01
1.110331099814882272e+01 1.110336918330939859e+01 1.110355298089030818e+01 1.110412994866876701e+01 1.110588962623958942e+01 1.111094511773604587e+01 1.112416429616554403e+01 1.115378492482095929e+01 1.120642096231799911e+01 1.127489745185981818e+01 1.133200293727754371e+01
1.098809098383279270e+01 1.098814759298143429e+01 1.098832645081293435e+01 1.098888878352157938e+01 1.099061341416688187e+01 1.099561342083139692e+01 1.100887608625474634e+01 1.103926399917850532e+01 1.109500983203477453e+01 1.117101393991943148e+01 1.124116165983221727e+01
1.087015147009254612e+01 1.087020682544083172e+01 1.087038174997998752e+01 1.087093238072812085e+01 1.087262946396360341e+01 1.087759116114185431e+01 1.089092325096961034e+01 1.092208402662340561e+01 1.098085258448417711e+01 1.106409613588907526e+01 1.114665904036133171e+01
1.074994180857760639e+01 1.074999616711388306e+01 1.075016796225623850e+01 1.075070924604091971e+01 1.075238470862666595e+01 1.075732180297516827e+01 1.077074451357839813e+01 1.080268475742561485e+01 1.086441448703448742e+01 1.095468079721982946e+01 1.104913642136440721e+01
