1.180571070647476262e+01 1.167419701332666371e+01 1.145468902457819382e+01 1.114817578861054415e+01 1.076626271782697764e+01 1.032829359003729941e+01 9.855933292624992959e+00 9.366548021365527887e+00 8.870222340636120251e+00 8.371426051078739050e+00 7.871811401329556368e+00
1.175930542666770329e+01 1.164561600266461738e+01 1.144013575945147565e+01 1.114221097959685203e+01 1.076436101456513761e+01 1.032783654092760628e+01 9.855850141816281607e+00 9.366535593214926791e+00 8.870220520239863404e+00 8.371425728971580327e+00 7.871811326641870998e+00
1.170532330146552091e+01 1.161093411219239080e+01 1.142179808772603877e+01 1.113447915469883220e+01 1.076185088548033164e+01 1.032722792289890812e+01 9.855739393414459926e+00 9.366519208402458219e+00 8.870218181911685207e+00 8.371425331410828008e+00 7.871811237563598240e+00
1.164381321857686125e+01 1.156968826531900341e+01 1.139905493977699891e+01 1.112455770838953306e+01 1.075855458117072061e+01 1.032641884300888080e+01 9.855591820906177247e+00 9.366497556312145534e+00 8.870215164301836097e+00 8.371424838027428095e+00 7.871811130943147106e+00
1.157510378635012316e+01 1.152165819599323449e+01 1.137135027491743777e+01 1.111198187791984360e+01 1.075425423852696305e+01 1.032534587863993281e+01 9.855395159054344489e+00 9.366468884667844108e+00 8.870211253038407406e+00 8.371424222309622465e+00 7.871811002829068649e+00
1.149975013342737284e+01 1.146689597088468027e+01 1.133825778073560464e+01 1.109627056058665318e+01 1.074869019015373617e+01 1.032392767532570055e+01 9.855133154603283430e+00 9.366430850604739788e+00 8.870206162799558314e+00 8.371423449613960344e+00 7.871810848238812497e+00
1.141845788070705048e+01 1.140571130879599515e+01 1.129953478435871261e+01 1.107696329386095080e+01 1.074156361337730381e+01 1.032206136740850155e+01 9.854784361635399392e+00 9.366380322485866827e+00 8.870199513237920996e+00 8.371422474504791822e+00 7.871810660854148267e+00
1.133200293727754371e+01 1.133861778577228030e+01 1.125514968561057394e+01 1.105366327581202945e+01 1.073254520038093851e+01 1.031961923597196851e+01 9.854320643184395934e+00 9.366313117124867915e+00 8.870190796639576547e+00 8.371421237189581532e+00 7.871810432618612019e+00
1.124116165983221727e+01 1.126625649691164810e+01 1.120527447752775174e+01 1.102607723203617418e+01 1.072129062051240922e+01 1.031644624515132058e+01 9.853705357018194277e+00 9.366223653075921973e+00 8.870179334475839283e+00 8.371419658735161917e+00 7.871810153203708360e+00
1.114665904036133171e+01 1.118931716221019634e+01 1.115024555826323471e+01 1.099404176080035533e+01 1.070746175263194111e+01 1.031235928240980826e+01 9.852891237591880014e+00 9.366104496210940766e+00 8.870164219042273146e+00 8.371417634638184779e+00 7.871809809298848215e+00
1.104913642136440721e+01 1.110847226919840125e+01 1.109050582291349230e+01 1.095752915032033314e+01 1.069075039495281487e+01 1.030714894907511692e+01 9.851818043448657747e+00 9.365945769366510021e+00 8.870144235104216790e+00 8.371415026170716089e+00 7.871809383664003512e+00
