-4.650321413034808948e+00 -4.650321245078311350e+00 -4.650320713953658647e+00 -4.650319034394320816e+00 -4.650313723204200222e+00 -4.650296928174871169e+00 -4.650243821913679021e+00 -4.650075928003238879e+00 -4.649545428676642445e+00 -4.647872105314887037e+00 -4.642622735036361803e+00
-4.510608918186036043e+00 -4.510608750236867692e+00 -4.510608219135392893e+00 -4.510606539649351987e+00 -4.510601228691057507e+00 -4.510584434395198627e+00 -4.510531330457178356e+00 -4.510363443930604177e+00 -4.509832968326977110e+00 -4.508159723703576205e+00 -4.502910639254102954e+00
-4.370924871191173899e+00 -4.370924703272026868e+00 -4.370924172265488572e+00 -4.370922493079667071e+00 -4.370917183070790912e+00 -4.370900391777667870e+00 -4.370847297339272686e+00 -4.370679440894516432e+00 -4.370149060831265864e+00 -4.368476122455726696e+00 -4.363228047347146088e+00
-4.231290038968768208e+00 -4.231289871107992262e+00 -4.231289340286039646e+00 -4.231287661683936108e+00 -4.231282353520986916e+00 -4.231265568065680327e+00 -4.231212492092919497e+00 -4.231044694089994174e+00 -4.230514499319407484e+00 -4.228842151714600206e+00 -4.223595992721561387e+00
-4.091731513838411161e+00 -4.091731346072545961e+00 -4.091730815550726597e+00 -4.091729137897734958e+00 -4.091723832736199995e+00 -4.091707056772793116e+00 -4.091654010821978993e+00 -4.091486307816045276e+00 -4.090956414044621070e+00 -4.089285024196199103e+00 -4.084041952733771907e+00
-3.952285238076749696e+00 -3.952285070453920746e+00 -3.952284540384425338e+00 -3.952282864161812181e+00 -3.952277563523607373e+00 -3.952260801864978745e+00 -3.952207801157378686e+00 -3.952040241298344192e+00 -3.951510800949815216e+00 -3.949840852467288776e+00 -3.944602413869654711e+00
-3.812999378195424782e+00 -3.812999210779914883e+00 -3.812998681366021270e+00 -3.812997007216614165e+00 -3.812991713134558314e+00 -3.812974972209277169e+00 -3.812922037076098114e+00 -3.812754684679791506e+00 -3.812225901367676251e+00 -3.810558040422810766e+00 -3.805326300931009431e+00
-3.673938807300755727e+00 -3.673938640179135184e+00 -3.673938111694601716e+00 -3.673936440484103283e+00 -3.673931155695823403e+00 -3.673914444161344051e+00 -3.673861601983073211e+00 -3.673694543666304213e+00 -3.673166691618023449e+00 -3.671501788602561600e+00 -3.666279532670050134e+00
-3.535190994808373066e+00 -3.535190828097683369e+00 -3.535190300912630867e+00 -3.535188633811467085e+00 -3.535183362018220254e+00 -3.535166691579391784e+00 -3.535113979374455706e+00 -3.534947332244196438e+00 -3.534420782228739011e+00 -3.532760014056653297e+00 -3.527551007719865961e+00
-3.396873618864362232e+00 -3.396873452722942055e+00 -3.396872927338077996e+00 -3.396871265929634287e+00 -3.396866012138584523e+00 -3.396849398630058747e+00 -3.396796866478107635e+00 -3.396630788960979253e+00 -3.396106042575772310e+00 -3.394451001517621691e+00 -3.389260340642861191e+00
-3.259144170157666665e+00 -3.259144004799263250e+00 -3.259143481890519389e+00 -3.259141828312288158e+00 -3.259136599282863145e+00 -3.259120064080651691e+00 -3.259067779586827918e+00 -3.258902485551631756e+00 -3.258380219934678301e+00 -3.256733055536812138e+00 -3.251567619854359492e+00
