1.235530465237240705e+01 1.235530465237240705e+01 1.235530465237240705e+01 1.235530465237240705e+01 1.235530465237240705e+01 1.235530465237240705e+01 1.235530465237240705e+01 1.235530465237240705e+01 1.235530465237240705e+01 1.235530465237240705e+01 1.235530465237240705e+01
1.232206644061530731e+01 1.232206644061530731e+01 1.232206644061530731e+01 1.232206644061530731e+01 1.232206644061530731e+01 1.232206644061530731e+01 1.232206644061530731e+01 1.232206644061530731e+01 1.232206644061530731e+01 1.232206644061530731e+01 1.232206644061530731e+01
1.228503984954724615e+01 1.228503984954724615e+01 1.228503984954724615e+01 1.228503984954724615e+01 1.228503984954724615e+01 1.228503984954724615e+01 1.228503984954724615e+01 1.228503984954724615e+01 1.228503984954724615e+01 1.228503984954724615e+01 1.228503984954724615e+01
1.224391926027961297e+01 1.224391926027961297e+01 1.224391926027961297e+01 1.224391926027961297e+01 1.224391926027961297e+01 1.224391926027961297e+01 1.224391926027961297e+01 1.224391926027961297e+01 1.224391926027961297e+01 1.224391926027961297e+01 1.224391926027961297e+01
1.219835764731021754e+01 1.219835764731021754e+01 1.219835764731021754e+01 1.219835764731021754e+01 1.219835764731021754e+01 1.219835764731021754e+01 1.219835764731021754e+01 1.219835764731021754e+01 1.219835764731021754e+01 1.219835764731021754e+01 1.219835764731021754e+01
1.214820164522373247e+01 1.214820164522373247e+01 1.214820164522373247e+01 1.214820164522373247e+01 1.214820164522373247e+01 1.214820164522373247e+01 1.214820164522373247e+01 1.214820164522373247e+01 1.214820164522373247e+01 1.214820164522373247e+01 1.214820164522373247e+01
1.209304699294092522e+01 1.209304699294092522e+01 1.209304699294092522e+01 1.209304699294092522e+01 1.209304699294092522e+01 1.209304699294092522e+01 1.209304699294092522e+01 1.209304699294092522e+01 1.209304699294092522e+01 1.209304699294092522e+01 1.209304699294092522e+01
1.203270348286860170e+01 1.203270348286860170e+01 1.203270348286860170e+01 1.203270348286860170e+01 1.203270348286860170e+01 1.203270348286860170e+01 1.203270348286860170e+01 1.203270348286860170e+01 1.203270348286860170e+01 1.203270348286860170e+01 1.203270348286860170e+01
1.196697976793555007e+01 1.196697976793555007e+01 1.196697976793555007e+01 1.196697976793555007e+01 1.196697976793555007e+01 1.196697976793555007e+01 1.196697976793555007e+01 1.196697976793555007e+01 1.196697976793555007e+01 1.196697976793555007e+01 1.196697976793555007e+01
1.189574098893118581e+01 1.189574098893118581e+01 1.189574098893118581e+01 1.189574098893118581e+01 1.189574098893118581e+01 1.189574098893118581e+01 1.189574098893118581e+01 1.189574098893118581e+01 1.189574098893118581e+01 1.189574098893118581e+01 1.189574098893118581e+01
1.181892047928646505e+01 1.181892047928646505e+01 1.181892047928646505e+01 1.181892047928646505e+01 1.181892047928646505e+01 1.181892047928646505e+01 1.181892047928646505e+01 1.181892047928646505e+01 1.181892047928646505e+01 1.181892047928646505e+01 1.181892047928646505e+01
