8.948467201626643330e+00 8.948467201626643330e+00 8.948467201626643330e+00 8.948467201626645107e+00 8.948467201626645107e+00 8.948467201626650436e+00 8.948467201626666423e+00 8.948467201626716161e+00 8.948467201626874257e+00 8.948467201627375189e+00 8.948467201628957923e+00
9.108272014836785502e+00 9.108272014836785502e+00 9.108272014836785502e+00 9.108272014836785502e+00 9.108272014836787278e+00 9.108272014836790831e+00 9.108272014836803265e+00 9.108272014836844122e+00 9.108272014836972019e+00 9.108272014837377029e+00 9.108272014838654229e+00
9.262717122593686625e+00 9.262717122593686625e+00 9.262717122593686625e+00 9.262717122593686625e+00 9.262717122593688401e+00 9.262717122593691954e+00 9.262717122593702612e+00 9.262717122593736363e+00 9.262717122593842944e+00 9.262717122594180452e+00 9.262717122595248043e+00
9.413224102549969885e+00 9.413224102549969885e+00 9.413224102549969885e+00 9.413224102549969885e+00 9.413224102549969885e+00 9.413224102549973438e+00 9.413224102549982319e+00 9.413224102550010741e+00 9.413224102550103112e+00 9.413224102550392658e+00 9.413224102551305705e+00
9.560845447646844519e+00 9.560845447646844519e+00 9.560845447646844519e+00 9.560845447646844519e+00 9.560845447646846296e+00 9.560845447646848072e+00 9.560845447646856954e+00 9.560845447646881823e+00 9.560845447646961759e+00 9.560845447647215778e+00 9.560845447648016915e+00
9.706354738437168450e+00 9.706354738437168450e+00 9.706354738437168450e+00 9.706354738437170226e+00 9.706354738437170226e+00 9.706354738437172003e+00 9.706354738437179108e+00 9.706354738437202201e+00 9.706354738437273255e+00 9.706354738437500629e+00 9.706354738438218277e+00
9.850316708004836386e+00 9.850316708004836386e+00 9.850316708004838162e+00 9.850316708004838162e+00 9.850316708004838162e+00 9.850316708004839938e+00 9.850316708004847044e+00 9.850316708004868360e+00 9.850316708004932309e+00 9.850316708005138366e+00 9.850316708005790289e+00
9.993140462660903722e+00 9.993140462660903722e+00 9.993140462660903722e+00 9.993140462660903722e+00 9.993140462660903722e+00 9.993140462660905499e+00 9.993140462660912604e+00 9.993140462660930368e+00 9.993140462660990764e+00 9.993140462661180834e+00 9.993140462661783019e+00
1.013511914460602625e+01 1.013511914460602625e+01 1.013511914460602625e+01 1.013511914460602803e+01 1.013511914460602803e+01 1.013511914460602981e+01 1.013511914460603514e+01 1.013511914460605290e+01 1.013511914460610974e+01 1.013511914460628738e+01 1.013511914460684871e+01
1.027645893432890567e+01 1.027645893432890567e+01 1.027645893432890567e+01 1.027645893432890745e+01 1.027645893432890745e+01 1.027645893432890922e+01 1.027645893432891455e+01 1.027645893432893054e+01 1.027645893432898383e+01 1.027645893432915081e+01 1.027645893432968194e+01
1.041729975763938398e+01 1.041729975763938398e+01 1.041729975763938398e+01 1.041729975763938398e+01 1.041729975763938398e+01 1.041729975763938576e+01 1.041729975763939109e+01 1.041729975763940708e+01 1.041729975763945681e+01 1.041729975763961669e+01 1.041729975764012117e+01
