6.145348011316148495e-01 1.147965097461508682e-01 -3.851206894235492673e-01 -8.850945013644884174e-01 -1.385086219559046317e+00 -1.885083600580805374e+00 -2.385082772383026128e+00 -2.885082510483478302e+00 -3.385082427663527849e+00 -3.885082401473555880e+00 -4.385082393191559014e+00
6.145346569605818488e-01 1.147964941867849614e-01 -3.851206913234928586e-01 -8.850945016627176365e-01 -1.385086219623078652e+00 -1.885083600598026043e+00 -2.385082772388168681e+00 -2.885082510485074359e+00 -3.385082427664029670e+00 -3.885082401473714420e+00 -4.385082393191609640e+00
6.145344639765282224e-01 1.147964735530712516e-01 -3.851206937859678603e-01 -8.850945020344329617e-01 -1.385086219699902976e+00 -1.885083600618247202e+00 -2.385082772394155892e+00 -2.885082510486927099e+00 -3.385082427664611426e+00 -3.885082401473898273e+00 -4.385082393191667371e+00
6.145342054835996048e-01 1.147964461405599629e-01 -3.851206969903814281e-01 -8.850945025003440492e-01 -1.385086219792464268e+00 -1.885083600642039281e+00 -2.385082772401132090e+00 -2.885082510489078267e+00 -3.385082427665286442e+00 -3.885082401474110547e+00 -4.385082393191734873e+00
6.145338590504454412e-01 1.147964096648937116e-01 -3.851207011754228526e-01 -8.850945030874735053e-01 -1.385086219904458682e+00 -1.885083600670086401e+00 -2.385082772409264251e+00 -2.885082510491576269e+00 -3.385082427666068927e+00 -3.885082401474357461e+00 -4.385082393191813033e+00
6.145333945307286383e-01 1.147963610617447894e-01 -3.851207066594831141e-01 -8.850945038313233759e-01 -1.385086220040591343e+00 -1.885083600703224338e+00 -2.385082772418752217e+00 -2.885082510494477059e+00 -3.385082427666976645e+00 -3.885082401474643454e+00 -4.385082393191902739e+00
6.145327714028047117e-01 1.147962962185327396e-01 -3.851207138678477970e-01 -8.850945047786974440e-01 -1.385086220206889207e+00 -1.885083600742480936e+00 -2.385082772429833131e+00 -2.885082510497848141e+00 -3.385082427668029137e+00 -3.885082401474975189e+00 -4.385082393192007544e+00
6.145319351957913012e-01 1.147962096151300126e-01 -3.851207233687509168e-01 -8.850945059913326585e-01 -1.385086220411073432e+00 -1.885083600789117853e+00 -2.385082772442787657e+00 -2.885082510501765451e+00 -3.385082427669249938e+00 -3.885082401475359326e+00 -4.385082393192129224e+00
6.145308126737318855e-01 1.147960938381224621e-01 -3.851207359226074267e-01 -8.850945075510100457e-01 -1.385086220663127587e+00 -1.885083600844704277e+00 -2.385082772457953304e+00 -2.885082510506320030e+00 -3.385082427670666139e+00 -3.885082401475804748e+00 -4.385082393192269556e+00
6.145293053709864894e-01 1.147959389319779255e-01 -3.851207525467323922e-01 -8.850945095659490391e-01 -1.385086220975912941e+00 -1.885083600911170221e+00 -2.385082772475727086e+00 -2.885082510511615794e+00 -3.385082427672308381e+00 -3.885082401476320779e+00 -4.385082393192432093e+00
6.145272808618443827e-01 1.147957315158424779e-01 -3.851207746055957393e-01 -8.850945121804071336e-01 -1.385086221366308434e+00 -1.885083600990979269e+00 -2.385082772496600167e+00 -2.885082510517780197e+00 -3.385082427674213967e+00 -3.885082401476918967e+00 -4.385082393192621275e+00
