1.340616872478084076e+01 1.340616260504403456e+01 1.340614148003447781e+01 1.340606064274422948e+01 1.340575947989472994e+01 1.340495428343264273e+01 1.340335343659871903e+01 1.340056929485969306e+01 1.339599562864389704e+01 1.338871410135346984e+01 1.337739825618266565e+01
1.340592109414145661e+01 1.340591642800329275e+01 1.340590024358102816e+01 1.340583685654793200e+01 1.340558179175322095e+01 1.340483536787148289e+01 1.340327971218605185e+01 1.340052460804933609e+01 1.339596856984687534e+01 1.338869754876042606e+01 1.337738792971456725e+01
1.340562966474750617e+01 1.340562622040521212e+01 1.340561421152683153e+01 1.340556612856888741e+01 1.340535723553632863e+01 1.340467974485032876e+01 1.340318177795615995e+01 1.340046498888479753e+01 1.339593249396661889e+01 1.338867556514982304e+01 1.337737430910200231e+01
1.340528771088462889e+01 1.340528527130519088e+01 1.340527670718469899e+01 1.340524159962641626e+01 1.340507687609506071e+01 1.340447753446549228e+01 1.340305204523308724e+01 1.340038549590514450e+01 1.339588437088695372e+01 1.338864632833655044e+01 1.337735630240083040e+01
1.340488752947918627e+01 1.340488589786042617e+01 1.340488010784970285e+01 1.340485565129314161e+01 1.340473122939270034e+01 1.340421707523930905e+01 1.340288083338637293e+01 1.340027961869814099e+01 1.339582016161546640e+01 1.338860740109050163e+01 1.337733244931842158e+01
1.340442028696666377e+01 1.340441928997287491e+01 1.340441567966523451e+01 1.340439969862543634e+01 1.340431034068381955e+01 1.340388503347316629e+01 1.340265599109930683e+01 1.340013883444632370e+01 1.339573449452125331e+01 1.338855552537853555e+01 1.337730079645757897e+01
1.340387584414165723e+01 1.340387533314555490e+01 1.340387339169123848e+01 1.340386395280634169e+01 1.340380370562416346e+01 1.340346667726730701e+01 1.340236257420695054e+01 1.339995208013702843e+01 1.339562024790127914e+01 1.338848635000975129e+01 1.337725873067345539e+01
1.340324255706900836e+01 1.340324240777954046e+01 1.340324170815669902e+01 1.340323716511236007e+01 1.340320001092218405e+01 1.340294626038140535e+01 1.340198266144373562e+01 1.339970515452597510e+01 1.339546801982701396e+01 1.338839407203070131e+01 1.337720275689791016e+01
1.340250705187856006e+01 1.340250716279305898e+01 1.340250735703684803e+01 1.340250635753155173e+01 1.340248672919721251e+01 1.340230738405774602e+01 1.340149539883720387e+01 1.339938008949054016e+01 1.339526546879050173e+01 1.338827096795818683e+01 1.337712820269656966e+01
1.340165397096590816e+01 1.340165426107301982e+01 1.340165507236079634e+01 1.340165653959741654e+01 1.340164963702009260e+01 1.340153316121275928e+01 1.340087733686718785e+01 1.339895456710399557e+01 1.339499651751208908e+01 1.338810678704482804e+01 1.337702882680162730e+01
1.340066568782483003e+01 1.340066609392648012e+01 1.340066730710191933e+01 1.340067040710299295e+01 1.340067232145280052e+01 1.340060604104653663e+01 1.340010304313763001e+01 1.339840150152640419e+01 1.339464043156998940e+01 1.338788797659582741e+01 1.337689630294818421e+01
