2.189034891043889708e+00 2.189034891045996023e+00 2.189034891052656917e+00 2.189034891073719624e+00 2.189034891140326788e+00 2.189034891350956968e+00 2.189034892017029055e+00 2.189034894123332631e+00 2.189034900784049498e+00 2.189034921847084370e+00 2.189034988454243269e+00
2.060152001840835023e+00 2.060152001842930680e+00 2.060152001849557379e+00 2.060152001870513505e+00 2.060152001936783162e+00 2.060152002146345307e+00 2.060152002809038763e+00 2.060152004904659773e+00 2.060152011531595662e+00 2.060152032487805762e+00 2.060152098757153993e+00
1.931233903155945120e+00 1.931233903158028564e+00 1.931233903164616406e+00 1.931233903185449519e+00 1.931233903251329487e+00 1.931233903459660173e+00 1.931233904118460298e+00 1.931233906201768713e+00 1.931233912789767970e+00 1.931233933622850563e+00 1.931233999502835363e+00
1.802272999306779422e+00 1.802272999308848656e+00 1.802272999315391866e+00 1.802272999336083092e+00 1.802272999401514753e+00 1.802272999608428128e+00 1.802273000262745395e+00 1.802273002331878038e+00 1.802273008875050042e+00 1.802273029566376250e+00 1.802273094998088077e+00
1.673260735898996598e+00 1.673260735901049401e+00 1.673260735907541097e+00 1.673260735928069343e+00 1.673260735992985415e+00 1.673260736198268317e+00 1.673260736847429930e+00 1.673260738900258948e+00 1.673260745391873971e+00 1.673260765920162818e+00 1.673260830836305724e+00
1.544185905287851490e+00 1.544185905289885419e+00 1.544185905296317829e+00 1.544185905316658891e+00 1.544185905380982993e+00 1.544185905584393392e+00 1.544185906227633076e+00 1.544185908261736406e+00 1.544185914694136352e+00 1.544185935035169210e+00 1.544185999359157124e+00
1.415035237937099177e+00 1.415035237939111568e+00 1.415035237945476254e+00 1.415035237965602599e+00 1.415035238029247244e+00 1.415035238230510029e+00 1.415035238866958256e+00 1.415035240879584988e+00 1.415035247244068817e+00 1.415035267370333694e+00 1.415035331015164655e+00
1.285790604774166068e+00 1.285790604776154256e+00 1.285790604782441005e+00 1.285790604802321324e+00 1.285790604865188591e+00 1.285790605063992897e+00 1.285790605692667121e+00 1.285790607680709297e+00 1.285790613967450868e+00 1.285790633847872844e+00 1.285790696715280568e+00
1.156431355335555411e+00 1.156431355337515399e+00 1.156431355343713330e+00 1.156431355363312763e+00 1.156431355425292073e+00 1.156431355621287294e+00 1.156431356241078623e+00 1.156431358201031268e+00 1.156431364398945227e+00 1.156431383998469453e+00 1.156431445977601502e+00
1.026928416697591828e+00 1.026928416699519619e+00 1.026928416705616298e+00 1.026928416724895765e+00 1.026928416785862552e+00 1.026928416978656555e+00 1.026928417588324871e+00 1.026928419516265567e+00 1.026928425612948947e+00 1.026928444892354575e+00 1.026928505859182161e+00
8.972479013405326720e-01 8.972479013424243810e-01 8.972479013484059296e-01 8.972479013673213544e-01 8.972479014271375064e-01 8.972479016162926424e-01 8.972479022144537186e-01 8.972479041060054117e-01 8.972479100876163960e-01 8.972479290031309951e-01 8.972479888192346209e-01
