-6.266293839689704548e+00 -5.823411609500316999e+00 -5.343157924875112208e+00 -4.849597174292337165e+00 -4.351686652340433170e+00 -3.852680716311986053e+00 -3.356288024577579687e+00 -2.888644084207317331e+00 -2.612222596351229775e+00 -2.777890170443148676e+00 -3.212473568230503229e+00
-6.143323791015075308e+00 -5.701065576607273755e+00 -5.221047771509330637e+00 -4.727567356349813288e+00 -4.229693502791740833e+00 -3.730806567533198059e+00 -3.235510713389379234e+00 -2.777594378366871730e+00 -2.546656921922670680e+00 -2.761817797218646842e+00 -3.210370182149848706e+00
-6.018159711201303885e+00 -5.576286061857981480e+00 -5.096413936725764593e+00 -4.602983963295055325e+00 -4.105140973484971312e+00 -3.606409373722562428e+00 -3.112592611609093840e+00 -2.667356492351406594e+00 -2.487599717123733178e+00 -2.748723270016311115e+00 -3.208734618096275248e+00
-5.891072319490115561e+00 -5.449396609289535398e+00 -4.969599661195592155e+00 -4.476196961398192009e+00 -3.978382606793399834e+00 -3.479857815121038200e+00 -2.988038206998566704e+00 -2.559174340437579520e+00 -2.435496371225430945e+00 -2.738230452961994743e+00 -3.207476778216459046e+00
-5.762299297743766147e+00 -5.320680208734381189e+00 -4.840904990326106550e+00 -4.347512311114624772e+00 -3.849728208447896094e+00 -3.351482117265928373e+00 -2.862359757418234452e+00 -2.454369716734883689e+00 -2.390447062030546910e+00 -2.729947535728672658e+00 -3.206518479420771950e+00
-5.632049817487827958e+00 -5.190383859893223928e+00 -4.710591254693864194e+00 -4.217196427233997902e+00 -3.719448498780854706e+00 -3.221580681744066421e+00 -2.736097676970603132e+00 -2.354298865775644511e+00 -2.352245553373730758e+00 -2.723495996238669559e+00 -3.205794182231577416e+00
-5.500508251682417082e+00 -5.058722762026038211e+00 -4.578885383717476998e+00 -4.085480554484717253e+00 -3.587779781482368868e+00 -3.090427456533359596e+00 -2.609844000666603936e+00 -2.260277840866053101e+00 -2.320443125823546282e+00 -2.718529790679934166e+00 -3.205250415081019710e+00
-5.367837242728636049e+00 -4.925884106506307702e+00 -4.445983944347993599e+00 -3.952564923088239812e+00 -3.454928513551267510e+00 -2.958280164554984104e+00 -2.484267928425233141e+00 -2.173483436739520602e+00 -2.294423707253373745e+00 -2.714745898499516308e+00 -3.204844483522133025e+00
-5.234180271885697344e+00 -4.792030479889386463e+00 -4.312056850572415279e+00 -3.818622611994136218e+00 -3.321075736735872752e+00 -2.825389648548025434e+00 -2.360141092687539022e+00 -2.094847843820010880e+00 -2.273477790366821516e+00 -2.711888034723252350e+00 -3.204542884208064102e+00
-5.099663845297222942e+00 -4.657302900121030653e+00 -4.177250724373011259e+00 -3.683803090867265428e+00 -3.186381390925705936e+00 -2.692010713209670225e+00 -2.238358094072985249e+00 -2.024972111408341213e+00 -2.256866577571961852e+00 -2.709745536112275754e+00 -3.204319692401266018e+00
-4.964399383977264435e+00 -4.521823514835403124e+00 -4.041691910752835071e+00 -3.548235441495233733e+00 -3.050988580919065996e+00 -2.558414940435838503e+00 -2.119945238133687848e+00 -1.964080683895366608e+00 -2.243871943412081738e+00 -2.708149270411573273e+00 -3.204155074902660161e+00
