-9.781869431478831700e+00 -1.028186943145991883e+01 -1.078186943145442633e+01 -1.128186943145273702e+01 -1.178186943145220766e+01 -1.228186943145204069e+01 -1.278186943145198917e+01 -1.328186943145197141e+01 -1.378186943145196608e+01 -1.428186943145196430e+01 -1.478186943145196430e+01
-9.781869431478110499e+00 -1.028186943145948540e+01 -1.078186943145426824e+01 -1.128186943145268550e+01 -1.178186943145219168e+01 -1.228186943145203536e+01 -1.278186943145198740e+01 -1.328186943145197141e+01 -1.378186943145196608e+01 -1.428186943145196430e+01 -1.478186943145196430e+01
-9.781869431477561605e+00 -1.028186943145902355e+01 -1.078186943145409238e+01 -1.128186943145262688e+01 -1.178186943145217214e+01 -1.228186943145203003e+01 -1.278186943145198562e+01 -1.328186943145197141e+01 -1.378186943145196608e+01 -1.428186943145196430e+01 -1.478186943145196430e+01
-9.781869431477316468e+00 -1.028186943145853682e+01 -1.078186943145389876e+01 -1.128186943145256116e+01 -1.178186943145215260e+01 -1.228186943145202292e+01 -1.278186943145198384e+01 -1.328186943145196963e+01 -1.378186943145196608e+01 -1.428186943145196430e+01 -1.478186943145196430e+01
-9.781869431477721477e+00 -1.028186943145808563e+01 -1.078186943145369803e+01 -1.128186943145249188e+01 -1.178186943145212950e+01 -1.228186943145201582e+01 -1.278186943145198029e+01 -1.328186943145196963e+01 -1.378186943145196608e+01 -1.428186943145196430e+01 -1.478186943145196430e+01
-9.781869431479007559e+00 -1.028186943145765930e+01 -1.078186943145347954e+01 -1.128186943145241550e+01 -1.178186943145210464e+01 -1.228186943145200871e+01 -1.278186943145197851e+01 -1.328186943145196963e+01 -1.378186943145196608e+01 -1.428186943145196430e+01 -1.478186943145196430e+01
-9.781869431482096644e+00 -1.028186943145742660e+01 -1.078186943145328414e+01 -1.128186943145234089e+01 -1.178186943145207977e+01 -1.228186943145199983e+01 -1.278186943145197496e+01 -1.328186943145196786e+01 -1.378186943145196608e+01 -1.428186943145196430e+01 -1.478186943145196430e+01
-9.781869431487729472e+00 -1.028186943145743015e+01 -1.078186943145310828e+01 -1.128186943145226806e+01 -1.178186943145205490e+01 -1.228186943145199272e+01 -1.278186943145197318e+01 -1.328186943145196786e+01 -1.378186943145196608e+01 -1.428186943145196430e+01 -1.478186943145196430e+01
-9.781869431497577594e+00 -1.028186943145789556e+01 -1.078186943145299104e+01 -1.128186943145220411e+01 -1.178186943145203180e+01 -1.228186943145198562e+01 -1.278186943145197141e+01 -1.328186943145196608e+01 -1.378186943145196430e+01 -1.428186943145196430e+01 -1.478186943145196430e+01
-9.781869431514158109e+00 -1.028186943145911947e+01 -1.078186943145297505e+01 -1.128186943145215970e+01 -1.178186943145201404e+01 -1.228186943145197851e+01 -1.278186943145196963e+01 -1.328186943145196608e+01 -1.378186943145196430e+01 -1.428186943145196430e+01 -1.478186943145196430e+01
-9.781869431541098336e+00 -1.028186943146141985e+01 -1.078186943145308163e+01 -1.128186943145212950e+01 -1.178186943145199805e+01 -1.228186943145197318e+01 -1.278186943145196608e+01 -1.328186943145196608e+01 -1.378186943145196430e+01 -1.428186943145196430e+01 -1.478186943145196430e+01
