-6.382878624509087828e+00 -6.382878624509087828e+00 -6.382878624509087828e+00 -6.382878624509087828e+00 -6.382878624509086940e+00 -6.382878624509084275e+00 -6.382878624509076282e+00 -6.382878624509051413e+00 -6.382878624508973253e+00 -6.382878624508724563e+00 -6.382878624507939413e+00
-6.258543452428294351e+00 -6.258543452428294351e+00 -6.258543452428294351e+00 -6.258543452428293463e+00 -6.258543452428293463e+00 -6.258543452428290799e+00 -6.258543452428282805e+00 -6.258543452428258824e+00 -6.258543452428180665e+00 -6.258543452427935527e+00 -6.258543452427160148e+00
-6.133990466920478113e+00 -6.133990466920478113e+00 -6.133990466920477225e+00 -6.133990466920477225e+00 -6.133990466920476337e+00 -6.133990466920473672e+00 -6.133990466920466567e+00 -6.133990466920441698e+00 -6.133990466920365314e+00 -6.133990466920121065e+00 -6.133990466919350126e+00
-6.009002574132550123e+00 -6.009002574132550123e+00 -6.009002574132550123e+00 -6.009002574132549235e+00 -6.009002574132548347e+00 -6.009002574132546570e+00 -6.009002574132538577e+00 -6.009002574132514596e+00 -6.009002574132437324e+00 -6.009002574132193963e+00 -6.009002574131423913e+00
-5.883412214749163205e+00 -5.883412214749163205e+00 -5.883412214749163205e+00 -5.883412214749163205e+00 -5.883412214749162317e+00 -5.883412214749159652e+00 -5.883412214749151659e+00 -5.883412214749127678e+00 -5.883412214749050406e+00 -5.883412214748806157e+00 -5.883412214748034330e+00
-5.757094309322695835e+00 -5.757094309322695835e+00 -5.757094309322695835e+00 -5.757094309322695835e+00 -5.757094309322694947e+00 -5.757094309322692283e+00 -5.757094309322684289e+00 -5.757094309322660308e+00 -5.757094309322583037e+00 -5.757094309322337011e+00 -5.757094309321561632e+00
-5.629960406931395767e+00 -5.629960406931395767e+00 -5.629960406931395767e+00 -5.629960406931395767e+00 -5.629960406931394878e+00 -5.629960406931392214e+00 -5.629960406931384220e+00 -5.629960406931360239e+00 -5.629960406931282080e+00 -5.629960406931035166e+00 -5.629960406930253569e+00
-5.501953605946719783e+00 -5.501953605946719783e+00 -5.501953605946719783e+00 -5.501953605946718895e+00 -5.501953605946718007e+00 -5.501953605946716230e+00 -5.501953605946708237e+00 -5.501953605946683368e+00 -5.501953605946604320e+00 -5.501953605946354742e+00 -5.501953605945566927e+00
-5.373043970109222300e+00 -5.373043970109222300e+00 -5.373043970109222300e+00 -5.373043970109222300e+00 -5.373043970109221412e+00 -5.373043970109218748e+00 -5.373043970109211642e+00 -5.373043970109185885e+00 -5.373043970109105949e+00 -5.373043970108854595e+00 -5.373043970108059675e+00
-5.243224283436049404e+00 -5.243224283436049404e+00 -5.243224283436049404e+00 -5.243224283436049404e+00 -5.243224283436048516e+00 -5.243224283436045852e+00 -5.243224283436037858e+00 -5.243224283436012101e+00 -5.243224283435932165e+00 -5.243224283435678146e+00 -5.243224283434875233e+00
-5.112506075742250466e+00 -5.112506075742250466e+00 -5.112506075742250466e+00 -5.112506075742250466e+00 -5.112506075742249578e+00 -5.112506075742246914e+00 -5.112506075742238920e+00 -5.112506075742213163e+00 -5.112506075742132339e+00 -5.112506075741875655e+00 -5.112506075741064748e+00
