6.914839486277561065e+00 6.914839486277595704e+00 6.914839486277704950e+00 6.914839486278050451e+00 6.914839486279141134e+00 6.914839486282591707e+00 6.914839486293503867e+00 6.914839486328008711e+00 6.914839486437124982e+00 6.914839486782180522e+00 6.914839487873340573e+00
7.054800416942025088e+00 7.054800416942059726e+00 7.054800416942168084e+00 7.054800416942510033e+00 7.054800416943591834e+00 7.054800416947013098e+00 7.054800416957832887e+00 7.054800416992048184e+00 7.054800417100244303e+00 7.054800417442392835e+00 7.054800418524359351e+00
7.194737350568154000e+00 7.194737350568188639e+00 7.194737350568296108e+00 7.194737350568635392e+00 7.194737350569710088e+00 7.194737350573106482e+00 7.194737350583849000e+00 7.194737350617820049e+00 7.194737350725244340e+00 7.194737351064951270e+00 7.194737352139198627e+00
7.334647038474283676e+00 7.334647038474317426e+00 7.334647038474424008e+00 7.334647038474761516e+00 7.334647038475829106e+00 7.334647038479205960e+00 7.334647038489883641e+00 7.334647038523650409e+00 7.334647038630428106e+00 7.334647038968090449e+00 7.334647040035871868e+00
7.474523377011684566e+00 7.474523377011718317e+00 7.474523377011824010e+00 7.474523377012160630e+00 7.474523377013222891e+00 7.474523377016581982e+00 7.474523377027206372e+00 7.474523377060801721e+00 7.474523377167041183e+00 7.474523377502999111e+00 7.474523378565391063e+00
7.614356785126736860e+00 7.614356785126770610e+00 7.614356785126876304e+00 7.614356785127211147e+00 7.614356785128268967e+00 7.614356785131613847e+00 7.614356785142193829e+00 7.614356785175648845e+00 7.614356785281442441e+00 7.614356785615993495e+00 7.614356786673936561e+00
7.754133234317476031e+00 7.754133234317509782e+00 7.754133234317614587e+00 7.754133234317948542e+00 7.754133234319002810e+00 7.754133234322336143e+00 7.754133234332879709e+00 7.754133234366221039e+00 7.754133234471653147e+00 7.754133234805062003e+00 7.754133235859391071e+00
7.893832844534633075e+00 7.893832844534666826e+00 7.893832844534771631e+00 7.893832844535103810e+00 7.893832844536155413e+00 7.893832844539480753e+00 7.893832844549995897e+00 7.893832844583246633e+00 7.893832844688394523e+00 7.893832845020901878e+00 7.893832846072384335e+00
8.033427927225099907e+00 8.033427927225131882e+00 8.033427927225238463e+00 8.033427927225568865e+00 8.033427927226618692e+00 8.033427927229936927e+00 8.033427927240431643e+00 8.033427927273613989e+00 8.033427927378550493e+00 8.033427927710389937e+00 8.033427928759754977e+00
8.172880322711133516e+00 8.172880322711167267e+00 8.172880322711272072e+00 8.172880322711602474e+00 8.172880322712650525e+00 8.172880322715965207e+00 8.172880322726443936e+00 8.172880322759583649e+00 8.172880322864383373e+00 8.172880323195782282e+00 8.172880324243761763e+00
8.312137848053547273e+00 8.312137848053581024e+00 8.312137848053685829e+00 8.312137848054016231e+00 8.312137848055064282e+00 8.312137848058375411e+00 8.312137848068848811e+00 8.312137848101970761e+00 8.312137848206706536e+00 8.312137848537911822e+00 8.312137849585276683e+00
