4.169788875987704202e+00 4.169788875987704202e+00 4.169788875987704202e+00 4.169788875987704202e+00 4.169788875987704202e+00 4.169788875987704202e+00 4.169788875987704202e+00 4.169788875987704202e+00 4.169788875987704202e+00 4.169788875987704202e+00 4.169788875987704202e+00
4.036612789771827359e+00 4.036612789771827359e+00 4.036612789771827359e+00 4.036612789771827359e+00 4.036612789771827359e+00 4.036612789771827359e+00 4.036612789771827359e+00 4.036612789771827359e+00 4.036612789771827359e+00 4.036612789771827359e+00 4.036612789771827359e+00
3.901909008791420774e+00 3.901909008791420774e+00 3.901909008791420774e+00 3.901909008791420774e+00 3.901909008791420774e+00 3.901909008791420774e+00 3.901909008791420774e+00 3.901909008791420774e+00 3.901909008791420774e+00 3.901909008791420774e+00 3.901909008791420774e+00
3.765160581601736833e+00 3.765160581601736833e+00 3.765160581601736833e+00 3.765160581601736833e+00 3.765160581601736833e+00 3.765160581601736833e+00 3.765160581601736833e+00 3.765160581601736833e+00 3.765160581601736833e+00 3.765160581601736833e+00 3.765160581601736833e+00
3.625679326071324482e+00 3.625679326071324482e+00 3.625679326071324482e+00 3.625679326071324482e+00 3.625679326071324482e+00 3.625679326071324482e+00 3.625679326071324482e+00 3.625679326071324482e+00 3.625679326071324482e+00 3.625679326071324482e+00 3.625679326071324482e+00
3.482551086639812166e+00 3.482551086639812166e+00 3.482551086639812166e+00 3.482551086639812166e+00 3.482551086639812166e+00 3.482551086639812166e+00 3.482551086639812166e+00 3.482551086639812166e+00 3.482551086639812166e+00 3.482551086639812166e+00 3.482551086639812166e+00
3.334567339645119866e+00 3.334567339645119866e+00 3.334567339645119866e+00 3.334567339645119866e+00 3.334567339645119866e+00 3.334567339645119866e+00 3.334567339645119866e+00 3.334567339645119866e+00 3.334567339645119866e+00 3.334567339645119866e+00 3.334567339645119866e+00
3.180136067102915298e+00 3.180136067102915298e+00 3.180136067102915298e+00 3.180136067102915298e+00 3.180136067102915298e+00 3.180136067102915298e+00 3.180136067102915298e+00 3.180136067102915298e+00 3.180136067102915298e+00 3.180136067102915298e+00 3.180136067102915298e+00
3.017170011767193127e+00 3.017170011767193127e+00 3.017170011767193127e+00 3.017170011767193127e+00 3.017170011767193127e+00 3.017170011767193127e+00 3.017170011767193127e+00 3.017170011767193127e+00 3.017170011767193127e+00 3.017170011767193127e+00 3.017170011767193127e+00
2.842944800302740660e+00 2.842944800302740660e+00 2.842944800302740660e+00 2.842944800302740660e+00 2.842944800302740660e+00 2.842944800302740660e+00 2.842944800302740660e+00 2.842944800302740660e+00 2.842944800302740660e+00 2.842944800302740660e+00 2.842944800302740660e+00
2.653912781692908673e+00 2.653912781692908673e+00 2.653912781692908673e+00 2.653912781692908673e+00 2.653912781692908673e+00 2.653912781692908673e+00 2.653912781692908673e+00 2.653912781692908673e+00 2.653912781692908673e+00 2.653912781692908673e+00 2.653912781692908673e+00
