-2.218052935354879551e+01 -2.218056943555653504e+01 -2.218069619595876318e+01 -2.218109714560745971e+01 -2.218236599053578928e+01 -2.218638619854884197e+01 -2.219913183013182945e+01 -2.223871064131213870e+01 -2.234664912566631045e+01 -2.257024366302968588e+01 -2.291794920848140649e+01
-2.219277675261195881e+01 -2.219281314836546670e+01 -2.219292825708911820e+01 -2.219329241391411145e+01 -2.219444544647975093e+01 -2.219810498867146720e+01 -2.220977090650689334e+01 -2.224660393552863624e+01 -2.235043614685359969e+01 -2.257133866890140794e+01 -2.291815271190571579e+01
-2.220757019326364912e+01 -2.220760268863751818e+01 -2.220770546775219145e+01 -2.220803067986375723e+01 -2.220906101368353802e+01 -2.221233728790901907e+01 -2.222284341670647123e+01 -2.225660988505589089e+01 -2.235543334449849340e+01 -2.257280640979758246e+01 -2.291842639487512656e+01
-2.222533100743877554e+01 -2.222535940823173206e+01 -2.222544924283909040e+01 -2.222573355793667460e+01 -2.222663494043171184e+01 -2.222950735283153634e+01 -2.223878020171124703e+01 -2.226917307906721888e+01 -2.236199084122087299e+01 -2.257477129242057856e+01 -2.291879436182455265e+01
-2.224651840106903933e+01 -2.224654253925199043e+01 -2.224661889725436836e+01 -2.224686062524695629e+01 -2.224762763674449317e+01 -2.225007828632904250e+01 -2.225805311188806712e+01 -2.228478939362497968e+01 -2.237053736432371309e+01 -2.257739736505136108e+01 -2.291928893522275601e+01
-2.227162349212330739e+01 -2.227164323221403563e+01 -2.227170568448238797e+01 -2.227190346135872545e+01 -2.227253171801522313e+01 -2.227454601936383227e+01 -2.228116902611439087e+01 -2.230399975442846383e+01 -2.238158553122304539e+01 -2.258089950720850325e+01 -2.291995340751324761e+01
-2.230115961661264734e+01 -2.230117486194194498e+01 -2.230122310213943493e+01 -2.230137595273988538e+01 -2.230186230589331942e+01 -2.230342963572594783e+01 -2.230866011265834103e+01 -2.232737983311981367e+01 -2.239573143337144856e+01 -2.258555674023507720e+01 -2.292084568448029813e+01
-2.233564891207241487e+01 -2.233565961069273342e+01 -2.233569347396614546e+01 -2.233580087115609203e+01 -2.233614359511488701e+01 -2.233725789308434884e+01 -2.234107020186382186e+01 -2.235552544093883043e+01 -2.241364628079458399e+01 -2.259172722068632311e+01 -2.292204306683112236e+01
-2.237560463454334680e+01 -2.237561078445149221e+01 -2.237563026395180898e+01 -2.237569218091439538e+01 -2.237589113882548730e+01 -2.237655143725912765e+01 -2.237893675264649573e+01 -2.238903320353956516e+01 -2.243605858544087539e+01 -2.259986382521780257e+01 -2.292364847942025818e+01
-2.242150935902203912e+01 -2.242151101230250276e+01 -2.242151627229077704e+01 -2.242153322400593041e+01 -2.242158999937101527e+01 -2.242180084273145368e+01 -2.242276852294945755e+01 -2.242847658422257595e+01 -2.246372639346855848e+01 -2.261052815153900042e+01 -2.292579849022563820e+01
-2.247378959789650921e+01 -2.247378686332351450e+01 -2.247377824740131658e+01 -2.247375131669371484e+01 -2.247366929594885221e+01 -2.247344100407572398e+01 -2.247301944868675960e+01 -2.247437772678503620e+01 -2.249740037307600105e+01 -2.262439941565791557e+01 -2.292867347667355915e+01
