-2.443790345461678370e+01 -2.408108536884281037e+01 -2.400087103221848039e+01 -2.434208555092006421e+01 -2.482027428271299030e+01 -2.531745885443638500e+01 -2.581699923457970058e+01 -2.631689736540345237e+01 -2.681686950855133489e+01 -2.731686113540752103e+01 -2.781685853119163454e+01
-2.430307485502564191e+01 -2.397097691758832738e+01 -2.395984658678866452e+01 -2.433627406755531908e+01 -2.481966154865846619e+01 -2.531739682174222494e+01 -2.581699293771025694e+01 -2.631689670913229406e+01 -2.681686943459637718e+01 -2.731686112538085709e+01 -2.781685852935699188e+01
-2.417003307692352720e+01 -2.386908760274067021e+01 -2.392747924293651707e+01 -2.433201280051093462e+01 -2.481921687025888446e+01 -2.531735181910395838e+01 -2.581698835931736014e+01 -2.631689622861501832e+01 -2.681686937942875204e+01 -2.731686111761552027e+01 -2.781685852786944935e+01
-2.403938740494276516e+01 -2.377670902779255613e+01 -2.390240932759074255e+01 -2.432889805662341587e+01 -2.481889424979152281e+01 -2.531731916652187664e+01 -2.581698502849970822e+01 -2.631689587618937765e+01 -2.681686933810848572e+01 -2.731686111156275487e+01 -2.781685852665681935e+01
-2.391191360471530558e+01 -2.369486596149279478e+01 -2.388328727137747265e+01 -2.432662662975765144e+01 -2.481866022819313500e+01 -2.531729547030789362e+01 -2.581698260366469810e+01 -2.631689561720819270e+01 -2.681686930702141680e+01 -2.731686110681402013e+01 -2.781685852566334916e+01
-2.378857204560770455e+01 -2.362414558035192513e+01 -2.386888118113408197e+01 -2.432497299717841344e+01 -2.481849049218370240e+01 -2.531727826972859674e+01 -2.581698083698642421e+01 -2.631689542647227142e+01 -2.681686928351920685e+01 -2.731686110306397097e+01 -2.781685852484569921e+01
-2.367050701323128692e+01 -2.356458799740244103e+01 -2.385813292830957977e+01 -2.432377060783788991e+01 -2.481836738746801885e+01 -2.531726578058869848e+01 -2.581697954863524203e+01 -2.631689528564277225e+01 -2.681686926565773987e+01 -2.731686110008340407e+01 -2.781685852416994820e+01
-2.355901313305703226e+01 -2.351567867757605512e+01 -2.385017353779522864e+01 -2.432289709965737856e+01 -2.481827810178758398e+01 -2.531725670922541127e+01 -2.581697860809313383e+01 -2.631689518136382944e+01 -2.681686925200689586e+01 -2.731686109769945858e+01 -2.781685852360937261e+01
-2.345545544956532069e+01 -2.347644570305043743e+01 -2.384431271990967005e+01 -2.432226291494194825e+01 -2.481821334041293881e+01 -2.531725011761346877e+01 -2.581697792060672469e+01 -2.631689510390032538e+01 -2.681686924151215834e+01 -2.731686109578110333e+01 -2.781685852314278051e+01
-2.336113822825066677e+01 -2.344562537276518555e+01 -2.384001545537203626e+01 -2.432180268577612381e+01 -2.481816636220316852e+01 -2.531724532555441343e+01 -2.581697741736516605e+01 -2.631689504614925568e+01 -2.681686923339386652e+01 -2.731686109422846442e+01 -2.781685852275325743e+01
-2.327713585068017466e+01 -2.342184190152216061e+01 -2.383687452513446914e+01 -2.432146879539072870e+01 -2.481813227891342066e+01 -2.531724183976424314e+01 -2.581697704837841911e+01 -2.631689500292210226e+01 -2.681686922707381981e+01 -2.731686109296497023e+01 -2.781685852242721779e+01
