1.829836753290117857e+00 1.829836753290117857e+00 1.829836753290118079e+00 1.829836753290118079e+00 1.829836753290118523e+00 1.829836753290119633e+00 1.829836753290123186e+00 1.829836753290133844e+00 1.829836753290169149e+00 1.829836753290279949e+00 1.829836753290630780e+00
1.700507608488170952e+00 1.700507608488170952e+00 1.700507608488170952e+00 1.700507608488170952e+00 1.700507608488171396e+00 1.700507608488172506e+00 1.700507608488175837e+00 1.700507608488186717e+00 1.700507608488220912e+00 1.700507608488329270e+00 1.700507608488671663e+00
1.571009464600169769e+00 1.571009464600169769e+00 1.571009464600169769e+00 1.571009464600169991e+00 1.571009464600170435e+00 1.571009464600171546e+00 1.571009464600174432e+00 1.571009464600185090e+00 1.571009464600218619e+00 1.571009464600324090e+00 1.571009464600656935e+00
1.441291777598137536e+00 1.441291777598137536e+00 1.441291777598137536e+00 1.441291777598137536e+00 1.441291777598137980e+00 1.441291777598139090e+00 1.441291777598142199e+00 1.441291777598152413e+00 1.441291777598184831e+00 1.441291777598286750e+00 1.441291777598609380e+00
1.311287588322742170e+00 1.311287588322742392e+00 1.311287588322742392e+00 1.311287588322742392e+00 1.311287588322742614e+00 1.311287588322743503e+00 1.311287588322746833e+00 1.311287588322756603e+00 1.311287588322787689e+00 1.311287588322886055e+00 1.311287588323196918e+00
1.180908163783258136e+00 1.180908163783258136e+00 1.180908163783258136e+00 1.180908163783258136e+00 1.180908163783258580e+00 1.180908163783259468e+00 1.180908163783262577e+00 1.180908163783271903e+00 1.180908163783301656e+00 1.180908163783395803e+00 1.180908163783693787e+00
1.050035469700836499e+00 1.050035469700836499e+00 1.050035469700836499e+00 1.050035469700836721e+00 1.050035469700836943e+00 1.050035469700837831e+00 1.050035469700840718e+00 1.050035469700849600e+00 1.050035469700877799e+00 1.050035469700967505e+00 1.050035469701251056e+00
9.185097933940770121e-01 9.185097933940770121e-01 9.185097933940771231e-01 9.185097933940772341e-01 9.185097933940774562e-01 9.185097933940784554e-01 9.185097933940808979e-01 9.185097933940895576e-01 9.185097933941163140e-01 9.185097933942009130e-01 9.185097933944684767e-01
7.861198081994466014e-01 7.861198081994466014e-01 7.861198081994466014e-01 7.861198081994468234e-01 7.861198081994470455e-01 7.861198081994478226e-01 7.861198081994503761e-01 7.861198081994582587e-01 7.861198081994832387e-01 7.861198081995626197e-01 7.861198081998129750e-01
6.525786843379788316e-01 6.525786843379788316e-01 6.525786843379788316e-01 6.525786843379789426e-01 6.525786843379790536e-01 6.525786843379798308e-01 6.525786843379822733e-01 6.525786843379894897e-01 6.525786843380126934e-01 6.525786843380863012e-01 6.525786843383182267e-01
5.174979520424016766e-01 5.174979520424016766e-01 5.174979520424017876e-01 5.174979520424018986e-01 5.174979520424020096e-01 5.174979520424027868e-01 5.174979520424047852e-01 5.174979520424114465e-01 5.174979520424326518e-01 5.174979520424999313e-01 5.174979520427123170e-01
