5.026266728457229327e-01 5.026266728457229327e-01 5.026266728457229327e-01 5.026266728457229327e-01 5.026266728457229327e-01 5.026266728457229327e-01 5.026266728457229327e-01 5.026266728457229327e-01 5.026266728457229327e-01 5.026266728457229327e-01 5.026266728457229327e-01
4.934573851119297139e-01 4.934573851119297139e-01 4.934573851119297139e-01 4.934573851119297139e-01 4.934573851119297139e-01 4.934573851119297139e-01 4.934573851119297139e-01 4.934573851119297139e-01 4.934573851119297139e-01 4.934573851119297139e-01 4.934573851119296029e-01
4.823002611009228890e-01 4.823002611009228890e-01 4.823002611009228890e-01 4.823002611009228890e-01 4.823002611009228890e-01 4.823002611009228890e-01 4.823002611009228890e-01 4.823002611009228890e-01 4.823002611009228890e-01 4.823002611009228890e-01 4.823002611009228890e-01
4.688006695919406108e-01 4.688006695919406108e-01 4.688006695919406108e-01 4.688006695919406108e-01 4.688006695919406108e-01 4.688006695919406108e-01 4.688006695919406108e-01 4.688006695919406108e-01 4.688006695919406108e-01 4.688006695919406108e-01 4.688006695919406108e-01
4.525637580401985494e-01 4.525637580401985494e-01 4.525637580401985494e-01 4.525637580401985494e-01 4.525637580401985494e-01 4.525637580401985494e-01 4.525637580401985494e-01 4.525637580401985494e-01 4.525637580401985494e-01 4.525637580401985494e-01 4.525637580401984938e-01
4.331567219741176977e-01 4.331567219741176977e-01 4.331567219741176977e-01 4.331567219741176977e-01 4.331567219741176977e-01 4.331567219741176977e-01 4.331567219741176977e-01 4.331567219741176977e-01 4.331567219741176977e-01 4.331567219741176977e-01 4.331567219741176977e-01
4.101135633626822319e-01 4.101135633626822319e-01 4.101135633626822319e-01 4.101135633626822319e-01 4.101135633626822319e-01 4.101135633626822319e-01 4.101135633626822319e-01 4.101135633626822319e-01 4.101135633626822319e-01 4.101135633626822319e-01 4.101135633626822319e-01
3.829428514501001524e-01 3.829428514501001524e-01 3.829428514501001524e-01 3.829428514501001524e-01 3.829428514501001524e-01 3.829428514501001524e-01 3.829428514501001524e-01 3.829428514501001524e-01 3.829428514501001524e-01 3.829428514501001524e-01 3.829428514501002079e-01
3.511389407352588643e-01 3.511389407352588643e-01 3.511389407352588643e-01 3.511389407352588643e-01 3.511389407352588643e-01 3.511389407352588643e-01 3.511389407352588643e-01 3.511389407352588643e-01 3.511389407352588643e-01 3.511389407352588643e-01 3.511389407352587533e-01
3.141969432233358561e-01 3.141969432233358561e-01 3.141969432233358561e-01 3.141969432233358561e-01 3.141969432233358561e-01 3.141969432233358561e-01 3.141969432233358561e-01 3.141969432233358561e-01 3.141969432233358561e-01 3.141969432233358561e-01 3.141969432233358561e-01
2.716314828146021432e-01 2.716314828146021432e-01 2.716314828146021432e-01 2.716314828146021432e-01 2.716314828146021432e-01 2.716314828146021432e-01 2.716314828146021432e-01 2.716314828146021432e-01 2.716314828146021432e-01 2.716314828146020877e-01 2.716314828146021432e-01
