-1.337254703409075596e+00 -1.837254663064153304e+00 -2.337254650321337390e+00 -2.837254646293240423e+00 -3.337254645019597898e+00 -3.837254644616852062e+00 -4.337254644489494382e+00 -4.837254644449219931e+00 -5.337254644436484341e+00 -5.837254644432457340e+00 -6.337254644431183692e+00
-1.337254703440518222e+00 -1.837254663068208060e+00 -2.337254650322030169e+00 -2.837254646293400739e+00 -3.337254645019642307e+00 -3.837254644616865384e+00 -4.337254644489497935e+00 -4.837254644449221708e+00 -5.337254644436484341e+00 -5.837254644432457340e+00 -6.337254644431183692e+00
-1.337254703482031015e+00 -1.837254663073415228e+00 -2.337254650322885041e+00 -2.837254646293591698e+00 -3.337254645019695154e+00 -3.837254644616881372e+00 -4.337254644489503264e+00 -4.837254644449222596e+00 -5.337254644436485229e+00 -5.837254644432457340e+00 -6.337254644431183692e+00
-1.337254703536964628e+00 -1.837254663080133188e+00 -2.337254650323944194e+00 -2.837254646293819516e+00 -3.337254645019756438e+00 -3.837254644616899579e+00 -4.337254644489509481e+00 -4.837254644449224372e+00 -5.337254644436486117e+00 -5.837254644432457340e+00 -6.337254644431183692e+00
-1.337254703609808582e+00 -1.837254663088837781e+00 -2.337254650325263583e+00 -2.837254646294093963e+00 -3.337254645019828825e+00 -3.837254644616920896e+00 -4.337254644489515698e+00 -4.837254644449227037e+00 -5.337254644436486117e+00 -5.837254644432457340e+00 -6.337254644431183692e+00
-1.337254703706578951e+00 -1.837254663100162277e+00 -2.337254650326916927e+00 -2.837254646294423921e+00 -3.337254645019914090e+00 -3.837254644616946209e+00 -4.337254644489523692e+00 -4.837254644449228813e+00 -5.337254644436487006e+00 -5.837254644432458228e+00 -6.337254644431183692e+00
-1.337254703835343950e+00 -1.837254663114949116e+00 -2.337254650328999706e+00 -2.837254646294823601e+00 -3.337254645020014454e+00 -3.837254644616975519e+00 -4.337254644489532573e+00 -4.837254644449232366e+00 -5.337254644436487894e+00 -5.837254644432458228e+00 -6.337254644431183692e+00
-1.337254704006929584e+00 -1.837254663134323396e+00 -2.337254650331637595e+00 -2.837254646295308547e+00 -3.337254645020133026e+00 -3.837254644617009269e+00 -4.337254644489542343e+00 -4.837254644449235030e+00 -5.337254644436488782e+00 -5.837254644432458228e+00 -6.337254644431183692e+00
-1.337254704235868452e+00 -1.837254663159787249e+00 -2.337254650334996686e+00 -2.837254646295901406e+00 -3.337254645020273358e+00 -3.837254644617048793e+00 -4.337254644489554778e+00 -4.837254644449239471e+00 -5.337254644436490558e+00 -5.837254644432459116e+00 -6.337254644431183692e+00
-1.337254704541677164e+00 -1.837254663193349291e+00 -2.337254650339295914e+00 -2.837254646296629712e+00 -3.337254645020440336e+00 -3.837254644617095423e+00 -4.337254644489568989e+00 -4.837254644449243024e+00 -5.337254644436491446e+00 -5.837254644432459116e+00 -6.337254644431184580e+00
-1.337254704950577633e+00 -1.837254663237696928e+00 -2.337254650344823936e+00 -2.837254646297528105e+00 -3.337254645020639732e+00 -3.837254644617150046e+00 -4.337254644489584976e+00 -4.837254644449248353e+00 -5.337254644436493223e+00 -5.837254644432460005e+00 -6.337254644431184580e+00
