5.287492278969012638e+00 5.287492278969012638e+00 5.287492278969012638e+00 5.287492278969012638e+00 5.287492278969012638e+00 5.287492278969012638e+00 5.287492278969012638e+00 5.287492278969012638e+00 5.287492278969012638e+00 5.287492278969012638e+00 5.287492278969012638e+00
5.427408798876143692e+00 5.427408798876143692e+00 5.427408798876143692e+00 5.427408798876143692e+00 5.427408798876143692e+00 5.427408798876143692e+00 5.427408798876143692e+00 5.427408798876143692e+00 5.427408798876143692e+00 5.427408798876143692e+00 5.427408798876143692e+00
5.567307344897912458e+00 5.567307344897912458e+00 5.567307344897912458e+00 5.567307344897912458e+00 5.567307344897912458e+00 5.567307344897912458e+00 5.567307344897912458e+00 5.567307344897912458e+00 5.567307344897912458e+00 5.567307344897912458e+00 5.567307344897912458e+00
5.707181001740273985e+00 5.707181001740273985e+00 5.707181001740273985e+00 5.707181001740273985e+00 5.707181001740273985e+00 5.707181001740273985e+00 5.707181001740273985e+00 5.707181001740273985e+00 5.707181001740273985e+00 5.707181001740273985e+00 5.707181001740273985e+00
5.847020228445957812e+00 5.847020228445957812e+00 5.847020228445957812e+00 5.847020228445957812e+00 5.847020228445957812e+00 5.847020228445957812e+00 5.847020228445957812e+00 5.847020228445957812e+00 5.847020228445957812e+00 5.847020228445957812e+00 5.847020228445957812e+00
5.986811892830484538e+00 5.986811892830484538e+00 5.986811892830484538e+00 5.986811892830484538e+00 5.986811892830484538e+00 5.986811892830484538e+00 5.986811892830484538e+00 5.986811892830484538e+00 5.986811892830484538e+00 5.986811892830484538e+00 5.986811892830484538e+00
6.126537953483844667e+00 6.126537953483844667e+00 6.126537953483844667e+00 6.126537953483844667e+00 6.126537953483844667e+00 6.126537953483844667e+00 6.126537953483844667e+00 6.126537953483844667e+00 6.126537953483844667e+00 6.126537953483844667e+00 6.126537953483844667e+00
6.266173673187836357e+00 6.266173673187836357e+00 6.266173673187836357e+00 6.266173673187836357e+00 6.266173673187836357e+00 6.266173673187836357e+00 6.266173673187836357e+00 6.266173673187836357e+00 6.266173673187836357e+00 6.266173673187836357e+00 6.266173673187836357e+00
6.405685216998024956e+00 6.405685216998024956e+00 6.405685216998024956e+00 6.405685216998024956e+00 6.405685216998024956e+00 6.405685216998024956e+00 6.405685216998024956e+00 6.405685216998024956e+00 6.405685216998024956e+00 6.405685216998024956e+00 6.405685216998024956e+00
6.545026457206004622e+00 6.545026457206004622e+00 6.545026457206004622e+00 6.545026457206004622e+00 6.545026457206004622e+00 6.545026457206004622e+00 6.545026457206004622e+00 6.545026457206004622e+00 6.545026457206004622e+00 6.545026457206004622e+00 6.545026457206004622e+00
6.684134783495275123e+00 6.684134783495275123e+00 6.684134783495275123e+00 6.684134783495275123e+00 6.684134783495275123e+00 6.684134783495275123e+00 6.684134783495275123e+00 6.684134783495275123e+00 6.684134783495275123e+00 6.684134783495275123e+00 6.684134783495275123e+00
