4.625376894363788516e+00 4.625376894363788516e+00 4.625376894363788516e+00 4.625376894363788516e+00 4.625376894363788516e+00 4.625376894363788516e+00 4.625376894363788516e+00 4.625376894363788516e+00 4.625376894363788516e+00 4.625376894363788516e+00 4.625376894363788516e+00
4.496356722605111322e+00 4.496356722605111322e+00 4.496356722605111322e+00 4.496356722605111322e+00 4.496356722605111322e+00 4.496356722605111322e+00 4.496356722605111322e+00 4.496356722605111322e+00 4.496356722605111322e+00 4.496356722605111322e+00 4.496356722605111322e+00
4.367224304538591895e+00 4.367224304538591895e+00 4.367224304538591895e+00 4.367224304538591895e+00 4.367224304538591895e+00 4.367224304538591895e+00 4.367224304538591895e+00 4.367224304538591895e+00 4.367224304538591895e+00 4.367224304538591895e+00 4.367224304538591895e+00
4.237941379680878029e+00 4.237941379680878029e+00 4.237941379680878029e+00 4.237941379680878029e+00 4.237941379680878029e+00 4.237941379680878029e+00 4.237941379680878029e+00 4.237941379680878029e+00 4.237941379680878029e+00 4.237941379680878029e+00 4.237941379680878029e+00
4.108456765730348792e+00 4.108456765730348792e+00 4.108456765730348792e+00 4.108456765730348792e+00 4.108456765730348792e+00 4.108456765730348792e+00 4.108456765730348792e+00 4.108456765730348792e+00 4.108456765730348792e+00 4.108456765730348792e+00 4.108456765730348792e+00
3.978701376081284380e+00 3.978701376081284380e+00 3.978701376081284380e+00 3.978701376081284380e+00 3.978701376081284380e+00 3.978701376081284380e+00 3.978701376081284380e+00 3.978701376081284380e+00 3.978701376081284380e+00 3.978701376081284380e+00 3.978701376081284380e+00
3.848582949867894509e+00 3.848582949867894509e+00 3.848582949867894509e+00 3.848582949867894509e+00 3.848582949867894509e+00 3.848582949867894509e+00 3.848582949867894509e+00 3.848582949867894509e+00 3.848582949867894509e+00 3.848582949867894509e+00 3.848582949867894509e+00
3.717977026870030066e+00 3.717977026870030066e+00 3.717977026870030066e+00 3.717977026870030066e+00 3.717977026870030066e+00 3.717977026870030066e+00 3.717977026870030066e+00 3.717977026870030066e+00 3.717977026870030066e+00 3.717977026870030066e+00 3.717977026870030066e+00
3.586717382152408540e+00 3.586717382152408540e+00 3.586717382152408540e+00 3.586717382152408540e+00 3.586717382152408540e+00 3.586717382152408540e+00 3.586717382152408540e+00 3.586717382152408540e+00 3.586717382152408540e+00 3.586717382152408540e+00 3.586717382152408540e+00
3.454580872226713062e+00 3.454580872226713062e+00 3.454580872226713062e+00 3.454580872226713062e+00 3.454580872226713062e+00 3.454580872226713062e+00 3.454580872226713062e+00 3.454580872226713062e+00 3.454580872226713062e+00 3.454580872226713062e+00 3.454580872226713062e+00
3.321268778394188992e+00 3.321268778394188992e+00 3.321268778394188992e+00 3.321268778394188992e+00 3.321268778394188992e+00 3.321268778394188992e+00 3.321268778394188992e+00 3.321268778394188992e+00 3.321268778394188992e+00 3.321268778394188992e+00 3.321268778394188992e+00
