3.978343331417244499e+00 3.978343331417244499e+00 3.978343331417244499e+00 3.978343331417244499e+00 3.978343331417244499e+00 3.978343331417244499e+00 3.978343331417244499e+00 3.978343331417244499e+00 3.978343331417244499e+00 3.978343331417244499e+00 3.978343331417244499e+00
4.118213457895874008e+00 4.118213457895874008e+00 4.118213457895874008e+00 4.118213457895874008e+00 4.118213457895874008e+00 4.118213457895874008e+00 4.118213457895874008e+00 4.118213457895874008e+00 4.118213457895874008e+00 4.118213457895874008e+00 4.118213457895874008e+00
4.258054822272267614e+00 4.258054822272267614e+00 4.258054822272267614e+00 4.258054822272267614e+00 4.258054822272267614e+00 4.258054822272267614e+00 4.258054822272267614e+00 4.258054822272267614e+00 4.258054822272267614e+00 4.258054822272267614e+00 4.258054822272267614e+00
4.397855341949326480e+00 4.397855341949326480e+00 4.397855341949326480e+00 4.397855341949326480e+00 4.397855341949326480e+00 4.397855341949326480e+00 4.397855341949326480e+00 4.397855341949326480e+00 4.397855341949326480e+00 4.397855341949326480e+00 4.397855341949326480e+00
4.537598580557089534e+00 4.537598580557089534e+00 4.537598580557089534e+00 4.537598580557089534e+00 4.537598580557089534e+00 4.537598580557089534e+00 4.537598580557089534e+00 4.537598580557089534e+00 4.537598580557089534e+00 4.537598580557089534e+00 4.537598580557089534e+00
4.677262123353153278e+00 4.677262123353153278e+00 4.677262123353153278e+00 4.677262123353153278e+00 4.677262123353153278e+00 4.677262123353153278e+00 4.677262123353153278e+00 4.677262123353153278e+00 4.677262123353153278e+00 4.677262123353153278e+00 4.677262123353153278e+00
4.816815388084768834e+00 4.816815388084768834e+00 4.816815388084768834e+00 4.816815388084768834e+00 4.816815388084768834e+00 4.816815388084768834e+00 4.816815388084768834e+00 4.816815388084768834e+00 4.816815388084768834e+00 4.816815388084768834e+00 4.816815388084768834e+00
4.956216698427832412e+00 4.956216698427832412e+00 4.956216698427832412e+00 4.956216698427832412e+00 4.956216698427832412e+00 4.956216698427832412e+00 4.956216698427832412e+00 4.956216698427832412e+00 4.956216698427832412e+00 4.956216698427832412e+00 4.956216698427832412e+00
5.095409415597665692e+00 5.095409415597665692e+00 5.095409415597665692e+00 5.095409415597665692e+00 5.095409415597665692e+00 5.095409415597665692e+00 5.095409415597665692e+00 5.095409415597665692e+00 5.095409415597665692e+00 5.095409415597665692e+00 5.095409415597665692e+00
5.234316905278378229e+00 5.234316905278378229e+00 5.234316905278378229e+00 5.234316905278378229e+00 5.234316905278378229e+00 5.234316905278378229e+00 5.234316905278378229e+00 5.234316905278378229e+00 5.234316905278378229e+00 5.234316905278378229e+00 5.234316905278378229e+00
5.372836131435088092e+00 5.372836131435088092e+00 5.372836131435088092e+00 5.372836131435088092e+00 5.372836131435088092e+00 5.372836131435088092e+00 5.372836131435088092e+00 5.372836131435088092e+00 5.372836131435088092e+00 5.372836131435088092e+00 5.372836131435088092e+00
