3.459913212217101020e+00 3.459913212217096579e+00 3.459913212217081924e+00 3.459913212217036182e+00 3.459913212216890965e+00 3.459913212216433109e+00 3.459913212214984490e+00 3.459913212210402822e+00 3.459913212195915300e+00 3.459913212150101280e+00 3.459913212005225169e+00
3.433175219246729526e+00 3.433175219246725973e+00 3.433175219246714871e+00 3.433175219246680676e+00 3.433175219246571430e+00 3.433175219246225929e+00 3.433175219245134357e+00 3.433175219241681564e+00 3.433175219230762742e+00 3.433175219196235251e+00 3.433175219087049257e+00
3.401897869896093773e+00 3.401897869896091109e+00 3.401897869896083559e+00 3.401897869896060467e+00 3.401897869895986304e+00 3.401897869895752713e+00 3.401897869895014193e+00 3.401897869892678283e+00 3.401897869885291747e+00 3.401897869861933099e+00 3.401897869788066853e+00
3.365588953630552549e+00 3.365588953630551217e+00 3.365588953630547220e+00 3.365588953630534785e+00 3.365588953630495261e+00 3.365588953630370916e+00 3.365588953629977009e+00 3.365588953628731339e+00 3.365588953624791824e+00 3.365588953612335121e+00 3.365588953572943076e+00
3.323774213105139097e+00 3.323774213105138653e+00 3.323774213105138209e+00 3.323774213105136432e+00 3.323774213105130215e+00 3.323774213105110231e+00 3.323774213105048059e+00 3.323774213104850883e+00 3.323774213104227826e+00 3.323774213102257402e+00 3.323774213096026386e+00
3.276017938926539141e+00 3.276017938926540030e+00 3.276017938926542250e+00 3.276017938926550688e+00 3.276017938926575557e+00 3.276017938926655493e+00 3.276017938926906847e+00 3.276017938927703099e+00 3.276017938930221085e+00 3.276017938938182716e+00 3.276017938963359910e+00
3.221945787079175894e+00 3.221945787079177670e+00 3.221945787079182999e+00 3.221945787079200318e+00 3.221945787079254497e+00 3.221945787079426804e+00 3.221945787079971257e+00 3.221945787081692991e+00 3.221945787087137525e+00 3.221945787104355308e+00 3.221945787158801533e+00
3.161268367400411616e+00 3.161268367400414281e+00 3.161268367400422274e+00 3.161268367400448032e+00 3.161268367400529300e+00 3.161268367400785984e+00 3.161268367401599111e+00 3.161268367404168611e+00 3.161268367412294999e+00 3.161268367437993110e+00 3.161268367519256550e+00
3.093803655737940694e+00 3.093803655737944247e+00 3.093803655737954461e+00 3.093803655737987768e+00 3.093803655738093461e+00 3.093803655738426528e+00 3.093803655739480796e+00 3.093803655742814129e+00 3.093803655753354587e+00 3.093803655786687035e+00 3.093803655892093829e+00
3.019495679832520540e+00 3.019495679832524093e+00 3.019495679832536972e+00 3.019495679832576940e+00 3.019495679832703505e+00 3.019495679833104518e+00 3.019495679834371948e+00 3.019495679838380298e+00 3.019495679851055936e+00 3.019495679891139428e+00 3.019495680017894035e+00
2.938426762810831594e+00 2.938426762810836035e+00 2.938426762810850690e+00 2.938426762810896875e+00 2.938426762811042092e+00 2.938426762811501280e+00 2.938426762812954340e+00 2.938426762817548887e+00 2.938426762832078154e+00 2.938426762878023180e+00 2.938426763023313626e+00
