-5.440216909521787159e+00 -5.440216907469713981e+00 -5.440216900980489712e+00 -5.440216880459763260e+00 -5.440216815567532116e+00 -5.440216610360343097e+00 -5.440215961438871872e+00 -5.440213909375382073e+00 -5.440207420244662195e+00 -5.440186900449631935e+00 -5.440122017540096166e+00
-5.284325496291523372e+00 -5.284325494645843335e+00 -5.284325489441747514e+00 -5.284325472984951588e+00 -5.284325420943996932e+00 -5.284325256376089186e+00 -5.284324735967082631e+00 -5.284323090293410630e+00 -5.284317886257361430e+00 -5.284301430060796889e+00 -5.284249395101351610e+00
-5.136461077727159541e+00 -5.136461076355142374e+00 -5.136461072016442309e+00 -5.136461058296269755e+00 -5.136461014909276201e+00 -5.136460877707585304e+00 -5.136460443838028134e+00 -5.136459071824873490e+00 -5.136454733166850417e+00 -5.136441013410753875e+00 -5.136397630584718321e+00
-4.994617333709515883e+00 -4.994617332527292675e+00 -4.994617328788773847e+00 -4.994617316966539988e+00 -4.994617279581355263e+00 -4.994617161359044211e+00 -4.994616787507481170e+00 -4.994615605287152427e+00 -4.994611866799398392e+00 -4.994600044874878186e+00 -4.994562662784766793e+00
-4.857224495628790883e+00 -4.857224494581289242e+00 -4.857224491268798516e+00 -4.857224480793783883e+00 -4.857224447668881062e+00 -4.857224342918756932e+00 -4.857224011669947217e+00 -4.857222964170896162e+00 -4.857219651704676622e+00 -4.857209176933018568e+00 -4.857176054459181103e+00
-4.723055124318133124e+00 -4.723055123367960739e+00 -4.723055120363250481e+00 -4.723055110861523076e+00 -4.723055080814425821e+00 -4.723054985797173977e+00 -4.723054685326377289e+00 -4.723053735155660071e+00 -4.723050730465705449e+00 -4.723041228938595459e+00 -4.723011183839659566e+00
-4.591149107146426545e+00 -4.591149106267451430e+00 -4.591149103487886407e+00 -4.591149094698129929e+00 -4.591149066902482367e+00 -4.591148979004938013e+00 -4.591148701048615166e+00 -4.591147822074713503e+00 -4.591145042526888709e+00 -4.591136252941971030e+00 -4.591108459004606068e+00
-4.460755295023101752e+00 -4.460755294196610876e+00 -4.460755291583016202e+00 -4.460755283318105668e+00 -4.460755257182164257e+00 -4.460755174533071354e+00 -4.460754913173793135e+00 -4.460754086684223907e+00 -4.460751473105072584e+00 -4.460743208345620658e+00 -4.460717073916478093e+00
-4.331286721906736581e+00 -4.331286721119058214e+00 -4.331286718628200028e+00 -4.331286710751415470e+00 -4.331286685842837159e+00 -4.331286607075004902e+00 -4.331286357989343472e+00 -4.331285570312259914e+00 -4.331283079468018826e+00 -4.331275202820934922e+00 -4.331250295615938661e+00
-4.202286466019478972e+00 -4.202286465260463899e+00 -4.202286462860247873e+00 -4.202286455270098031e+00 -4.202286431267938660e+00 -4.202286355366452675e+00 -4.202286115344967321e+00 -4.202285356331258548e+00 -4.202282956127894487e+00 -4.202275366105714838e+00 -4.202251365221076007e+00
-4.073401599455378275e+00 -4.073401598717403260e+00 -4.073401596383721568e+00 -4.073401589003973200e+00 -4.073401565667158053e+00 -4.073401491869677038e+00 -4.073401258501635702e+00 -4.073400520527918012e+00 -4.073398186858367076e+00 -4.073390807229806398e+00 -4.073367471620486846e+00
