1.160231221874215279e+01 1.160231221874214746e+01 1.160231221874213148e+01 1.160231221874207819e+01 1.160231221874191299e+01 1.160231221874138896e+01 1.160231221873973162e+01 1.160231221873448959e+01 1.160231221871791263e+01 1.160231221866549411e+01 1.160231221849973160e+01
1.160222414475647312e+01 1.160222414475646779e+01 1.160222414475645181e+01 1.160222414475640207e+01 1.160222414475624575e+01 1.160222414475574837e+01 1.160222414475417452e+01 1.160222414474920072e+01 1.160222414473346930e+01 1.160222414468372421e+01 1.160222414452641715e+01
1.160211376055592147e+01 1.160211376055591792e+01 1.160211376055590193e+01 1.160211376055585575e+01 1.160211376055570653e+01 1.160211376055523935e+01 1.160211376055375609e+01 1.160211376054907007e+01 1.160211376053425170e+01 1.160211376048738785e+01 1.160211376033919350e+01
1.160197593439075447e+01 1.160197593439074915e+01 1.160197593439073671e+01 1.160197593439069230e+01 1.160197593439055375e+01 1.160197593439011676e+01 1.160197593438873120e+01 1.160197593438435248e+01 1.160197593437050578e+01 1.160197593432671859e+01 1.160197593418825157e+01
1.160180452836931408e+01 1.160180452836930876e+01 1.160180452836929632e+01 1.160180452836925546e+01 1.160180452836912757e+01 1.160180452836872256e+01 1.160180452836744003e+01 1.160180452836338638e+01 1.160180452835056641e+01 1.160180452831002818e+01 1.160180452818183205e+01
1.160159225318021470e+01 1.160159225318021115e+01 1.160159225318019871e+01 1.160159225318016141e+01 1.160159225318004417e+01 1.160159225317967291e+01 1.160159225317849874e+01 1.160159225317478260e+01 1.160159225316303555e+01 1.160159225312588482e+01 1.160159225300840369e+01
1.160133051433796325e+01 1.160133051433795970e+01 1.160133051433794904e+01 1.160133051433791707e+01 1.160133051433781048e+01 1.160133051433747298e+01 1.160133051433640894e+01 1.160133051433304274e+01 1.160133051432239881e+01 1.160133051428873685e+01 1.160133051418229222e+01
1.160100925111193071e+01 1.160100925111192716e+01 1.160100925111191827e+01 1.160100925111188808e+01 1.160100925111179215e+01 1.160100925111149195e+01 1.160100925111053982e+01 1.160100925110752712e+01 1.160100925109800407e+01 1.160100925106788772e+01 1.160100925097265012e+01
1.160061676867535319e+01 1.160061676867535141e+01 1.160061676867534253e+01 1.160061676867531588e+01 1.160061676867523239e+01 1.160061676867496594e+01 1.160061676867412572e+01 1.160061676867146829e+01 1.160061676866306613e+01 1.160061676863649360e+01 1.160061676855246482e+01
1.160013956286155512e+01 1.160013956286155334e+01 1.160013956286154624e+01 1.160013956286152315e+01 1.160013956286145032e+01 1.160013956286121939e+01 1.160013956286048931e+01 1.160013956285818004e+01 1.160013956285088099e+01 1.160013956282779546e+01 1.160013956275479430e+01
1.159956213528504776e+01 1.159956213528504598e+01 1.159956213528504065e+01 1.159956213528501934e+01 1.159956213528495717e+01 1.159956213528475999e+01 1.159956213528413649e+01 1.159956213528216651e+01 1.159956213527593150e+01 1.159956213525621926e+01 1.159956213519388335e+01
