2.976314043482842120e+00 2.976314043483001992e+00 2.976314043483507366e+00 2.976314043485106531e+00 2.976314043490163375e+00 2.976314043506153695e+00 2.976314043556719913e+00 2.976314043716624891e+00 2.976314044222287958e+00 2.976314045821335963e+00 2.976314050877968853e+00
2.840789094692086181e+00 2.840789094692228289e+00 2.840789094692678152e+00 2.840789094694099681e+00 2.840789094698595640e+00 2.840789094712813601e+00 2.840789094757774524e+00 2.840789094899954126e+00 2.840789095349564253e+00 2.840789096771356714e+00 2.840789101267459760e+00
2.702942336475006258e+00 2.702942336475130158e+00 2.702942336475522733e+00 2.702942336476763074e+00 2.702942336480687047e+00 2.702942336493094011e+00 2.702942336532329737e+00 2.702942336656404265e+00 2.702942337048760635e+00 2.702942338289501922e+00 2.702942342213069171e+00
2.561995035133977083e+00 2.561995035134082777e+00 2.561995035134418064e+00 2.561995035135477217e+00 2.561995035138827870e+00 2.561995035149423394e+00 2.561995035182928149e+00 2.561995035288879841e+00 2.561995035623928718e+00 2.561995036683446081e+00 2.561995040033934412e+00
2.432529639087422701e+00 2.432529639087507967e+00 2.432529639087777085e+00 2.432529639088627960e+00 2.432529639091319140e+00 2.432529639099828778e+00 2.432529639126738363e+00 2.432529639211834294e+00 2.432529639480931927e+00 2.432529640331892562e+00 2.432529643022867116e+00
2.281980317484152643e+00 2.281980317484221477e+00 2.281980317484439080e+00 2.281980317485127419e+00 2.281980317487303900e+00 2.281980317494187283e+00 2.281980317515953871e+00 2.281980317584786366e+00 2.281980317802453140e+00 2.281980318490775428e+00 2.281980320667442275e+00
2.124155858365630145e+00 2.124155858365683880e+00 2.124155858365854410e+00 2.124155858366392646e+00 2.124155858368095284e+00 2.124155858373478978e+00 2.124155858390504026e+00 2.124155858444342293e+00 2.124155858614594106e+00 2.124155859152976333e+00 2.124155860855491351e+00
1.956754942747581882e+00 1.956754942747622072e+00 1.956754942747750414e+00 1.956754942748155424e+00 1.956754942749436399e+00 1.956754942753487381e+00 1.956754942766297134e+00 1.956754942806805175e+00 1.956754942934903152e+00 1.956754943339984454e+00 1.956754944620963332e+00
1.776772420004124831e+00 1.776772420004153918e+00 1.776772420004246289e+00 1.776772420004537612e+00 1.776772420005459319e+00 1.776772420008374320e+00 1.776772420017591614e+00 1.776772420046739853e+00 1.776772420138914566e+00 1.776772420430396737e+00 1.776772421352144082e+00
1.580215137260612579e+00 1.580215137260632341e+00 1.580215137260695402e+00 1.580215137260895020e+00 1.580215137261525404e+00 1.580215137263518921e+00 1.580215137269822767e+00 1.580215137289758154e+00 1.580215137352798171e+00 1.580215137552149374e+00 1.580215138182552215e+00
1.362362505902296572e+00 1.362362505902309451e+00 1.362362505902349863e+00 1.362362505902478871e+00 1.362362505902885434e+00 1.362362505904171739e+00 1.362362505908238930e+00 1.362362505921101086e+00 1.362362505961774106e+00 1.362362506090393888e+00 1.362362506497125425e+00
