1.164567570126452090e+01 1.154336940019154945e+01 1.135667064398428217e+01 1.108219993979200346e+01 1.072749049841757696e+01 1.030893175420792574e+01 9.847763194026345701e+00 9.363545863927070556e+00 8.869209811999960280e+00 8.371097961475726379e+00 7.871706549957872667e+00
1.159354854257027867e+01 1.150924324784388197e+01 1.133800887642764366e+01 1.107387561221528927e+01 1.072455437872167749e+01 1.030814134277200189e+01 9.847603271665047231e+00 9.363520384651728534e+00 8.869206131410047433e+00 8.371097365638648924e+00 7.871706424558911230e+00
1.153365232848275035e+01 1.146835308629240302e+01 1.131474615513778126e+01 1.106316977720075734e+01 1.072069767229807447e+01 1.030709091983161230e+01 9.847390060155392533e+00 9.363486615570662863e+00 8.869201347491511456e+00 8.371096618744996221e+00 7.871706273358507033e+00
1.146618603828327743e+01 1.142036438121142616e+01 1.128625003148498251e+01 1.104956469089123594e+01 1.071566514863421915e+01 1.030569870849138248e+01 9.847105866937019059e+00 9.363441787508133274e+00 8.869195105843271421e+00 8.371095677310945504e+00 7.871706090235388587e+00
1.139159868593624836e+01 1.136522207268153295e+01 1.125201209009690473e+01 1.103251956097292208e+01 1.070915290731516123e+01 1.030386021519402107e+01 9.846727312148855660e+00 9.363382200126721955e+00 8.869186933870325973e+00 8.371094484187564078e+00 7.871705867395676570e+00
1.131052441447565826e+01 1.130315392016097142e+01 1.121171434168704195e+01 1.101151236989694659e+01 1.070081209595993776e+01 1.030144400452170039e+01 9.846223662969483925e+00 9.363302912797299982e+00 8.869176200655081388e+00 8.371092964037126549e+00 7.871705594863264821e+00
1.122370692238861345e+01 1.123462988661433926e+01 1.116527132740024797e+01 1.098609084450888851e+01 1.069026025565399074e+01 1.029828805946819870e+01 9.845554801524139421e+00 9.363197337474153059e+00 8.869162063138618990e+00 8.371091017267087153e+00 7.871705259803629673e+00
1.113192825184888335e+01 1.116029055737050868e+01 1.111283478094278365e+01 1.095592231834528718e+01 1.067710142104494508e+01 1.029419763049216918e+01 9.844668831435923195e+00 9.363056706339600410e+00 8.869143393983591750e+00 8.371088511886366490e+00 7.871704845624194036e+00
1.103595114149603873e+01 1.108086437078141095e+01 1.105475967303778440e+01 1.092082951442139560e+01 1.066095373841753258e+01 1.028894576145318318e+01 9.843499394425565541e+00 9.362869382344298330e+00 8.869118684980351830e+00 8.371085272560296886e+00 7.871704330774415226e+00
1.093647831389502301e+01 1.099709182262459173e+01 1.099154299827365122e+01 1.088080195624476154e+01 1.064148035729564690e+01 1.028227759935145080e+01 9.841962869564044425e+00 9.362619977591087661e+00 8.869085917904191874e+00 8.371081065885594086e+00 7.871703687141487826e+00
1.083412805884087327e+01 1.090966786240518083e+01 1.092375325064281277e+01 1.083598045696069789e+01 1.061841692803284509e+01 1.027391908922766994e+01 9.839955756348697236e+00 9.362288244801892034e+00 8.869042392244791628e+00 8.371075580561203822e+00 7.871702877900429662e+00
