-8.977374960390516190e-01 -8.977374138408081850e-01 -8.977371539072428464e-01 -8.977363319261694175e-01 -8.977337326041204824e-01 -8.977255129294390290e-01 -8.976995210694161953e-01 -8.976173379252334605e-01 -8.973575552872056216e-01 -8.965370814440313252e-01 -8.939527674542618874e-01
-1.026149699153688033e+00 -1.026149616898297978e+00 -1.026149356784019195e+00 -1.026148534231478449e+00 -1.026145933102281083e+00 -1.026137707712786007e+00 -1.026111697779847232e+00 -1.026029457473216500e+00 -1.025769493962951362e+00 -1.024948447064506052e+00 -1.022362310045057177e+00
-1.154658720903272817e+00 -1.154658638602420684e+00 -1.154658378344377789e+00 -1.154657555337214481e+00 -1.154654952770367116e+00 -1.154646722834548944e+00 -1.154620698524137845e+00 -1.154538412744580134e+00 -1.154278305362609114e+00 -1.153456802764860623e+00 -1.150869217321690119e+00
-1.283244131676803512e+00 -1.283244049338711390e+00 -1.283243788962906473e+00 -1.283242965583345718e+00 -1.283240361838869248e+00 -1.283232128179014886e+00 -1.283206092091705219e+00 -1.283123769065688036e+00 -1.282863543853713928e+00 -1.282041668180840865e+00 -1.279452898319690224e+00
-1.411891300777959879e+00 -1.411891218408196202e+00 -1.411890957932235846e+00 -1.411890134235956440e+00 -1.411887529489924686e+00 -1.411879292662849616e+00 -1.411853246559662267e+00 -1.411770891858201038e+00 -1.411510566455071336e+00 -1.410688373703344656e+00 -1.408098598667940626e+00
-1.540590047811975838e+00 -1.540589965414046469e+00 -1.540589704849017805e+00 -1.540588880871079924e+00 -1.540586275234365532e+00 -1.540578035590697725e+00 -1.540551980580594726e+00 -1.540469597712313510e+00 -1.540209183231066481e+00 -1.539386708720771546e+00 -1.536796041976032923e+00
-1.669333759658836236e+00 -1.669333677234592139e+00 -1.669333416586349594e+00 -1.669332592345266209e+00 -1.669329985876413680e+00 -1.669321743601302588e+00 -1.669295680269928361e+00 -1.669213271088312744e+00 -1.668952773405324441e+00 -1.668130035870415639e+00 -1.665538538164944127e+00
-1.798118573590864244e+00 -1.798118491140800357e+00 -1.798118230410907792e+00 -1.798117405911625610e+00 -1.798114798626277544e+00 -1.798106553769203586e+00 -1.798080482273164193e+00 -1.797998047274795175e+00 -1.797737467973864467e+00 -1.796914472557295639e+00 -1.794322161493964618e+00
-1.926942854159205742e+00 -1.926942771682661038e+00 -1.926942510869029457e+00 -1.926941686104939766e+00 -1.926939077982201987e+00 -1.926930830477102896e+00 -1.926904750607618233e+00 -1.926822289133532040e+00 -1.926561626143432182e+00 -1.925738366421171799e+00 -1.923145222936385013e+00
-2.055806871422675819e+00 -2.055806788917951433e+00 -2.055806528015208468e+00 -2.055805702969325743e+00 -2.055803093955483440e+00 -2.055794843632511970e+00 -2.055768754852600022e+00 -2.055686265205952878e+00 -2.055425513173185781e+00 -2.054601972339665128e+00 -2.052007944518885463e+00
-2.184712576784041627e+00 -2.184712494248455705e+00 -2.184712233248119695e+00 -2.184711407893620727e+00 -2.184708797903854194e+00 -2.184700544494798891e+00 -2.184674445956429345e+00 -2.184591925456792705e+00 -2.184331075917865572e+00 -2.183507227336610512e+00 -2.180912232213713775e+00
