-3.822936160007396555e+00 -3.822935360116197057e+00 -3.822932830647822300e+00 -3.822924831863443451e+00 -3.822899538455787116e+00 -3.822819563371062657e+00 -3.822566756826558443e+00 -3.821768279450314942e+00 -3.819252890571147585e+00 -3.811393077530859319e+00 -3.787434883879083891e+00
-4.050631236954117753e+00 -4.050630366006156002e+00 -4.050627611838366171e+00 -4.050618902510039199e+00 -4.050591362345017821e+00 -4.050504284188070514e+00 -4.050229033725459615e+00 -4.049359761644979905e+00 -4.046622276909487503e+00 -4.038077430623177477e+00 -4.012112237377273516e+00
-4.309946959785524001e+00 -4.309945965984290694e+00 -4.309942823323820171e+00 -4.309932885508478861e+00 -4.309901460873527768e+00 -4.309802102414126423e+00 -4.309488052892327836e+00 -4.308496433030701844e+00 -4.305375473859574420e+00 -4.295651196640129399e+00 -4.266259442254147771e+00
-4.606579048498364415e+00 -4.606577850647973982e+00 -4.606574062734189567e+00 -4.606562084516473199e+00 -4.606524208240243112e+00 -4.606404454673028503e+00 -4.606025977813483330e+00 -4.604831294966008848e+00 -4.601074860187833515e+00 -4.589405388664990149e+00 -4.554440682723786438e+00
-4.962342167216121425e+00 -4.962340573623800211e+00 -4.962335534280888361e+00 -4.962319598864188386e+00 -4.962269210499686167e+00 -4.962109906964270678e+00 -4.961606529172044588e+00 -4.960018537759960822e+00 -4.955034743386397267e+00 -4.939640764851352728e+00 -4.894268247884654421e+00
-5.399249818433821346e+00 -5.399247375595424003e+00 -5.399239650752559960e+00 -5.399215223558767818e+00 -5.399137987030285579e+00 -5.398893834041195383e+00 -5.398122656578501655e+00 -5.395692952521014440e+00 -5.388097808962133861e+00 -5.364918382285565279e+00 -5.298833352192263924e+00
-5.935995644392039416e+00 -5.935991181946346451e+00 -5.935977070755776630e+00 -5.935932450270314575e+00 -5.935791378069081858e+00 -5.935345569937670263e+00 -5.933938805022953566e+00 -5.929519977517966112e+00 -5.915835156225520031e+00 -5.875196715753720156e+00 -5.767145182810880399e+00
-6.643172937334606232e+00 -6.643161638157221383e+00 -6.643125908955561876e+00 -6.643012942640214469e+00 -6.642655905043499232e+00 -6.641528780880975980e+00 -6.637983631502757831e+00 -6.626959623824610013e+00 -6.593833484939911393e+00 -6.503139748752176708e+00 -6.300111075293652441e+00
-7.587917016281672922e+00 -7.587871366128822181e+00 -7.587727039241381810e+00 -7.587270952947537062e+00 -7.585831825568591036e+00 -7.581312038066631231e+00 -7.567321131701979731e+00 -7.525829710354822843e+00 -7.415868904926623095e+00 -7.183547058298419330e+00 -6.819912679593023164e+00
-8.948166523932915339e+00 -8.947730681689694876e+00 -8.946355299027404229e+00 -8.942034403195714631e+00 -8.928646760189385745e+00 -8.888838662691014747e+00 -8.782657457022835956e+00 -8.555828461948433272e+00 -8.196648762019554724e+00 -7.752715889916565573e+00 -7.272065959769798305e+00
-1.075681615410851322e+01 -1.074652483719308371e+01 -1.071549853956462783e+01 -1.062983901662184572e+01 -1.043502958723433949e+01 -1.010400226208505536e+01 -9.674788910395854202e+00 -9.199808195267184630e+00 -8.708029653079131904e+00 -8.210662233649648201e+00 -7.711498060798350984e+00
