5.326769738715605440e-01 5.435681496500800458e-01 5.763131385997637413e-01 6.660850525421285750e-01 8.674955891533786545e-01 1.203428140679911662e+00 1.623825225625692870e+00 2.001845450029144047e+00 2.067504480924592158e+00 1.761481879592074140e+00 1.299423312485521231e+00
4.038855050479879805e-01 4.147777870751491180e-01 4.475263193491739178e-01 5.373103209717545736e-01 7.387742134053414400e-01 1.075069047016738999e+00 1.498552310177346136e+00 1.898296688625619399e+00 2.019105489860820501e+00 1.749753312263207627e+00 1.297745983131723069e+00
2.750643200012539702e-01 2.859577033918637712e-01 3.187096676258333039e-01 4.085045580452469349e-01 6.100111975611066661e-01 9.465785067848596634e-01 1.372382906738989439e+00 1.789622018968573647e+00 1.963469639212022555e+00 1.735173615721088192e+00 1.295539492323338759e+00
1.462120317666584235e-01 1.571065605164664869e-01 1.898620101045638553e-01 2.796672225666476108e-01 4.812092434141430619e-01 8.179825881490078165e-01 1.245528564458238119e+00 1.676632334384922762e+00 1.900251064314705918e+00 1.717224509799135879e+00 1.292651728767716390e+00
1.732586827086135886e-02 2.822163782466574275e-02 6.098079186196558865e-02 1.507963326684390593e-01 3.523689481785624023e-01 6.892994807741862351e-01 1.118150232115519227e+00 1.560094210670098347e+00 1.829270143947372418e+00 1.695344630543665687e+00 1.288894503800394276e+00
-1.115974014899277639e-01 -1.007002609678227661e-01 -6.793707029664101948e-02 2.188920709834870845e-02 2.234895096898472100e-01 5.605414633516428990e-01 9.903690382940630865e-01 1.440694704358364220e+00 1.750546950363377041e+00 1.668938805993857466e+00 1.284038326339134617e+00
-2.405629047245693430e-01 -2.296642074692189228e-01 -1.968964787185530363e-01 -1.070585545553866674e-01 9.456825323423009855e-02 4.317159076172156218e-01 8.622749950206211045e-01 1.319023639827723526e+00 1.664317983995771355e+00 1.637391349379977434e+00 1.277807616843445349e+00
-3.695769884866904609e-01 -3.586764883459490627e-01 -3.259035397655224431e-01 -2.360525556914113698e-01 -3.439893185593945191e-02 3.028263748241018516e-01 7.339340803349805320e-01 1.195570114734536338e+00 1.571028623468288199e+00 1.600084345856336521e+00 1.269876766099982790e+00
-4.986461205678489605e-01 -4.877435339377070855e-01 -4.549645710346419958e-01 -3.650987908955153904e-01 -1.634170129506035685e-01 1.738735315906756729e-01 6.053938137980876544e-01 1.070728521445870385e+00 1.471299148076857799e+00 1.556422019582575311e+00 1.259867450282867063e+00
-6.277797425816309396e-01 -6.168747020958963434e-01 -5.840886866728449700e-01 -4.942057530984922398e-01 -2.924931037877371298e-01 4.485502120317437502e-02 4.766872473778712704e-01 9.448096085584958281e-01 1.365869660256913143e+00 1.505861953927853270e+00 1.247347594002159443e+00
-7.569879832199410963e-01 -7.460800505138641681e-01 -7.132855360183160132e-01 -6.233826084731568518e-01 -4.216353114506050659e-01 -8.423370460039449059e-02 3.478363312351445136e-01 8.180535056061825072e-01 1.255535295881727409e+00 1.447952834773819530e+00 1.231832336720555698e+00
