1.202854720971519437e-01 1.202854720971519437e-01 1.202854720971519437e-01 1.202854720971519437e-01 1.202854720971519437e-01 1.202854720971519437e-01 1.202854720971519437e-01 1.202854720971519437e-01 1.202854720971519437e-01 1.202854720971519437e-01 1.202854720971519437e-01
2.600431471459785926e-01 2.600431471459785926e-01 2.600431471459785926e-01 2.600431471459785926e-01 2.600431471459785926e-01 2.600431471459785926e-01 2.600431471459785926e-01 2.600431471459785926e-01 2.600431471459785926e-01 2.600431471459785926e-01 2.600431471459785926e-01
3.998219452206016600e-01 3.998219452206016600e-01 3.998219452206016600e-01 3.998219452206016600e-01 3.998219452206016600e-01 3.998219452206016600e-01 3.998219452206016600e-01 3.998219452206016600e-01 3.998219452206016600e-01 3.998219452206016600e-01 3.998219452206016600e-01
5.396151588931753507e-01 5.396151588931753507e-01 5.396151588931753507e-01 5.396151588931753507e-01 5.396151588931753507e-01 5.396151588931753507e-01 5.396151588931753507e-01 5.396151588931753507e-01 5.396151588931753507e-01 5.396151588931753507e-01 5.396151588931753507e-01
6.794156558169488491e-01 6.794156558169488491e-01 6.794156558169488491e-01 6.794156558169488491e-01 6.794156558169488491e-01 6.794156558169488491e-01 6.794156558169488491e-01 6.794156558169488491e-01 6.794156558169488491e-01 6.794156558169488491e-01 6.794156558169488491e-01
8.192154211254523144e-01 8.192154211254523144e-01 8.192154211254523144e-01 8.192154211254523144e-01 8.192154211254523144e-01 8.192154211254523144e-01 8.192154211254523144e-01 8.192154211254523144e-01 8.192154211254523144e-01 8.192154211254523144e-01 8.192154211254523144e-01
9.590049677992072974e-01 9.590049677992072974e-01 9.590049677992072974e-01 9.590049677992072974e-01 9.590049677992072974e-01 9.590049677992072974e-01 9.590049677992072974e-01 9.590049677992072974e-01 9.590049677992072974e-01 9.590049677992072974e-01 9.590049677992072974e-01
1.098772561784882473e+00 1.098772561784882473e+00 1.098772561784882473e+00 1.098772561784882473e+00 1.098772561784882473e+00 1.098772561784882473e+00 1.098772561784882473e+00 1.098772561784882473e+00 1.098772561784882473e+00 1.098772561784882473e+00 1.098772561784882473e+00
1.238503190383731578e+00 1.238503190383731578e+00 1.238503190383731578e+00 1.238503190383731578e+00 1.238503190383731578e+00 1.238503190383731578e+00 1.238503190383731578e+00 1.238503190383731578e+00 1.238503190383731578e+00 1.238503190383731578e+00 1.238503190383731578e+00
1.378177178877153297e+00 1.378177178877153297e+00 1.378177178877153297e+00 1.378177178877153297e+00 1.378177178877153297e+00 1.378177178877153297e+00 1.378177178877153297e+00 1.378177178877153297e+00 1.378177178877153297e+00 1.378177178877153297e+00 1.378177178877153297e+00
1.517768330172514002e+00 1.517768330172514002e+00 1.517768330172514002e+00 1.517768330172514002e+00 1.517768330172514002e+00 1.517768330172514002e+00 1.517768330172514002e+00 1.517768330172514002e+00 1.517768330172514002e+00 1.517768330172514002e+00 1.517768330172514002e+00
