-2.610922286264070191e-01 -2.367385589184547445e-01 -1.673618837906849233e-01 -9.682042044565310939e-04 3.014978168794432700e-01 7.141343417592139753e-01 1.182372146821798253e+00 1.671366398289729771e+00 2.163344125129316620e+00 2.622305387804890753e+00 2.927020027231808097e+00
-3.933666500902384122e-01 -3.694062239158196204e-01 -3.014070795056840169e-01 -1.373599595065919388e-01 1.625715175092319609e-01 5.736675831119321112e-01 1.041257722115037421e+00 1.530158119319294796e+00 2.023333893882905521e+00 2.492139038930386796e+00 2.827700324395172160e+00
-5.265461130097365272e-01 -5.031373447879416982e-01 -4.364623747466953585e-01 -2.751402803433776190e-01 2.191262020795753038e-02 4.312282648591078682e-01 8.980828864400920430e-01 1.386816551637324757e+00 1.880844551782295593e+00 2.357371202135797095e+00 2.721707110489350878e+00
-6.606378741303216007e-01 -6.378484449041083026e-01 -5.727691772993011021e-01 -4.144055483213767710e-01 -1.207210093710969212e-01 2.865096547844722119e-01 7.524956117222449947e-01 1.240992252902739068e+00 1.735608063876629581e+00 2.218076652661677528e+00 2.608579802348609089e+00
-7.960377350672619423e-01 -7.739310511117193370e-01 -7.106203253210627846e-01 -5.555988753228832122e-01 -2.657215690140174447e-01 1.391124625695364936e-01 6.040799943202216360e-01 1.092267743611197384e+00 1.587268037469364623e+00 2.074229153796391500e+00 2.487874595638486674e+00
-9.329551090781775802e-01 -9.116023998017954710e-01 -8.502563834883000160e-01 -6.990177442487379711e-01 -4.134757092157980152e-01 -1.144098928936259502e-02 4.523386512096776446e-01 9.401437760864619353e-01 1.435370210241872391e+00 1.925672116743272655e+00 2.359183097027712339e+00
-1.071882594228399599e+00 -1.051351773717258187e+00 -9.921615289902712131e-01 -8.451320857391102503e-01 -5.645102267270749596e-01 -1.656916986234689138e-01 2.966889952634171879e-01 7.840240730436257577e-01 1.279350526432047053e+00 1.772095812331605069e+00 2.222135778592146060e+00
-1.213528087852550952e+00 -1.193878059657756285e+00 -1.137014597379898406e+00 -9.945983772836163306e-01 -7.194692015309955835e-01 -3.243490064391402750e-01 1.364150807186771952e-01 6.231899206316692252e-01 1.118516032613971811e+00 1.613017789861267870e+00 2.076379806068663125e+00
-1.358486399057215355e+00 -1.339777327152252839e+00 -1.285418695277122270e+00 -1.148052273636406495e+00 -8.791215253792072915e-01 -4.882233025900292733e-01 -2.933582378666174661e-02 4.567847989972657063e-01 9.520248622905495006e-01 1.447762068413831038e+00 1.921526714650726442e+00
-1.507920852284561297e+00 -1.490195843618001392e+00 -1.438478204743797173e+00 -1.306620451900655011e+00 -1.044431337661038572e+00 -6.583135111780741289e-01 -2.015968930165991935e-01 2.837699362605097253e-01 7.788580982905950467e-01 1.275436540597560731e+00 1.757074819625920714e+00
-1.663585951196161705e+00 -1.646857771916560687e+00 -1.597838027402281647e+00 -1.471535758942526639e+00 -1.216745097778363593e+00 -8.358651633494579292e-01 -3.815649028144094124e-01 1.028944176149152873e-01 5.977553158559085755e-01 1.094897172711698730e+00 1.582317751169013187e+00
