-6.984576288378058218e-01 -6.984576288378058218e-01 -6.984576288378057107e-01 -6.984576288378053777e-01 -6.984576288378041564e-01 -6.984576288378002706e-01 -6.984576288377879472e-01 -6.984576288377493114e-01 -6.984576288376271869e-01 -6.984576288372406072e-01 -6.984576288360186958e-01
-5.597608903157740290e-01 -5.597608903157740290e-01 -5.597608903157738069e-01 -5.597608903157734739e-01 -5.597608903157723637e-01 -5.597608903157686999e-01 -5.597608903157569316e-01 -5.597608903157197391e-01 -5.597608903156023885e-01 -5.597608903152311299e-01 -5.597608903140570691e-01
-4.211025655608683360e-01 -4.211025655608682805e-01 -4.211025655608681695e-01 -4.211025655608678364e-01 -4.211025655608667262e-01 -4.211025655608630625e-01 -4.211025655608516827e-01 -4.211025655608158225e-01 -4.211025655607023022e-01 -4.211025655603433671e-01 -4.211025655592082195e-01
-2.824213089174223423e-01 -2.824213089174223423e-01 -2.824213089174221758e-01 -2.824213089174219538e-01 -2.824213089174207880e-01 -2.824213089174173463e-01 -2.824213089174062441e-01 -2.824213089173714386e-01 -2.824213089172610269e-01 -2.824213089169121949e-01 -2.824213089158089662e-01
-1.436781984421555691e-01 -1.436781984421554303e-01 -1.436781984421554303e-01 -1.436781984421550140e-01 -1.436781984421539593e-01 -1.436781984421505176e-01 -1.436781984421397762e-01 -1.436781984421057479e-01 -1.436781984419980285e-01 -1.436781984416574398e-01 -1.436781984405805235e-01
-4.850309101095140636e-03 -4.850309101095092064e-03 -4.850309101095043492e-03 -4.850309101094653179e-03 -4.850309101093483108e-03 -4.850309101090167184e-03 -4.850309101079635678e-03 -4.850309101046285619e-03 -4.850309100940675654e-03 -4.850309100606976440e-03 -4.850309099551856039e-03
1.340740620171902986e-01 1.340740620171904651e-01 1.340740620171906039e-01 1.340740620171908815e-01 1.340740620171918807e-01 1.340740620171951836e-01 1.340740620172054531e-01 1.340740620172383990e-01 1.340740620173420661e-01 1.340740620176700260e-01 1.340740620187072518e-01
2.730989159398596322e-01 2.730989159398596322e-01 2.730989159398596877e-01 2.730989159398600208e-01 2.730989159398610200e-01 2.730989159398642396e-01 2.730989159398744537e-01 2.730989159399068722e-01 2.730989159400090127e-01 2.730989159403322541e-01 2.730989159413542700e-01
4.122231233779288240e-01 4.122231233779289350e-01 4.122231233779289350e-01 4.122231233779292681e-01 4.122231233779303228e-01 4.122231233779334314e-01 4.122231233779435899e-01 4.122231233779755089e-01 4.122231233780764836e-01 4.122231233783956728e-01 4.122231233794051430e-01
5.514422826352944895e-01 5.514422826352944895e-01 5.514422826352946005e-01 5.514422826352949336e-01 5.514422826352959328e-01 5.514422826352991525e-01 5.514422826353092555e-01 5.514422826353407858e-01 5.514422826354405949e-01 5.514422826357565643e-01 5.514422826367554320e-01
6.907500439295225503e-01 6.907500439295225503e-01 6.907500439295225503e-01 6.907500439295228833e-01 6.907500439295239936e-01 6.907500439295269912e-01 6.907500439295369832e-01 6.907500439295682915e-01 6.907500439296673234e-01 6.907500439299802952e-01 6.907500439309705031e-01
