1.150189027506549344e+01 1.150189027506544903e+01 1.150189027506531048e+01 1.150189027506487349e+01 1.150189027506348793e+01 1.150189027505910744e+01 1.150189027504525541e+01 1.150189027500145045e+01 1.150189027486292836e+01 1.150189027442488232e+01 1.150189027303965794e+01
1.150186673514784275e+01 1.150186673514779834e+01 1.150186673514766333e+01 1.150186673514723523e+01 1.150186673514588165e+01 1.150186673514160063e+01 1.150186673512806479e+01 1.150186673508525992e+01 1.150186673494989797e+01 1.150186673452184571e+01 1.150186673316822628e+01
1.150183669202514913e+01 1.150183669202510828e+01 1.150183669202497505e+01 1.150183669202455938e+01 1.150183669202324133e+01 1.150183669201907222e+01 1.150183669200588987e+01 1.150183669196420766e+01 1.150183669183239132e+01 1.150183669141555498e+01 1.150183669009739873e+01
1.150179844430594223e+01 1.150179844430590137e+01 1.150179844430577347e+01 1.150179844430537024e+01 1.150179844430409126e+01 1.150179844430004827e+01 1.150179844428726206e+01 1.150179844424683040e+01 1.150179844411897712e+01 1.150179844371466409e+01 1.150179844243611349e+01
1.150174988174630641e+01 1.150174988174626733e+01 1.150174988174614477e+01 1.150174988174575397e+01 1.150174988174451940e+01 1.150174988174061497e+01 1.150174988172826929e+01 1.150174988168923029e+01 1.150174988156577349e+01 1.150174988117537112e+01 1.150174987994080844e+01
1.150168840034129225e+01 1.150168840034125495e+01 1.150168840034113593e+01 1.150168840034076112e+01 1.150168840033957451e+01 1.150168840033582462e+01 1.150168840032396389e+01 1.150168840028645967e+01 1.150168840016785943e+01 1.150168839979281010e+01 1.150168839860679881e+01
1.150161080443353789e+01 1.150161080443350237e+01 1.150161080443338868e+01 1.150161080443303163e+01 1.150161080443189832e+01 1.150161080442831540e+01 1.150161080441698758e+01 1.150161080438116556e+01 1.150161080426788729e+01 1.150161080390966539e+01 1.150161080277687020e+01
1.150151319534050032e+01 1.150151319534046657e+01 1.150151319534035821e+01 1.150151319534001892e+01 1.150151319533894423e+01 1.150151319533554428e+01 1.150151319532479555e+01 1.150151319529080318e+01 1.150151319518331050e+01 1.150151319484339041e+01 1.150151319376846715e+01
1.150139084645741860e+01 1.150139084645738485e+01 1.150139084645728360e+01 1.150139084645696386e+01 1.150139084645595133e+01 1.150139084645275034e+01 1.150139084644262510e+01 1.150139084641060450e+01 1.150139084630935038e+01 1.150139084598915851e+01 1.150139084497661734e+01
1.150123806527747661e+01 1.150123806527744641e+01 1.150123806527735226e+01 1.150123806527705206e+01 1.150123806527610704e+01 1.150123806527311565e+01 1.150123806526365655e+01 1.150123806523374270e+01 1.150123806513914815e+01 1.150123806484001499e+01 1.150123806389406944e+01
1.150104804329880359e+01 1.150104804329877517e+01 1.150104804329868813e+01 1.150104804329841102e+01 1.150104804329753527e+01 1.150104804329476593e+01 1.150104804328601027e+01 1.150104804325832042e+01 1.150104804317075846e+01 1.150104804289386351e+01 1.150104804201824749e+01
