4.367142783958013474e+00 3.867387695612034992e+00 3.367465241342734394e+00 2.867489773267076547e+00 2.367497531924586340e+00 1.867499985525729711e+00 1.367500761432359990e+00 8.675010067965625016e-01 3.675010843876344024e-01 -1.324988910759045124e-01 -6.324988833167931590e-01
4.367142962683096208e+00 3.867387712652947673e+00 3.367465242723990837e+00 2.867489773301169720e+00 2.367497531895035756e+00 1.867499985512349969e+00 1.367500761427725253e+00 8.675010067950565951e-01 3.675010843871542310e-01 -1.324988910760567240e-01 -6.324988833168414537e-01
4.367143091564457791e+00 3.867387724806427673e+00 3.367465243663681829e+00 2.867489773306560519e+00 2.367497531867519101e+00 1.867499985500724824e+00 1.367500761423756650e+00 8.675010067937724001e-01 3.675010843867452248e-01 -1.324988910761864536e-01 -6.324988833168823099e-01
4.367143184423341040e+00 3.867387733447596787e+00 3.367465244292537907e+00 2.867489773294030098e+00 2.367497531842384983e+00 1.867499985490658432e+00 1.367500761420361588e+00 8.675010067926776092e-01 3.675010843863967258e-01 -1.324988910762968097e-01 -6.324988833169172819e-01
4.367143251260290349e+00 3.867387739568487248e+00 3.367465244703923499e+00 2.867489773270961884e+00 2.367497531819750645e+00 1.867499985481966052e+00 1.367500761417459243e+00 8.675010067917445777e-01 3.675010843861002408e-01 -1.324988910763908179e-01 -6.324988833169470359e-01
4.367143299309526050e+00 3.867387743884207030e+00 3.367465244964332083e+00 2.867489773242341222e+00 2.367497531799585442e+00 1.867499985474477597e+00 1.367500761414980115e+00 8.675010067909493250e-01 3.675010843858476650e-01 -1.324988910764706984e-01 -6.324988833169723490e-01
4.367143333802641969e+00 3.867387746909765500e+00 3.367465245120959239e+00 2.867489773211469473e+00 2.367497531781770803e+00 1.867499985468038082e+00 1.367500761412863142e+00 8.675010067902718669e-01 3.675010843856325593e-01 -1.324988910765387828e-01 -6.324988833169938873e-01
4.367143358521707874e+00 3.867387749015658738e+00 3.367465245207165836e+00 2.867489773180475598e+00 2.367497531766135310e+00 1.867499985462510281e+00 1.367500761411056809e+00 8.675010067896946619e-01 3.675010843854496501e-01 -1.324988910765968197e-01 -6.324988833170122060e-01
4.367143376199818405e+00 3.867387750468071150e+00 3.367465245246409999e+00 2.867489773150677212e+00 2.367497531752484896e+00 1.867499985457770739e+00 1.367500761409515597e+00 8.675010067892030552e-01 3.675010843852937192e-01 -1.324988910766460026e-01 -6.324988833170277491e-01
4.367143388811106419e+00 3.867387751457947331e+00 3.367465245255085282e+00 2.867489773122838148e+00 2.367497531740618388e+00 1.867499985453711764e+00 1.367500761408201315e+00 8.675010067887845011e-01 3.675010843851609366e-01 -1.324988910766879413e-01 -6.324988833170410718e-01
4.367143397780727909e+00 3.867387752122002809e+00 3.367465245244553707e+00 2.867489773097348316e+00 2.367497531730338611e+00 1.867499985450238764e+00 1.367500761407080878e+00 8.675010067884280085e-01 3.675010843850480269e-01 -1.324988910767238015e-01 -6.324988833170523961e-01
