1.135575854362251569e+01 1.135575854365535164e+01 1.135575854375919036e+01 1.135575854408755880e+01 1.135575854512595129e+01 1.135575854840963572e+01 1.135575855879354989e+01 1.135575859163028589e+01 1.135575869546835470e+01 1.135575902382508673e+01 1.135576006209942790e+01
1.133473309150831554e+01 1.133473309153753306e+01 1.133473309162992670e+01 1.133473309192210010e+01 1.133473309284603303e+01 1.133473309576776877e+01 1.133473310500709808e+01 1.133473313422437734e+01 1.133473322661701488e+01 1.133473351878309465e+01 1.133473444264237173e+01
1.131106476370131197e+01 1.131106476372719527e+01 1.131106476380904446e+01 1.131106476406787742e+01 1.131106476488638179e+01 1.131106476747471490e+01 1.131106477565973734e+01 1.131106480154302396e+01 1.131106488339284155e+01 1.131106514222147830e+01 1.131106596067734671e+01
1.128448371374010328e+01 1.128448371376296144e+01 1.128448371383524318e+01 1.128448371406382122e+01 1.128448371478664569e+01 1.128448371707242082e+01 1.128448372430066904e+01 1.128448374715837765e+01 1.128448381944059520e+01 1.128448404801501503e+01 1.128448477081051493e+01
1.125470586402742690e+01 1.125470586404757078e+01 1.125470586411127805e+01 1.125470586431273290e+01 1.125470586494978775e+01 1.125470586696433628e+01 1.125470587333489725e+01 1.125470589348036299e+01 1.125470595718579325e+01 1.125470615863877200e+01 1.125470679567620635e+01
1.122143562144144724e+01 1.122143562145918594e+01 1.122143562151528151e+01 1.122143562169267206e+01 1.122143562225362778e+01 1.122143562402752970e+01 1.122143562963709940e+01 1.122143564737610610e+01 1.122143570347168939e+01 1.122143588086068711e+01 1.122143644180582456e+01
1.118436969556344884e+01 1.118436969557907190e+01 1.118436969562847416e+01 1.118436969578469942e+01 1.118436969627872912e+01 1.118436969784098522e+01 1.118436970278127696e+01 1.118436971840383976e+01 1.118436976780667358e+01 1.118436992403163366e+01 1.118437041805315602e+01
1.114320219500269005e+01 1.114320219501646569e+01 1.114320219506002729e+01 1.114320219519778021e+01 1.114320219563339620e+01 1.114320219701093428e+01 1.114320220136708883e+01 1.114320221514246079e+01 1.114320225870397252e+01 1.114320239645723909e+01 1.114320283206799012e+01
1.109763115091229579e+01 1.109763115092447094e+01 1.109763115096296815e+01 1.109763115108470899e+01 1.109763115146968460e+01 1.109763115268708766e+01 1.109763115653685084e+01 1.109763116871087263e+01 1.109763120720848661e+01 1.109763132894841675e+01 1.109763171392172865e+01
1.104736655932926759e+01 1.104736655934006251e+01 1.104736655937419698e+01 1.104736655948213908e+01 1.104736655982348026e+01 1.104736656090289770e+01 1.104736656431631836e+01 1.104736657511050169e+01 1.104736660924468872e+01 1.104736671718632479e+01 1.104736705852634771e+01
1.099213993530257838e+01 1.099213993531219025e+01 1.099213993534258549e+01 1.099213993543870238e+01 1.099213993574265302e+01 1.099213993670383083e+01 1.099213993974334258e+01 1.099213994935511884e+01 1.099213997975021329e+01 1.099214007586784980e+01 1.099214037981757741e+01
