-4.686449902333675865e+00 -4.686449902333673201e+00 -4.686449902333665207e+00 -4.686449902333640338e+00 -4.686449902333562179e+00 -4.686449902333315265e+00 -4.686449902332532780e+00 -4.686449902330060091e+00 -4.686449902322239680e+00 -4.686449902297510128e+00 -4.686449902219308683e+00
-4.821170598282853881e+00 -4.821170598282851216e+00 -4.821170598282843223e+00 -4.821170598282818354e+00 -4.821170598282739306e+00 -4.821170598282490616e+00 -4.821170598281701913e+00 -4.821170598279209685e+00 -4.821170598271327101e+00 -4.821170598246400374e+00 -4.821170598167573651e+00
-4.957011982996103683e+00 -4.957011982996101018e+00 -4.957011982996093913e+00 -4.957011982996068156e+00 -4.957011982995988220e+00 -4.957011982995736865e+00 -4.957011982994941057e+00 -4.957011982992424848e+00 -4.957011982984465881e+00 -4.957011982959299345e+00 -4.957011982879713230e+00
-5.094194533621979382e+00 -5.094194533621976717e+00 -5.094194533621968723e+00 -5.094194533621943854e+00 -5.094194533621863030e+00 -5.094194533621608123e+00 -5.094194533620803433e+00 -5.094194533618257914e+00 -5.094194533610206577e+00 -5.094194533584746054e+00 -5.094194533504235345e+00
-5.232987726788472571e+00 -5.232987726788469018e+00 -5.232987726788461913e+00 -5.232987726788435268e+00 -5.232987726788353555e+00 -5.232987726788095983e+00 -5.232987726787279747e+00 -5.232987726784697813e+00 -5.232987726776532789e+00 -5.232987726750714330e+00 -5.232987726669069417e+00
-5.373718253980610093e+00 -5.373718253980607429e+00 -5.373718253980599435e+00 -5.373718253980572790e+00 -5.373718253980489301e+00 -5.373718253980227288e+00 -5.373718253979396842e+00 -5.373718253976770498e+00 -5.373718253968466918e+00 -5.373718253942207035e+00 -5.373718253859165905e+00
-5.516773147573958092e+00 -5.516773147573955427e+00 -5.516773147573947433e+00 -5.516773147573920788e+00 -5.516773147573835523e+00 -5.516773147573567293e+00 -5.516773147572719971e+00 -5.516773147570039448e+00 -5.516773147561562674e+00 -5.516773147534757449e+00 -5.516773147449992365e+00
-5.662635460178128355e+00 -5.662635460178125690e+00 -5.662635460178116809e+00 -5.662635460178089275e+00 -5.662635460178002234e+00 -5.662635460177727786e+00 -5.662635460176858260e+00 -5.662635460174110236e+00 -5.662635460165418522e+00 -5.662635460137935617e+00 -5.662635460051025582e+00
-5.811899061330497496e+00 -5.811899061330494831e+00 -5.811899061330485949e+00 -5.811899061330457528e+00 -5.811899061330367822e+00 -5.811899061330084493e+00 -5.811899061329188321e+00 -5.811899061326355032e+00 -5.811899061317395088e+00 -5.811899061289062196e+00 -5.811899061199464533e+00
-5.965313267661484176e+00 -5.965313267661481511e+00 -5.965313267661471741e+00 -5.965313267661442431e+00 -5.965313267661350061e+00 -5.965313267661056074e+00 -5.965313267660126151e+00 -5.965313267657185392e+00 -5.965313267647884388e+00 -5.965313267618475912e+00 -5.965313267525477414e+00
-6.123629383143857297e+00 -6.123629383143853744e+00 -6.123629383143843974e+00 -6.123629383143813776e+00 -6.123629383143716076e+00 -6.123629383143408766e+00 -6.123629383142435323e+00 -6.123629383139357785e+00 -6.123629383129626902e+00 -6.123629383098854184e+00 -6.123629383001544468e+00
