2.072854372952606550e+00 2.072854517193559509e+00 2.072854973323188243e+00 2.072856415728566049e+00 2.072860976983295966e+00 2.072875400621506881e+00 2.072921009013492633e+00 2.073065203853381444e+00 2.073520872694570194e+00 2.074958681135475214e+00 2.079474308782435887e+00
2.212170580240936602e+00 2.212170724366243402e+00 2.212171180130166448e+00 2.212172621379084436e+00 2.212177178976800551e+00 2.212191591050854278e+00 2.212237162877094931e+00 2.212381242119259017e+00 2.212836545740809679e+00 2.214273202559264853e+00 2.218785220830529870e+00
2.351532047666830216e+00 2.351532191690676399e+00 2.351532647133752985e+00 2.351534087368067460e+00 2.351538641757346060e+00 2.351553043685635558e+00 2.351598583430214440e+00 2.351742561241852769e+00 2.352197544317331079e+00 2.353633189516865620e+00 2.358142028594737205e+00
2.490914887163925506e+00 2.490915031096442966e+00 2.490915486250713684e+00 2.490916925571743601e+00 2.490921477072971513e+00 2.490935869868514452e+00 2.490981380733533701e+00 2.491125267227189966e+00 2.491579961601441795e+00 2.493014694549373189e+00 2.497520655415315982e+00
2.630291704654001972e+00 2.630291848501333352e+00 2.630292303386222219e+00 2.630293741855391332e+00 2.630298290662790972e+00 2.630312674939621065e+00 2.630358158865324647e+00 2.630501960161558017e+00 2.630956385039268763e+00 2.632390264966933735e+00 2.636893520027600246e+00
2.769629652383161833e+00 2.769629796147257128e+00 2.769630250768928548e+00 2.769631688405729264e+00 2.769636234580922451e+00 2.769650610533729740e+00 2.769696068133992828e+00 2.769839786156181205e+00 2.770293947441059945e+00 2.771726991234884085e+00 2.776227576148897480e+00
2.908887855376824039e+00 2.908887999054919238e+00 2.908888453404633534e+00 2.908889890181424409e+00 2.908894433636981525e+00 2.908908800989064236e+00 2.908954231386657430e+00 2.909097863338526047e+00 2.909551751965741229e+00 2.910983928740612736e+00 2.915481723729301589e+00
3.048014016543351357e+00 3.048014160127050509e+00 3.048014614178258697e+00 3.048016050011084221e+00 3.048020590481479886e+00 3.048034948392890797e+00 3.048080348928804639e+00 3.048223886373210068e+00 3.048677475376083024e+00 3.050108696997820612e+00 3.054603394863756538e+00
3.186939964625199018e+00 3.186940108099034941e+00 3.186940561802823701e+00 3.186941996537000499e+00 3.186946533533051795e+00 3.186960880456477074e+00 3.187006246233905937e+00 3.187149673648099757e+00 3.187602913562594065e+00 3.189033019847318240e+00 3.193524076493181596e+00
3.325575881177359250e+00 3.325576024516643692e+00 3.325576477794942143e+00 3.325577911183585034e+00 3.325582443924520515e+00 3.325596777390441794e+00 3.325642100595046724e+00 3.325785393217564057e+00 3.326238205237607382e+00 3.327666941947859058e+00 3.332153503210581569e+00
3.463802948330390929e+00 3.463803091498093067e+00 3.463803544233797549e+00 3.463804975906584094e+00 3.463809503221272568e+00 3.463823819525569281e+00 3.463869088437109944e+00 3.464012209137464104e+00 3.464464475167967183e+00 3.465891462076976737e+00 3.470372257941999550e+00
