5.053151707786644131e+00 5.053151707786625479e+00 5.053151707786565972e+00 5.053151707786379454e+00 5.053151707785787927e+00 5.053151707783919200e+00 5.053151707778008372e+00 5.053151707759319322e+00 5.053151707700216377e+00 5.053151707513316993e+00 5.053151706922289321e+00
5.069118492127572040e+00 5.069118492127549835e+00 5.069118492127479669e+00 5.069118492127260289e+00 5.069118492126563957e+00 5.069118492124363051e+00 5.069118492117403285e+00 5.069118492095393336e+00 5.069118492025793898e+00 5.069118491805699733e+00 5.069118491109700031e+00
5.082164758438515229e+00 5.082164758438490360e+00 5.082164758438410423e+00 5.082164758438158181e+00 5.082164758437360597e+00 5.082164758434839058e+00 5.082164758426864992e+00 5.082164758401648719e+00 5.082164758321908948e+00 5.082164758069747990e+00 5.082164757272345845e+00
5.092750952281930310e+00 5.092750952281901888e+00 5.092750952281812182e+00 5.092750952281529742e+00 5.092750952280635346e+00 5.092750952277808274e+00 5.092750952268866982e+00 5.092750952240591822e+00 5.092750952151179789e+00 5.092750951868432630e+00 5.092750950974308743e+00
5.101284872858461661e+00 5.101284872858430575e+00 5.101284872858331987e+00 5.101284872858020236e+00 5.101284872857035246e+00 5.101284872853919516e+00 5.101284872844066065e+00 5.101284872812907878e+00 5.101284872714376029e+00 5.101284872402792381e+00 5.101284871417478328e+00
5.108122109873816541e+00 5.108122109873781902e+00 5.108122109873675321e+00 5.108122109873336925e+00 5.108122109872266670e+00 5.108122109868881822e+00 5.108122109858177495e+00 5.108122109824329904e+00 5.108122109717291970e+00 5.108122109378808950e+00 5.108122108308431386e+00
5.113568406307999581e+00 5.113568406307963166e+00 5.113568406307847702e+00 5.113568406307484437e+00 5.113568406306335135e+00 5.113568406302702485e+00 5.113568406291213009e+00 5.113568406254879406e+00 5.113568406139983757e+00 5.113568405776652170e+00 5.113568404627697461e+00
5.117883322016823833e+00 5.117883322016785641e+00 5.117883322016663072e+00 5.117883322016276715e+00 5.117883322015056358e+00 5.117883322011195446e+00 5.117883321998986546e+00 5.117883321960378318e+00 5.117883321838288424e+00 5.117883321452205259e+00 5.117883320231304545e+00
5.121284671760578000e+00 5.121284671760537144e+00 5.121284671760408358e+00 5.121284671760002460e+00 5.121284671758715490e+00 5.121284671754648521e+00 5.121284671741785921e+00 5.121284671701110902e+00 5.121284671572486680e+00 5.121284671165740043e+00 5.121284669879494267e+00
5.123953316382037215e+00 5.123953316381994583e+00 5.123953316381859580e+00 5.123953316381434142e+00 5.123953316380089440e+00 5.123953316375835954e+00 5.123953316362383603e+00 5.123953316319846074e+00 5.123953316185329676e+00 5.123953315759951721e+00 5.123953314414787741e+00
5.126037987664635587e+00 5.126037987664591178e+00 5.126037987664451734e+00 5.126037987664009421e+00 5.126037987662611428e+00 5.126037987658190964e+00 5.126037987644211924e+00 5.126037987600004620e+00 5.126037987460210665e+00 5.126037987018143838e+00 5.126037985620205184e+00
