-1.663231499873096908e+01 -1.713231497039732076e+01 -1.763231496143743726e+01 -1.813231495860406994e+01 -1.863231495770808266e+01 -1.913231495742474664e+01 -1.963231495733514720e+01 -2.013231495730681431e+01 -2.063231495729785436e+01 -2.113231495729501930e+01 -2.163231495729412401e+01
-1.663231499873093000e+01 -1.713231497039731011e+01 -1.763231496143743371e+01 -1.813231495860406994e+01 -1.863231495770808266e+01 -1.913231495742474664e+01 -1.963231495733514720e+01 -2.013231495730681431e+01 -2.063231495729785436e+01 -2.113231495729501930e+01 -2.163231495729412401e+01
-1.663231499873088737e+01 -1.713231497039729589e+01 -1.763231496143742660e+01 -1.813231495860406994e+01 -1.863231495770808266e+01 -1.913231495742474664e+01 -1.963231495733514720e+01 -2.013231495730681431e+01 -2.063231495729785436e+01 -2.113231495729501930e+01 -2.163231495729412401e+01
-1.663231499873083408e+01 -1.713231497039728168e+01 -1.763231496143742305e+01 -1.813231495860406639e+01 -1.863231495770808266e+01 -1.913231495742474664e+01 -1.963231495733514720e+01 -2.013231495730681431e+01 -2.063231495729785436e+01 -2.113231495729501930e+01 -2.163231495729412401e+01
-1.663231499873077723e+01 -1.713231497039726037e+01 -1.763231496143741595e+01 -1.813231495860406639e+01 -1.863231495770807911e+01 -1.913231495742474664e+01 -1.963231495733514720e+01 -2.013231495730681431e+01 -2.063231495729785436e+01 -2.113231495729501930e+01 -2.163231495729412401e+01
-1.663231499873070618e+01 -1.713231497039723905e+01 -1.763231496143740884e+01 -1.813231495860406284e+01 -1.863231495770807911e+01 -1.913231495742474664e+01 -1.963231495733514720e+01 -2.013231495730681431e+01 -2.063231495729785436e+01 -2.113231495729501930e+01 -2.163231495729412401e+01
-1.663231499873062802e+01 -1.713231497039721418e+01 -1.763231496143740173e+01 -1.813231495860405929e+01 -1.863231495770807911e+01 -1.913231495742474308e+01 -1.963231495733514720e+01 -2.013231495730681431e+01 -2.063231495729785436e+01 -2.113231495729501930e+01 -2.163231495729412401e+01
-1.663231499873053565e+01 -1.713231497039718576e+01 -1.763231496143739108e+01 -1.813231495860405573e+01 -1.863231495770807911e+01 -1.913231495742474308e+01 -1.963231495733514720e+01 -2.013231495730681431e+01 -2.063231495729785436e+01 -2.113231495729501930e+01 -2.163231495729412401e+01
-1.663231499873042551e+01 -1.713231497039715023e+01 -1.763231496143738042e+01 -1.813231495860405218e+01 -1.863231495770807555e+01 -1.913231495742474308e+01 -1.963231495733514720e+01 -2.013231495730681431e+01 -2.063231495729785436e+01 -2.113231495729501930e+01 -2.163231495729412401e+01
-1.663231499873030117e+01 -1.713231497039711115e+01 -1.763231496143736976e+01 -1.813231495860404863e+01 -1.863231495770807555e+01 -1.913231495742474308e+01 -1.963231495733514720e+01 -2.013231495730681431e+01 -2.063231495729785436e+01 -2.113231495729501930e+01 -2.163231495729412401e+01
-1.663231499873015551e+01 -1.713231497039706497e+01 -1.763231496143735555e+01 -1.813231495860404507e+01 -1.863231495770807555e+01 -1.913231495742474308e+01 -1.963231495733514720e+01 -2.013231495730681431e+01 -2.063231495729785436e+01 -2.113231495729501930e+01 -2.163231495729412401e+01
