-1.222796451122212069e+01 -1.224706932742866883e+01 -1.264565435741823229e+01 -1.313376065058314346e+01 -1.363248856381675544e+01 -1.413234142326429144e+01 -1.463232048208092806e+01 -1.513231641991204590e+01 -1.563231539136632797e+01 -1.613231509171471600e+01 -1.663231499951688264e+01
-1.212893060233037623e+01 -1.221881389638503279e+01 -1.264213865474034826e+01 -1.313339949854062105e+01 -1.363245227521095693e+01 -1.413233777253626577e+01 -1.463232011053223225e+01 -1.513231638071713725e+01 -1.563231538680190624e+01 -1.613231509105433403e+01 -1.663231499938635238e+01
-1.203964240815267672e+01 -1.219706479831732437e+01 -1.263957089027625713e+01 -1.313313746764446499e+01 -1.363242595599026963e+01 -1.413233512221328780e+01 -1.463231983994311491e+01 -1.513231635190610191e+01 -1.563231538336686199e+01 -1.613231509053565915e+01 -1.663231499927909240e+01
-1.196098656614568867e+01 -1.218055510646350115e+01 -1.263769939118770402e+01 -1.313294740332501043e+01 -1.363240686758886078e+01 -1.413233319779872765e+01 -1.463231964273692753e+01 -1.513231633068213711e+01 -1.563231538076915683e+01 -1.613231509012558718e+01 -1.663231499919055523e+01
-1.189338681183627422e+01 -1.216816198951833528e+01 -1.263633746388538626e+01 -1.313280956604487137e+01 -1.363239302319638213e+01 -1.413233180013083334e+01 -1.463231949888750272e+01 -1.513231631500845431e+01 -1.563231537879431698e+01 -1.613231508979924911e+01 -1.663231499911717393e+01
-1.183672836192112676e+01 -1.215894036681405943e+01 -1.263534748477548852e+01 -1.313270961764207634e+01 -1.363238298167010676e+01 -1.413233078471877135e+01 -1.463231939385048896e+01 -1.513231630340086653e+01 -1.563231537728452558e+01 -1.613231508953789728e+01 -1.663231499905613830e+01
-1.179038138149718229e+01 -1.215212494470986648e+01 -1.263462846964614705e+01 -1.313263714937089865e+01 -1.363237569782245018e+01 -1.413233004673952742e+01 -1.463231931706113187e+01 -1.513231629477706264e+01 -1.563231537612338329e+01 -1.613231508932731018e+01 -1.663231499900520305e+01
-1.175331419936727073e+01 -1.214711372272818224e+01 -1.263410656911593044e+01 -1.313258460829869456e+01 -1.363237041371444747e+01 -1.413232951014806282e+01 -1.463231926084364254e+01 -1.513231628834707188e+01 -1.563231537522481851e+01 -1.613231508915663781e+01 -1.663231499896257759e+01
-1.172425656400115201e+01 -1.214344329511281018e+01 -1.263372791074053936e+01 -1.313254651553213392e+01 -1.363236657975373056e+01 -1.413232911977494233e+01 -1.463231921961953219e+01 -1.513231628353368485e+01 -1.563231537452499076e+01 -1.613231508901756328e+01 -1.663231499892682308e+01
-1.170186468343833219e+01 -1.214076263845900172e+01 -1.263345326603498542e+01 -1.313251889763741431e+01 -1.363236379744279780e+01 -1.413232883559291864e+01 -1.463231918933301223e+01 -1.513231627991461181e+01 -1.563231537397638782e+01 -1.613231508890366328e+01 -1.663231499889676357e+01
-1.168485236769678792e+01 -1.213880900412984865e+01 -1.263325410756476863e+01 -1.313249887348858280e+01 -1.363236177784687087e+01 -1.413232862855783623e+01 -1.463231916703396607e+01 -1.513231627718043626e+01 -1.563231537354351453e+01 -1.613231508880995335e+01 -1.663231499887144693e+01
