6.612558745894730805e+00 6.612558745915626979e+00 6.612558745981705677e+00 6.612558746190664749e+00 6.612558746851450842e+00 6.612558748941040676e+00 6.612558755548904266e+00 6.612558776444802611e+00 6.612558842523427849e+00 6.612559051482321593e+00 6.612559712267692902e+00
6.751527500661659964e+00 6.751527500682553473e+00 6.751527500748624178e+00 6.751527500957558381e+00 6.751527501618265426e+00 6.751527503707605682e+00 6.751527510314677905e+00 6.751527531208075139e+00 6.751527597278792925e+00 6.751527806212678229e+00 6.751528466918964355e+00
6.890128851946775157e+00 6.890128851967685542e+00 6.890128852033810425e+00 6.890128852242913382e+00 6.890128852904156886e+00 6.890128854995191787e+00 6.890128861607624167e+00 6.890128882517971398e+00 6.890128948642288087e+00 6.890129157745670696e+00 6.890129818987946742e+00
7.028233050718993624e+00 7.028233050739943977e+00 7.028233050806195870e+00 7.028233051015702060e+00 7.028233051678220100e+00 7.028233053773284666e+00 7.028233060398462406e+00 7.028233081349112510e+00 7.028233147600878361e+00 7.028233357107289692e+00 7.028234019624045814e+00
7.165669144310222727e+00 7.165669144331242357e+00 7.165669144397713630e+00 7.165669144607912600e+00 7.165669145272619112e+00 7.165669147374608805e+00 7.165669154021681031e+00 7.165669175041569972e+00 7.165669241512286902e+00 7.165669451711081273e+00 7.165670116417332203e+00
7.302215275244986259e+00 7.302215275266112471e+00 7.302215275332917699e+00 7.302215275544174489e+00 7.302215276212227657e+00 7.302215278324796444e+00 7.302215285005324574e+00 7.302215306131010664e+00 7.302215372936288418e+00 7.302215584193054276e+00 7.302216252244887684e+00
7.437588924901471721e+00 7.437588924922749811e+00 7.437588924990037320e+00 7.437588925202818224e+00 7.437588925875690649e+00 7.437588928003500577e+00 7.437588934732225709e+00 7.437588956010321439e+00 7.437589023297562107e+00 7.437589236078426147e+00 7.437589908949854944e+00
7.571438595510032066e+00 7.571438595531522431e+00 7.571438595599479626e+00 7.571438595814378836e+00 7.571438596493952566e+00 7.571438598642949991e+00 7.571438605438678415e+00 7.571438626928657101e+00 7.571438694885928911e+00 7.571438909785612736e+00 7.571439589357301436e+00
7.703339020385065794e+00 7.703339020406843041e+00 7.703339020475708843e+00 7.703339020693482198e+00 7.703339021382141105e+00 7.703339023559871102e+00 7.703339030446459290e+00 7.703339052223761918e+00 7.703339121089630481e+00 7.703339338862544849e+00 7.703340027520134470e+00
7.832792294992635185e+00 7.832792295014794348e+00 7.832792295084868073e+00 7.832792295306461483e+00 7.832792296007200505e+00 7.832792298223131056e+00 7.832792305230520391e+00 7.832792327389830334e+00 7.832792397463712142e+00 7.832792619056690775e+00 7.832793319794310705e+00
7.959237048776831358e+00 7.959237048799489678e+00 7.959237048871141695e+00 7.959237049097726668e+00 7.959237049814250398e+00 7.959237052080098351e+00 7.959237059245337420e+00 7.959237081903812516e+00 7.959237153556193434e+00 7.959237380140813833e+00 7.959238096663288076e+00
