-3.479390968358368585e+00 -3.979390968259824746e+00 -4.479390968228663006e+00 -4.979390968218808666e+00 -5.479390968215692048e+00 -5.979390968214706170e+00 -6.479390968214395308e+00 -6.979390968214296720e+00 -7.479390968214265634e+00 -7.979390968214255864e+00 -8.479390968214252311e+00
-3.479390968358414771e+00 -3.979390968259839401e+00 -4.479390968228667447e+00 -4.979390968218809554e+00 -5.479390968215692048e+00 -5.979390968214706170e+00 -6.479390968214395308e+00 -6.979390968214296720e+00 -7.479390968214265634e+00 -7.979390968214255864e+00 -8.479390968214252311e+00
-3.479390968358454295e+00 -3.979390968259851835e+00 -4.479390968228670999e+00 -4.979390968218811331e+00 -5.479390968215692936e+00 -5.979390968214707058e+00 -6.479390968214395308e+00 -6.979390968214296720e+00 -7.479390968214265634e+00 -7.979390968214255864e+00 -8.479390968214252311e+00
-3.479390968358488045e+00 -3.979390968259862493e+00 -4.479390968228674552e+00 -4.979390968218812219e+00 -5.479390968215692936e+00 -5.979390968214707058e+00 -6.479390968214395308e+00 -6.979390968214296720e+00 -7.479390968214265634e+00 -7.979390968214255864e+00 -8.479390968214252311e+00
-3.479390968358516911e+00 -3.979390968259871819e+00 -4.479390968228677217e+00 -4.979390968218813107e+00 -5.479390968215693825e+00 -5.979390968214707058e+00 -6.479390968214395308e+00 -6.979390968214296720e+00 -7.479390968214265634e+00 -7.979390968214255864e+00 -8.479390968214252311e+00
-3.479390968358541336e+00 -3.979390968259879369e+00 -4.479390968228679881e+00 -4.979390968218813995e+00 -5.479390968215693825e+00 -5.979390968214707058e+00 -6.479390968214395308e+00 -6.979390968214296720e+00 -7.479390968214265634e+00 -7.979390968214255864e+00 -8.479390968214252311e+00
-3.479390968358562208e+00 -3.979390968259886030e+00 -4.479390968228681658e+00 -4.979390968218814884e+00 -5.479390968215693825e+00 -5.979390968214707058e+00 -6.479390968214395308e+00 -6.979390968214296720e+00 -7.479390968214265634e+00 -7.979390968214255864e+00 -8.479390968214252311e+00
-3.479390968358579972e+00 -3.979390968259891803e+00 -4.479390968228684322e+00 -4.979390968218814884e+00 -5.479390968215693825e+00 -5.979390968214707058e+00 -6.479390968214395308e+00 -6.979390968214296720e+00 -7.479390968214265634e+00 -7.979390968214255864e+00 -8.479390968214252311e+00
-3.479390968358595071e+00 -3.979390968259896688e+00 -4.479390968228685210e+00 -4.979390968218815772e+00 -5.479390968215693825e+00 -5.979390968214707058e+00 -6.479390968214395308e+00 -6.979390968214296720e+00 -7.479390968214265634e+00 -7.979390968214255864e+00 -8.479390968214252311e+00
-3.479390968358607950e+00 -3.979390968259900685e+00 -4.479390968228686987e+00 -4.979390968218815772e+00 -5.479390968215693825e+00 -5.979390968214707058e+00 -6.479390968214395308e+00 -6.979390968214296720e+00 -7.479390968214265634e+00 -7.979390968214255864e+00 -8.479390968214252311e+00
-3.479390968358619052e+00 -3.979390968259904238e+00 -4.479390968228687875e+00 -4.979390968218815772e+00 -5.479390968215694713e+00 -5.979390968214707058e+00 -6.479390968214395308e+00 -6.979390968214296720e+00 -7.479390968214265634e+00 -7.979390968214255864e+00 -8.479390968214252311e+00
