9.720859679520234664e+00 9.578016446238773796e+00 9.389120801466802391e+00 9.145782535629694010e+00 8.841641872029155635e+00 8.475782910939352988e+00 8.055503846122318734e+00 7.595522765048227321e+00 7.112445699661254395e+00 6.618671693019580360e+00 6.120772755887206706e+00
9.718683986867986846e+00 9.576814821300732916e+00 9.388494817874931897e+00 9.145481310123260599e+00 8.841511089263118350e+00 8.475732642555296792e+00 8.055486747997580466e+00 7.595517437920110027e+00 7.112444086125558229e+00 6.618671198282368273e+00 6.120772601611689900e+00
9.715789162232097098e+00 9.575213298641875426e+00 9.387661632288041957e+00 9.145082161477379401e+00 8.841339303241866787e+00 8.475667612153937824e+00 8.055465145644163272e+00 7.595510906011168295e+00 7.112442160961106374e+00 6.618670617833680048e+00 6.120772421949025599e+00
9.711945694112639416e+00 9.573080273571122234e+00 9.386552278507974023e+00 9.144552545638315877e+00 8.841113084603064110e+00 8.475583148194102634e+00 8.055437708602912750e+00 7.595502854739473619e+00 7.112439855767969554e+00 6.618669935669634796e+00 6.120772212585905869e+00
9.706857872035156376e+00 9.570242838414163344e+00 9.385075271653501972e+00 9.143849108806653803e+00 8.840814531576954849e+00 8.475473041943745400e+00 8.055402683735676916e+00 7.595492877121739816e+00 7.112437084782191832e+00 6.618669132429497282e+00 6.120771968430581467e+00
9.700149928939261201e+00 9.566475476681024048e+00 9.383109714384893607e+00 9.142914196799225124e+00 8.840419789068999279e+00 8.475329034762628666e+00 8.055357755737706071e+00 7.595480444474794091e+00 7.112433739874023608e+00 6.618668184582013225e+00 6.120771683457479462e+00
9.691352988963265247e+00 9.561486936865211561e+00 9.380496666380160775e+00 9.141671331050256200e+00 8.839897095319198428e+00 8.475140135868963753e+00 8.055299860987171101e+00 7.595464867432777822e+00 7.112429683974937689e+00 6.618667063385368365e+00 6.120771350516206688e+00
9.679895769099099212e+00 9.554905955649052984e+00 9.377028633519524092e+00 9.140019421693244439e+00 8.839204221469973533e+00 8.474891716901939986e+00 8.055224939238023296e+00 7.595445244021270526e+00 7.112424742414314771e+00 6.618665733550935570e+00 6.120770961095479024e+00
9.665103403247025327e+00 9.546267382033517990e+00 9.372437275755308050e+00 9.137825499873068580e+00 8.838285144173882557e+00 8.474564314669340348e+00 8.055127602717206514e+00 7.595420390433069713e+00 7.112418691470567822e+00 6.618664151518048655e+00 6.120770505029658359e+00
9.646209799097578141e+00 9.535001546367793068e+00 9.366379903909271221e+00 9.134915826068883860e+00 8.837065772843066824e+00 8.474132056136708613e+00 8.055000695843590464e+00 7.595388748693660652e+00 7.112411243204784128e+00 6.618662263216160468e+00 6.120769970131848758e+00
9.622388619846145019e+00 9.520431225912913575e+00 9.358426133859868656e+00 9.131065420162526536e+00 8.835448553678526551e+00 8.473560601151339355e+00 8.054834710800845343e+00 7.595348263477696982e+00 7.112402025327156707e+00 6.618660001149318184e+00 6.120769341732439806e+00
