1.056369515055998498e+01 1.050221293675259915e+01 1.041669444298924674e+01 1.030091337033803356e+01 1.014716963997873478e+01 9.946658557272845869e+00 9.690782906769987548e+00 9.373743034138612984e+00 8.995958419083395441e+00 8.566329246681684495e+00 8.100444713238850625e+00
1.056223472147900999e+01 1.050133563865844621e+01 1.041617095777610302e+01 1.030060325629699491e+01 1.014698816956049754e+01 9.946554433323292699e+00 9.690724860274652741e+00 9.373712021854620602e+00 8.995942892563629556e+00 8.566322184713547117e+00 8.100441858820111918e+00
1.056029684496764887e+01 1.050016992409638306e+01 1.041547731253307418e+01 1.030019491420336486e+01 1.014675161790740532e+01 9.946420657969438750e+00 9.690651685465745402e+00 9.373673777978703825e+00 8.995924157499894491e+00 8.566313812803352690e+00 8.100438514006322421e+00
1.055773079003469839e+01 1.049862135323587964e+01 1.041455727446627577e+01 1.029965609217211586e+01 1.014644225460269489e+01 9.946248023434804963e+00 9.690558950601525723e+00 9.373626362519651423e+00 8.995901450133189314e+00 8.566303858901127555e+00 8.100434588554005444e+00
1.055434318690785034e+01 1.049656584969884143e+01 1.041333623120413066e+01 1.029894385686248448e+01 1.014603648928146740e+01 9.946024323573301018e+00 9.690440824577922996e+00 9.373567255577697210e+00 8.995873798104465635e+00 8.566291985819196597e+00 8.100429973687129248e+00
1.054988961793521085e+01 1.049384153186330870e+01 1.041171549478876024e+01 1.029800112265414036e+01 1.014550293264130332e+01 9.945733359426446540e+00 9.690289617697361635e+00 9.373493172116225125e+00 8.995839957322077751e+00 8.566277773343088597e+00 8.100424537712536122e+00
1.054406706584084752e+01 1.049023915758523984e+01 1.040956510493085574e+01 1.029675212807719831e+01 1.014479983408194208e+01 9.945353617002282931e+00 9.690095169951820964e+00 9.373399815631058729e+00 8.995798328513409103e+00 8.566260694902288364e+00 8.100418120441743142e+00
1.053650913590616511e+01 1.048549160411501369e+01 1.040671494455933654e+01 1.029509660274561433e+01 1.014387171320213099e+01 9.944856513571776802e+00 9.689844036863160426e+00 9.373281550420708541e+00 8.995746846729899104e+00 8.566240087041920859e+00 8.100410526057295613e+00
1.052678667408082624e+01 1.047926338840976435e+01 1.040294413172967758e+01 1.029290235639636464e+01 1.014264496341957944e+01 9.944204079861977519e+00 9.689518407437766712e+00 9.373130965548188698e+00 8.995682834833171881e+00 8.566215109350174828e+00 8.100401513944547105e+00
1.051441665260037439e+01 1.047114206130897607e+01 1.039796896737192888e+01 1.028999605724746225e+01 1.014102217115234517e+01 9.943345911800484771e+00 9.689094669272064309e+00 9.372938294961357997e+00 8.995602809017603008e+00 8.566184691712955157e+00 8.100390786852917913e+00
1.049888136283439444e+01 1.046063432267533599e+01 1.039143027781559070e+01 1.028615209408502373e+01 1.013887487661922115e+01 9.942215189067539427e+00 9.688541511890029767e+00 9.372690647116122875e+00 8.995502220499796309e+00 8.566147464721449722e+00 8.100377975540856923e+00
