1.066976830705962165e+01 1.066976830705962165e+01 1.066976830705962165e+01 1.066976830705962165e+01 1.066976830705962165e+01 1.066976830705962165e+01 1.066976830705962165e+01 1.066976830705962165e+01 1.066976830705962165e+01 1.066976830705962165e+01 1.066976830705962165e+01
1.067391571490224322e+01 1.067391571490224322e+01 1.067391571490224322e+01 1.067391571490224322e+01 1.067391571490224322e+01 1.067391571490224322e+01 1.067391571490224322e+01 1.067391571490224322e+01 1.067391571490224322e+01 1.067391571490224322e+01 1.067391571490224322e+01
1.067739179884848966e+01 1.067739179884848966e+01 1.067739179884848966e+01 1.067739179884848966e+01 1.067739179884848966e+01 1.067739179884848966e+01 1.067739179884848966e+01 1.067739179884848966e+01 1.067739179884848966e+01 1.067739179884848966e+01 1.067739179884848966e+01
1.068028923968471311e+01 1.068028923968471311e+01 1.068028923968471311e+01 1.068028923968471311e+01 1.068028923968471311e+01 1.068028923968471311e+01 1.068028923968471311e+01 1.068028923968471311e+01 1.068028923968471311e+01 1.068028923968471311e+01 1.068028923968471311e+01
1.068269053243235867e+01 1.068269053243235867e+01 1.068269053243235867e+01 1.068269053243235867e+01 1.068269053243235867e+01 1.068269053243235867e+01 1.068269053243235867e+01 1.068269053243235867e+01 1.068269053243235867e+01 1.068269053243235867e+01 1.068269053243235867e+01
1.068466887756500405e+01 1.068466887756500405e+01 1.068466887756500405e+01 1.068466887756500405e+01 1.068466887756500405e+01 1.068466887756500405e+01 1.068466887756500405e+01 1.068466887756500405e+01 1.068466887756500405e+01 1.068466887756500405e+01 1.068466887756500405e+01
1.068628894982850142e+01 1.068628894982850142e+01 1.068628894982850142e+01 1.068628894982850142e+01 1.068628894982850142e+01 1.068628894982850142e+01 1.068628894982850142e+01 1.068628894982850142e+01 1.068628894982850142e+01 1.068628894982850142e+01 1.068628894982850142e+01
1.068760757631181235e+01 1.068760757631181235e+01 1.068760757631181235e+01 1.068760757631181235e+01 1.068760757631181235e+01 1.068760757631181235e+01 1.068760757631181235e+01 1.068760757631181235e+01 1.068760757631181235e+01 1.068760757631181235e+01 1.068760757631181235e+01
1.068867435584474457e+01 1.068867435584474457e+01 1.068867435584474457e+01 1.068867435584474457e+01 1.068867435584474457e+01 1.068867435584474457e+01 1.068867435584474457e+01 1.068867435584474457e+01 1.068867435584474457e+01 1.068867435584474457e+01 1.068867435584474457e+01
1.068953224706086225e+01 1.068953224706086225e+01 1.068953224706086225e+01 1.068953224706086225e+01 1.068953224706086225e+01 1.068953224706086225e+01 1.068953224706086225e+01 1.068953224706086225e+01 1.068953224706086225e+01 1.068953224706086225e+01 1.068953224706086225e+01
1.069021814427373762e+01 1.069021814427373762e+01 1.069021814427373762e+01 1.069021814427373762e+01 1.069021814427373762e+01 1.069021814427373762e+01 1.069021814427373762e+01 1.069021814427373762e+01 1.069021814427373762e+01 1.069021814427373762e+01 1.069021814427373762e+01
