-1.738299005262920787e+02 -1.738299005262920787e+02 -1.738299005262920787e+02 -1.738299005262920787e+02 -1.738299005262920787e+02 -1.738299005262920787e+02 -1.738299005262920787e+02 -1.738299005262920787e+02 -1.738299005262920787e+02 -1.738299005262920502e+02 -1.738299005262919650e+02
-1.737650525376576525e+02 -1.737650525376576525e+02 -1.737650525376576525e+02 -1.737650525376576525e+02 -1.737650525376576525e+02 -1.737650525376576525e+02 -1.737650525376576525e+02 -1.737650525376576525e+02 -1.737650525376576525e+02 -1.737650525376576525e+02 -1.737650525376576240e+02
-1.737081733834674822e+02 -1.737081733834674822e+02 -1.737081733834674822e+02 -1.737081733834674822e+02 -1.737081733834674822e+02 -1.737081733834674822e+02 -1.737081733834674822e+02 -1.737081733834674822e+02 -1.737081733834674822e+02 -1.737081733834674822e+02 -1.737081733834675106e+02
-1.736588236311428943e+02 -1.736588236311428943e+02 -1.736588236311428943e+02 -1.736588236311428943e+02 -1.736588236311428943e+02 -1.736588236311428943e+02 -1.736588236311428943e+02 -1.736588236311428943e+02 -1.736588236311428943e+02 -1.736588236311429227e+02 -1.736588236311430080e+02
-1.736164467552121664e+02 -1.736164467552121664e+02 -1.736164467552121664e+02 -1.736164467552121664e+02 -1.736164467552121664e+02 -1.736164467552121664e+02 -1.736164467552121664e+02 -1.736164467552121664e+02 -1.736164467552121664e+02 -1.736164467552122233e+02 -1.736164467552123369e+02
-1.735804114729598666e+02 -1.735804114729598666e+02 -1.735804114729598666e+02 -1.735804114729598666e+02 -1.735804114729598666e+02 -1.735804114729598666e+02 -1.735804114729598666e+02 -1.735804114729598950e+02 -1.735804114729598950e+02 -1.735804114729599519e+02 -1.735804114729601224e+02
-1.735500500926492577e+02 -1.735500500926492577e+02 -1.735500500926492577e+02 -1.735500500926492577e+02 -1.735500500926492577e+02 -1.735500500926492577e+02 -1.735500500926492577e+02 -1.735500500926492577e+02 -1.735500500926492862e+02 -1.735500500926493430e+02 -1.735500500926495704e+02
-1.735246905914765136e+02 -1.735246905914765136e+02 -1.735246905914765136e+02 -1.735246905914765136e+02 -1.735246905914765136e+02 -1.735246905914765136e+02 -1.735246905914765136e+02 -1.735246905914765421e+02 -1.735246905914765705e+02 -1.735246905914766558e+02 -1.735246905914769115e+02
-1.735036815679992515e+02 -1.735036815679992515e+02 -1.735036815679992515e+02 -1.735036815679992515e+02 -1.735036815679992515e+02 -1.735036815679992515e+02 -1.735036815679992515e+02 -1.735036815679992515e+02 -1.735036815679992799e+02 -1.735036815679993936e+02 -1.735036815679997062e+02
-1.734864102077488610e+02 -1.734864102077488610e+02 -1.734864102077488610e+02 -1.734864102077488610e+02 -1.734864102077488610e+02 -1.734864102077488610e+02 -1.734864102077488610e+02 -1.734864102077488894e+02 -1.734864102077489179e+02 -1.734864102077490315e+02 -1.734864102077494010e+02
-1.734173514063172377e+02 -1.734173514063172377e+02 -1.734173514063172377e+02 -1.734173514063172377e+02 -1.734173514063172377e+02 -1.734173514063172377e+02 -1.734173514063172377e+02 -1.734173514063172661e+02 -1.734173514063173513e+02 -1.734173514063175787e+02 -1.734173514063183461e+02
