-1.736086752666516588e+02 -1.736086752666520852e+02 -1.736086752666534494e+02 -1.736086752666577411e+02 -1.736086752666712698e+02 -1.736086752667140729e+02 -1.736086752668493887e+02 -1.736086752672773628e+02 -1.736086752686307477e+02 -1.736086752729104603e+02 -1.736086752864441110e+02
-1.736463189723426694e+02 -1.736463189723429252e+02 -1.736463189723438063e+02 -1.736463189723465916e+02 -1.736463189723554308e+02 -1.736463189723832841e+02 -1.736463189724713914e+02 -1.736463189727500378e+02 -1.736463189736311676e+02 -1.736463189764176036e+02 -1.736463189852290157e+02
-1.736897444808415116e+02 -1.736897444808416253e+02 -1.736897444808420232e+02 -1.736897444808433306e+02 -1.736897444808474233e+02 -1.736897444808603836e+02 -1.736897444809013393e+02 -1.736897444810308855e+02 -1.736897444814404992e+02 -1.736897444827358754e+02 -1.736897444868321543e+02
-1.737394114967783594e+02 -1.737394114967783594e+02 -1.737394114967783025e+02 -1.737394114967781320e+02 -1.737394114967775636e+02 -1.737394114967758014e+02 -1.737394114967702592e+02 -1.737394114967526946e+02 -1.737394114966971301e+02 -1.737394114965214840e+02 -1.737394114959659817e+02
-1.737957079811365588e+02 -1.737957079811364167e+02 -1.737957079811359051e+02 -1.737957079811342851e+02 -1.737957079811291976e+02 -1.737957079811131393e+02 -1.737957079810622645e+02 -1.737957079809014829e+02 -1.737957079803929901e+02 -1.737957079787850034e+02 -1.737957079737001038e+02
-1.738589210634983999e+02 -1.738589210634981157e+02 -1.738589210634971778e+02 -1.738589210634941935e+02 -1.738589210634847575e+02 -1.738589210634549147e+02 -1.738589210633606115e+02 -1.738589210630623256e+02 -1.738589210621190944e+02 -1.738589210591362928e+02 -1.738589210497038948e+02
-1.739292113056420135e+02 -1.739292113056415872e+02 -1.739292113056402513e+02 -1.739292113056359597e+02 -1.739292113056224309e+02 -1.739292113055795994e+02 -1.739292113054441984e+02 -1.739292113050159969e+02 -1.739292113036619298e+02 -1.739292112993799719e+02 -1.739292112858392727e+02
-1.740065928641644177e+02 -1.740065928641638493e+02 -1.740065928641621156e+02 -1.740065928641566302e+02 -1.740065928641392929e+02 -1.740065928640843822e+02 -1.740065928639108108e+02 -1.740065928633619023e+02 -1.740065928616260749e+02 -1.740065928561369333e+02 -1.740065928387787721e+02
-1.740909183100218627e+02 -1.740909183100211806e+02 -1.740909183100191058e+02 -1.740909183100125119e+02 -1.740909183099916788e+02 -1.740909183099257689e+02 -1.740909183097173525e+02 -1.740909183090582530e+02 -1.740909183069740322e+02 -1.740909183003831799e+02 -1.740909182795410288e+02
-1.741818845811211247e+02 -1.741818845811203857e+02 -1.741818845811179699e+02 -1.741818845811104097e+02 -1.741818845810864502e+02 -1.741818845810106779e+02 -1.741818845807710261e+02 -1.741818845800132749e+02 -1.741818845776170406e+02 -1.741818845700394718e+02 -1.741818845460770433e+02
-1.742790435856499016e+02 -1.742790435856490490e+02 -1.742790435856463773e+02 -1.742790435856379361e+02 -1.742790435856112481e+02 -1.742790435855268072e+02 -1.742790435852597568e+02 -1.742790435844153194e+02 -1.742790435817449861e+02 -1.742790435733006120e+02 -1.742790435465971370e+02
