-1.810160668364278536e+02 -1.810160668118085994e+02 -1.810160667339556824e+02 -1.810160664877632541e+02 -1.810160657092353631e+02 -1.810160632473232170e+02 -1.810160554621652409e+02 -1.810160308442524695e+02 -1.810159530047594103e+02 -1.810157069464449648e+02 -1.810149297579398251e+02
-1.809037998241032597e+02 -1.809037997991174507e+02 -1.809037997201054395e+02 -1.809037994702476340e+02 -1.809037986801288298e+02 -1.809037961815632229e+02 -1.809037882804996684e+02 -1.809037632960887834e+02 -1.809036842979022879e+02 -1.809034345782295361e+02 -1.809026458389429024e+02
-1.807924865568320172e+02 -1.807924865312414227e+02 -1.807924864503168578e+02 -1.807924861944110546e+02 -1.807924853851668843e+02 -1.807924828261219545e+02 -1.807924747338106499e+02 -1.807924491446676711e+02 -1.807923682346137184e+02 -1.807921124737149796e+02 -1.807913046765713148e+02
-1.806819131254850106e+02 -1.806819130990721192e+02 -1.806819130155473090e+02 -1.806819127514187073e+02 -1.806819119161717992e+02 -1.806819092748997377e+02 -1.806819009225698380e+02 -1.806818745112406646e+02 -1.806817910018534690e+02 -1.806815270276132139e+02 -1.806806933221493807e+02
-1.805718997680091888e+02 -1.805718997405706148e+02 -1.805718996538022623e+02 -1.805718993794167204e+02 -1.805718985117346165e+02 -1.805718957678942900e+02 -1.805718870912233740e+02 -1.805718596543215995e+02 -1.805717729026256677e+02 -1.805714986836644869e+02 -1.805706326649116420e+02
-1.804622926231035365e+02 -1.804622925944451879e+02 -1.804622925038196115e+02 -1.804622922172364099e+02 -1.804622913109820388e+02 -1.804622884451665357e+02 -1.804622793827866190e+02 -1.804622507262695592e+02 -1.804621601188479474e+02 -1.804618737173665863e+02 -1.804609692773551046e+02
-1.803529572890419672e+02 -1.803529572589758629e+02 -1.803529571638984521e+02 -1.803529568632374378e+02 -1.803529559124651769e+02 -1.803529529058730247e+02 -1.803529433983308365e+02 -1.803529133342122464e+02 -1.803528182768160093e+02 -1.803525178157896676e+02 -1.803515690403186795e+02
-1.802437737624398437e+02 -1.802437737307817542e+02 -1.802437736306701481e+02 -1.802437733140896228e+02 -1.802437723129756080e+02 -1.802437691471903065e+02 -1.802437591362500768e+02 -1.802437274803959610e+02 -1.802436273909784461e+02 -1.802433110321721017e+02 -1.802423121317201833e+02
-1.801346324461909489e+02 -1.801346324127592595e+02 -1.801346323070389985e+02 -1.801346319727222749e+02 -1.801346309155217398e+02 -1.801346275723770418e+02 -1.801346170005946021e+02 -1.801345835713766803e+02 -1.801344778758388827e+02 -1.801341438063908242e+02 -1.801330890740594270e+02
-1.800254310033031686e+02 -1.800254309679180551e+02 -1.800254308560205345e+02 -1.800254305021697121e+02 -1.800254293831970358e+02 -1.800254258447137374e+02 -1.800254146552368013e+02 -1.800253792729010058e+02 -1.800252674030983258e+02 -1.800249138292479643e+02 -1.800237976212379181e+02
-1.799160719001913264e+02 -1.799160718626748690e+02 -1.799160717440374526e+02 -1.799160713688731903e+02 -1.799160701825017554e+02 -1.799160664308872128e+02 -1.799160545674536706e+02 -1.799160170541153718e+02 -1.799158984478443983e+02 -1.799155235949158680e+02 -1.799143403307224958e+02
