7.744120663081414335e+00 7.744120663082760814e+00 7.744120663087017853e+00 7.744120663100479973e+00 7.744120663143050365e+00 7.744120663277670680e+00 7.744120663703377261e+00 7.744120665049579522e+00 7.744120669306646221e+00 7.744120682768672381e+00 7.744120725339332267e+00
7.616565415632639002e+00 7.616565415633976599e+00 7.616565415638205216e+00 7.616565415651578519e+00 7.616565415693868246e+00 7.616565415827599494e+00 7.616565416250494991e+00 7.616565417587808362e+00 7.616565421816765991e+00 7.616565435189903255e+00 7.616565477479472435e+00
7.488721113489400061e+00 7.488721113490728776e+00 7.488721113494928971e+00 7.488721113508211680e+00 7.488721113550216302e+00 7.488721113683043384e+00 7.488721114103081611e+00 7.488721115431360431e+00 7.488721119631744472e+00 7.488721132914524681e+00 7.488721174918362422e+00
7.360656716024501556e+00 7.360656716025820501e+00 7.360656716029990498e+00 7.360656716043178172e+00 7.360656716084881701e+00 7.360656716216759321e+00 7.360656716633791952e+00 7.360656717952565486e+00 7.360656722122894458e+00 7.360656735310632470e+00 7.360656777013917740e+00
7.232424034269615554e+00 7.232424034270923840e+00 7.232424034275061864e+00 7.232424034288147396e+00 7.232424034329525853e+00 7.232424034460376738e+00 7.232424034874163077e+00 7.232424036182669269e+00 7.232424040320531766e+00 7.232424053405599906e+00 7.232424094784215107e+00
7.104061371884284881e+00 7.104061371885582510e+00 7.104061371889684118e+00 7.104061371902655964e+00 7.104061371943677372e+00 7.104061372073397607e+00 7.104061372483607251e+00 7.104061373780806043e+00 7.104061377882909589e+00 7.104061390854897517e+00 7.104061431875924093e+00
6.975596373352823676e+00 6.975596373354107982e+00 6.975596373358170510e+00 6.975596373371016234e+00 6.975596373411637963e+00 6.975596373540096096e+00 6.975596373946315154e+00 6.975596375230892932e+00 6.975596379293082627e+00 6.975596392138856849e+00 6.975596432760757359e+00
6.847048139999294847e+00 6.847048140000565830e+00 6.847048140004583061e+00 6.847048140017286677e+00 6.847048140057458987e+00 6.847048140184496035e+00 6.847048140586221798e+00 6.847048141856589609e+00 6.847048145873846359e+00 6.847048158577527133e+00 6.847048198750090187e+00
6.718428758016051994e+00 6.718428758017306102e+00 6.718428758021272706e+00 6.718428758033815562e+00 6.718428758073478946e+00 6.718428758198908390e+00 6.718428758595549333e+00 6.718428759849838450e+00 6.718428763816247873e+00 6.718428776359136378e+00 6.718428816023230610e+00
6.589744241375128375e+00 6.589744241376363831e+00 6.589744241380272705e+00 6.589744241392633484e+00 6.589744241431720440e+00 6.589744241555325566e+00 6.589744241946196901e+00 6.589744243182243721e+00 6.589744247090964180e+00 6.589744259451424391e+00 6.589744298538628975e+00
6.460995023867385001e+00 6.460995023868600029e+00 6.460995023872444065e+00 6.460995023884597011e+00 6.460995023923029379e+00 6.460995024044562385e+00 6.460995024428884292e+00 6.460995025644216128e+00 6.460995029487433428e+00 6.460995041640752667e+00 6.460995080072921226e+00
