7.712448106945801740e+00 7.636876696274430998e+00 7.516056228083999535e+00 7.342114507765796994e+00 7.108470845611999600e+00 6.810483670227766240e+00 6.448405552659434825e+00 6.030285547550878533e+00 5.571393577525958207e+00 5.088787091102079607e+00 4.595189489465006716e+00
7.712446762101146547e+00 7.636876021707578843e+00 7.516055888705162502e+00 7.342114336333220415e+00 7.108470760532958899e+00 6.810483629650875059e+00 6.448405534387290139e+00 6.030285539902807024e+00 5.571393574585699504e+00 5.088787090061114959e+00 4.595189489117990078e+00
7.712444958599511402e+00 7.636875120204987155e+00 7.516055437808160988e+00 7.342114110664075710e+00 7.108470650081346598e+00 6.810483577991624848e+00 6.448405511686121194e+00 6.030285530639727831e+00 5.571393571097819297e+00 5.088787088842076756e+00 4.595189488714098935e+00
7.712442539087629001e+00 7.636873914411562936e+00 7.516054837814249545e+00 7.342113812833191311e+00 7.108470506140348810e+00 6.810483511892844177e+00 6.448405483327476873e+00 6.030285519367969194e+00 5.571393566947934417e+00 5.088787087412446120e+00 4.595189488243748066e+00
7.712439292083712594e+00 7.636872300439777383e+00 7.516054038325169273e+00 7.342113418857798557e+00 7.108470317894960644e+00 6.810483426913759075e+00 6.448405447706983651e+00 6.030285505584162209e+00 5.571393561994112176e+00 5.088787085733103233e+00 4.595189487695648722e+00
7.712434933337762644e+00 7.636870138742771097e+00 7.516052971724301202e+00 7.342112896628150587e+00 7.108470070917524808e+00 6.810483317168111839e+00 6.448405402722315216e+00 6.030285488641579761e+00 5.571393556059263119e+00 5.088787083756785457e+00 4.595189487056476452e+00
7.712429080774818146e+00 7.636867241844865539e+00 7.516051547264726906e+00 7.342112203127797443e+00 7.108469745940546147e+00 6.810483174839384368e+00 6.448405345610296990e+00 6.030285467705519764e+00 5.571393548921219185e+00 5.088787081426140446e+00 4.595189486310465199e+00
7.712421220811798150e+00 7.636863357845732558e+00 7.516049643122465262e+00 7.342111280698730980e+00 7.108469317209181959e+00 6.810482989531000619e+00 6.448405272729241133e+00 6.030285441694076987e+00 5.571393540299741431e+00 5.088787078671231257e+00 4.595189485438908150e+00
7.712410663085808693e+00 7.636858148243623745e+00 7.516047095714462500e+00 7.342110052022890798e+00 7.108468750269056891e+00 6.810482747394984493e+00 6.448405179267844289e+00 6.030285409199376723e+00 5.571393529839452796e+00 5.088787075406345117e+00 4.595189484419548442e+00
7.712396479615359013e+00 7.636851158120857797e+00 7.516043685338865465e+00 7.342108413377898657e+00 7.108467998995134707e+00 6.810482429963037099e+00 6.448405058855585459e+00 6.030285368382685363e+00 5.571393517087365410e+00 5.088787071525888273e+00 4.595189483225807336e+00
7.712377423063210280e+00 7.636841776063605813e+00 7.516039116871210624e+00 7.342106225572966771e+00 7.108467001600664581e+00 6.810482012577914190e+00 6.448404903040962033e+00 6.030285316834545384e+00 5.571393501463191456e+00 5.088787066899077338e+00 4.595189481825840971e+00
