1.006057138380677962e+01 1.006057428185435931e+01 1.006058344596969967e+01 1.006061242223532126e+01 1.006070401941931713e+01 1.006099328361597856e+01 1.006190246938632349e+01 1.006468192722192789e+01 1.007225584907416938e+01 1.008896831607474098e+01 1.011688923495621317e+01
1.015515922114143699e+01 1.015516235837813497e+01 1.015517227875640316e+01 1.015520364531221453e+01 1.015530278812835796e+01 1.015561575433224206e+01 1.015659746907703287e+01 1.015956639557299468e+01 1.016740360505320950e+01 1.018384566138292691e+01 1.020901589166784618e+01
1.024321450949863888e+01 1.024321793806061542e+01 1.024322877950772259e+01 1.024326305686780891e+01 1.024337138431460481e+01 1.024371314888246864e+01 1.024478218579752209e+01 1.024796920361879948e+01 1.025606899734888700e+01 1.027204108517628889e+01 1.029375231808003477e+01
1.032464391971252660e+01 1.032464770025871381e+01 1.032465965449485701e+01 1.032469744790193111e+01 1.032481686274919674e+01 1.032519330396686463e+01 1.032636614800959585e+01 1.032979725894213452e+01 1.033812737108185509e+01 1.035331142171974683e+01 1.037066372989666263e+01
1.039947162206870068e+01 1.039947582462969677e+01 1.039948911295044454e+01 1.039953112054963924e+01 1.039966381253372418e+01 1.040008163034391409e+01 1.040137611015979680e+01 1.040507053038789387e+01 1.041355024785660888e+01 1.042748144041565617e+01 1.043941699667466771e+01
1.046782631801379537e+01 1.046783102270849675e+01 1.046784589821241163e+01 1.046789291769675678e+01 1.046804138013384922e+01 1.046850809273073146e+01 1.046994262039189039e+01 1.047390650811139245e+01 1.048238552492445308e+01 1.049443371177558326e+01 1.049981931431213944e+01
1.052992430394241907e+01 1.052992960141706291e+01 1.052994635033038229e+01 1.052999928246990535e+01 1.053016631610601550e+01 1.053069017911619376e+01 1.053228233258857571e+01 1.053649976000118293e+01 1.054473425253505248e+01 1.055410720599757468e+01 1.055186607504549201e+01
1.058605083943358238e+01 1.058605683082014437e+01 1.058607577226018748e+01 1.058613561906325806e+01 1.058632431413091801e+01 1.058691410989266224e+01 1.058867821805167253e+01 1.059309886379765508e+01 1.060072879512890154e+01 1.060651074338093913e+01 1.059578352499368670e+01
1.063654163703820643e+01 1.063654843315811682e+01 1.063656991644244876e+01 1.063663777084993534e+01 1.063685145441348290e+01 1.063751607249263742e+01 1.063945936663681202e+01 1.064398291149786679e+01 1.065051799069675731e+01 1.065175183635680156e+01 1.063204600790405152e+01
1.068176574600311568e+01 1.068177346545557604e+01 1.068179786377413620e+01 1.068187488670305463e+01 1.068211701704562522e+01 1.068286470996313398e+01 1.068498155009721806e+01 1.068943990873439986e+01 1.069426473766691821e+01 1.069007256578131759e+01 1.066135281694597303e+01
1.072211058832015595e+01 1.072211935399046645e+01 1.072214705290473979e+01 1.072223443208332050e+01 1.072250841462540905e+01 1.072334556334583766e+01 1.072560931487489988e+01 1.072974982437954594e+01 1.073215897132942054e+01 1.072187627324568560e+01 1.068456522126105135e+01
