1.190423309983314404e+01 1.190423309983241218e+01 1.190423309983009936e+01 1.190423309982278433e+01 1.190423309979965616e+01 1.190423309972651822e+01 1.190423309949523123e+01 1.190423309876384295e+01 1.190423309645099792e+01 1.190423308913721456e+01 1.190423306600977682e+01
1.190423289462439627e+01 1.190423289462366974e+01 1.190423289462136758e+01 1.190423289461408984e+01 1.190423289459107181e+01 1.190423289451828737e+01 1.190423289428812303e+01 1.190423289356027503e+01 1.190423289125862638e+01 1.190423288398021917e+01 1.190423286096431710e+01
1.190423284317152408e+01 1.190423284317079755e+01 1.190423284316849717e+01 1.190423284316122476e+01 1.190423284313822805e+01 1.190423284306550222e+01 1.190423284283552263e+01 1.190423284210826438e+01 1.190423283980847735e+01 1.190423283253595699e+01 1.190423280953865515e+01
1.190423277771685662e+01 1.190423277771613009e+01 1.190423277771383326e+01 1.190423277770656796e+01 1.190423277768359078e+01 1.190423277761093424e+01 1.190423277738116958e+01 1.190423277665459523e+01 1.190423277435696825e+01 1.190423276709127443e+01 1.190423274411554999e+01
1.190423269425446229e+01 1.190423269425373576e+01 1.190423269425144071e+01 1.190423269424418251e+01 1.190423269422123198e+01 1.190423269414865359e+01 1.190423269391913941e+01 1.190423269319335731e+01 1.190423269089823144e+01 1.190423268364045128e+01 1.190423266068973263e+01
1.190423258760554148e+01 1.190423258760481673e+01 1.190423258760252345e+01 1.190423258759527592e+01 1.190423258757235381e+01 1.190423258749986601e+01 1.190423258727064315e+01 1.190423258654577587e+01 1.190423258425355080e+01 1.190423257700493309e+01 1.190423255408317793e+01
1.190423245107355044e+01 1.190423245107282746e+01 1.190423245107053773e+01 1.190423245106329908e+01 1.190423245104041072e+01 1.190423245096802951e+01 1.190423245073914238e+01 1.190423245001533736e+01 1.190423244772646605e+01 1.190423244048845852e+01 1.190423241760023743e+01
1.190423227599939260e+01 1.190423227599867140e+01 1.190423227599638523e+01 1.190423227598916078e+01 1.190423227596630973e+01 1.190423227589405286e+01 1.190423227566555298e+01 1.190423227494297542e+01 1.190423227265798900e+01 1.190423226543225965e+01 1.190423224258285195e+01
1.190423205118792183e+01 1.190423205118720063e+01 1.190423205118491978e+01 1.190423205117770955e+01 1.190423205115490468e+01 1.190423205108278815e+01 1.190423205085473768e+01 1.190423205013358121e+01 1.190423204785308720e+01 1.190423204064156337e+01 1.190423201783706197e+01
1.190423176216966361e+01 1.190423176216894419e+01 1.190423176216666867e+01 1.190423176215947265e+01 1.190423176213672107e+01 1.190423176206476796e+01 1.190423176183723797e+01 1.190423176111772463e+01 1.190423175884242468e+01 1.190423175164732861e+01 1.190423172889476078e+01
1.190423139025044996e+01 1.190423139024973231e+01 1.190423139024746391e+01 1.190423139024028742e+01 1.190423139021759447e+01 1.190423139014583320e+01 1.190423138991890184e+01 1.190423138920128743e+01 1.190423138693199334e+01 1.190423137975588652e+01 1.190423135706334534e+01
