7.844633893890430976e+00 8.262443490929257450e+00 8.629167676537402798e+00 8.932355822600539952e+00 9.161460713076104767e+00 9.304231638439777186e+00 9.340403037832890831e+00 9.241140330233513112e+00 8.985138011060636032e+00 8.590213609343201995e+00 8.117349080141837092e+00
7.844633893890430976e+00 8.262443490929257450e+00 8.629167676537404574e+00 8.932355822600539952e+00 9.161460713076106543e+00 9.304231638439777186e+00 9.340403037832890831e+00 9.241140330233513112e+00 8.985138011060636032e+00 8.590213609343201995e+00 8.117349080141837092e+00
7.844633893890581078e+00 8.262443490929356926e+00 8.629167676537482734e+00 8.932355822600607453e+00 9.161460713076163387e+00 9.304231638439826924e+00 9.340403037832928135e+00 9.241140330233539757e+00 8.985138011060650243e+00 8.590213609343205547e+00 8.117349080141838868e+00
7.844633893903605326e+00 8.262443490937984691e+00 8.629167676544268417e+00 8.932355822606366402e+00 9.161460713081142515e+00 9.304231638444036889e+00 9.340403037836242817e+00 9.241140330235777967e+00 8.985138011061776453e+00 8.590213609343557266e+00 8.117349080141893936e+00
7.844633894481651382e+00 8.262443491320880185e+00 8.629167676845476365e+00 8.932355822862003691e+00 9.161460713302103542e+00 9.304231638630945156e+00 9.340403037983382006e+00 9.241140330335111841e+00 8.985138011111779122e+00 8.590213609359150126e+00 8.117349080144387941e+00
7.844633908952650003e+00 8.262443500906433869e+00 8.629167684386018777e+00 8.932355829261716451e+00 9.161460718833733807e+00 9.304231643310066246e+00 9.340403041666890616e+00 9.241140332821903058e+00 8.985138012363560023e+00 8.590213609749500989e+00 8.117349080206800238e+00
7.844634130892623070e+00 8.262443647918924938e+00 8.629167800034414526e+00 8.932355927413333063e+00 9.161460803671703346e+00 9.304231715073191467e+00 9.340403098160429352e+00 9.241140370961511863e+00 8.985138031561989536e+00 8.590213615736276509e+00 8.117349081164007885e+00
7.844636368383718583e+00 8.262445130028561735e+00 8.629168965946474756e+00 8.932356916931237123e+00 9.161461658967738231e+00 9.304232438554844720e+00 9.340403667701352219e+00 9.241140755466808798e+00 8.985138225111320764e+00 8.590213676092039563e+00 8.117349090814117929e+00
7.844652116105249817e+00 8.262455561342504140e+00 8.629177171825064718e+00 8.932363881321373711e+00 9.161467678682150506e+00 9.304237530536704881e+00 9.340407676221028410e+00 9.241143461673411608e+00 8.985139587338352385e+00 8.590214100883009962e+00 8.117349158732499959e+00
7.844733585759499306e+00 8.262509528489012212e+00 8.629219625843887798e+00 8.932399912426614463e+00 9.161498822392118768e+00 9.304263874477804563e+00 9.340428414686774872e+00 9.241157462415168666e+00 8.985146634841196800e+00 8.590216298510547688e+00 8.117349510097405130e+00
7.845057400327340780e+00 8.262724055113981336e+00 8.629388391562754279e+00 8.932543146461027206e+00 9.161622627580447542e+00 9.304368598644218835e+00 9.340510854574255006e+00 9.241213117052108572e+00 8.985174648350309212e+00 8.590225033398768417e+00 8.117350906559874346e+00
