6.961629192940228528e+00 6.961629192938707078e+00 6.961629192933897592e+00 6.961629192918686648e+00 6.961629192870586458e+00 6.961629192718481463e+00 6.961629192237482222e+00 6.961629190716430493e+00 6.961629185906440753e+00 6.961629170695918134e+00 6.961629122596008301e+00
6.951204791491009338e+00 6.951204791489701051e+00 6.951204791485563916e+00 6.951204791472481048e+00 6.951204791431111474e+00 6.951204791300288122e+00 6.951204790886588825e+00 6.951204789578357079e+00 6.951204785441364997e+00 6.951204772359044881e+00 6.951204730989103631e+00
6.938656433749129882e+00 6.938656433748036534e+00 6.938656433744577079e+00 6.938656433733638274e+00 6.938656433699045500e+00 6.938656433589656558e+00 6.938656433243735933e+00 6.938656432149837627e+00 6.938656428690629596e+00 6.938656417751651873e+00 6.938656383159552021e+00
6.923643783542066110e+00 6.923643783541185037e+00 6.923643783538398822e+00 6.923643783529585427e+00 6.923643783501717941e+00 6.923643783413591990e+00 6.923643783134912688e+00 6.923643782253652290e+00 6.923643779466861048e+00 6.923643770654252627e+00 6.923643742786323330e+00
6.905797310531012201e+00 6.905797310530338962e+00 6.905797310528208222e+00 6.905797310521471388e+00 6.905797310500167541e+00 6.905797310432798319e+00 6.905797310219757179e+00 6.905797309546063190e+00 6.905797307415655339e+00 6.905797300678711892e+00 6.905797279374612962e+00
6.884722306112583290e+00 6.884722306112109003e+00 6.884722306110607981e+00 6.884722306105862444e+00 6.884722306090855781e+00 6.884722306043399520e+00 6.884722305893330230e+00 6.884722305418769395e+00 6.884722303918075603e+00 6.884722299172465476e+00 6.884722284165515127e+00
6.860004761172032950e+00 6.860004761171746068e+00 6.860004761170838350e+00 6.860004761167968645e+00 6.860004761158892350e+00 6.860004761130189976e+00 6.860004761039426135e+00 6.860004760752405062e+00 6.860004759844763988e+00 6.860004756974550588e+00 6.860004747898125643e+00
6.831219223824364306e+00 6.831219223824250619e+00 6.831219223823890019e+00 6.831219223822752262e+00 6.831219223819152475e+00 6.831219223807767804e+00 6.831219223771768156e+00 6.831219223657927664e+00 6.831219223297932075e+00 6.831219222159525373e+00 6.831219218559554385e+00
6.797938669747637164e+00 6.797938669747679796e+00 6.797938669747814799e+00 6.797938669748242901e+00 6.797938669749595597e+00 6.797938669753873953e+00 6.797938669767403574e+00 6.797938669810186241e+00 6.797938669945476242e+00 6.797938670373300241e+00 6.797938671726190485e+00
6.759746309658748231e+00 6.759746309658929420e+00 6.759746309659503183e+00 6.759746309661316843e+00 6.759746309667051811e+00 6.759746309685185750e+00 6.759746309742532766e+00 6.759746309923880148e+00 6.759746310497349420e+00 6.759746312310817906e+00 6.759746318045499081e+00
6.716249127407075470e+00 6.716249127407376562e+00 6.716249127408328690e+00 6.716249127411339614e+00 6.716249127420861775e+00 6.716249127450973688e+00 6.716249127546196185e+00 6.716249127847317091e+00 6.716249128799542056e+00 6.716249131810742234e+00 6.716249141332986561e+00
