1.210572709226652321e+01 1.210572709226683941e+01 1.210572709226784127e+01 1.210572709227100319e+01 1.210572709228100585e+01 1.210572709231263566e+01 1.210572709241265521e+01 1.210572709272894976e+01 1.210572709372915945e+01 1.210572709689209780e+01 1.210572710689418940e+01
1.219013568671035053e+01 1.219013568671069869e+01 1.219013568671180181e+01 1.219013568671529057e+01 1.219013568672632353e+01 1.219013568676120762e+01 1.219013568687152649e+01 1.219013568722038166e+01 1.219013568832355787e+01 1.219013569181210777e+01 1.219013570284387171e+01
1.226790298605938823e+01 1.226790298605977547e+01 1.226790298606100471e+01 1.226790298606489138e+01 1.226790298607718199e+01 1.226790298611604868e+01 1.226790298623895303e+01 1.226790298662761280e+01 1.226790298785666167e+01 1.226790299174325760e+01 1.226790300403374800e+01
1.233911711968752734e+01 1.233911711968796432e+01 1.233911711968934632e+01 1.233911711969371616e+01 1.233911711970753800e+01 1.233911711975124348e+01 1.233911711988945115e+01 1.233911712032650243e+01 1.233911712170858088e+01 1.233911712607909728e+01 1.233911713989988002e+01
1.240396177020729240e+01 1.240396177020778801e+01 1.240396177020935475e+01 1.240396177021431079e+01 1.240396177022998359e+01 1.240396177027954394e+01 1.240396177043626835e+01 1.240396177093187369e+01 1.240396177249911602e+01 1.240396177745517114e+01 1.240396179312759450e+01
1.246269777934150369e+01 1.246269777934206857e+01 1.246269777934385914e+01 1.246269777934952039e+01 1.246269777936742429e+01 1.246269777942404033e+01 1.246269777960307401e+01 1.246269778016922913e+01 1.246269778195957123e+01 1.246269778762112779e+01 1.246269780552453454e+01
1.251564423149556404e+01 1.251564423149621597e+01 1.251564423149827299e+01 1.251564423150478156e+01 1.251564423152536243e+01 1.251564423159044459e+01 1.251564423179625329e+01 1.251564423244707847e+01 1.251564423450516728e+01 1.251564424101341721e+01 1.251564426159430177e+01
1.256316052087358059e+01 1.256316052087433199e+01 1.256316052087671054e+01 1.256316052088423163e+01 1.256316052090801350e+01 1.256316052098321912e+01 1.256316052122103955e+01 1.256316052197309396e+01 1.256316052435129826e+01 1.256316053187184245e+01 1.256316055565387835e+01
1.260563036012957916e+01 1.260563036013045135e+01 1.260563036013321181e+01 1.260563036014193727e+01 1.260563036016953298e+01 1.260563036025679473e+01 1.260563036053274466e+01 1.260563036140537285e+01 1.260563036416486504e+01 1.260563037289114341e+01 1.260563040048604400e+01
1.264344822006980351e+01 1.264344822007081959e+01 1.264344822007403124e+01 1.264344822008418845e+01 1.264344822011630676e+01 1.264344822021787706e+01 1.264344822053906725e+01 1.264344822155476145e+01 1.264344822476666685e+01 1.264344823492360526e+01 1.264344826704262914e+01
1.267700833538745542e+01 1.267700833538864025e+01 1.267700833539238658e+01 1.267700833540423488e+01 1.267700833544170180e+01 1.267700833556017948e+01 1.267700833593483978e+01 1.267700833711961650e+01 1.267700834086621420e+01 1.267700835271399207e+01 1.267700839017990155e+01
