-1.405714469265900313e+01 -1.405222106777590163e+01 -1.403700869074591218e+01 -1.399213585554670480e+01 -1.387472386145620362e+01 -1.363190744148941569e+01 -1.326003835895864214e+01 -1.280992666599797580e+01 -1.232697484038417102e+01 -1.183250826023395419e+01 -1.133427285628573600e+01
-1.351182060924218931e+01 -1.351041071900373503e+01 -1.350598214018837595e+01 -1.349226774288029596e+01 -1.345154678211640942e+01 -1.334331000844096771e+01 -1.311347913930104170e+01 -1.275185229520947239e+01 -1.230670682316336340e+01 -1.182560158961199015e+01 -1.133175186669091161e+01
-1.304602028893306809e+01 -1.304553600866444363e+01 -1.304400812428498568e+01 -1.303921160378339650e+01 -1.302438318149637020e+01 -1.298056939573299928e+01 -1.286547115680249931e+01 -1.262586729995183177e+01 -1.225648143317383720e+01 -1.180755788624336766e+01 -1.132504521802879260e+01
-1.264792451741563184e+01 -1.264772954168200769e+01 -1.264711354971808177e+01 -1.264517134224299078e+01 -1.263908608839285819e+01 -1.262038547855394377e+01 -1.256604946294971015e+01 -1.242872903710437882e+01 -1.215986293067904001e+01 -1.176899945399590841e+01 -1.131012195603327442e+01
-1.230652402239560494e+01 -1.230643402736336789e+01 -1.230614956075220690e+01 -1.230525122263603244e+01 -1.230242259581941688e+01 -1.229359704418989274e+01 -1.226681302638645832e+01 -1.219158244908319766e+01 -1.201463362011164193e+01 -1.170113521610034546e+01 -1.128185914660983080e+01
-1.201197722439418847e+01 -1.201193050847469834e+01 -1.201178281282837723e+01 -1.201131608847269128e+01 -1.200984346877376829e+01 -1.200521922913145367e+01 -1.199091195208549543e+01 -1.194854127328018123e+01 -1.183662502039950226e+01 -1.160150685146805216e+01 -1.123564342917984860e+01
-1.175563882965662543e+01 -1.175561200012123386e+01 -1.175552716858713609e+01 -1.175525901672143725e+01 -1.175441213405549412e+01 -1.175174487279010549e+01 -1.174341646937408434e+01 -1.171808406345585496e+01 -1.164650426933829586e+01 -1.147609121541932886e+01 -1.116937718303873694e+01
-1.153005522576205699e+01 -1.153003841407027252e+01 -1.152998525511542915e+01 -1.152981719454956000e+01 -1.152928616797714767e+01 -1.152761117495682441e+01 -1.152235650082832130e+01 -1.150614621228146284e+01 -1.145853723168979954e+01 -1.133522953188022875e+01 -1.108440824212592979e+01
-1.132893588044930766e+01 -1.132892452317105025e+01 -1.132888861025824490e+01 -1.132877506319662686e+01 -1.132841619111046327e+01 -1.132728328562475184e+01 -1.132372005022514827e+01 -1.131264074101197536e+01 -1.127935666631366907e+01 -1.118828761690578943e+01 -1.098465613102055549e+01
-1.114708337450519871e+01 -1.114707518749093218e+01 -1.114704929889426843e+01 -1.114696744211816970e+01 -1.114670868975446894e+01 -1.114589145603964937e+01 -1.114331721061011926e+01 -1.113527572058270110e+01 -1.111078403936294023e+01 -1.104133841339259092e+01 -1.087481803527122715e+01
-1.098028260684628243e+01 -1.098027636552221864e+01 -1.098025662931283364e+01 -1.098019422384076194e+01 -1.097999693940481158e+01 -1.097937366038375551e+01 -1.097740854534633215e+01 -1.097125218587732576e+01 -1.095233926292295656e+01 -1.089743628981404910e+01 -1.075896497103678229e+01
