-4.829839825159363720e+00 -5.329839737489010965e+00 -5.829839709778719126e+00 -6.329839701017306197e+00 -6.829839698246839674e+00 -7.329839697370753804e+00 -7.829839697093713191e+00 -8.329839697006105936e+00 -8.829839696978401875e+00 -9.329839696969640883e+00 -9.829839696966869766e+00
-4.829839825168019907e+00 -5.329839737486563145e+00 -5.829839709777426826e+00 -6.329839701016845233e+00 -6.829839698246688684e+00 -7.329839697370705842e+00 -7.829839697093698092e+00 -8.329839697006100607e+00 -8.829839696978400099e+00 -9.329839696969639107e+00 -9.829839696966869766e+00
-4.829839825182387969e+00 -5.329839737484131312e+00 -5.829839709775959555e+00 -6.329839701016312326e+00 -6.829839698246512825e+00 -7.329839697370649887e+00 -7.829839697093680329e+00 -8.329839697006095278e+00 -8.829839696978398322e+00 -9.329839696969639107e+00 -9.829839696966869766e+00
-4.829839825204881087e+00 -5.329839737481858464e+00 -5.829839709774302214e+00 -6.329839701015694153e+00 -6.829839698246307655e+00 -7.329839697370584162e+00 -7.829839697093659012e+00 -8.329839697006088173e+00 -8.829839696978396546e+00 -9.329839696969639107e+00 -9.829839696966869766e+00
-4.829839825238879669e+00 -5.329839737479980855e+00 -5.829839709772445921e+00 -6.329839701014980946e+00 -6.829839698246069624e+00 -7.329839697370507778e+00 -7.829839697093635031e+00 -8.329839697006081067e+00 -8.829839696978392993e+00 -9.329839696969637330e+00 -9.829839696966869766e+00
-4.829839825288939181e+00 -5.329839737478816453e+00 -5.829839709770378242e+00 -6.329839701014156716e+00 -6.829839698245792512e+00 -7.329839697370418072e+00 -7.829839697093606610e+00 -8.329839697006072186e+00 -8.829839696978391217e+00 -9.329839696969637330e+00 -9.829839696966867990e+00
-4.829839825361184502e+00 -5.329839737478791584e+00 -5.829839709768083189e+00 -6.329839701013201925e+00 -6.829839698245467439e+00 -7.329839697370313267e+00 -7.829839697093572859e+00 -8.329839697006061527e+00 -8.829839696978387664e+00 -9.329839696969635554e+00 -9.829839696966867990e+00
-4.829839825464461001e+00 -5.329839737480666528e+00 -5.829839709765598066e+00 -6.329839701012108577e+00 -6.829839698245090851e+00 -7.329839697370190699e+00 -7.829839697093533779e+00 -8.329839697006049093e+00 -8.829839696978382335e+00 -9.329839696969633778e+00 -9.829839696966867990e+00
-4.829839825610079629e+00 -5.329839737485277062e+00 -5.829839709762912214e+00 -6.329839701010844699e+00 -6.829839698244649426e+00 -7.329839697370046814e+00 -7.829839697093487594e+00 -8.329839697006033106e+00 -8.829839696978378782e+00 -9.329839696969633778e+00 -9.829839696966867990e+00
-4.829839825814032928e+00 -5.329839737493983876e+00 -5.829839709760086919e+00 -6.329839701009393416e+00 -6.829839698244135171e+00 -7.329839697369878948e+00 -7.829839697093434303e+00 -8.329839697006017118e+00 -8.829839696978373453e+00 -9.329839696969632001e+00 -9.829839696966867990e+00
-4.829839826097831690e+00 -5.329839737508607733e+00 -5.829839709757198563e+00 -6.329839701007728969e+00 -6.829839698243533874e+00 -7.329839697369680884e+00 -7.829839697093371242e+00 -8.329839697005995802e+00 -8.829839696978366348e+00 -9.329839696969628449e+00 -9.829839696966866214e+00
