-4.566667539839059486e+00 -4.565087292027075527e+00 -4.560127618195544130e+00 -4.544806427318140329e+00 -4.499634093598884554e+00 -4.381571019076740292e+00 -4.137857929775665689e+00 -3.765301533763027564e+00 -3.314862751076567360e+00 -2.831790316835412380e+00 -2.337283564779056633e+00
-4.084918073017146156e+00 -4.084395032988394902e+00 -4.082745168632578192e+00 -4.077568709749465725e+00 -4.061593917075159155e+00 -4.014628518031750914e+00 -3.892697065931355116e+00 -3.643721549853580655e+00 -3.267181380540596258e+00 -2.814861686715039557e+00 -2.331098104054829978e+00
-3.673113403523266651e+00 -3.672909555281087091e+00 -3.672265559513709032e+00 -3.670235328098018446e+00 -3.663876929562492002e+00 -3.644361497526925397e+00 -3.587855114671139933e+00 -3.446153423084170164e+00 -3.171910403258496380e+00 -2.777363307890106547e+00 -2.316849441387957231e+00
-3.319787111715135630e+00 -3.319695714373966045e+00 -3.319406817124253894e+00 -3.318494506501725283e+00 -3.315622075211868580e+00 -3.306661697173593595e+00 -3.279485123380762701e+00 -3.203274603172497237e+00 -3.024597283864150832e+00 -2.709339030283950400e+00 -2.289036580727947356e+00
-3.014588235599115595e+00 -3.014542048097597071e+00 -3.014396022711994583e+00 -3.013934572759427777e+00 -3.012478558291265429e+00 -3.007906101057820969e+00 -2.993755627248723794e+00 -2.951820433514489306e+00 -2.840871093610044973e+00 -2.607131802429412559e+00 -2.242364307030624282e+00
-2.748344513085975827e+00 -2.748318663829283359e+00 -2.748236931426257801e+00 -2.747978572056644531e+00 -2.747162578025395430e+00 -2.744592222268533721e+00 -2.736562735913687039e+00 -2.712106275925592946e+00 -2.642750378352786811e+00 -2.476394850665789793e+00 -2.173999209493749696e+00
-2.513094565770891631e+00 -2.513078782845577397e+00 -2.513028876627889208e+00 -2.512871097042103763e+00 -2.512372531089007044e+00 -2.510799683297085583e+00 -2.505863061443823092e+00 -2.490611448840483355e+00 -2.445630589491803786e+00 -2.327983597047303732e+00 -2.084843168235714916e+00
-2.302098071136549517e+00 -2.302087691566844452e+00 -2.302054870117931529e+00 -2.301951095904462008e+00 -2.301623096123150525e+00 -2.300587497028376394e+00 -2.297328802888546573e+00 -2.287181936073102939e+00 -2.256571242948333555e+00 -2.171917968564147206e+00 -1.978781847347982126e+00
-2.109795233814904414e+00 -2.109787961567155090e+00 -2.109764965501932821e+00 -2.109692253571103127e+00 -2.109462398341507061e+00 -2.108736331869129010e+00 -2.106448264202499310e+00 -2.099291086030090625e+00 -2.077404456716883452e+00 -2.014665879487615996e+00 -1.860740718925393944e+00
-1.931710131256245688e+00 -1.931704753679978737e+00 -1.931687748728888598e+00 -1.931633978733475754e+00 -1.931463986877324457e+00 -1.930926862908183050e+00 -1.929232686478539183e+00 -1.923918314775600269e+00 -1.907528399046115597e+00 -1.859429393860962731e+00 -1.735078093303881186e+00
-1.764314195923131656e+00 -1.764310032516746007e+00 -1.764296866932408614e+00 -1.764255236325599219e+00 -1.764123615044434823e+00 -1.763707654337285158e+00 -1.762394886901883284e+00 -1.758269475749791644e+00 -1.745475849790884437e+00 -1.707333975028288098e+00 -1.604941293147831516e+00
