-4.375847679459090145e+00 -3.875847976342464030e+00 -3.375850945158983318e+00 -2.875880631602834026e+00 -2.376177324059862705e+00 -1.879127201606251463e+00 -1.407058071262964782e+00 -1.098524941479269268e+00 -1.180903627553978597e+00 -1.560016610486502309e+00 -2.039347701925824374e+00
-4.375847679459022643e+00 -3.875847976342396084e+00 -3.375850945158915817e+00 -2.875880631602766524e+00 -2.376177324059795204e+00 -1.879127201606184405e+00 -1.407058071262902166e+00 -1.098524941479226635e+00 -1.180903627553963275e+00 -1.560016610486499200e+00 -2.039347701925823930e+00
-4.375847679452961714e+00 -3.875847976336389777e+00 -3.375850945152926386e+00 -2.875880631596783310e+00 -2.376177324053817763e+00 -1.879127201600248265e+00 -1.407058071257328180e+00 -1.098524941475450101e+00 -1.180903627552587487e+00 -1.560016610486215871e+00 -2.039347701925787515e+00
-4.375847679178599847e+00 -3.875847976064488609e+00 -3.375850944881804594e+00 -2.875880631325925307e+00 -2.376177323783222661e+00 -1.879127201331505237e+00 -1.407058071004998911e+00 -1.098524941304494629e+00 -1.180903627490315966e+00 -1.560016610473394127e+00 -2.039347701924144385e+00
-4.375847672192953119e+00 -3.875847969141478444e+00 -3.375850937978647881e+00 -2.875880624429503651e+00 -2.376177316893488989e+00 -1.879127194488927843e+00 -1.407058064580337664e+00 -1.098524936951717379e+00 -1.180903625904786480e+00 -1.560016610146930383e+00 -2.039347701882309405e+00
-4.375847563492203385e+00 -3.875847861415399720e+00 -3.375850830561498039e+00 -2.875880517117149093e+00 -2.376177209685201408e+00 -1.879127088014424407e+00 -1.407057964608853906e+00 -1.098524869219966948e+00 -1.180903601233026512e+00 -1.560016605066963713e+00 -2.039347701231327470e+00
-4.375846453947566772e+00 -3.875846761819540021e+00 -3.375849734118975043e+00 -2.875879421744300668e+00 -2.376176115374605047e+00 -1.879126001193815565e+00 -1.407056944166807044e+00 -1.098524177859782291e+00 -1.180903349400372448e+00 -1.560016553214115920e+00 -2.039347694586552073e+00
-4.375838561390308357e+00 -3.875838940030628343e+00 -3.375841934760602570e+00 -2.875871629994831924e+00 -2.376168331181317761e+00 -1.879118270279813041e+00 -1.407049685429759833e+00 -1.098519260001261655e+00 -1.180901558041719479e+00 -1.560016184370687897e+00 -2.039347647320528978e+00
-4.375797355076806561e+00 -3.875798103175461584e+00 -3.375801215008033651e+00 -2.875830949966167172e+00 -2.376127690603828224e+00 -1.879077907883673682e+00 -1.407011788349273207e+00 -1.098493584733850836e+00 -1.180892205812292151e+00 -1.560014258758484651e+00 -2.039347400561993595e+00
-4.375632266428478800e+00 -3.875634494441411171e+00 -3.375638075345714473e+00 -2.875667969428497894e+00 -2.375964868140670649e+00 -1.878916200178607943e+00 -1.406859959741498356e+00 -1.098390726588009070e+00 -1.180854741976860467e+00 -1.560006545436968040e+00 -2.039346412169575906e+00
-4.375104876528930653e+00 -3.875111829246980388e+00 -3.375116907706744662e+00 -2.875147309860212275e+00 -2.375444713744328418e+00 -1.878399609703929496e+00 -1.406374951166934339e+00 -1.098062212911620872e+00 -1.180735112662455455e+00 -1.559981919960298447e+00 -2.039343257012437682e+00
