-2.038209602648268337e+00 -2.536806750189965154e+00 -3.036664310109226772e+00 -3.536650040482849366e+00 -4.036648612509247336e+00 -4.536648469463769651e+00 -5.036648455081477849e+00 -5.536648453618671084e+00 -6.036648453464618314e+00 -6.536648453446755269e+00 -7.036648453444191098e+00
-2.037986177014965872e+00 -2.536783843872848720e+00 -3.036662013996500153e+00 -3.536649811056336024e+00 -4.036648589644444840e+00 -4.536648467202102353e+00 -5.036648454863159152e+00 -5.536648453599321229e+00 -6.036648453463468122e+00 -6.536648453446888496e+00 -7.036648453444283469e+00
-2.037772786429341121e+00 -2.536762043792812449e+00 -3.036659829713793890e+00 -3.536649592825944044e+00 -4.036648567899644213e+00 -4.536648465052520507e+00 -5.036648454656075913e+00 -5.536648453581102913e+00 -6.036648453462433395e+00 -6.536648453447034157e+00 -7.036648453444376727e+00
-2.037576632677433608e+00 -2.536742072443729512e+00 -3.036657829480447823e+00 -3.536649393005823150e+00 -4.036648547993832103e+00 -4.536648463086154770e+00 -5.036648454467098190e+00 -5.536648453564627204e+00 -6.036648453461552322e+00 -6.536648453447187812e+00 -7.036648453444468210e+00
-2.037402239913212121e+00 -2.536724372115388704e+00 -3.036656057367692618e+00 -3.536649215995704587e+00 -4.036648530365086529e+00 -4.536648461346219463e+00 -5.036648454300359568e+00 -5.536648453550247595e+00 -6.036648453460839114e+00 -6.536648453447345908e+00 -7.036648453444557028e+00
-2.037251625723254467e+00 -2.536709127887115667e+00 -3.036654531668462109e+00 -3.536649063618724664e+00 -4.036648515194405817e+00 -4.536648459850404436e+00 -5.036648454157499621e+00 -5.536648453538086656e+00 -6.036648453460295549e+00 -6.536648453447504004e+00 -7.036648453444639628e+00
-2.037124776297219331e+00 -2.536696320101116786e+00 -3.036653250199188747e+00 -3.536648935652021208e+00 -4.036648502458735521e+00 -4.536648458596167721e+00 -5.036648454038188838e+00 -5.536648453528088432e+00 -6.036648453459907415e+00 -6.536648453447658547e+00 -7.036648453444716900e+00
-2.037020237159950398e+00 -2.536685786636506013e+00 -3.036652196559171735e+00 -3.536648830452712833e+00 -4.036648491993472199e+00 -4.536648457566954562e+00 -5.036648453940743231e+00 -5.536648453520076174e+00 -6.036648453459653396e+00 -6.536648453447806872e+00 -7.036648453444786178e+00
-2.036935681971015377e+00 -2.536677281299609898e+00 -3.036651345982100292e+00 -3.536648745542846584e+00 -4.036648483550859368e+00 -4.536648456738006985e+00 -5.036648453862690999e+00 -5.536648453513802082e+00 -6.036648453459510399e+00 -6.536648453447945428e+00 -7.036648453444848350e+00
-2.036868382366491037e+00 -2.536670521093062014e+00 -3.036650670062664314e+00 -3.536648678081730335e+00 -4.036648476847111588e+00 -4.536648456081038283e+00 -5.036648453801233494e+00 -5.536648453508997036e+00 -6.036648453459453556e+00 -6.536648453448073326e+00 -7.036648453444903417e+00
-2.036815551412306746e+00 -2.536665220173919266e+00 -3.036650140145723320e+00 -3.536648625204505958e+00 -4.036648471596182119e+00 -4.536648455567585891e+00 -5.036648453753569399e+00 -5.536648453505394585e+00 -6.036648453459461550e+00 -6.536648453448190565e+00 -7.036648453444952267e+00
