1.149020249369704949e+01 1.149020249369704239e+01 1.149020249369701574e+01 1.149020249369693580e+01 1.149020249369668356e+01 1.149020249369588420e+01 1.149020249369335822e+01 1.149020249368536994e+01 1.149020249366010837e+01 1.149020249358022205e+01 1.149020249332760102e+01
1.148791683936350694e+01 1.148791683936350161e+01 1.148791683936348562e+01 1.148791683936343588e+01 1.148791683936327956e+01 1.148791683936278396e+01 1.148791683936121544e+01 1.148791683935625230e+01 1.148791683934056351e+01 1.148791683929094631e+01 1.148791683913404427e+01
1.148524927084493541e+01 1.148524927084493363e+01 1.148524927084492475e+01 1.148524927084489988e+01 1.148524927084481995e+01 1.148524927084456593e+01 1.148524927084376479e+01 1.148524927084123171e+01 1.148524927083322034e+01 1.148524927080788594e+01 1.148524927072777047e+01
1.148214586420338001e+01 1.148214586420338001e+01 1.148214586420337824e+01 1.148214586420337113e+01 1.148214586420335159e+01 1.148214586420328587e+01 1.148214586420308336e+01 1.148214586420243855e+01 1.148214586420040106e+01 1.148214586419395644e+01 1.148214586417357452e+01
1.147854596163987573e+01 1.147854596163987750e+01 1.147854596163987928e+01 1.147854596163988639e+01 1.147854596163991125e+01 1.147854596163998941e+01 1.147854596164023278e+01 1.147854596164100727e+01 1.147854596164345153e+01 1.147854596165118224e+01 1.147854596167563024e+01
1.147438135359646516e+01 1.147438135359646694e+01 1.147438135359647227e+01 1.147438135359649003e+01 1.147438135359654687e+01 1.147438135359672629e+01 1.147438135359729294e+01 1.147438135359908351e+01 1.147438135360474476e+01 1.147438135362264688e+01 1.147438135367926293e+01
1.146957539462361986e+01 1.146957539462362341e+01 1.146957539462363052e+01 1.146957539462365538e+01 1.146957539462373354e+01 1.146957539462398046e+01 1.146957539462476383e+01 1.146957539462724185e+01 1.146957539463507381e+01 1.146957539465984333e+01 1.146957539473817178e+01
1.146404206114491942e+01 1.146404206114492119e+01 1.146404206114493007e+01 1.146404206114496027e+01 1.146404206114505087e+01 1.146404206114534041e+01 1.146404206114625701e+01 1.146404206114915603e+01 1.146404206115832025e+01 1.146404206118730329e+01 1.146404206127895264e+01
1.145768496157511152e+01 1.145768496157511507e+01 1.145768496157512573e+01 1.145768496157515592e+01 1.145768496157525540e+01 1.145768496157556626e+01 1.145768496157655036e+01 1.145768496157966254e+01 1.145768496158950711e+01 1.145768496162063421e+01 1.145768496171906925e+01
1.145039631175965233e+01 1.145039631175965411e+01 1.145039631175966477e+01 1.145039631175969674e+01 1.145039631175979622e+01 1.145039631176011419e+01 1.145039631176111783e+01 1.145039631176428863e+01 1.145039631177431794e+01 1.145039631180603301e+01 1.145039631190632257e+01
1.144205589223570385e+01 1.144205589223570740e+01 1.144205589223571806e+01 1.144205589223574826e+01 1.144205589223584774e+01 1.144205589223615860e+01 1.144205589223714448e+01 1.144205589224026198e+01 1.144205589225011899e+01 1.144205589228128872e+01 1.144205589237985699e+01
