7.002112593869297408e-01 2.002296704428738472e-01 -2.997645066151302107e-01 -7.997626651536567932e-01 -1.299762082823001874e+00 -1.799761898673293725e+00 -2.299761840439957350e+00 -2.799761822024950941e+00 -3.299761816201613573e+00 -3.799761814360112844e+00 -4.299761813777778663e+00
7.002112593801691487e-01 2.002296704414127104e-01 -2.997645066155247284e-01 -7.997626651537748099e-01 -1.299762082823038511e+00 -1.799761898673305049e+00 -2.299761840439960903e+00 -2.799761822024951829e+00 -3.299761816201614018e+00 -3.799761814360112844e+00 -4.299761813777778663e+00
7.002112593717495503e-01 2.002296704396602789e-01 -2.997645066159876359e-01 -7.997626651539121445e-01 -1.299762082823080922e+00 -1.799761898673318594e+00 -2.299761840439964899e+00 -2.799761822024953162e+00 -3.299761816201614462e+00 -3.799761814360113288e+00 -4.299761813777778663e+00
7.002112593612048741e-01 2.002296704375496339e-01 -2.997645066165325889e-01 -7.997626651540722387e-01 -1.299762082823130438e+00 -1.799761898673333915e+00 -2.299761840439970229e+00 -2.799761822024954938e+00 -3.299761816201614906e+00 -3.799761814360113288e+00 -4.299761813777778663e+00
7.002112593479276059e-01 2.002296704349972589e-01 -2.997645066171750194e-01 -7.997626651542589782e-01 -1.299762082823187725e+00 -1.799761898673352123e+00 -2.299761840439975558e+00 -2.799761822024956714e+00 -3.299761816201615794e+00 -3.799761814360113288e+00 -4.299761813777778663e+00
7.002112593311190514e-01 2.002296704318961285e-01 -2.997645066179341899e-01 -7.997626651544768039e-01 -1.299762082823254561e+00 -1.799761898673372995e+00 -2.299761840439982219e+00 -2.799761822024958935e+00 -3.299761816201616238e+00 -3.799761814360113732e+00 -4.299761813777778663e+00
7.002112593097290505e-01 2.002296704281095463e-01 -2.997645066188334151e-01 -7.997626651547314891e-01 -1.299762082823331832e+00 -1.799761898673397198e+00 -2.299761840439989768e+00 -2.799761822024961155e+00 -3.299761816201617126e+00 -3.799761814360113732e+00 -4.299761813777779551e+00
7.002112592823711568e-01 2.002296704234634572e-01 -2.997645066199021713e-01 -7.997626651550291399e-01 -1.299762082823421983e+00 -1.799761898673424954e+00 -2.299761840439998650e+00 -2.799761822024963820e+00 -3.299761816201617570e+00 -3.799761814360114176e+00 -4.299761813777779551e+00
7.002112592472123920e-01 2.002296704177317366e-01 -2.997645066211754861e-01 -7.997626651553779720e-01 -1.299762082823527010e+00 -1.799761898673457816e+00 -2.299761840440009308e+00 -2.799761822024967373e+00 -3.299761816201618903e+00 -3.799761814360114620e+00 -4.299761813777779551e+00
7.002112592018232551e-01 2.002296704106228953e-01 -2.997645066226985455e-01 -7.997626651557870892e-01 -1.299762082823649356e+00 -1.799761898673495564e+00 -2.299761840440020855e+00 -2.799761822024970925e+00 -3.299761816201620235e+00 -3.799761814360114620e+00 -4.299761813777779551e+00
7.002112591429784372e-01 2.002296704017578477e-01 -2.997645066245269718e-01 -7.997626651562679267e-01 -1.299762082823791243e+00 -1.799761898673539973e+00 -2.299761840440034621e+00 -2.799761822024975366e+00 -3.299761816201621567e+00 -3.799761814360115064e+00 -4.299761813777779551e+00
