3.725263988788423131e+00 3.912927129045274732e+00 3.982979798185580123e+00 3.917543923623390434e+00 3.695172896714869371e+00 3.324700346434157794e+00 2.862109820475990052e+00 2.368371644402083920e+00 1.869095283044369227e+00 1.369169287039245564e+00 8.691767057593998702e-01
3.725263988788438674e+00 3.912927129045287611e+00 3.982979798185590337e+00 3.917543923623397983e+00 3.695172896714873367e+00 3.324700346434159570e+00 2.862109820475990052e+00 2.368371644402083920e+00 1.869095283044369227e+00 1.369169287039245564e+00 8.691767057593998702e-01
3.725263988790082248e+00 3.912927129046675834e+00 3.982979798186706333e+00 3.917543923624187130e+00 3.695172896715309019e+00 3.324700346434316778e+00 2.862109820476022026e+00 2.368371644402087917e+00 1.869095283044369671e+00 1.369169287039245564e+00 8.691767057593998702e-01
3.725263988876564625e+00 3.912927129119703196e+00 3.982979798245402048e+00 3.917543923665711247e+00 3.695172896738235568e+00 3.324700346442589272e+00 2.862109820477697131e+00 2.368371644402298415e+00 1.869095283044391431e+00 1.369169287039247784e+00 8.691767057594002033e-01
3.725263991380410644e+00 3.912927131234005707e+00 3.982979799944774690e+00 3.917543924867917582e+00 3.695172897402004608e+00 3.324700346682095908e+00 2.862109820526197446e+00 2.368371644408383769e+00 1.869095283045022482e+00 1.369169287039310623e+00 8.691767057594063095e-01
3.725264034870768182e+00 3.912927167958221375e+00 3.982979829461891441e+00 3.917543945749546896e+00 3.695172908931286582e+00 3.324700350842195284e+00 2.862109821368618690e+00 2.368371644514084995e+00 1.869095283055981271e+00 1.369169287040400862e+00 8.691767057595120027e-01
3.725264522631101194e+00 3.912927579833780367e+00 3.982980160507184397e+00 3.917544179944663529e+00 3.695173038236392760e+00 3.324700397499213089e+00 2.862109830816674805e+00 2.368371645699561157e+00 1.869095283178890732e+00 1.369169287052630635e+00 8.691767057606987201e-01
3.725268283714875839e+00 3.912930755775511749e+00 3.982982713172154909e+00 3.917545985804404829e+00 3.695174035296751480e+00 3.324700757266862094e+00 2.862109903669581179e+00 2.368371654840625951e+00 1.869095284126630174e+00 1.369169287146932090e+00 8.691767057698494003e-01
3.725289324392964563e+00 3.912948522980475019e+00 3.982996993553415965e+00 3.917556088300949035e+00 3.695179613107527405e+00 3.324702769881663134e+00 2.862110311219878245e+00 2.368371705976858088e+00 1.869095289428392981e+00 1.369169287674464552e+00 8.691767058210387864e-01
3.725378754647560520e+00 3.913024039719973590e+00 3.983057689716225980e+00 3.917599026556919384e+00 3.695203319688518562e+00 3.324711323482945069e+00 2.862112043231315628e+00 2.368371923290796044e+00 1.869095311959186878e+00 1.369169289916305710e+00 8.691767060385757748e-01
3.725679242862009133e+00 3.913277776852651435e+00 3.983261625086283786e+00 3.917743289718277122e+00 3.695282961797094590e+00 3.324740055327162658e+00 2.862117860229226540e+00 2.368372653080985657e+00 1.869095387621144688e+00 1.369169297444720046e+00 8.691767067690893134e-01
