2.458680250840056480e+00 2.458680250840056480e+00 2.458680250840056480e+00 2.458680250840056480e+00 2.458680250840056480e+00 2.458680250840056480e+00 2.458680250840056480e+00 2.458680250840056480e+00 2.458680250840056480e+00 2.458680250840056480e+00 2.458680250840056480e+00
2.622020370450142579e+00 2.622020370450142579e+00 2.622020370450142579e+00 2.622020370450142579e+00 2.622020370450142579e+00 2.622020370450142579e+00 2.622020370450142579e+00 2.622020370450142579e+00 2.622020370450142579e+00 2.622020370450142579e+00 2.622020370450142579e+00
2.779053035557346618e+00 2.779053035557346618e+00 2.779053035557346618e+00 2.779053035557346618e+00 2.779053035557346618e+00 2.779053035557346618e+00 2.779053035557346618e+00 2.779053035557346618e+00 2.779053035557346618e+00 2.779053035557346618e+00 2.779053035557346618e+00
2.931445162201431920e+00 2.931445162201431920e+00 2.931445162201431920e+00 2.931445162201431920e+00 2.931445162201431920e+00 2.931445162201431920e+00 2.931445162201431920e+00 2.931445162201431920e+00 2.931445162201431920e+00 2.931445162201431920e+00 2.931445162201431920e+00
3.080437882322092591e+00 3.080437882322092591e+00 3.080437882322092591e+00 3.080437882322092591e+00 3.080437882322092591e+00 3.080437882322092591e+00 3.080437882322092591e+00 3.080437882322092591e+00 3.080437882322092591e+00 3.080437882322092591e+00 3.080437882322092591e+00
3.226948666799322574e+00 3.226948666799322574e+00 3.226948666799322574e+00 3.226948666799322574e+00 3.226948666799322574e+00 3.226948666799322574e+00 3.226948666799322574e+00 3.226948666799322574e+00 3.226948666799322574e+00 3.226948666799322574e+00 3.226948666799322574e+00
3.371652054850239111e+00 3.371652054850239111e+00 3.371652054850239111e+00 3.371652054850239111e+00 3.371652054850239111e+00 3.371652054850239111e+00 3.371652054850239111e+00 3.371652054850239111e+00 3.371652054850239111e+00 3.371652054850239111e+00 3.371652054850239111e+00
3.515041950771133017e+00 3.515041950771133017e+00 3.515041950771133017e+00 3.515041950771133017e+00 3.515041950771133017e+00 3.515041950771133017e+00 3.515041950771133017e+00 3.515041950771133017e+00 3.515041950771133017e+00 3.515041950771133017e+00 3.515041950771133017e+00
3.657478872364068323e+00 3.657478872364068323e+00 3.657478872364068323e+00 3.657478872364068323e+00 3.657478872364068323e+00 3.657478872364068323e+00 3.657478872364068323e+00 3.657478872364068323e+00 3.657478872364068323e+00 3.657478872364068323e+00 3.657478872364068323e+00
3.799225342039493469e+00 3.799225342039493469e+00 3.799225342039493469e+00 3.799225342039493469e+00 3.799225342039493469e+00 3.799225342039493469e+00 3.799225342039493469e+00 3.799225342039493469e+00 3.799225342039493469e+00 3.799225342039493469e+00 3.799225342039493469e+00
3.940472157682952670e+00 3.940472157682952670e+00 3.940472157682952670e+00 3.940472157682952670e+00 3.940472157682952670e+00 3.940472157682952670e+00 3.940472157682952670e+00 3.940472157682952670e+00 3.940472157682952670e+00 3.940472157682952670e+00 3.940472157682952670e+00
