1.232781286359705142e+01 1.232781474474366412e+01 1.232782068623563454e+01 1.232783940006550694e+01 1.232789774883613809e+01 1.232807182430586046e+01 1.232849663397589346e+01 1.232897699874063413e+01 1.232761803143905333e+01 1.231966415585712937e+01 1.229946924761893357e+01
1.231619011797805285e+01 1.231619178316434393e+01 1.231619704446588948e+01 1.231621363581961681e+01 1.231626559118397779e+01 1.231642345994727350e+01 1.231684060035965445e+01 1.231751897335172252e+01 1.231712894387595725e+01 1.231127770250763476e+01 1.229363195224875227e+01
1.230299048037428911e+01 1.230299194735872881e+01 1.230299658359585457e+01 1.230301121601907610e+01 1.230305717350932504e+01 1.230319856423301239e+01 1.230359299028419429e+01 1.230437824733522767e+01 1.230474539057959760e+01 1.230091879732558091e+01 1.228613461942271101e+01
1.228802531970368328e+01 1.228802660703604310e+01 1.228803067622203393e+01 1.228804352643435216e+01 1.228808396930800662e+01 1.228820945360391725e+01 1.228857291630775173e+01 1.228939699933818375e+01 1.229031046825824092e+01 1.228832192828281222e+01 1.227661717606131120e+01
1.227108881741011537e+01 1.227108994356455440e+01 1.227109350371675767e+01 1.227110475099607356e+01 1.227114019944689005e+01 1.227125082826844249e+01 1.227157978143502248e+01 1.227239545544079036e+01 1.227366559042538618e+01 1.227324335845714742e+01 1.226469787051726179e+01
1.225195767331695507e+01 1.225195865610940871e+01 1.225196176331631115e+01 1.225197158243401674e+01 1.225200256034871238e+01 1.225209962462481528e+01 1.225239359315848553e+01 1.225317065365200264e+01 1.225464090165237785e+01 1.225546499600500994e+01 1.224999419229587971e+01
1.223039118095229405e+01 1.223039203716910528e+01 1.223039474435869600e+01 1.223040330108385731e+01 1.223043031498488986e+01 1.223051519264397946e+01 1.223077558005638465e+01 1.223149674409687293e+01 1.223304745639884672e+01 1.223478980557930207e+01 1.223214556654477470e+01
1.220613179039957075e+01 1.220613253558063249e+01 1.220613489179856614e+01 1.220614234023847899e+01 1.220616586661319936e+01 1.220623992799799318e+01 1.220646918806983905e+01 1.220712638389874272e+01 1.220867266183149979e+01 1.221103079605826913e+01 1.221083171711252291e+01
1.217890629751730813e+01 1.217890694585023503e+01 1.217890899590261178e+01 1.217891547713815470e+01 1.217893595548417629e+01 1.217900050743434193e+01 1.217920159370302535e+01 1.217979294705504145e+01 1.218127920288340604e+01 1.218399787313441074e+01 1.218578104272481610e+01
1.214842781799228000e+01 1.214842838228474520e+01 1.214843016663660258e+01 1.214843580825536229e+01 1.214845363797673805e+01 1.214850989311308282e+01 1.214868590851851060e+01 1.214921346376947753e+01 1.215060689945676131e+01 1.215348691636018330e+01 1.215676679979983454e+01
1.211439872002239504e+01 1.211439921172810408e+01 1.211440076657683740e+01 1.211440568281506458e+01 1.211442122267125221e+01 1.211447028486722566e+01 1.211462426950704874e+01 1.211509235608184198e+01 1.211637676005240394e+01 1.211927379613662303e+01 1.212359370926793645e+01
