7.323273788966921494e+00 7.183044647846852371e+00 6.982287550259906439e+00 6.715788635478562973e+00 6.382220231157937462e+00 5.986966011502385498e+00 5.543296452521248696e+00 5.068774325491139265e+00 4.578635350212794108e+00 4.082059995564173427e+00 3.583183222164585402e+00
7.323247673817146364e+00 7.183032640549461334e+00 6.982282225339390358e+00 6.715786446986743208e+00 6.382219436996106943e+00 5.986965767387064652e+00 5.543296389486170206e+00 5.068774310875806322e+00 4.578635346724719390e+00 4.082059994628131072e+00 3.583183221888326386e+00
7.323212578530789330e+00 7.183016515579252470e+00 6.982275083892385048e+00 6.715783519157831449e+00 6.382218379514088547e+00 5.986965445291618337e+00 5.543296307764738806e+00 5.068774292479923282e+00 4.578635342488158066e+00 4.082059993520924301e+00 3.583183221565678256e+00
7.323165412307321986e+00 7.182994856904334036e+00 6.982265502677966751e+00 6.715779599481446205e+00 6.382216969585932098e+00 5.986965019313538861e+00 5.543296201399828149e+00 5.068774269200838845e+00 4.578635337317547460e+00 4.082059992207741850e+00 3.583183221188447565e+00
7.323102021092858571e+00 7.182965761073546673e+00 6.982252644087548532e+00 6.715774348766628599e+00 6.382215087618740235e+00 5.986964454775349331e+00 5.543296062457612194e+00 5.068774239587739316e+00 4.578635330974917039e+00 4.082059990645633185e+00 3.583183220746864794e+00
7.323016822704987661e+00 7.182926669508662876e+00 6.982235382355658437e+00 6.715767311321873656e+00 6.382212573089945273e+00 5.986963705223693921e+00 5.543295880358260597e+00 5.068774201726698792e+00 4.578635323153664061e+00 4.082059988781320925e+00 3.583183220229235300e+00
7.322902317538922290e+00 7.182874143220122853e+00 6.982212204386755161e+00 6.715757874871176369e+00 6.382209210484744766e+00 5.986962708397690847e+00 5.543295640977786931e+00 5.068774153086900824e+00 4.578635313457026790e+00 4.082059986548354225e+00 3.583183219621508542e+00
7.322748433073106078e+00 7.182803560290560441e+00 6.982181076487071536e+00 6.715745216676024754e+00 6.382204710394585589e+00 5.986961380811830047e+00 5.543295325442461063e+00 5.068774090314780878e+00 4.578635301369483379e+00 4.082059983863396191e+00 3.583183218906732748e+00
7.322541646906731039e+00 7.182708709860451179e+00 6.982139265323278110e+00 6.715728231124104219e+00 6.382198684111937581e+00 5.986959610476747962e+00 5.543294908510150165e+00 5.068774008958269128e+00 4.578635286218670331e+00 4.082059980621365547e+00 3.583183218064364794e+00
7.322263815594942216e+00 7.182581247574115757e+00 6.982083097460296095e+00 6.715705432422260479e+00 6.382190609484244881e+00 5.986957247116982295e+00 5.543294356396559763e+00 5.068773903097196332e+00 4.578635267124645303e+00 4.082059976689048852e+00 3.583183217069390913e+00
7.321890614467548630e+00 7.182409965907162075e+00 6.982007636552294727e+00 6.715674823862327614e+00 6.382179785023258667e+00 5.986954089024632886e+00 5.543293623855546137e+00 5.068773764847731123e+00 4.578635242932167948e+00 4.082059971896700112e+00 3.583183215891205364e+00
