4.259627368898173394e+00 4.259627368898173394e+00 4.259627368898173394e+00 4.259627368898173394e+00 4.259627368898173394e+00 4.259627368898173394e+00 4.259627368898174282e+00 4.259627368898175170e+00 4.259627368898179611e+00 4.259627368898193822e+00 4.259627368898237343e+00
4.733109618174623279e+00 4.733109618174623279e+00 4.733109618174623279e+00 4.733109618174623279e+00 4.733109618174623279e+00 4.733109618174623279e+00 4.733109618174623279e+00 4.733109618174623279e+00 4.733109618174625055e+00 4.733109618174629496e+00 4.733109618174644595e+00
5.137789044855940901e+00 5.137789044855940901e+00 5.137789044855940901e+00 5.137789044855940901e+00 5.137789044855940901e+00 5.137789044855941789e+00 5.137789044855940901e+00 5.137789044855941789e+00 5.137789044855941789e+00 5.137789044855943565e+00 5.137789044855949783e+00
5.485261269056506350e+00 5.485261269056506350e+00 5.485261269056506350e+00 5.485261269056506350e+00 5.485261269056506350e+00 5.485261269056506350e+00 5.485261269056506350e+00 5.485261269056506350e+00 5.485261269056507238e+00 5.485261269056507238e+00 5.485261269056509903e+00
5.785847595617660488e+00 5.785847595617660488e+00 5.785847595617660488e+00 5.785847595617660488e+00 5.785847595617660488e+00 5.785847595617660488e+00 5.785847595617660488e+00 5.785847595617660488e+00 5.785847595617660488e+00 5.785847595617661376e+00 5.785847595617662265e+00
6.048648661085105793e+00 6.048648661085105793e+00 6.048648661085105793e+00 6.048648661085105793e+00 6.048648661085105793e+00 6.048648661085105793e+00 6.048648661085105793e+00 6.048648661085105793e+00 6.048648661085105793e+00 6.048648661085105793e+00 6.048648661085106681e+00
6.281531093063829729e+00 6.281531093063829729e+00 6.281531093063829729e+00 6.281531093063829729e+00 6.281531093063829729e+00 6.281531093063829729e+00 6.281531093063829729e+00 6.281531093063829729e+00 6.281531093063829729e+00 6.281531093063829729e+00 6.281531093063830617e+00
6.491121441199052100e+00 6.491121441199052100e+00 6.491121441199052100e+00 6.491121441199052100e+00 6.491121441199052100e+00 6.491121441199052100e+00 6.491121441199052100e+00 6.491121441199052100e+00 6.491121441199052100e+00 6.491121441199052100e+00 6.491121441199052988e+00
6.682851500444590975e+00 6.682851500444590975e+00 6.682851500444590975e+00 6.682851500444590975e+00 6.682851500444590975e+00 6.682851500444590975e+00 6.682851500444590975e+00 6.682851500444590975e+00 6.682851500444590975e+00 6.682851500444590975e+00 6.682851500444591863e+00
6.861061584694984283e+00 6.861061584694984283e+00 6.861061584694984283e+00 6.861061584694984283e+00 6.861061584694984283e+00 6.861061584694984283e+00 6.861061584694984283e+00 6.861061584694984283e+00 6.861061584694984283e+00 6.861061584694984283e+00 6.861061584694984283e+00
7.029144095707952289e+00 7.029144095707952289e+00 7.029144095707952289e+00 7.029144095707952289e+00 7.029144095707952289e+00 7.029144095707952289e+00 7.029144095707952289e+00 7.029144095707952289e+00 7.029144095707952289e+00 7.029144095707952289e+00 7.029144095707952289e+00
