9.058929017624198110e+00 9.062965956606388929e+00 9.071790358996745240e+00 9.077885435828273231e+00 9.059376120760981976e+00 8.996561925718760122e+00 8.877971484890611720e+00 8.697068166246683774e+00 8.449381450868358456e+00 8.133272552128735455e+00 7.752852126976256919e+00
9.006207364737242926e+00 9.010118790006714562e+00 9.019568654765530269e+00 9.030286802779031063e+00 9.021556673943621263e+00 8.970541896540677129e+00 8.862284015855772523e+00 8.688733478890178219e+00 8.445524183675544805e+00 8.131762895944339320e+00 7.752373905111255681e+00
8.948286988875105763e+00 8.952026208648641514e+00 8.961719093443269557e+00 8.976090795083425888e+00 8.976687578497319464e+00 8.938378691644418339e+00 8.842260847150640757e+00 8.677862000988044500e+00 8.440424266416735932e+00 8.129750693160804786e+00 7.751733584694370016e+00
8.884969691461130026e+00 8.888515011928307175e+00 8.898181692929441056e+00 8.915283942138197304e+00 8.924440078251276276e+00 8.899323234170765318e+00 8.817050565763182135e+00 8.663809297891917893e+00 8.433717501374193404e+00 8.127076366838926091e+00 7.750877366119558687e+00
8.816106901212707569e+00 8.819453978970051011e+00 8.828920902312075825e+00 8.847942621675960240e+00 8.864691473813284261e+00 8.852794877623615832e+00 8.785811372619363624e+00 8.645846575346460838e+00 8.424958222293641441e+00 8.123535465248423293e+00 7.749734506693661373e+00
8.741612261533525441e+00 8.744768140849329185e+00 8.753936286958056812e+00 8.774211060341144730e+00 8.797510891792773791e+00 8.798443247887055563e+00 8.747791598457942186e+00 8.623194285954285832e+00 8.413617598683023502e+00 8.118870209406098937e+00 7.748212681445060035e+00
8.661473015133342557e+00 8.664451687488142539e+00 8.673276291824446815e+00 8.694288212357010437e+00 8.723126673015288546e+00 8.736178722628919147e+00 8.702416250276076681e+00 8.595078529253537880e+00 8.399092964918859039e+00 8.112762364709780627e+00 7.746192591002598604e+00
8.575758892777169962e+00 8.578578110037680560e+00 8.587051465272633521e+00 8.608423194358831410e+00 8.641887602182432460e+00 8.666165900546538126e+00 8.649359864620786098e+00 8.560807040616202457e+00 8.380733059200407453e+00 8.104829746031406046e+00 7.743522083804327494e+00
8.484627127966993143e+00 8.487306188995374256e+00 8.495444189297504778e+00 8.516915818000589056e+00 8.554227514959055867e+00 8.588785900392002404e+00 8.588586338522425478e+00 8.519852891622925029e+00 8.357882154329164592e+00 8.094629528870939339e+00 7.740010396743713272e+00
8.388322345667532431e+00 8.390880608929784046e+00 8.398712817681422749e+00 8.420117857608337530e+00 8.460637490806945493e+00 8.504580702754953592e+00 8.520345297765119952e+00 8.471926619204054987e+00 8.329941223640222603e+00 8.081671895815910389e+00 7.735423590231548907e+00
8.287170480617220392e+00 8.289626403447298841e+00 8.297189053666205183e+00 8.318431418680425793e+00 8.361645247095257361e+00 8.414193409752099839e+00 8.445128023233323233e+00 8.417016466216260540e+00 8.296437076458140325e+00 8.065446645188368180e+00 7.729482794663534939e+00
