1.239431342068397512e+01 1.239431342068433217e+01 1.239431342068545838e+01 1.239431342068901998e+01 1.239431342070028386e+01 1.239431342073590514e+01 1.239431342084854570e+01 1.239431342120474611e+01 1.239431342233114997e+01 1.239431342589315577e+01 1.239431343715719791e+01
1.242196639201132591e+01 1.242196639201174158e+01 1.242196639201305430e+01 1.242196639201720565e+01 1.242196639203033293e+01 1.242196639207184816e+01 1.242196639220313159e+01 1.242196639261828395e+01 1.242196639393111113e+01 1.242196639808263647e+01 1.242196641121089939e+01
1.244631917470342763e+01 1.244631917470391080e+01 1.244631917470544025e+01 1.244631917471027727e+01 1.244631917472557170e+01 1.244631917477393657e+01 1.244631917492688444e+01 1.244631917541054378e+01 1.244631917694001011e+01 1.244631918177660523e+01 1.244631919707124901e+01
1.246771021897321319e+01 1.246771021897377452e+01 1.246771021897555443e+01 1.246771021898118192e+01 1.246771021899897924e+01 1.246771021905525778e+01 1.246771021923322387e+01 1.246771021979600569e+01 1.246771022157567543e+01 1.246771022720348299e+01 1.246771024500015201e+01
1.248645456832136347e+01 1.248645456832201717e+01 1.248645456832408307e+01 1.248645456833061829e+01 1.248645456835128620e+01 1.248645456841663837e+01 1.248645456862330150e+01 1.248645456927682851e+01 1.248645457134346337e+01 1.248645457787873170e+01 1.248645459854502171e+01
1.250284286396025024e+01 1.250284286396100697e+01 1.250284286396339972e+01 1.250284286397096700e+01 1.250284286399489808e+01 1.250284286407057621e+01 1.250284286430989056e+01 1.250284286506666831e+01 1.250284286745980644e+01 1.250284287502756619e+01 1.250284289895885514e+01
1.251714118396433228e+01 1.251714118396520448e+01 1.251714118396796671e+01 1.251714118397669750e+01 1.251714118400430920e+01 1.251714118409162602e+01 1.251714118436774115e+01 1.251714118524089692e+01 1.251714118800205711e+01 1.251714119673359882e+01 1.251714122434503729e+01
1.252959150043826675e+01 1.252959150043926861e+01 1.252959150044244119e+01 1.252959150045246872e+01 1.252959150048418202e+01 1.252959150058446980e+01 1.252959150090160279e+01 1.252959150190446813e+01 1.252959150507580333e+01 1.252959151510442659e+01 1.252959154681751386e+01
1.254041257801223175e+01 1.254041257801337750e+01 1.254041257801699949e+01 1.254041257802845521e+01 1.254041257806467691e+01 1.254041257817922173e+01 1.254041257854144220e+01 1.254041257968688683e+01 1.254041258330909336e+01 1.254041259476348458e+01 1.254041263098511116e+01
1.254980117276010709e+01 1.254980117276140561e+01 1.254980117276551610e+01 1.254980117277851015e+01 1.254980117281960261e+01 1.254980117294954667e+01 1.254980117336046774e+01 1.254980117465991185e+01 1.254980117876910839e+01 1.254980119176347486e+01 1.254980123285470661e+01
1.255793342136498403e+01 1.255793342136644597e+01 1.255793342137106983e+01 1.255793342138568924e+01 1.255793342143192248e+01 1.255793342157812198e+01 1.255793342204044727e+01 1.255793342350244757e+01 1.255793342812568625e+01 1.255793344274555778e+01 1.255793348897671180e+01
