1.159793632670212205e+01 1.159793632670212205e+01 1.159793632670212205e+01 1.159793632670212205e+01 1.159793632670212205e+01 1.159793632670212205e+01 1.159793632670212205e+01 1.159793632670212205e+01 1.159793632670212205e+01 1.159793632670212205e+01 1.159793632670212205e+01
1.146993866134801543e+01 1.146993866134801543e+01 1.146993866134801543e+01 1.146993866134801543e+01 1.146993866134801543e+01 1.146993866134801543e+01 1.146993866134801543e+01 1.146993866134801543e+01 1.146993866134801543e+01 1.146993866134801543e+01 1.146993866134801543e+01
1.134152799855554861e+01 1.134152799855554861e+01 1.134152799855554861e+01 1.134152799855554861e+01 1.134152799855554861e+01 1.134152799855554861e+01 1.134152799855554861e+01 1.134152799855554861e+01 1.134152799855554861e+01 1.134152799855554861e+01 1.134152799855554861e+01
1.121271882777948115e+01 1.121271882777948115e+01 1.121271882777948115e+01 1.121271882777948115e+01 1.121271882777948115e+01 1.121271882777948115e+01 1.121271882777948115e+01 1.121271882777948115e+01 1.121271882777948115e+01 1.121271882777948115e+01 1.121271882777948115e+01
1.108349322017696004e+01 1.108349322017696004e+01 1.108349322017696004e+01 1.108349322017696004e+01 1.108349322017696004e+01 1.108349322017696004e+01 1.108349322017696004e+01 1.108349322017696004e+01 1.108349322017696004e+01 1.108349322017696004e+01 1.108349322017696004e+01
1.095379842390299530e+01 1.095379842390299530e+01 1.095379842390299530e+01 1.095379842390299530e+01 1.095379842390299530e+01 1.095379842390299530e+01 1.095379842390299530e+01 1.095379842390299530e+01 1.095379842390299530e+01 1.095379842390299530e+01 1.095379842390299530e+01
1.082354179672366534e+01 1.082354179672366534e+01 1.082354179672366534e+01 1.082354179672366534e+01 1.082354179672366534e+01 1.082354179672366534e+01 1.082354179672366534e+01 1.082354179672366534e+01 1.082354179672366534e+01 1.082354179672366534e+01 1.082354179672366534e+01
1.069258254748036130e+01 1.069258254748036130e+01 1.069258254748036130e+01 1.069258254748036130e+01 1.069258254748036130e+01 1.069258254748036130e+01 1.069258254748036130e+01 1.069258254748036130e+01 1.069258254748036130e+01 1.069258254748036130e+01 1.069258254748036130e+01
1.056071957457355559e+01 1.056071957457355559e+01 1.056071957457355559e+01 1.056071957457355559e+01 1.056071957457355559e+01 1.056071957457355559e+01 1.056071957457355559e+01 1.056071957457355559e+01 1.056071957457355559e+01 1.056071957457355559e+01 1.056071957457355559e+01
1.042767445702665441e+01 1.042767445702665441e+01 1.042767445702665441e+01 1.042767445702665441e+01 1.042767445702665441e+01 1.042767445702665441e+01 1.042767445702665441e+01 1.042767445702665441e+01 1.042767445702665441e+01 1.042767445702665441e+01 1.042767445702665441e+01
1.029306838434486693e+01 1.029306838434486693e+01 1.029306838434486693e+01 1.029306838434486693e+01 1.029306838434486693e+01 1.029306838434486693e+01 1.029306838434486693e+01 1.029306838434486693e+01 1.029306838434486693e+01 1.029306838434486693e+01 1.029306838434486693e+01
