-2.953731162935333110e+00 -3.453706802545543297e+00 -3.953703992051298410e+00 -4.453703592662546562e+00 -4.953703515302517069e+00 -5.453703495732925788e+00 -5.953703490033857015e+00 -6.453703488280591927e+00 -6.953703487731054622e+00 -7.453703487557764795e+00 -7.953703487503014813e+00
-2.953739878558421239e+00 -3.453707674059678379e+00 -3.953704079132980720e+00 -4.453703601348015795e+00 -4.953703516163876053e+00 -5.453703495816788482e+00 -5.953703490041524660e+00 -6.453703488281131051e+00 -6.953703487731035970e+00 -7.453703487557739926e+00 -7.953703487503005043e+00
-2.953751625032331241e+00 -3.453708848755088212e+00 -3.953704196521024450e+00 -4.453703613059941446e+00 -4.953703517326553118e+00 -5.453703495930362521e+00 -5.953703490052030922e+00 -6.453703488281912648e+00 -6.953703487731029753e+00 -7.453703487557712393e+00 -7.953703487502993497e+00
-2.953767461396253680e+00 -3.453710432635749950e+00 -3.953704354813785127e+00 -4.453703628857162755e+00 -4.953703518896113600e+00 -5.453703496084105318e+00 -5.953703490066388326e+00 -6.453703488283027312e+00 -6.953703487731039523e+00 -7.453703487557681306e+00 -7.953703487502980174e+00
-2.953788819485808403e+00 -3.453712569067235449e+00 -3.953704568344364123e+00 -4.453703650171269679e+00 -4.953703521015165201e+00 -5.453703496292100716e+00 -5.953703490085952232e+00 -6.453703488284592282e+00 -6.953703487731072386e+00 -7.453703487557645779e+00 -7.953703487502964187e+00
-2.953817636718291784e+00 -3.453715452140667885e+00 -3.953704856521636390e+00 -4.453703678941938193e+00 -4.953703523877281079e+00 -5.453703496573583998e+00 -5.953703490112604690e+00 -6.453703488286784307e+00 -6.953703487731141664e+00 -7.453703487557605811e+00 -7.953703487502945535e+00
-2.953856536856827031e+00 -3.453719344886020171e+00 -3.953705245654019151e+00 -4.453703717799669448e+00 -4.953703527745380697e+00 -5.453703496954803498e+00 -5.953703490148958721e+00 -6.453703488289860957e+00 -6.953703487731272226e+00 -7.453703487557562291e+00 -7.953703487502923331e+00
-2.953909076299116698e+00 -3.453724604094691397e+00 -3.953705771418339676e+00 -4.453703770307679832e+00 -4.953703532974335744e+00 -5.453703497470788086e+00 -5.953703490198371640e+00 -6.453703488294111779e+00 -6.953703487731479171e+00 -7.453703487557514329e+00 -7.953703487502896685e+00
-2.953980081200936247e+00 -3.453731714552619625e+00 -3.953706482311268200e+00 -4.453703841314550438e+00 -4.953703540048590703e+00 -5.453703498169850228e+00 -5.953703490265633391e+00 -6.453703488300000402e+00 -6.953703487731803357e+00 -7.453703487557462815e+00 -7.953703487502865599e+00
-2.954076108032180237e+00 -3.453741335845402549e+00 -3.953707444316696407e+00 -4.453703937414244862e+00 -4.953703549626015779e+00 -5.453703499117293241e+00 -5.953703490357120209e+00 -6.453703488308119240e+00 -6.953703487732290078e+00 -7.453703487557408636e+00 -7.953703487502827407e+00
-2.954206075633320605e+00 -3.453754367122606972e+00 -3.953708747416342817e+00 -4.453704067603252881e+00 -4.953703562605494604e+00 -5.453703500402761861e+00 -5.953703490481720983e+00 -6.453703488319331605e+00 -6.953703487733016608e+00 -7.453703487557356233e+00 -7.953703487502782110e+00
