-1.738062154410673799e+00 -1.738062154410673799e+00 -1.738062154410673799e+00 -1.738062154410673799e+00 -1.738062154410673799e+00 -1.738062154410673799e+00 -1.738062154410673799e+00 -1.738062154410673799e+00 -1.738062154410673799e+00 -1.738062154410673577e+00 -1.738062154410673577e+00
-1.598242679742833294e+00 -1.598242679742833294e+00 -1.598242679742833294e+00 -1.598242679742833294e+00 -1.598242679742833294e+00 -1.598242679742833294e+00 -1.598242679742833294e+00 -1.598242679742833294e+00 -1.598242679742833294e+00 -1.598242679742833294e+00 -1.598242679742833294e+00
-1.458439768739359987e+00 -1.458439768739359987e+00 -1.458439768739359987e+00 -1.458439768739359987e+00 -1.458439768739359987e+00 -1.458439768739359987e+00 -1.458439768739359987e+00 -1.458439768739359987e+00 -1.458439768739359987e+00 -1.458439768739359987e+00 -1.458439768739359987e+00
-1.318665543315664435e+00 -1.318665543315664435e+00 -1.318665543315664435e+00 -1.318665543315664435e+00 -1.318665543315664435e+00 -1.318665543315664435e+00 -1.318665543315664435e+00 -1.318665543315664435e+00 -1.318665543315664435e+00 -1.318665543315664435e+00 -1.318665543315664435e+00
-1.178935837269727172e+00 -1.178935837269727172e+00 -1.178935837269727172e+00 -1.178935837269727172e+00 -1.178935837269727172e+00 -1.178935837269727172e+00 -1.178935837269727172e+00 -1.178935837269727172e+00 -1.178935837269727172e+00 -1.178935837269727172e+00 -1.178935837269727172e+00
-1.039271700284756239e+00 -1.039271700284756239e+00 -1.039271700284756239e+00 -1.039271700284756239e+00 -1.039271700284756239e+00 -1.039271700284756239e+00 -1.039271700284756239e+00 -1.039271700284756239e+00 -1.039271700284756239e+00 -1.039271700284756239e+00 -1.039271700284756017e+00
-8.997014268913328117e-01 -8.997014268913328117e-01 -8.997014268913328117e-01 -8.997014268913328117e-01 -8.997014268913328117e-01 -8.997014268913328117e-01 -8.997014268913328117e-01 -8.997014268913328117e-01 -8.997014268913328117e-01 -8.997014268913327006e-01 -8.997014268913327006e-01
-7.602632869749660349e-01 -7.602632869749660349e-01 -7.602632869749660349e-01 -7.602632869749660349e-01 -7.602632869749660349e-01 -7.602632869749660349e-01 -7.602632869749660349e-01 -7.602632869749660349e-01 -7.602632869749659239e-01 -7.602632869749659239e-01 -7.602632869749658129e-01
-6.210091799068728768e-01 -6.210091799068728768e-01 -6.210091799068728768e-01 -6.210091799068728768e-01 -6.210091799068728768e-01 -6.210091799068728768e-01 -6.210091799068728768e-01 -6.210091799068728768e-01 -6.210091799068728768e-01 -6.210091799068728768e-01 -6.210091799068727658e-01
-4.820094791752740360e-01 -4.820094791752740360e-01 -4.820094791752740360e-01 -4.820094791752740360e-01 -4.820094791752740360e-01 -4.820094791752740360e-01 -4.820094791752740360e-01 -4.820094791752740360e-01 -4.820094791752740360e-01 -4.820094791752740360e-01 -4.820094791752739805e-01
-3.433593673669525503e-01 -3.433593673669525503e-01 -3.433593673669525503e-01 -3.433593673669525503e-01 -3.433593673669525503e-01 -3.433593673669525503e-01 -3.433593673669525503e-01 -3.433593673669525503e-01 -3.433593673669525503e-01 -3.433593673669524948e-01 -3.433593673669524393e-01
