7.849691940011713776e+00 7.849691940011714664e+00 7.849691940011717328e+00 7.849691940011727098e+00 7.849691940011758184e+00 7.849691940011856772e+00 7.849691940012167635e+00 7.849691940013150848e+00 7.849691940016259473e+00 7.849691940026090720e+00 7.849691940057177852e+00
7.722775609800600627e+00 7.722775609800601515e+00 7.722775609800604180e+00 7.722775609800613950e+00 7.722775609800644148e+00 7.722775609800740959e+00 7.722775609801046492e+00 7.722775609802012831e+00 7.722775609805068164e+00 7.722775609814728881e+00 7.722775609845280442e+00
7.595372299077889799e+00 7.595372299077890688e+00 7.595372299077894240e+00 7.595372299077903122e+00 7.595372299077933320e+00 7.595372299078028355e+00 7.595372299078327671e+00 7.595372299079276246e+00 7.595372299082274736e+00 7.595372299091756929e+00 7.595372299121740944e+00
7.467578492793245815e+00 7.467578492793247591e+00 7.467578492793250255e+00 7.467578492793259137e+00 7.467578492793288447e+00 7.467578492793381706e+00 7.467578492793675693e+00 7.467578492794603839e+00 7.467578492797541045e+00 7.467578492806829615e+00 7.467578492836202564e+00
7.339462265019428777e+00 7.339462265019429665e+00 7.339462265019433218e+00 7.339462265019442100e+00 7.339462265019470522e+00 7.339462265019561116e+00 7.339462265019847997e+00 7.339462265020755716e+00 7.339462265023626308e+00 7.339462265032702604e+00 7.339462265061405866e+00
7.211067114429241975e+00 7.211067114429243752e+00 7.211067114429246416e+00 7.211067114429255298e+00 7.211067114429282832e+00 7.211067114429371649e+00 7.211067114429651426e+00 7.211067114430535163e+00 7.211067114433331149e+00 7.211067114442173853e+00 7.211067114470135486e+00
7.082414289333492263e+00 7.082414289333493151e+00 7.082414289333495816e+00 7.082414289333504698e+00 7.082414289333532231e+00 7.082414289333617496e+00 7.082414289333889279e+00 7.082414289334747259e+00 7.082414289337461533e+00 7.082414289346044001e+00 7.082414289373184069e+00
6.953503729862681837e+00 6.953503729862682725e+00 6.953503729862685390e+00 6.953503729862693383e+00 6.953503729862720029e+00 6.953503729862802629e+00 6.953503729863064642e+00 6.953503729863894200e+00 6.953503729866516991e+00 6.953503729874810801e+00 6.953503729901036934e+00
6.824313702456572983e+00 6.824313702456572983e+00 6.824313702456575648e+00 6.824313702456583641e+00 6.824313702456609398e+00 6.824313702456688446e+00 6.824313702456940689e+00 6.824313702457738273e+00 6.824313702460259812e+00 6.824313702468232101e+00 6.824313702493444822e+00
6.694799191480232281e+00 6.694799191480233169e+00 6.694799191480234946e+00 6.694799191480242939e+00 6.694799191480266920e+00 6.694799191480343303e+00 6.694799191480584000e+00 6.694799191481346057e+00 6.694799191483754797e+00 6.694799191491373591e+00 6.694799191515463654e+00
6.564886973962408057e+00 6.564886973962408945e+00 6.564886973962410721e+00 6.564886973962417827e+00 6.564886973962440919e+00 6.564886973962513750e+00 6.564886973962742012e+00 6.564886973963464989e+00 6.564886973965750272e+00 6.564886973972977380e+00 6.564886973995833763e+00
