8.615710601627236898e+00 8.615710601627236898e+00 8.615710601627236898e+00 8.615710601627236898e+00 8.615710601627236898e+00 8.615710601627236898e+00 8.615710601627236898e+00 8.615710601627236898e+00 8.615710601627236898e+00 8.615710601627236898e+00 8.615710601627236898e+00
8.753829755433910620e+00 8.753829755433910620e+00 8.753829755433910620e+00 8.753829755433910620e+00 8.753829755433910620e+00 8.753829755433910620e+00 8.753829755433910620e+00 8.753829755433910620e+00 8.753829755433910620e+00 8.753829755433910620e+00 8.753829755433910620e+00
8.891250343591632799e+00 8.891250343591632799e+00 8.891250343591632799e+00 8.891250343591632799e+00 8.891250343591632799e+00 8.891250343591632799e+00 8.891250343591632799e+00 8.891250343591632799e+00 8.891250343591632799e+00 8.891250343591632799e+00 8.891250343591632799e+00
9.027746603534838599e+00 9.027746603534838599e+00 9.027746603534838599e+00 9.027746603534838599e+00 9.027746603534838599e+00 9.027746603534838599e+00 9.027746603534838599e+00 9.027746603534838599e+00 9.027746603534838599e+00 9.027746603534838599e+00 9.027746603534838599e+00
9.163029866492916398e+00 9.163029866492916398e+00 9.163029866492916398e+00 9.163029866492916398e+00 9.163029866492916398e+00 9.163029866492916398e+00 9.163029866492916398e+00 9.163029866492916398e+00 9.163029866492916398e+00 9.163029866492916398e+00 9.163029866492916398e+00
9.296740789830066021e+00 9.296740789830066021e+00 9.296740789830066021e+00 9.296740789830066021e+00 9.296740789830066021e+00 9.296740789830066021e+00 9.296740789830066021e+00 9.296740789830066021e+00 9.296740789830066021e+00 9.296740789830066021e+00 9.296740789830066021e+00
9.428445429765707431e+00 9.428445429765707431e+00 9.428445429765707431e+00 9.428445429765707431e+00 9.428445429765707431e+00 9.428445429765707431e+00 9.428445429765707431e+00 9.428445429765707431e+00 9.428445429765707431e+00 9.428445429765707431e+00 9.428445429765707431e+00
9.557637603157591144e+00 9.557637603157591144e+00 9.557637603157591144e+00 9.557637603157591144e+00 9.557637603157591144e+00 9.557637603157591144e+00 9.557637603157591144e+00 9.557637603157591144e+00 9.557637603157591144e+00 9.557637603157591144e+00 9.557637603157591144e+00
9.683749590580134736e+00 9.683749590580134736e+00 9.683749590580134736e+00 9.683749590580134736e+00 9.683749590580134736e+00 9.683749590580134736e+00 9.683749590580134736e+00 9.683749590580134736e+00 9.683749590580134736e+00 9.683749590580134736e+00 9.683749590580134736e+00
9.806172037884905990e+00 9.806172037884905990e+00 9.806172037884905990e+00 9.806172037884905990e+00 9.806172037884905990e+00 9.806172037884905990e+00 9.806172037884905990e+00 9.806172037884905990e+00 9.806172037884905990e+00 9.806172037884905990e+00 9.806172037884905990e+00
9.924282079218063046e+00 9.924282079218063046e+00 9.924282079218063046e+00 9.924282079218063046e+00 9.924282079218063046e+00 9.924282079218063046e+00 9.924282079218063046e+00 9.924282079218063046e+00 9.924282079218063046e+00 9.924282079218063046e+00 9.924282079218063046e+00
