1.053616909712216554e+01 1.050120176292028340e+01 1.045118986309290321e+01 1.038161335411776776e+01 1.028686397864849411e+01 1.016003467897899704e+01 9.992883196649380295e+00 9.776391823911316337e+00 9.502425794353015931e+00 9.166663026051672603e+00 8.771943122790808900e+00
1.053616192068102642e+01 1.050119754168958863e+01 1.045118736151230365e+01 1.038161186410539116e+01 1.028686308932979898e+01 1.016003414958364814e+01 9.992882884343414318e+00 9.776391642770944301e+00 9.502425692188543493e+00 9.166662971055911768e+00 8.771943095367646492e+00
1.053615947012613319e+01 1.050119610966978811e+01 1.045118652171279905e+01 1.038161137204920692e+01 1.028686280297832489e+01 1.016003398549552195e+01 9.992882792793805535e+00 9.776391593655434420e+00 9.502425667150799171e+00 9.166662959060456473e+00 8.771943090031255608e+00
1.053615617836816654e+01 1.050119418757515177e+01 1.045118539594215434e+01 1.038161071377277622e+01 1.028686242111807836e+01 1.016003376776783718e+01 9.992882672250175347e+00 9.776391529733501784e+00 9.502425635106257928e+00 9.166662944041274130e+00 8.771943083512596218e+00
1.053615175596741871e+01 1.050119160700291232e+01 1.045118388615900251e+01 1.038160983250482872e+01 1.028686191132789141e+01 1.016003347837215465e+01 9.992882513124742516e+00 9.776391446239129479e+00 9.502425593898378153e+00 9.166662925133310935e+00 8.771943075509028631e+00
1.053614581381046023e+01 1.050118814157825575e+01 1.045118186060435406e+01 1.038160865198348581e+01 1.028686123008772846e+01 1.016003309313743230e+01 9.992882302588737886e+00 9.776391336816910638e+00 9.502425540668362203e+00 9.166662901201545921e+00 8.771943065630315672e+00
1.053613782879188321e+01 1.050118348698535620e+01 1.045117914218975841e+01 1.038160706974872483e+01 1.028686031896404529e+01 1.016003257964347561e+01 9.992882023465105235e+00 9.776391192982554657e+00 9.502425471619581288e+00 9.166662870752427139e+00 8.771943053371099808e+00
1.053612709769978295e+01 1.050117723412326143e+01 1.045117549288571013e+01 1.038160494812461465e+01 1.028685909948197086e+01 1.016003189438992393e+01 9.992881652741028020e+00 9.776391003398734014e+00 9.502425381701822715e+00 9.166662831815465040e+00 8.771943038074303090e+00
1.053611267526128081e+01 1.050116883302014870e+01 1.045117059273153437e+01 1.038160210209454881e+01 1.028685746623136943e+01 1.016003097899098684e+01 9.992881159569318328e+00 9.776390752902758052e+00 9.502425264187834841e+00 9.166662781784841840e+00 8.771943018882399912e+00
1.053609329094089020e+01 1.050115754433349835e+01 1.045116401161640951e+01 1.038159828299978216e+01 1.028685527759868634e+01 1.016002975506054362e+01 9.992880502582837110e+00 9.776390421200765957e+00 9.502425110105271244e+00 9.166662717207360700e+00 8.771942994672473404e+00
1.053606723725693683e+01 1.050114237417704466e+01 1.045115517134425076e+01 1.038159315662257498e+01 1.028685234330644960e+01 1.016002811733638467e+01 9.992879626285327888e+00 9.776389981113752015e+00 9.502424907474370741e+00 9.166662633498381396e+00 8.771942963969525664e+00
