1.053606723725693683e+01 1.050114237417704466e+01 1.045115517134425076e+01 1.038159315662257498e+01 1.028685234330644960e+01 1.016002811733638467e+01 9.992879626285327888e+00 9.776389981113752015e+00 9.502424907474370741e+00 9.166662633498381396e+00 8.771942963969525664e+00
1.053603221996189276e+01 1.050112198656481510e+01 1.045114329464200864e+01 1.038158627372034104e+01 1.028684840766060660e+01 1.016002592443689245e+01 9.992878456200612547e+00 9.776389396221169648e+00 9.502424640284614199e+00 9.166662524561106196e+00 8.771942924830666399e+00
1.053598515724087115e+01 1.050109458582732813e+01 1.045112733662790738e+01 1.038157703041299662e+01 1.028684312702741011e+01 1.016002298643464563e+01 9.992876892352505536e+00 9.776388617694792060e+00 9.502424287120694757e+00 9.166662382276072663e+00 8.771942874690266123e+00
1.053592191089435026e+01 1.050105775877616665e+01 1.045110589272417378e+01 1.038156461493334781e+01 1.028683603955267323e+01 1.016001904815029278e+01 9.992874800500425536e+00 9.776387580044032077e+00 9.502423819317151299e+00 9.166662195816334346e+00 8.771942810152729919e+00
1.053583692704152419e+01 1.050100826297702028e+01 1.045107707495311011e+01 1.038154793605497694e+01 1.028682652445346157e+01 1.016001376669287026e+01 9.992872000357758466e+00 9.776386195397980927e+00 9.502423198479602817e+00 9.166661950728503427e+00 8.771942726715018068e+00
1.053572275691097460e+01 1.050094174297368177e+01 1.045103834582104341e+01 1.038152552690725194e+01 1.028681374729407239e+01 1.016000668126486062e+01 9.992868249753458443e+00 9.776384345820138932e+00 9.502422373154564283e+00 9.166661627699230763e+00 8.771942618394859892e+00
1.053556941955880433e+01 1.050085235039967024e+01 1.045098629536592938e+01 1.038149541574475165e+01 1.028679658642911576e+01 1.015999717256977952e+01 9.992863223340037848e+00 9.776381872978490151e+00 9.502421274354873049e+00 9.166661200898998274e+00 8.771942477232375523e+00
1.053536355768128097e+01 1.050073223622864660e+01 1.045091634212463383e+01 1.038145495236985560e+01 1.028677353414536633e+01 1.015998440824444060e+01 9.992856483969836390e+00 9.776378564260019388e+00 9.502419809546756468e+00 9.166660635757958531e+00 8.771942292621680792e+00
1.053508732528055347e+01 1.050057087358577768e+01 1.045082233243022607e+01 1.038140057508857517e+01 1.028674256382548258e+01 1.015996726951058982e+01 9.992847444215742669e+00 9.776374134105321190e+00 9.502417854568896871e+00 9.166659885978388544e+00 8.771942050414171632e+00
1.053471693258543063e+01 1.050035415719949583e+01 1.045069600414502808e+01 1.038132749800568000e+01 1.028670095150352104e+01 1.015994425259460954e+01 9.992835314645361677e+00 9.776368198917586128e+00 9.502415242771546033e+00 9.166658889521231757e+00 8.771941731715076074e+00
1.053422076135134944e+01 1.050006321051930769e+01 1.045052627017590829e+01 1.038122929175087883e+01 1.028664503624016469e+01 1.015991333625830073e+01 9.992819034293413338e+00 9.776360243334133671e+00 9.502411750418520597e+00 9.166657563213611581e+00 8.771941311267918095e+00
