-9.300027668518752177e-01 -9.300027668518747737e-01 -9.300027668518729973e-01 -9.300027668518676682e-01 -9.300027668518502377e-01 -9.300027668517957258e-01 -9.300027668516230861e-01 -9.300027668510771894e-01 -9.300027668493509037e-01 -9.300027668438916040e-01 -9.300027668266281911e-01
-1.062087530984161754e+00 -1.062087530984161310e+00 -1.062087530984159534e+00 -1.062087530984154204e+00 -1.062087530984137329e+00 -1.062087530984083816e+00 -1.062087530983914396e+00 -1.062087530983378603e+00 -1.062087530981684402e+00 -1.062087530976327132e+00 -1.062087530959385795e+00
-1.195261810556138338e+00 -1.195261810556137894e+00 -1.195261810556136339e+00 -1.195261810556131010e+00 -1.195261810556114357e+00 -1.195261810556061954e+00 -1.195261810555896087e+00 -1.195261810555371174e+00 -1.195261810553712056e+00 -1.195261810548464476e+00 -1.195261810531870861e+00
-1.329113945687805165e+00 -1.329113945687804721e+00 -1.329113945687803167e+00 -1.329113945687798060e+00 -1.329113945687781850e+00 -1.329113945687730336e+00 -1.329113945687568688e+00 -1.329113945687056431e+00 -1.329113945685436837e+00 -1.329113945680315600e+00 -1.329113945664120555e+00
-1.464295120021936514e+00 -1.464295120021935848e+00 -1.464295120021934293e+00 -1.464295120021929630e+00 -1.464295120021913421e+00 -1.464295120021863683e+00 -1.464295120021706254e+00 -1.464295120021207985e+00 -1.464295120019631913e+00 -1.464295120014648566e+00 -1.464295119998889394e+00
-1.601021254068261346e+00 -1.601021254068260902e+00 -1.601021254068259347e+00 -1.601021254068254462e+00 -1.601021254068239363e+00 -1.601021254068190958e+00 -1.601021254068037969e+00 -1.601021254067554800e+00 -1.601021254066026911e+00 -1.601021254061194554e+00 -1.601021254045913444e+00
-1.739719247832533622e+00 -1.739719247832532956e+00 -1.739719247832531623e+00 -1.739719247832526960e+00 -1.739719247832512083e+00 -1.739719247832465232e+00 -1.739719247832318016e+00 -1.739719247831851057e+00 -1.739719247830375126e+00 -1.739719247825707082e+00 -1.739719247810946001e+00
-1.880974140695972574e+00 -1.880974140695972352e+00 -1.880974140695970798e+00 -1.880974140695966357e+00 -1.880974140695952146e+00 -1.880974140695907293e+00 -1.880974140695764962e+00 -1.880974140695315988e+00 -1.880974140693895791e+00 -1.880974140689404051e+00 -1.880974140675201189e+00
-2.025559286297494044e+00 -2.025559286297493600e+00 -2.025559286297492267e+00 -2.025559286297488271e+00 -2.025559286297474504e+00 -2.025559286297431427e+00 -2.025559286297295536e+00 -2.025559286296865213e+00 -2.025559286295503636e+00 -2.025559286291199079e+00 -2.025559286277585969e+00
-2.174389577189051348e+00 -2.174389577189050904e+00 -2.174389577189049572e+00 -2.174389577189045575e+00 -2.174389577189032696e+00 -2.174389577188991396e+00 -2.174389577188861278e+00 -2.174389577188450495e+00 -2.174389577187151090e+00 -2.174389577183041489e+00 -2.174389577170046106e+00
-2.329050677527916502e+00 -2.329050677527916058e+00 -2.329050677527914726e+00 -2.329050677527910729e+00 -2.329050677527898738e+00 -2.329050677527859214e+00 -2.329050677527735758e+00 -2.329050677527344515e+00 -2.329050677526107282e+00 -2.329050677522195745e+00 -2.329050677509825196e+00
