2.005677701560304449e+00 2.005681923967822300e+00 2.005695276122626325e+00 2.005737496642090001e+00 2.005870982641551059e+00 2.006292832622832201e+00 2.007624149071534081e+00 2.011807482426469562e+00 2.024777228156073861e+00 2.063414023915859374e+00 2.166936964723273018e+00
2.171022867191219508e+00 2.171026180480682299e+00 2.171036657855579310e+00 2.171069788560755942e+00 2.171174540419406274e+00 2.171505628699610835e+00 2.172550963723811623e+00 2.175840141230649394e+00 2.186080461527083685e+00 2.216960093852178737e+00 2.302264863873614953e+00
2.329477797193679756e+00 2.329480492967539007e+00 2.329489017642868642e+00 2.329515973932060113e+00 2.329601206193576246e+00 2.329870624238616905e+00 2.330721500623505360e+00 2.333401289113854915e+00 2.341768314441439180e+00 2.367213723476868648e+00 2.439079234580447952e+00
2.482858356869850791e+00 2.482860618839680900e+00 2.482867771738811236e+00 2.482890390416646831e+00 2.482961909204579598e+00 2.483187993991154308e+00 2.483902163275700126e+00 2.486152866810244166e+00 2.493194410824408624e+00 2.514738845258708277e+00 2.576585596846078019e+00
2.632521032271756045e+00 2.632522980645143562e+00 2.632529141885255441e+00 2.632548624861993591e+00 2.632610229692597059e+00 2.632804983781619423e+00 2.633420276149831096e+00 2.635360284286416999e+00 2.641438710508071885e+00 2.660118924604810253e+00 2.714400388728865909e+00
2.779471138301496502e+00 2.779472854389060110e+00 2.779478281089799108e+00 2.779495441378066367e+00 2.779549702512343679e+00 2.779721246682202107e+00 2.780263271474877396e+00 2.781972865878728385e+00 2.787335209467432851e+00 2.803869396408106951e+00 2.852361390429586141e+00
2.924449183366369720e+00 2.924450723795482432e+00 2.924455595024094468e+00 2.924470998841942393e+00 2.924519706395685592e+00 2.924673697263627137e+00 2.925160300113868850e+00 2.926695495097183741e+00 2.931514798693224400e+00 2.946412074422287475e+00 2.990415991097732373e+00
3.067998016264203098e+00 3.067999421496197865e+00 3.068003865200019220e+00 3.068017917126116600e+00 3.068062350226133272e+00 3.068202830115192015e+00 3.068646767713692824e+00 3.070047642594108339e+00 3.074448091652800752e+00 3.088077160605996685e+00 3.128559935101602019e+00
3.210514062626331100e+00 3.210515362231068703e+00 3.210519471916503331e+00 3.210532467627010611e+00 3.210573561112919805e+00 3.210703484541561625e+00 3.211114082887504217e+00 3.212409959960228711e+00 3.216482619280188082e+00 3.229115760357629927e+00 3.266805917669152404e+00
3.352285896916864516e+00 3.352287112937541558e+00 3.352290958310155222e+00 3.352303118221993117e+00 3.352341568999008370e+00 3.352463138632713502e+00 3.352847351761874872e+00 3.354060108176596167e+00 3.357873043571368843e+00 3.369714901206958046e+00 3.405168784192501352e+00
3.493522996736051045e+00 3.493524145894117083e+00 3.493527779830985391e+00 3.493539271148252467e+00 3.493575607883188550e+00 3.493690494723875606e+00 3.494053598927018278e+00 3.495199841347614633e+00 3.498804795218592556e+00 3.510011625812457847e+00 3.543659492658345123e+00
