1.089586527359409907e+01 1.089586527359408308e+01 1.089586527359403334e+01 1.089586527359387347e+01 1.089586527359337076e+01 1.089586527359177559e+01 1.089586527358673607e+01 1.089586527357079682e+01 1.089586527352039447e+01 1.089586527336100907e+01 1.089586527285698736e+01
1.089539440811917537e+01 1.089539440811916471e+01 1.089539440811912563e+01 1.089539440811900661e+01 1.089539440811862825e+01 1.089539440811743098e+01 1.089539440811364734e+01 1.089539440810168003e+01 1.089539440806383830e+01 1.089539440794417047e+01 1.089539440756574784e+01
1.089526489500320672e+01 1.089526489500319428e+01 1.089526489500315876e+01 1.089526489500304329e+01 1.089526489500268092e+01 1.089526489500153517e+01 1.089526489499791495e+01 1.089526489498646100e+01 1.089526489495024109e+01 1.089526489483570337e+01 1.089526489447350599e+01
1.089510170343651474e+01 1.089510170343650408e+01 1.089510170343646855e+01 1.089510170343636020e+01 1.089510170343601558e+01 1.089510170343492668e+01 1.089510170343148054e+01 1.089510170342058792e+01 1.089510170338614081e+01 1.089510170327720573e+01 1.089510170293272751e+01
1.089489679098837627e+01 1.089489679098836561e+01 1.089489679098833363e+01 1.089489679098823061e+01 1.089489679098790553e+01 1.089489679098687702e+01 1.089489679098362274e+01 1.089489679097333763e+01 1.089489679094080898e+01 1.089489679083794371e+01 1.089489679051265547e+01
1.089464044579345803e+01 1.089464044579344915e+01 1.089464044579341895e+01 1.089464044579332302e+01 1.089464044579301749e+01 1.089464044579205471e+01 1.089464044578900648e+01 1.089464044577937152e+01 1.089464044574890167e+01 1.089464044565255030e+01 1.089464044534785714e+01
1.089432102141271486e+01 1.089432102141270597e+01 1.089432102141267755e+01 1.089432102141258696e+01 1.089432102141230452e+01 1.089432102141141101e+01 1.089432102140858127e+01 1.089432102139963909e+01 1.089432102137135594e+01 1.089432102128192170e+01 1.089432102099910082e+01
1.089392465272455013e+01 1.089392465272454125e+01 1.089392465272451638e+01 1.089392465272443289e+01 1.089392465272417354e+01 1.089392465272335286e+01 1.089392465272075405e+01 1.089392465271253663e+01 1.089392465268655208e+01 1.089392465260437959e+01 1.089392465234452878e+01
1.089343495675371187e+01 1.089343495675370477e+01 1.089343495675367990e+01 1.089343495675360529e+01 1.089343495675336904e+01 1.089343495675262297e+01 1.089343495675026396e+01 1.089343495674279971e+01 1.089343495671919548e+01 1.089343495664455652e+01 1.089343495640852488e+01
1.089283272251373624e+01 1.089283272251372914e+01 1.089283272251370782e+01 1.089283272251364210e+01 1.089283272251343071e+01 1.089283272251276102e+01 1.089283272251064361e+01 1.089283272250395029e+01 1.089283272248278500e+01 1.089283272241585010e+01 1.089283272220418652e+01
1.089209559384268466e+01 1.089209559384267934e+01 1.089209559384265980e+01 1.089209559384260118e+01 1.089209559384241466e+01 1.089209559384182313e+01 1.089209559383995085e+01 1.089209559383403558e+01 1.089209559381532522e+01 1.089209559375615832e+01 1.089209559356905466e+01
