6.721932285586376565e+00 6.721932285586379230e+00 6.721932285586388112e+00 6.721932285586417422e+00 6.721932285586508016e+00 6.721932285586794897e+00 6.721932285587703504e+00 6.721932285590574985e+00 6.721932285599654833e+00 6.721932285628370529e+00 6.721932285719175226e+00
6.768247643965363380e+00 6.768247643965364269e+00 6.768247643965369598e+00 6.768247643965384697e+00 6.768247643965433546e+00 6.768247643965586313e+00 6.768247643966072147e+00 6.768247643967605143e+00 6.768247643972455485e+00 6.768247643987791662e+00 6.768247644036288868e+00
6.808383258371439872e+00 6.808383258371438984e+00 6.808383258371438984e+00 6.808383258371438984e+00 6.808383258371438096e+00 6.808383258371435431e+00 6.808383258371427438e+00 6.808383258371402569e+00 6.808383258371322633e+00 6.808383258371071278e+00 6.808383258370274582e+00
6.842853996941703265e+00 6.842853996941701489e+00 6.842853996941695272e+00 6.842853996941677508e+00 6.842853996941621553e+00 6.842853996941442141e+00 6.842853996940874595e+00 6.842853996939082251e+00 6.842853996933412120e+00 6.842853996915482462e+00 6.842853996858783816e+00
6.872202172081660621e+00 6.872202172081656180e+00 6.872202172081644633e+00 6.872202172081607330e+00 6.872202172081488314e+00 6.872202172081113503e+00 6.872202172079928673e+00 6.872202172076181448e+00 6.872202172064332260e+00 6.872202172026860012e+00 6.872202171908361912e+00
6.896977795016441704e+00 6.896977795016435486e+00 6.896977795016416835e+00 6.896977795016358215e+00 6.896977795016173474e+00 6.896977795015588164e+00 6.896977795013736312e+00 6.896977795007879664e+00 6.896977794989360255e+00 6.896977794930796435e+00 6.896977794745603241e+00
6.917721850230264202e+00 6.917721850230256209e+00 6.917721850230230451e+00 6.917721850230149627e+00 6.917721850229894720e+00 6.917721850229086478e+00 6.917721850226530300e+00 6.917721850218448765e+00 6.917721850192891431e+00 6.917721850112072524e+00 6.917721849856500960e+00
6.934952855230429591e+00 6.934952855230418933e+00 6.934952855230386071e+00 6.934952855230282154e+00 6.934952855229954416e+00 6.934952855228916135e+00 6.934952855225633428e+00 6.934952855215251510e+00 6.934952855182422660e+00 6.934952855078608813e+00 6.934952854750321194e+00
6.949156736804376067e+00 6.949156736804362744e+00 6.949156736804322776e+00 6.949156736804195766e+00 6.949156736803793422e+00 6.949156736802522438e+00 6.949156736798503431e+00 6.949156736785791821e+00 6.949156736745595531e+00 6.949156736618482988e+00 6.949156736216516528e+00
6.960779867141114963e+00 6.960779867141100752e+00 6.960779867141052790e+00 6.960779867140902688e+00 6.960779867140427513e+00 6.960779867138923827e+00 6.960779867134171184e+00 6.960779867119141429e+00 6.960779867071613225e+00 6.960779866921316561e+00 6.960779866446036301e+00
6.970224959741891269e+00 6.970224959741873505e+00 6.970224959741819326e+00 6.970224959741646131e+00 6.970224959741099013e+00 6.970224959739368842e+00 6.970224959733898551e+00 6.970224959716600388e+00 6.970224959661896591e+00 6.970224959488910521e+00 6.970224958941878768e+00
