3.661412468505062190e+00 3.661412468505062190e+00 3.661412468505062190e+00 3.661412468505062190e+00 3.661412468505062190e+00 3.661412468505062190e+00 3.661412468505062190e+00 3.661412468505062190e+00 3.661412468505062190e+00 3.661412468505062634e+00 3.661412468505064410e+00
3.532393863999016670e+00 3.532393863999016670e+00 3.532393863999016670e+00 3.532393863999016670e+00 3.532393863999016670e+00 3.532393863999016670e+00 3.532393863999016670e+00 3.532393863999016670e+00 3.532393863999016670e+00 3.532393863999017558e+00 3.532393863999018890e+00
3.403276749244200428e+00 3.403276749244200428e+00 3.403276749244200428e+00 3.403276749244200428e+00 3.403276749244200428e+00 3.403276749244199983e+00 3.403276749244200428e+00 3.403276749244200428e+00 3.403276749244200428e+00 3.403276749244201316e+00 3.403276749244202648e+00
3.274030566319988012e+00 3.274030566319988012e+00 3.274030566319988012e+00 3.274030566319988012e+00 3.274030566319988012e+00 3.274030566319988012e+00 3.274030566319988012e+00 3.274030566319988012e+00 3.274030566319988012e+00 3.274030566319988456e+00 3.274030566319990232e+00
3.144613218426080881e+00 3.144613218426080881e+00 3.144613218426080881e+00 3.144613218426080881e+00 3.144613218426080881e+00 3.144613218426080881e+00 3.144613218426080881e+00 3.144613218426080881e+00 3.144613218426080881e+00 3.144613218426081325e+00 3.144613218426083101e+00
3.014969153224472898e+00 3.014969153224472898e+00 3.014969153224472898e+00 3.014969153224472898e+00 3.014969153224472898e+00 3.014969153224472898e+00 3.014969153224472898e+00 3.014969153224472898e+00 3.014969153224473342e+00 3.014969153224473342e+00 3.014969153224475118e+00
2.885023654651812208e+00 2.885023654651812208e+00 2.885023654651812208e+00 2.885023654651812208e+00 2.885023654651812208e+00 2.885023654651812208e+00 2.885023654651812208e+00 2.885023654651812208e+00 2.885023654651812652e+00 2.885023654651813096e+00 2.885023654651814429e+00
2.754677443433553474e+00 2.754677443433553474e+00 2.754677443433553474e+00 2.754677443433553474e+00 2.754677443433553474e+00 2.754677443433553474e+00 2.754677443433553474e+00 2.754677443433553474e+00 2.754677443433553474e+00 2.754677443433553918e+00 2.754677443433555251e+00
2.623796808221584786e+00 2.623796808221584786e+00 2.623796808221584786e+00 2.623796808221584786e+00 2.623796808221584786e+00 2.623796808221584786e+00 2.623796808221584786e+00 2.623796808221584786e+00 2.623796808221584786e+00 2.623796808221585231e+00 2.623796808221587007e+00
2.492200777557469937e+00 2.492200777557469937e+00 2.492200777557469937e+00 2.492200777557469937e+00 2.492200777557469937e+00 2.492200777557469937e+00 2.492200777557469937e+00 2.492200777557469937e+00 2.492200777557469937e+00 2.492200777557470381e+00 2.492200777557471714e+00
2.359650121796687205e+00 2.359650121796687205e+00 2.359650121796687205e+00 2.359650121796687205e+00 2.359650121796687205e+00 2.359650121796687205e+00 2.359650121796687205e+00 2.359650121796687205e+00 2.359650121796687205e+00 2.359650121796687650e+00 2.359650121796688982e+00
