1.157824614371333283e+01 1.157824740607431657e+01 1.157825139785036228e+01 1.157826401927992954e+01 1.157830391260914560e+01 1.157842980085914952e+01 1.157882321500109413e+01 1.157999555003050673e+01 1.158312120090749175e+01 1.159007848918573202e+01 1.160125703712211553e+01
1.163942119795234476e+01 1.163942263309504277e+01 1.163942717116349712e+01 1.163944151915849545e+01 1.163948686118581399e+01 1.163962982054066231e+01 1.164007449711483666e+01 1.164137668339928666e+01 1.164472604227368535e+01 1.165166190510904443e+01 1.166106093854620696e+01
1.169467693942269904e+01 1.169467858098486346e+01 1.169468377165929773e+01 1.169470018179444715e+01 1.169475202642357203e+01 1.169491528451213469e+01 1.169541977535174482e+01 1.169686458259335815e+01 1.170041447575084881e+01 1.170708165680620993e+01 1.171392436737959564e+01
1.174435655216214514e+01 1.174435843914050892e+01 1.174436440564181439e+01 1.174438326653869602e+01 1.174444283042060277e+01 1.174463005677139549e+01 1.174520332141548629e+01 1.174679882396428177e+01 1.175049168696698132e+01 1.175653151658107554e+01 1.175994506032604114e+01
1.178883406843588411e+01 1.178883624572573474e+01 1.178884312986132343e+01 1.178886488820704059e+01 1.178893356307017726e+01 1.178914885695911074e+01 1.178979967623126335e+01 1.179154520513423776e+01 1.179527433094900246e+01 1.180020805430102193e+01 1.179931359599899388e+01
1.182849978750447484e+01 1.182850230636558564e+01 1.182851026995686539e+01 1.182853543452229950e+01 1.182861479380814096e+01 1.182886261883276902e+01 1.182959858272013598e+01 1.183147888309678741e+01 1.183507233213265231e+01 1.183831335236567384e+01 1.183234606558130508e+01
1.186374821432953119e+01 1.186375113271292392e+01 1.186376035855098188e+01 1.186378950237032726e+01 1.186388129772728917e+01 1.186416632641864943e+01 1.186499219990118803e+01 1.186696950909212767e+01 1.187017621509264309e+01 1.187107214341358663e+01 1.185950224144918153e+01
1.189496850967950436e+01 1.189497189232336005e+01 1.189498258434132616e+01 1.189501634382858164e+01 1.189512248456045995e+01 1.189544929651198935e+01 1.189636451826044450e+01 1.189836869088694549e+01 1.190085273524280218e+01 1.189875853819890317e+01 1.188137594879440151e+01
1.192253726132446090e+01 1.192254117949190473e+01 1.192255356171573588e+01 1.192259263093271215e+01 1.192271513569440522e+01 1.192308768523501961e+01 1.192408273495497539e+01 1.192600041280683776e+01 1.192735099960229306e+01 1.192172129784528245e+01 1.189865616459342768e+01
1.194681328852593793e+01 1.194681781920952623e+01 1.194683213287453150e+01 1.194687725035143799e+01 1.194701815456475735e+01 1.194743888968579348e+01 1.194849032693261215e+01 1.195015556330690742e+01 1.194991878183676270e+01 1.194039463093627695e+01 1.191207027058067069e+01
1.196813415537534375e+01 1.196813937972975950e+01 1.196815587771287781e+01 1.196820780204986612e+01 1.196836899580116587e+01 1.196883747465848558e+01 1.196990169884191069e+01 1.197109212765823649e+01 1.196882442563924442e+01 1.195528677020974229e+01 1.192232663988878549e+01
