9.446194999736594156e+00 9.446185200217334099e+00 9.446154315431591897e+00 9.446057553046077970e+00 9.445758630269303069e+00 9.444863255428215254e+00 9.442341681749825355e+00 9.435954896005439352e+00 9.422009707102553477e+00 9.396102446195508051e+00 9.354059951424318342e+00
9.445884126822935656e+00 9.445875321983608686e+00 9.445847502361447212e+00 9.445759767175832877e+00 9.445484729781318478e+00 9.444639254894159563e+00 9.442186373995788529e+00 9.435860972222931409e+00 9.421957186449422039e+00 9.396073547288724015e+00 9.354043786144117689e+00
9.445793298825401862e+00 9.445784643520260815e+00 9.445757294190789466e+00 9.445671020422429009e+00 9.445400347501953675e+00 9.444566256593661890e+00 9.442133584857506534e+00 9.435828683344876566e+00 9.421939104067568849e+00 9.396063603877800929e+00 9.354038232857334378e+00
9.445676769372926884e+00 9.445668283592407732e+00 9.445641467827970317e+00 9.445556856123031864e+00 9.445291187145707923e+00 9.444470505100689195e+00 9.442063155265227437e+00 9.435785328541395955e+00 9.421914796443424223e+00 9.396050235761274294e+00 9.354030767973096516e+00
9.445527587994613228e+00 9.445519293736614586e+00 9.445493081169075822e+00 9.445410352399333576e+00 9.445150392075525758e+00 9.444345372029358643e+00 9.441969399299503962e+00 9.435727144982603676e+00 9.421882123362749439e+00 9.396032263309626487e+00 9.354020732939529736e+00
9.445337048857556539e+00 9.445328970123592072e+00 9.445303436733793134e+00 9.445222831979135591e+00 9.444969350332975466e+00 9.444182473639237685e+00 9.441844928209976118e+00 9.435649113854609027e+00 9.421838211625221504e+00 9.396008100927746298e+00 9.354007242324549054e+00
9.445094294895794107e+00 9.445086457612424269e+00 9.445061685483306491e+00 9.444983465266808764e+00 9.444737295352975792e+00 9.443971264339682037e+00 9.441680210020386710e+00 9.435544559086812555e+00 9.421779206328601219e+00 9.395975617694301008e+00 9.353989105711871588e+00
9.444785850447525277e+00 9.444778282291171223e+00 9.444754359055259840e+00 9.444678801610445262e+00 9.444440834164655740e+00 9.443698555362297853e+00 9.441463045340709570e+00 9.435404631065519965e+00 9.421699939625881370e+00 9.395931950456018811e+00 9.353964722768653317e+00
9.444395076079871387e+00 9.444387806181694600e+00 9.444364824088983923e+00 9.444292222423859684e+00 9.444063396685542955e+00 9.443347951963737330e+00 9.441177953289454194e+00 9.435217651587230137e+00 9.421593491081081240e+00 9.395873253407241776e+00 9.353931942325106164e+00
9.443901540932575500e+00 9.443894599440636028e+00 9.443872653974731080e+00 9.443803311502492193e+00 9.443584601461330053e+00 9.442899204485453168e+00 9.440805463566844580e+00 9.434968297341868038e+00 9.421450606750527257e+00 9.395794362975754765e+00 9.353887873197617608e+00
9.443280311189251819e+00 9.443273728668257760e+00 9.443252916648148698e+00 9.443187141184379740e+00 9.442979536594508616e+00 9.442327472260698684e+00 9.440321314570132571e+00 9.434636604892972400e+00 9.421258936367561176e+00 9.395688350192262561e+00 9.353828630416202827e+00
