7.853623252275153455e+00 7.853623252275153455e+00 7.853623252275154343e+00 7.853623252275154343e+00 7.853623252275154343e+00 7.853623252275157007e+00 7.853623252275164113e+00 7.853623252275186317e+00 7.853623252275256483e+00 7.853623252275478528e+00 7.853623252276179301e+00
7.979511138929065162e+00 7.979511138929065162e+00 7.979511138929065162e+00 7.979511138929065162e+00 7.979511138929066050e+00 7.979511138929068714e+00 7.979511138929075820e+00 7.979511138929098024e+00 7.979511138929169967e+00 7.979511138929397340e+00 7.979511138930114988e+00
8.101682947999261586e+00 8.101682947999261586e+00 8.101682947999261586e+00 8.101682947999261586e+00 8.101682947999263362e+00 8.101682947999265139e+00 8.101682947999272244e+00 8.101682947999295337e+00 8.101682947999369944e+00 8.101682947999604423e+00 8.101682948000343387e+00
8.219514035714043487e+00 8.219514035714043487e+00 8.219514035714043487e+00 8.219514035714043487e+00 8.219514035714043487e+00 8.219514035714047040e+00 8.219514035714054145e+00 8.219514035714079014e+00 8.219514035714155398e+00 8.219514035714396982e+00 8.219514035715162592e+00
8.332399368782922977e+00 8.332399368782922977e+00 8.332399368782922977e+00 8.332399368782922977e+00 8.332399368782924753e+00 8.332399368782926530e+00 8.332399368782935412e+00 8.332399368782960281e+00 8.332399368783040217e+00 8.332399368783292459e+00 8.332399368784091820e+00
8.439787571064481853e+00 8.439787571064481853e+00 8.439787571064481853e+00 8.439787571064481853e+00 8.439787571064483629e+00 8.439787571064485405e+00 8.439787571064494287e+00 8.439787571064520932e+00 8.439787571064604421e+00 8.439787571064870875e+00 8.439787571065709315e+00
8.541211333457091825e+00 8.541211333457091825e+00 8.541211333457091825e+00 8.541211333457091825e+00 8.541211333457091825e+00 8.541211333457095378e+00 8.541211333457104260e+00 8.541211333457132682e+00 8.541211333457221500e+00 8.541211333457502164e+00 8.541211333458390342e+00
8.636310395946781071e+00 8.636310395946781071e+00 8.636310395946781071e+00 8.636310395946782847e+00 8.636310395946782847e+00 8.636310395946786400e+00 8.636310395946795282e+00 8.636310395946825480e+00 8.636310395946919627e+00 8.636310395947219831e+00 8.636310395948166629e+00
8.724844907653613646e+00 8.724844907653615422e+00 8.724844907653615422e+00 8.724844907653615422e+00 8.724844907653615422e+00 8.724844907653618975e+00 8.724844907653629633e+00 8.724844907653661608e+00 8.724844907653762860e+00 8.724844907654082604e+00 8.724844907655096904e+00
8.806698791954408634e+00 8.806698791954408634e+00 8.806698791954408634e+00 8.806698791954408634e+00 8.806698791954410410e+00 8.806698791954413963e+00 8.806698791954424621e+00 8.806698791954458372e+00 8.806698791954568506e+00 8.806698791954913119e+00 8.806698791956003802e+00
8.881874278949359436e+00 8.881874278949359436e+00 8.881874278949359436e+00 8.881874278949359436e+00 8.881874278949361212e+00 8.881874278949364765e+00 8.881874278949377199e+00 8.881874278949414503e+00 8.881874278949531742e+00 8.881874278949903001e+00 8.881874278951078949e+00
