-1.539204602682533221e+02 -1.539204602682533221e+02 -1.539204602682533221e+02 -1.539204602682533221e+02 -1.539204602682533221e+02 -1.539204602682533221e+02 -1.539204602682533221e+02 -1.539204602682533221e+02 -1.539204602682533221e+02 -1.539204602682533221e+02 -1.539204602682533221e+02
-1.539205674896460607e+02 -1.539205674896460607e+02 -1.539205674896460607e+02 -1.539205674896460607e+02 -1.539205674896460607e+02 -1.539205674896460607e+02 -1.539205674896460607e+02 -1.539205674896460607e+02 -1.539205674896460607e+02 -1.539205674896460607e+02 -1.539205674896460607e+02
-1.539207087616952379e+02 -1.539207087616952379e+02 -1.539207087616952379e+02 -1.539207087616952379e+02 -1.539207087616952379e+02 -1.539207087616952379e+02 -1.539207087616952379e+02 -1.539207087616952379e+02 -1.539207087616952379e+02 -1.539207087616952379e+02 -1.539207087616952379e+02
-1.539208940328088602e+02 -1.539208940328088602e+02 -1.539208940328088602e+02 -1.539208940328088602e+02 -1.539208940328088602e+02 -1.539208940328088602e+02 -1.539208940328088602e+02 -1.539208940328088602e+02 -1.539208940328088602e+02 -1.539208940328088602e+02 -1.539208940328088602e+02
-1.539211354296909633e+02 -1.539211354296909633e+02 -1.539211354296909633e+02 -1.539211354296909633e+02 -1.539211354296909633e+02 -1.539211354296909633e+02 -1.539211354296909633e+02 -1.539211354296909633e+02 -1.539211354296909633e+02 -1.539211354296909633e+02 -1.539211354296909633e+02
-1.539214486918527030e+02 -1.539214486918527030e+02 -1.539214486918527030e+02 -1.539214486918527030e+02 -1.539214486918527030e+02 -1.539214486918527030e+02 -1.539214486918527030e+02 -1.539214486918527030e+02 -1.539214486918527030e+02 -1.539214486918527030e+02 -1.539214486918527030e+02
-1.539218547991945343e+02 -1.539218547991945343e+02 -1.539218547991945343e+02 -1.539218547991945343e+02 -1.539218547991945343e+02 -1.539218547991945343e+02 -1.539218547991945343e+02 -1.539218547991945343e+02 -1.539218547991945343e+02 -1.539218547991945343e+02 -1.539218547991945343e+02
-1.539223782275230690e+02 -1.539223782275230690e+02 -1.539223782275230690e+02 -1.539223782275230690e+02 -1.539223782275230690e+02 -1.539223782275230690e+02 -1.539223782275230690e+02 -1.539223782275230690e+02 -1.539223782275230690e+02 -1.539223782275230690e+02 -1.539223782275230690e+02
-1.539230485271583291e+02 -1.539230485271583291e+02 -1.539230485271583291e+02 -1.539230485271583291e+02 -1.539230485271583291e+02 -1.539230485271583291e+02 -1.539230485271583291e+02 -1.539230485271583291e+02 -1.539230485271583291e+02 -1.539230485271583291e+02 -1.539230485271583291e+02
-1.539239121750206607e+02 -1.539239121750206607e+02 -1.539239121750206607e+02 -1.539239121750206607e+02 -1.539239121750206607e+02 -1.539239121750206607e+02 -1.539239121750206607e+02 -1.539239121750206607e+02 -1.539239121750206607e+02 -1.539239121750206607e+02 -1.539239121750206607e+02
-1.539250114461607097e+02 -1.539250114461607097e+02 -1.539250114461607097e+02 -1.539250114461607097e+02 -1.539250114461607097e+02 -1.539250114461607097e+02 -1.539250114461607097e+02 -1.539250114461607097e+02 -1.539250114461607097e+02 -1.539250114461607097e+02 -1.539250114461607097e+02
