-3.462709734427416031e+00 -3.462709734427416031e+00 -3.462709734427416031e+00 -3.462709734427416031e+00 -3.462709734427416031e+00 -3.462709734427416031e+00 -3.462709734427416031e+00 -3.462709734427416031e+00 -3.462709734427416031e+00 -3.462709734427416031e+00 -3.462709734427416031e+00
-3.658640736684301231e+00 -3.658640736684301231e+00 -3.658640736684301231e+00 -3.658640736684301231e+00 -3.658640736684301231e+00 -3.658640736684301231e+00 -3.658640736684301231e+00 -3.658640736684301231e+00 -3.658640736684301231e+00 -3.658640736684301231e+00 -3.658640736684301231e+00
-3.873132074409611825e+00 -3.873132074409611825e+00 -3.873132074409611825e+00 -3.873132074409611825e+00 -3.873132074409611825e+00 -3.873132074409611825e+00 -3.873132074409611825e+00 -3.873132074409611825e+00 -3.873132074409611825e+00 -3.873132074409611825e+00 -3.873132074409611825e+00
-4.116545849529500423e+00 -4.116545849529500423e+00 -4.116545849529500423e+00 -4.116545849529500423e+00 -4.116545849529500423e+00 -4.116545849529500423e+00 -4.116545849529500423e+00 -4.116545849529500423e+00 -4.116545849529500423e+00 -4.116545849529500423e+00 -4.116545849529500423e+00
-4.390902818204254210e+00 -4.390902818204254210e+00 -4.390902818204254210e+00 -4.390902818204254210e+00 -4.390902818204254210e+00 -4.390902818204254210e+00 -4.390902818204254210e+00 -4.390902818204254210e+00 -4.390902818204254210e+00 -4.390902818204254210e+00 -4.390902818204254210e+00
-4.715996602105467339e+00 -4.715996602105467339e+00 -4.715996602105467339e+00 -4.715996602105467339e+00 -4.715996602105467339e+00 -4.715996602105467339e+00 -4.715996602105467339e+00 -4.715996602105467339e+00 -4.715996602105467339e+00 -4.715996602105467339e+00 -4.715996602105467339e+00
-5.110456378556737178e+00 -5.110456378556737178e+00 -5.110456378556737178e+00 -5.110456378556737178e+00 -5.110456378556737178e+00 -5.110456378556737178e+00 -5.110456378556737178e+00 -5.110456378556737178e+00 -5.110456378556737178e+00 -5.110456378556737178e+00 -5.110456378556736290e+00
-5.600728234051446819e+00 -5.600728234051446819e+00 -5.600728234051446819e+00 -5.600728234051446819e+00 -5.600728234051446819e+00 -5.600728234051446819e+00 -5.600728234051446819e+00 -5.600728234051446819e+00 -5.600728234051446819e+00 -5.600728234051446819e+00 -5.600728234051445931e+00
-6.228032328960779296e+00 -6.228032328960779296e+00 -6.228032328960779296e+00 -6.228032328960779296e+00 -6.228032328960779296e+00 -6.228032328960779296e+00 -6.228032328960779296e+00 -6.228032328960779296e+00 -6.228032328960779296e+00 -6.228032328960779296e+00 -6.228032328960778408e+00
-7.083918368555996103e+00 -7.083918368555996103e+00 -7.083918368555996103e+00 -7.083918368555996103e+00 -7.083918368555996103e+00 -7.083918368555996103e+00 -7.083918368555996103e+00 -7.083918368555996103e+00 -7.083918368555996103e+00 -7.083918368555995215e+00 -7.083918368555994327e+00
-8.205096347421166669e+00 -8.205096347421166669e+00 -8.205096347421166669e+00 -8.205096347421166669e+00 -8.205096347421166669e+00 -8.205096347421166669e+00 -8.205096347421164893e+00 -8.205096347421164893e+00 -8.205096347421164893e+00 -8.205096347421161340e+00 -8.205096347421152458e+00
