7.176283354294333172e+00 7.176283354294271888e+00 7.176283354294076489e+00 7.176283354293460981e+00 7.176283354291512318e+00 7.176283354285350136e+00 7.176283354265866166e+00 7.176283354204250564e+00 7.176283354009404647e+00 7.176283353393247744e+00 7.176283351444789460e+00
7.176110166551236347e+00 7.176110166551175062e+00 7.176110166550982328e+00 7.176110166550373926e+00 7.176110166548447467e+00 7.176110166542357227e+00 7.176110166523097966e+00 7.176110166462193796e+00 7.176110166269599411e+00 7.176110165660563034e+00 7.176110163734620073e+00
7.175887403156099076e+00 7.175887403156038680e+00 7.175887403155848610e+00 7.175887403155247313e+00 7.175887403153347499e+00 7.175887403147338084e+00 7.175887403128335507e+00 7.175887403068244019e+00 7.175887402878217358e+00 7.175887402277299820e+00 7.175887400377032321e+00
7.175601426811155648e+00 7.175601426811096140e+00 7.175601426810909622e+00 7.175601426810317207e+00 7.175601426808446703e+00 7.175601426802529659e+00 7.175601426783819292e+00 7.175601426724651510e+00 7.175601426537546068e+00 7.175601425945866474e+00 7.175601424074811163e+00
7.175235062517477225e+00 7.175235062517419493e+00 7.175235062517235640e+00 7.175235062516654772e+00 7.175235062514816242e+00 7.175235062509004891e+00 7.175235062490625815e+00 7.175235062432506083e+00 7.175235062248715323e+00 7.175235061667518011e+00 7.175235059829611295e+00
7.174766761210596755e+00 7.174766761210539912e+00 7.174766761210359611e+00 7.174766761209790289e+00 7.174766761207989951e+00 7.174766761202296728e+00 7.174766761184292463e+00 7.174766761127358450e+00 7.174766760947318467e+00 7.174766760377980113e+00 7.174766758577574066e+00
7.174169596284581729e+00 7.174169596284525774e+00 7.174169596284349915e+00 7.174169596283793915e+00 7.174169596282036210e+00 7.174169596276476213e+00 7.174169596258894721e+00 7.174169596203298305e+00 7.174169596027486051e+00 7.174169595471518335e+00 7.174169593713395798e+00
7.173410074322560170e+00 7.173410074322505992e+00 7.173410074322334573e+00 7.173410074321793672e+00 7.173410074320083041e+00 7.173410074314674034e+00 7.173410074297566830e+00 7.173410074243472323e+00 7.173410074072409159e+00 7.173410073531460540e+00 7.173410071820828904e+00
7.172446736254859623e+00 7.172446736254807220e+00 7.172446736254642019e+00 7.172446736254117994e+00 7.172446736252459765e+00 7.172446736247218624e+00 7.172446736230643438e+00 7.172446736178228477e+00 7.172446736012476620e+00 7.172446735488323455e+00 7.172446733830807553e+00
7.171228535792224079e+00 7.171228535792173453e+00 7.171228535792013581e+00 7.171228535791508207e+00 7.171228535789909486e+00 7.171228535784854863e+00 7.171228535768871204e+00 7.171228535718324970e+00 7.171228535558485717e+00 7.171228535053026931e+00 7.171228533454628185e+00
7.169692985849593470e+00 7.169692985849545508e+00 7.169692985849391853e+00 7.169692985848906908e+00 7.169692985847373912e+00 7.169692985842526234e+00 7.169692985827197163e+00 7.169692985778720384e+00 7.169692985625425230e+00 7.169692985140661889e+00 7.169692983607706793e+00
