6.790168084419827998e+00 6.790168084419827998e+00 6.790168084419827998e+00 6.790168084419827998e+00 6.790168084419827998e+00 6.790168084419827998e+00 6.790168084419827998e+00 6.790168084419827998e+00 6.790168084419827998e+00 6.790168084419828887e+00 6.790168084419831551e+00
6.730040194221842853e+00 6.730040194221842853e+00 6.730040194221842853e+00 6.730040194221842853e+00 6.730040194221842853e+00 6.730040194221842853e+00 6.730040194221842853e+00 6.730040194221842853e+00 6.730040194221842853e+00 6.730040194221843741e+00 6.730040194221846406e+00
6.663654486730269610e+00 6.663654486730269610e+00 6.663654486730269610e+00 6.663654486730269610e+00 6.663654486730269610e+00 6.663654486730269610e+00 6.663654486730269610e+00 6.663654486730269610e+00 6.663654486730269610e+00 6.663654486730271387e+00 6.663654486730274051e+00
6.590943059302977858e+00 6.590943059302977858e+00 6.590943059302977858e+00 6.590943059302977858e+00 6.590943059302977858e+00 6.590943059302977858e+00 6.590943059302977858e+00 6.590943059302977858e+00 6.590943059302977858e+00 6.590943059302979634e+00 6.590943059302982299e+00
6.511939799085857850e+00 6.511939799085857850e+00 6.511939799085857850e+00 6.511939799085857850e+00 6.511939799085857850e+00 6.511939799085857850e+00 6.511939799085857850e+00 6.511939799085858738e+00 6.511939799085858738e+00 6.511939799085859626e+00 6.511939799085863179e+00
6.426785575732282929e+00 6.426785575732282929e+00 6.426785575732282929e+00 6.426785575732282929e+00 6.426785575732282929e+00 6.426785575732282929e+00 6.426785575732282929e+00 6.426785575732283817e+00 6.426785575732283817e+00 6.426785575732284705e+00 6.426785575732288258e+00
6.335727674730742720e+00 6.335727674730742720e+00 6.335727674730742720e+00 6.335727674730742720e+00 6.335727674730742720e+00 6.335727674730742720e+00 6.335727674730742720e+00 6.335727674730742720e+00 6.335727674730743608e+00 6.335727674730744496e+00 6.335727674730748049e+00
6.239112558466871405e+00 6.239112558466871405e+00 6.239112558466871405e+00 6.239112558466871405e+00 6.239112558466871405e+00 6.239112558466871405e+00 6.239112558466871405e+00 6.239112558466871405e+00 6.239112558466871405e+00 6.239112558466873182e+00 6.239112558466876735e+00
6.137371744715096611e+00 6.137371744715096611e+00 6.137371744715096611e+00 6.137371744715096611e+00 6.137371744715096611e+00 6.137371744715096611e+00 6.137371744715096611e+00 6.137371744715096611e+00 6.137371744715097499e+00 6.137371744715098387e+00 6.137371744715101940e+00
6.031001562302168217e+00 6.031001562302168217e+00 6.031001562302168217e+00 6.031001562302168217e+00 6.031001562302168217e+00 6.031001562302168217e+00 6.031001562302168217e+00 6.031001562302168217e+00 6.031001562302169106e+00 6.031001562302169994e+00 6.031001562302173546e+00
5.920538560455698374e+00 5.920538560455698374e+00 5.920538560455698374e+00 5.920538560455698374e+00 5.920538560455698374e+00 5.920538560455698374e+00 5.920538560455698374e+00 5.920538560455698374e+00 5.920538560455699262e+00 5.920538560455700150e+00 5.920538560455703703e+00
