1.360078860569397641e+01 1.360078860569402970e+01 1.360078860569419668e+01 1.360078860569472425e+01 1.360078860569639758e+01 1.360078860570168580e+01 1.360078860571840842e+01 1.360078860577128879e+01 1.360078860593851324e+01 1.360078860646731691e+01 1.360078860813947266e+01
1.359965733238980512e+01 1.359965733238986019e+01 1.359965733239003605e+01 1.359965733239059027e+01 1.359965733239234531e+01 1.359965733239789287e+01 1.359965733241543617e+01 1.359965733247091357e+01 1.359965733264634657e+01 1.359965733320110992e+01 1.359965733495538309e+01
1.359835013493841771e+01 1.359835013493847278e+01 1.359835013493864864e+01 1.359835013493920286e+01 1.359835013494095968e+01 1.359835013494651434e+01 1.359835013496407718e+01 1.359835013501961498e+01 1.359835013519523983e+01 1.359835013575061780e+01 1.359835013750684496e+01
1.359684082477436284e+01 1.359684082477441613e+01 1.359684082477458666e+01 1.359684082477512490e+01 1.359684082477682843e+01 1.359684082478221434e+01 1.359684082479924427e+01 1.359684082485309631e+01 1.359684082502339209e+01 1.359684082556191242e+01 1.359684082726484888e+01
1.359509947203155633e+01 1.359509947203160785e+01 1.359509947203176772e+01 1.359509947203227931e+01 1.359509947203389224e+01 1.359509947203899571e+01 1.359509947205513036e+01 1.359509947210615444e+01 1.359509947226750803e+01 1.359509947277774877e+01 1.359509947439126165e+01
1.359309192081810558e+01 1.359309192081815354e+01 1.359309192081830275e+01 1.359309192081877882e+01 1.359309192082027984e+01 1.359309192082503159e+01 1.359309192084005424e+01 1.359309192088756113e+01 1.359309192103779473e+01 1.359309192151287071e+01 1.359309192301518721e+01
1.359077925316147883e+01 1.359077925316152324e+01 1.359077925316166002e+01 1.359077925316209701e+01 1.359077925316347724e+01 1.359077925316783997e+01 1.359077925318163871e+01 1.359077925322527491e+01 1.359077925336326409e+01 1.359077925379962437e+01 1.359077925517951080e+01
1.358811719968674936e+01 1.358811719968678844e+01 1.358811719968691456e+01 1.358811719968731069e+01 1.358811719968856480e+01 1.358811719969252962e+01 1.358811719970506715e+01 1.358811719974471544e+01 1.358811719987009248e+01 1.358811720026656999e+01 1.358811720152034042e+01
1.358505549323606054e+01 1.358505549323609785e+01 1.358505549323620976e+01 1.358505549323656680e+01 1.358505549323769657e+01 1.358505549324126704e+01 1.358505549325255934e+01 1.358505549328826767e+01 1.358505549340118890e+01 1.358505549375827393e+01 1.358505549488747555e+01
1.358153716526833499e+01 1.358153716526836696e+01 1.358153716526846821e+01 1.358153716526878618e+01 1.358153716526979693e+01 1.358153716527298904e+01 1.358153716528308586e+01 1.358153716531501409e+01 1.358153716541598044e+01 1.358153716573526459e+01 1.358153716674492806e+01
1.357749778380447481e+01 1.357749778380450145e+01 1.357749778380459205e+01 1.357749778380487626e+01 1.357749778380577332e+01 1.357749778380861017e+01 1.357749778381758432e+01 1.357749778384595984e+01 1.357749778393569429e+01 1.357749778421945486e+01 1.357749778511678862e+01
