1.242945907347965750e+01 1.242945907347965750e+01 1.242945907347966106e+01 1.242945907347966639e+01 1.242945907347968770e+01 1.242945907347975520e+01 1.242945907347996837e+01 1.242945907348064161e+01 1.242945907348277146e+01 1.242945907348950740e+01 1.242945907351080770e+01
1.232535473346493404e+01 1.232535473346493404e+01 1.232535473346493582e+01 1.232535473346494292e+01 1.232535473346496246e+01 1.232535473346502641e+01 1.232535473346523069e+01 1.232535473346587196e+01 1.232535473346789878e+01 1.232535473347431321e+01 1.232535473349459387e+01
1.221710696696146314e+01 1.221710696696146314e+01 1.221710696696146492e+01 1.221710696696147203e+01 1.221710696696149157e+01 1.221710696696155374e+01 1.221710696696174736e+01 1.221710696696236198e+01 1.221710696696430887e+01 1.221710696697046039e+01 1.221710696698991327e+01
1.210517919769601569e+01 1.210517919769601569e+01 1.210517919769601747e+01 1.210517919769602457e+01 1.210517919769604234e+01 1.210517919769610273e+01 1.210517919769628925e+01 1.210517919769688433e+01 1.210517919769876194e+01 1.210517919770470208e+01 1.210517919772348705e+01
1.199005068284797026e+01 1.199005068284797204e+01 1.199005068284797382e+01 1.199005068284797915e+01 1.199005068284799691e+01 1.199005068284805553e+01 1.199005068284823672e+01 1.199005068284881403e+01 1.199005068285063835e+01 1.199005068285640796e+01 1.199005068287465114e+01
1.187219476929508133e+01 1.187219476929508311e+01 1.187219476929508488e+01 1.187219476929509021e+01 1.187219476929510797e+01 1.187219476929516304e+01 1.187219476929534245e+01 1.187219476929590556e+01 1.187219476929768547e+01 1.187219476930331474e+01 1.187219476932111917e+01
1.175205977713044803e+01 1.175205977713044803e+01 1.175205977713044980e+01 1.175205977713045691e+01 1.175205977713047290e+01 1.175205977713052796e+01 1.175205977713070382e+01 1.175205977713125449e+01 1.175205977713299887e+01 1.175205977713851624e+01 1.175205977715596006e+01
1.163005465253284498e+01 1.163005465253284676e+01 1.163005465253284676e+01 1.163005465253285386e+01 1.163005465253286985e+01 1.163005465253292492e+01 1.163005465253309545e+01 1.163005465253363901e+01 1.163005465253535320e+01 1.163005465254077464e+01 1.163005465255792181e+01
1.150653990992264042e+01 1.150653990992264220e+01 1.150653990992264220e+01 1.150653990992264752e+01 1.150653990992266529e+01 1.150653990992271858e+01 1.150653990992288733e+01 1.150653990992342202e+01 1.150653990992511133e+01 1.150653990993045284e+01 1.150653990994734777e+01
1.138182384003986769e+01 1.138182384003986769e+01 1.138182384003986947e+01 1.138182384003987480e+01 1.138182384003989078e+01 1.138182384003994407e+01 1.138182384004011105e+01 1.138182384004063863e+01 1.138182384004230485e+01 1.138182384004757708e+01 1.138182384006424996e+01
1.125616307846690489e+01 1.125616307846690489e+01 1.125616307846690667e+01 1.125616307846691200e+01 1.125616307846692798e+01 1.125616307846698128e+01 1.125616307846714648e+01 1.125616307846766695e+01 1.125616307846931363e+01 1.125616307847452369e+01 1.125616307849099584e+01
