1.016748433264088547e+01 1.016748433264088547e+01 1.016748433264088547e+01 1.016748433264088547e+01 1.016748433264088547e+01 1.016748433264088547e+01 1.016748433264088547e+01 1.016748433264088547e+01 1.016748433264088547e+01 1.016748433264088547e+01 1.016748433264088547e+01
1.003884829215637353e+01 1.003884829215637353e+01 1.003884829215637353e+01 1.003884829215637353e+01 1.003884829215637353e+01 1.003884829215637353e+01 1.003884829215637353e+01 1.003884829215637353e+01 1.003884829215637353e+01 1.003884829215637353e+01 1.003884829215637353e+01
9.909985793924658282e+00 9.909985793924658282e+00 9.909985793924658282e+00 9.909985793924658282e+00 9.909985793924658282e+00 9.909985793924658282e+00 9.909985793924658282e+00 9.909985793924658282e+00 9.909985793924658282e+00 9.909985793924658282e+00 9.909985793924658282e+00
9.780879063294811715e+00 9.780879063294811715e+00 9.780879063294811715e+00 9.780879063294811715e+00 9.780879063294811715e+00 9.780879063294811715e+00 9.780879063294811715e+00 9.780879063294811715e+00 9.780879063294811715e+00 9.780879063294811715e+00 9.780879063294811715e+00
9.651489365381703323e+00 9.651489365381703323e+00 9.651489365381703323e+00 9.651489365381703323e+00 9.651489365381703323e+00 9.651489365381703323e+00 9.651489365381703323e+00 9.651489365381703323e+00 9.651489365381703323e+00 9.651489365381703323e+00 9.651489365381703323e+00
9.521753485367709047e+00 9.521753485367709047e+00 9.521753485367709047e+00 9.521753485367709047e+00 9.521753485367709047e+00 9.521753485367709047e+00 9.521753485367709047e+00 9.521753485367709047e+00 9.521753485367709047e+00 9.521753485367709047e+00 9.521753485367709047e+00
9.391578153690035791e+00 9.391578153690035791e+00 9.391578153690035791e+00 9.391578153690035791e+00 9.391578153690035791e+00 9.391578153690035791e+00 9.391578153690035791e+00 9.391578153690035791e+00 9.391578153690035791e+00 9.391578153690035791e+00 9.391578153690035791e+00
9.260831942145678397e+00 9.260831942145678397e+00 9.260831942145678397e+00 9.260831942145678397e+00 9.260831942145678397e+00 9.260831942145678397e+00 9.260831942145678397e+00 9.260831942145678397e+00 9.260831942145678397e+00 9.260831942145678397e+00 9.260831942145678397e+00
9.129333975796821932e+00 9.129333975796821932e+00 9.129333975796821932e+00 9.129333975796821932e+00 9.129333975796821932e+00 9.129333975796821932e+00 9.129333975796821932e+00 9.129333975796821932e+00 9.129333975796821932e+00 9.129333975796821932e+00 9.129333975796821932e+00
8.996838589005317743e+00 8.996838589005317743e+00 8.996838589005317743e+00 8.996838589005317743e+00 8.996838589005317743e+00 8.996838589005317743e+00 8.996838589005317743e+00 8.996838589005317743e+00 8.996838589005317743e+00 8.996838589005317743e+00 8.996838589005317743e+00
8.863014802206587106e+00 8.863014802206587106e+00 8.863014802206587106e+00 8.863014802206587106e+00 8.863014802206587106e+00 8.863014802206587106e+00 8.863014802206587106e+00 8.863014802206587106e+00 8.863014802206587106e+00 8.863014802206587106e+00 8.863014802206587106e+00
