4.111841159635426735e+00 4.585594700779191513e+00 5.050522411731008354e+00 5.454371921325242845e+00 5.780468454841391157e+00 6.027872981079314130e+00 6.189455302697700390e+00 6.248270019955059595e+00 6.176967224483565388e+00 5.950955736145421504e+00 5.578350202907826016e+00
4.183466217499014483e+00 4.651288677107299208e+00 5.111445372083432304e+00 5.509699032954388009e+00 5.830602088674650574e+00 6.072741271135839725e+00 6.228363952078200150e+00 6.279766842725736709e+00 6.199166116545201888e+00 5.963050982457142268e+00 5.582613674234976564e+00
4.263963742773735355e+00 4.725559013866174496e+00 5.180227941856629492e+00 5.572143371189461014e+00 5.887160981147602890e+00 6.123286440591425794e+00 6.272053738955632340e+00 6.314894689351874035e+00 6.223602154744250825e+00 5.976056727420056447e+00 5.587033586431104482e+00
4.352487735848225903e+00 4.807689975380803560e+00 5.256158557518902263e+00 5.641058895151576102e+00 5.949546545199063452e+00 6.178941936711101590e+00 6.319975967920189674e+00 6.353117705839072649e+00 6.249785617685430061e+00 5.989616422606416357e+00 5.591452684996287559e+00
4.448146434873257782e+00 4.896877745882760813e+00 5.338443270863781898e+00 5.715726879651993109e+00 6.017091510602313065e+00 6.239076904565608928e+00 6.371522150019211850e+00 6.393848965143269503e+00 6.277195274851400164e+00 6.003371999130579617e+00 5.595729137727446734e+00
4.550061302497368843e+00 4.992284104536249600e+00 5.426262391972543675e+00 5.795405701664265052e+00 6.089105237870222176e+00 6.303037359933268746e+00 6.426061246872921906e+00 6.436484272604396928e+00 6.305308492467363912e+00 6.016986615143030015e+00 5.599746753161862323e+00
4.657403251588456250e+00 5.093074221038898841e+00 5.518812098837459601e+00 5.879366596570768877e+00 6.164906444090745730e+00 6.370175935474124529e+00 6.482966756271166808e+00 6.480427261105260683e+00 6.333624096845128726e+00 6.030162233553070905e+00 5.603420183383049036e+00
4.769411332286154881e+00 5.198441881149026500e+00 5.615332534619826177e+00 5.966917340490373256e+00 6.243845043228045455e+00 6.439871725678711911e+00 6.541634991262093912e+00 6.525106882321886737e+00 6.361678737630253266e+00 6.042650119254993513e+00 5.606695984396904642e+00
4.885399137733208441e+00 5.307625912564447823e+00 5.715124696849370523e+00 6.057416387795115931e+00 6.325315317234728063e+00 6.511542239205580174e+00 6.601496353782768445e+00 6.569988818931466135e+00 6.389057886299037925e+00 6.054256736351895540e+00 5.609550383433184351e+00
5.004753293469276443e+00 5.419921061880381252e+00 5.817558637511909936e+00 6.150279925949114990e+00 6.408762587310346426e+00 6.584649438112331943e+00 6.662021386753885999e+00 6.614582345100343375e+00 6.415402637733026658e+00 6.064845305630542249e+00 5.611984806589480179e+00
5.126927300070410531e+00 5.534685503884348101e+00 5.922075383910318180e+00 6.244983952214474776e+00 6.493685254914988825e+00 6.658701580289909217e+00 6.722723155388217187e+00 6.658443967602165614e+00 6.440413336126205479e+00 6.074334427781273860e+00 5.614020198292132058e+00
