1.180269089142043626e+01 1.180269089142043626e+01 1.180269089142043626e+01 1.180269089142043448e+01 1.180269089142043093e+01 1.180269089142041672e+01 1.180269089142037586e+01 1.180269089142024264e+01 1.180269089141982519e+01 1.180269089141850536e+01 1.180269089141432737e+01
1.180244542406978958e+01 1.180244542406978958e+01 1.180244542406978958e+01 1.180244542406978958e+01 1.180244542406978425e+01 1.180244542406977359e+01 1.180244542406973629e+01 1.180244542406961727e+01 1.180244542406924069e+01 1.180244542406805408e+01 1.180244542406429886e+01
1.180214514817441795e+01 1.180214514817441795e+01 1.180214514817441795e+01 1.180214514817441618e+01 1.180214514817441263e+01 1.180214514817440374e+01 1.180214514817436999e+01 1.180214514817426519e+01 1.180214514817393123e+01 1.180214514817287785e+01 1.180214514816954718e+01
1.180177954975488852e+01 1.180177954975488674e+01 1.180177954975488674e+01 1.180177954975488674e+01 1.180177954975488319e+01 1.180177954975487431e+01 1.180177954975484589e+01 1.180177954975475352e+01 1.180177954975446220e+01 1.180177954975354027e+01 1.180177954975062882e+01
1.180133653194426380e+01 1.180133653194426380e+01 1.180133653194426380e+01 1.180133653194426380e+01 1.180133653194426024e+01 1.180133653194425314e+01 1.180133653194422827e+01 1.180133653194414833e+01 1.180133653194389787e+01 1.180133653194310561e+01 1.180133653194060273e+01
1.180080225195691135e+01 1.180080225195691135e+01 1.180080225195691135e+01 1.180080225195691135e+01 1.180080225195690957e+01 1.180080225195690247e+01 1.180080225195688115e+01 1.180080225195681365e+01 1.180080225195660226e+01 1.180080225195593435e+01 1.180080225195381871e+01
1.180016094150806794e+01 1.180016094150806794e+01 1.180016094150806616e+01 1.180016094150806616e+01 1.180016094150806438e+01 1.180016094150805905e+01 1.180016094150804129e+01 1.180016094150798622e+01 1.180016094150781036e+01 1.180016094150725792e+01 1.180016094150550643e+01
1.179939470410453772e+01 1.179939470410453772e+01 1.179939470410453595e+01 1.179939470410453595e+01 1.179939470410453417e+01 1.179939470410453062e+01 1.179939470410451641e+01 1.179939470410447200e+01 1.179939470410432989e+01 1.179939470410388225e+01 1.179939470410246649e+01
1.179848328139709501e+01 1.179848328139709501e+01 1.179848328139709501e+01 1.179848328139709501e+01 1.179848328139709324e+01 1.179848328139708968e+01 1.179848328139707903e+01 1.179848328139704350e+01 1.179848328139693159e+01 1.179848328139657987e+01 1.179848328139546432e+01
1.179740378014533597e+01 1.179740378014533597e+01 1.179740378014533597e+01 1.179740378014533597e+01 1.179740378014533420e+01 1.179740378014533242e+01 1.179740378014532354e+01 1.179740378014529689e+01 1.179740378014521163e+01 1.179740378014494340e+01 1.179740378014409430e+01
1.179613035185777115e+01 1.179613035185777115e+01 1.179613035185777115e+01 1.179613035185777115e+01 1.179613035185777115e+01 1.179613035185776937e+01 1.179613035185776226e+01 1.179613035185774272e+01 1.179613035185768055e+01 1.179613035185748338e+01 1.179613035185686343e+01
