6.180093277900509996e+00 6.205456116385682286e+00 6.274735243995618106e+00 6.413602631020527411e+00 6.549301025850069458e+00 6.574446363093664480e+00 6.455090896503468123e+00 6.186750003132036824e+00 5.796774590658404946e+00 5.336569388868177555e+00 4.848494044716988860e+00
6.311795867407212768e+00 6.337239700609303306e+00 6.405839812435099034e+00 6.535988540134093583e+00 6.646620009929893769e+00 6.642594212745724036e+00 6.495153957889101548e+00 6.204368123070842955e+00 5.801978496672391294e+00 5.337570181582915296e+00 4.848630625600192090e+00
6.440978802552704607e+00 6.466514387905745842e+00 6.534145820181264774e+00 6.653753549832629233e+00 6.738254478440055983e+00 6.704849675438672385e+00 6.529937563350295626e+00 6.218710696467452337e+00 5.805968507834270653e+00 5.338308895899366746e+00 4.848729832837753939e+00
6.567051083775987230e+00 6.592678332056984836e+00 6.658922995560339508e+00 6.766028208320576276e+00 6.823527048585258825e+00 6.760732847077707497e+00 6.559500157520429475e+00 6.230162171112417546e+00 5.808990862633686802e+00 5.338851501758537843e+00 4.848801780240649784e+00
6.689367887382099198e+00 6.715065782993557164e+00 6.779331734955666100e+00 6.871886891888258297e+00 6.901714203302855566e+00 6.809884407933188832e+00 6.584071840173351120e+00 6.239141317586853752e+00 5.811257022860268684e+00 5.339248531258159680e+00 4.848853888490054054e+00
6.807256292072507264e+00 6.832967924825743999e+00 6.894438766184225464e+00 6.970379834497158811e+00 6.972132351163582875e+00 6.852150890742703560e+00 6.604047653562748366e+00 6.246069079177402728e+00 5.812942132502806558e+00 5.339538171222736551e+00 4.848891583272503247e+00
6.920047255353130033e+00 6.945658991184073372e+00 7.003246603130729220e+00 7.060589474060960491e+00 7.034250688855294698e+00 6.887643828930148260e+00 6.619950197052724583e+00 6.251340578775785417e+00 5.814186920018105553e+00 5.339748974677314131e+00 4.848918821054496675e+00
7.027109733418360094e+00 7.052424107134264375e+00 7.104739552659654400e+00 7.141715083893361182e+00 7.087804921598930719e+00 6.916750058418653424e+00 6.632372665508794007e+00 6.255306030046043020e+00 5.815101707113546681e+00 5.339902117397325121e+00 4.848938481047193605e+00
7.127882257327144977e+00 7.152585403749938564e+00 7.197948563558769663e+00 7.213177969725239613e+00 7.132876471128963836e+00 6.940087691773407563e+00 6.641919106062454503e+00 6.258261611554145176e+00 5.815771306916380112e+00 5.340013206564759862e+00 4.848952655210381657e+00
7.221897948837229464e+00 7.245524641881080363e+00 7.282034686544435864e+00 7.274724571630586389e+00 7.169907902761423202e+00 6.958423320037161908e+00 6.649156049517521261e+00 6.260448583500476616e+00 5.816259942805275251e+00 5.340093691294081957e+00 4.848962861614514175e+00
7.308800628416298295e+00 7.330703478605787637e+00 7.356384798707877870e+00 7.326494899332685051e+00 7.199647751050411770e+00 6.972577839353349738e+00 6.654582171831364690e+00 6.262057786655264024e+00 5.816615688751718416e+00 5.340151940898759442e+00 4.848970200762230398e+00
