-5.427947677466116616e+00 -5.427938042789380191e+00 -5.427907576673544732e+00 -5.427811248424784907e+00 -5.427506772349983244e+00 -5.426545337466239793e+00 -5.423518951284558298e+00 -5.414085209906535745e+00 -5.385534726268282668e+00 -5.305923867492273516e+00 -5.121376149197547356e+00
-5.558298661448336730e+00 -5.558288997451213298e+00 -5.558258438624597453e+00 -5.558161817282828210e+00 -5.557856415207908185e+00 -5.556892060441650294e+00 -5.553856523818569535e+00 -5.544394651094616933e+00 -5.515762525595632404e+00 -5.435949146797216969e+00 -5.251041529825171139e+00
-5.688940160772854249e+00 -5.688930462353646966e+00 -5.688899794684829203e+00 -5.688802829253646998e+00 -5.688496340069956858e+00 -5.687528557507344651e+00 -5.684482279687683715e+00 -5.674987394555727427e+00 -5.646259549405553635e+00 -5.566209467772875286e+00 -5.380886692782252290e+00
-5.819923745001959858e+00 -5.819914006019122787e+00 -5.819883210088710790e+00 -5.819785839177361808e+00 -5.819478068937690374e+00 -5.818506247131729481e+00 -5.815447313041812727e+00 -5.805913538668329821e+00 -5.777073016555343443e+00 -5.696744958566069883e+00 -5.510939112889333025e+00
-5.951311659607966043e+00 -5.951301872657252190e+00 -5.951270925053226080e+00 -5.951173074649060091e+00 -5.950863789531172898e+00 -5.949887191326917346e+00 -5.946813292207646207e+00 -5.937233543934769209e+00 -5.908259903259198254e+00 -5.827604081747281839e+00 -5.641232493977009987e+00
-6.083175459039810384e+00 -6.083165615252505987e+00 -6.083134487932259304e+00 -6.083036069384056610e+00 -6.082724989320809073e+00 -6.081742731785481304e+00 -6.078651102452213628e+00 -6.069016896400794003e+00 -6.039885668747976055e+00 -5.958842526293098629e+00 -5.771805956167860963e+00
-6.215603125388584616e+00 -6.215593214055914473e+00 -6.215561873158650386e+00 -6.215462779422404438e+00 -6.215149566242896384e+00 -6.214160583294990658e+00 -6.211047885246132161e+00 -6.201348981079080502e+00 -6.172030652831295150e+00 -6.090528459442724696e+00 -5.902707378535071214e+00
-6.348698155192435522e+00 -6.348688163389991423e+00 -6.348656568049203308e+00 -6.348556669934237284e+00 -6.348240915506903725e+00 -6.347243920559743735e+00 -6.344106125212751301e+00 -6.334330170063804388e+00 -6.304789173850578798e+00 -6.222741687467170379e+00 -6.033992769919740873e+00
-6.482584174238463781e+00 -6.482574086315755935e+00 -6.482542187045230442e+00 -6.482441328112214407e+00 -6.482122538230101760e+00 -6.481115973423579035e+00 -6.477948203457964738e+00 -6.468080248367691354e+00 -6.438273595464599985e+00 -6.355576899726264273e+00 -6.165727720559947223e+00
-6.617420207146060385e+00 -6.617410003813806618e+00 -6.617377739621722377e+00 -6.617275727059997337e+00 -6.616953292625713523e+00 -6.615935238037735644e+00 -6.612731483582543035e+00 -6.602753117643514358e+00 -6.572627941898921300e+00 -6.489154717070597655e+00 -6.297997152997477421e+00
-6.753361009213073807e+00 -6.753350667491034187e+00 -6.753317965715093685e+00 -6.753214569822285185e+00 -6.752887765212149063e+00 -6.751855933782388242e+00 -6.748609037312525594e+00 -6.738498348824220052e+00 -6.707991857484846498e+00 -6.623591644611233953e+00 -6.430880188781210371e+00
