4.017591087144481321e+00 4.017591087144481321e+00 4.017591087144481321e+00 4.017591087144481321e+00 4.017591087144481321e+00 4.017591087144482209e+00 4.017591087144484874e+00 4.017591087144491979e+00 4.017591087144515960e+00 4.017591087144590567e+00 4.017591087144826822e+00
4.158361887838091242e+00 4.158361887838091242e+00 4.158361887838091242e+00 4.158361887838091242e+00 4.158361887838091242e+00 4.158361887838092130e+00 4.158361887838094795e+00 4.158361887838101900e+00 4.158361887838124105e+00 4.158361887838196047e+00 4.158361887838422533e+00
4.298909943954538626e+00 4.298909943954538626e+00 4.298909943954538626e+00 4.298909943954539514e+00 4.298909943954539514e+00 4.298909943954540402e+00 4.298909943954542179e+00 4.298909943954549284e+00 4.298909943954570601e+00 4.298909943954639878e+00 4.298909943954858370e+00
4.439296682967940555e+00 4.439296682967940555e+00 4.439296682967940555e+00 4.439296682967940555e+00 4.439296682967941443e+00 4.439296682967941443e+00 4.439296682967944108e+00 4.439296682967950325e+00 4.439296682967971641e+00 4.439296682968039143e+00 4.439296682968250529e+00
4.579566599316605036e+00 4.579566599316605036e+00 4.579566599316605036e+00 4.579566599316605036e+00 4.579566599316605036e+00 4.579566599316605924e+00 4.579566599316607700e+00 4.579566599316613917e+00 4.579566599316635234e+00 4.579566599316700071e+00 4.579566599316907016e+00
4.719751893205430093e+00 4.719751893205430093e+00 4.719751893205430093e+00 4.719751893205430093e+00 4.719751893205430093e+00 4.719751893205430981e+00 4.719751893205432758e+00 4.719751893205438975e+00 4.719751893205459403e+00 4.719751893205523352e+00 4.719751893205724969e+00
4.859875837430776002e+00 4.859875837430776002e+00 4.859875837430776002e+00 4.859875837430776002e+00 4.859875837430776002e+00 4.859875837430776890e+00 4.859875837430778667e+00 4.859875837430784884e+00 4.859875837430805312e+00 4.859875837430867485e+00 4.859875837431065548e+00
4.999955216655885160e+00 4.999955216655885160e+00 4.999955216655885160e+00 4.999955216655885160e+00 4.999955216655885160e+00 4.999955216655886048e+00 4.999955216655887824e+00 4.999955216655894041e+00 4.999955216655913581e+00 4.999955216655975754e+00 4.999955216656170265e+00
5.140002090383378075e+00 5.140002090383378075e+00 5.140002090383378075e+00 5.140002090383378075e+00 5.140002090383378075e+00 5.140002090383378963e+00 5.140002090383380740e+00 5.140002090383386957e+00 5.140002090383405609e+00 5.140002090383466893e+00 5.140002090383658739e+00
5.280025062126359359e+00 5.280025062126359359e+00 5.280025062126359359e+00 5.280025062126359359e+00 5.280025062126359359e+00 5.280025062126360247e+00 5.280025062126362023e+00 5.280025062126368240e+00 5.280025062126386892e+00 5.280025062126447288e+00 5.280025062126637359e+00
5.420030186657282201e+00 5.420030186657282201e+00 5.420030186657282201e+00 5.420030186657282201e+00 5.420030186657282201e+00 5.420030186657283089e+00 5.420030186657284865e+00 5.420030186657291082e+00 5.420030186657309734e+00 5.420030186657369242e+00 5.420030186657557536e+00
