1.287459849238847376e+01 1.271182667134698185e+01 1.250063437420158863e+01 1.223267847835609956e+01 1.190309389659709005e+01 1.151388276625410612e+01 1.107559186857207223e+01 1.060447420020834031e+01 1.011596229386342038e+01 9.620019050124227533e+00 9.121359986238543271e+00
1.287459840390019217e+01 1.271182660122862984e+01 1.250063431976695050e+01 1.223267843826428347e+01 1.190309386961217974e+01 1.151388275031374242e+01 1.107559186058053236e+01 1.060447419683353942e+01 1.011596229262471169e+01 9.620019049707032366e+00 9.121359986103552586e+00
1.287459829729321648e+01 1.271182651780984507e+01 1.250063425561091357e+01 1.223267839131957935e+01 1.190309383814889266e+01 1.151388273177619759e+01 1.107559185130060442e+01 1.060447419291762294e+01 1.011596229118788415e+01 9.620019049223177632e+00 9.121359985947002258e+00
1.287459816829882087e+01 1.271182641824137605e+01 1.250063417982634206e+01 1.223267833627229528e+01 1.190309380143377815e+01 1.151388271020893406e+01 1.107559184052234258e+01 1.060447418837343037e+01 1.011596228952119603e+01 9.620019048662003414e+00 9.121359985765444378e+00
1.287459801149226557e+01 1.271182629896882332e+01 1.250063409007920789e+01 1.223267827161959609e+01 1.190309375854976892e+01 1.151388268510421220e+01 1.107559182800082809e+01 1.060447418309962409e+01 1.011596228758779681e+01 9.620019048011148044e+00 9.121359985554883920e+00
1.287459781994459007e+01 1.271182615553377460e+01 1.250063398349824695e+01 1.223267819554661173e+01 1.190309370840632397e+01 1.151388265586495763e+01 1.107559181345008881e+01 1.060447417697833927e+01 1.011596228534490827e+01 9.620019047256265665e+00 9.121359985310689922e+00
1.287459758476239458e+01 1.271182598231341032e+01 1.250063385653240822e+01 1.223267810585176107e+01 1.190309364970239869e+01 1.151388262178766730e+01 1.107559179653586234e+01 1.060447416987241631e+01 1.011596228274285458e+01 9.620019046380717143e+00 9.121359985027487127e+00
1.287459729447822809e+01 1.271182577217851239e+01 1.250063370476600078e+01 1.223267799985157467e+01 1.190309358088028979e+01 1.151388258204157289e+01 1.107559177686699847e+01 1.060447416162217138e+01 1.011596227972393969e+01 9.620019045365191701e+00 9.121359984699038748e+00
1.287459693424158758e+01 1.271182551604305644e+01 1.250063352267798322e+01 1.223267787425880115e+01 1.190309350006779354e+01 1.151388253564318553e+01 1.107559175398514384e+01 1.060447415204157551e+01 1.011596227622113808e+01 9.620019044187280599e+00 9.121359984318116787e+00
1.287459648474346174e+01 1.271182520226947865e+01 1.250063330332741707e+01 1.223267772502555140e+01 1.190309340500530944e+01 1.151388248142498583e+01 1.107559172735239450e+01 1.060447414091376395e+01 1.011596227215656185e+01 9.620019042820983302e+00 9.121359983876331512e+00
1.287459592078457860e+01 1.271182481588164315e+01 1.250063303794110148e+01 1.223267754714053268e+01 1.190309329295346608e+01 1.151388241799673473e+01 1.107559169633638518e+01 1.060447412798570888e+01 1.011596226743967541e+01 9.620019041236115953e+00 9.121359983363955592e+00
