9.121358435000901821e+00 8.621790245154446808e+00 8.121927472439281814e+00 7.621970936408860808e+00 7.121984687851476536e+00 6.621989037133579004e+00 6.121990412566794326e+00 5.621990847523913537e+00 5.121990985070127067e+00 4.621991028566127646e+00 4.121991042320778398e+00
9.121358157747021522e+00 8.621790168524155362e+00 8.121927449340658356e+00 7.621970929218814028e+00 7.121984685589253239e+00 6.621989036419348551e+00 6.121990412341049570e+00 5.621990847452538631e+00 5.121990985047556677e+00 4.621991028558991133e+00 4.121991042318520648e+00
9.121357826051045947e+00 8.621790078597529217e+00 8.121927422439823019e+00 7.621970920866995236e+00 7.121984682963716118e+00 6.621989035590636341e+00 6.121990412079143518e+00 5.621990847369731981e+00 5.121990985021373177e+00 4.621991028550710645e+00 4.121991042315903186e+00
9.121357427696503706e+00 8.621789972884343456e+00 8.121927391090281390e+00 7.621970911163186813e+00 7.121984679916138816e+00 6.621989034629013560e+00 6.121990411775262153e+00 5.621990847273657721e+00 5.121990984990993923e+00 4.621991028541104107e+00 4.121991042312864728e+00
9.121356947292117212e+00 8.621789848369214582e+00 8.121927354528644116e+00 7.621970899885164741e+00 7.121984676378171564e+00 6.621989033513058232e+00 6.121990411422650880e+00 5.621990847162180671e+00 5.121990984955744786e+00 4.621991028529957468e+00 4.121991042309340436e+00
9.121356365337625505e+00 8.621789701383216098e+00 8.121927311851202091e+00 7.621970886773023146e+00 7.121984672270219363e+00 6.621989032217859616e+00 6.121990411013458200e+00 5.621990847032821037e+00 5.121990984914841505e+00 4.621991028517022926e+00 4.121991042305249486e+00
9.121355656990267846e+00 8.621789527439361223e+00 8.121927261985065982e+00 7.621970871522391278e+00 7.121984667499531518e+00 6.621989030714439117e+00 6.121990410538555416e+00 5.621990846882695791e+00 5.121990984867371921e+00 4.621991028502012711e+00 4.121991042300503061e+00
9.121354790430775239e+00 8.621789321020557395e+00 8.121927203652456129e+00 7.621970853776294241e+00 7.121984661957945661e+00 6.621989028969063718e+00 6.121990409987322579e+00 5.621990846708450285e+00 5.121990984812278214e+00 4.621991028484591979e+00 4.121991042294994578e+00
9.121353724692273346e+00 8.621789075304915784e+00 8.121927135326178160e+00 7.621970833115353727e+00 7.121984655519217000e+00 6.621989026942451062e+00 6.121990409347400686e+00 5.621990846506184525e+00 5.121990984748325815e+00 4.621991028464369045e+00 4.121991042288599694e+00
9.121352406767313070e+00 8.621788781807993018e+00 8.121927055173829402e+00 7.621970809045922834e+00 7.121984648035844856e+00 6.621989024588817330e+00 6.121990408604397693e+00 5.621990846271354592e+00 5.121990984674078540e+00 4.621991028440890936e+00 4.121991042281175410e+00
9.121350767742471888e+00 8.621788429914582608e+00 8.121926960987371658e+00 7.621970780985657612e+00 7.121984639335298795e+00 6.621989021854767010e+00 6.121990407741546569e+00 5.621990845998670494e+00 5.121990984587865725e+00 4.621991028413630076e+00 4.121991042272554751e+00
