8.088682423326295279e+00 8.534398922505868512e+00 8.941732406365686003e+00 9.296201720781876787e+00 9.585192086983926885e+00 9.798051438000921820e+00 9.921358475410075428e+00 9.932750986854763653e+00 9.802957488650521967e+00 9.516026271307175932e+00 9.099647966344505789e+00
8.090750365811084421e+00 8.536063785928654113e+00 8.943204572722885715e+00 9.297536256539933319e+00 9.586397597227959366e+00 9.799120193427425463e+00 9.922266964580453319e+00 9.933457228066645328e+00 9.803418458143452696e+00 9.516245487072048093e+00 9.099710775773727889e+00
8.095253508638847961e+00 8.539692360257118864e+00 8.946413751075610321e+00 9.300445464062821799e+00 9.589025449737317075e+00 9.801449766471526104e+00 9.924246893976784278e+00 9.934995896187112763e+00 9.804422160014953036e+00 9.516722306175463331e+00 9.099847191032058191e+00
8.103809531648348496e+00 8.546597671099830151e+00 8.952523145931067461e+00 9.305983983802034842e+00 9.594027996690158488e+00 9.805883835372313229e+00 9.928014278024301476e+00 9.937921796477844794e+00 9.806328505740660617e+00 9.517626062837949874e+00 9.100104988326409128e+00
8.118295193298994405e+00 8.558321282008643394e+00 8.962902025369182013e+00 9.315393579027082538e+00 9.602526001128705246e+00 9.813414167159356438e+00 9.934408822392628124e+00 9.942882449554888424e+00 9.809553734926286239e+00 9.519149460207197322e+00 9.100537270466585227e+00
8.140564594706225066e+00 8.576414459413909341e+00 8.978935690693166549e+00 9.329931111281052125e+00 9.615652625472934645e+00 9.825041109266424044e+00 9.944273194766346080e+00 9.950520912880397972e+00 9.814503005727331697e+00 9.521473363000842127e+00 9.101191185587286014e+00
8.172117093942475208e+00 8.602212444244820233e+00 9.001829269246398368e+00 9.350690808058457648e+00 9.634392097985220005e+00 9.841629079045436157e+00 9.958327558405503765e+00 9.961374247756896949e+00 9.821499494760690396e+00 9.524729640129971031e+00 9.102096129414620762e+00
8.213931438775931682e+00 8.636670850139609001e+00 9.032464438617731517e+00 9.378474172271859644e+00 9.659461418275588684e+00 9.863800295046482702e+00 9.977076812731272781e+00 9.975797892799755928e+00 9.830731322594964183e+00 9.528973663187199961e+00 9.103255451644681528e+00
8.266371000006333958e+00 8.680295211011012313e+00 9.071335032286867772e+00 9.413730901262351125e+00 9.691256399378969988e+00 9.891885991923466293e+00 1.000076758397636745e+01 9.993930365754902567e+00 9.842227237607886536e+00 9.534173036539042911e+00 9.104644122025991493e+00
8.329243752248375543e+00 8.733156251172749407e+00 9.118549544933836515e+00 9.456564919115457712e+00 9.729856818621785308e+00 9.925930679678794277e+00 1.002939154691737755e+01 1.001569619412050471e+01 9.855860449585957639e+00 9.540212810068743110e+00 9.106212492547573589e+00
8.401933967462918318e+00 8.794962081816604993e+00 9.173914532359415119e+00 9.506784102066170306e+00 9.775071351892171023e+00 9.965732264226140558e+00 1.006272041170224796e+01 1.004083559633051337e+01 9.871372831732147191e+00 9.546912966055650429e+00 9.107894431031816396e+00
