1.280672441438836984e+01 1.280672441438836984e+01 1.280672441438836984e+01 1.280672441438836984e+01 1.280672441438836984e+01 1.280672441438836984e+01 1.280672441438836984e+01 1.280672441438836984e+01 1.280672441438836984e+01 1.280672441438836984e+01 1.280672441438836984e+01
1.280672421350661416e+01 1.280672421350661416e+01 1.280672421350661416e+01 1.280672421350661416e+01 1.280672421350661416e+01 1.280672421350661416e+01 1.280672421350661416e+01 1.280672421350661416e+01 1.280672421350661416e+01 1.280672421350661416e+01 1.280672421350661416e+01
1.280672415579153700e+01 1.280672415579153700e+01 1.280672415579153700e+01 1.280672415579153700e+01 1.280672415579153700e+01 1.280672415579153700e+01 1.280672415579153700e+01 1.280672415579153700e+01 1.280672415579153700e+01 1.280672415579153700e+01 1.280672415579153700e+01
1.280672408103768234e+01 1.280672408103768234e+01 1.280672408103768234e+01 1.280672408103768234e+01 1.280672408103768234e+01 1.280672408103768234e+01 1.280672408103768234e+01 1.280672408103768234e+01 1.280672408103768234e+01 1.280672408103768234e+01 1.280672408103768234e+01
1.280672398417771518e+01 1.280672398417771518e+01 1.280672398417771518e+01 1.280672398417771518e+01 1.280672398417771518e+01 1.280672398417771518e+01 1.280672398417771518e+01 1.280672398417771518e+01 1.280672398417771518e+01 1.280672398417771518e+01 1.280672398417771518e+01
1.280672385864787266e+01 1.280672385864787266e+01 1.280672385864787266e+01 1.280672385864787266e+01 1.280672385864787266e+01 1.280672385864787266e+01 1.280672385864787266e+01 1.280672385864787266e+01 1.280672385864787266e+01 1.280672385864787266e+01 1.280672385864787266e+01
1.280672369595257010e+01 1.280672369595257010e+01 1.280672369595257010e+01 1.280672369595257010e+01 1.280672369595257010e+01 1.280672369595257010e+01 1.280672369595257010e+01 1.280672369595257010e+01 1.280672369595257010e+01 1.280672369595257010e+01 1.280672369595257010e+01
1.280672348510707437e+01 1.280672348510707437e+01 1.280672348510707437e+01 1.280672348510707437e+01 1.280672348510707437e+01 1.280672348510707437e+01 1.280672348510707437e+01 1.280672348510707437e+01 1.280672348510707437e+01 1.280672348510707437e+01 1.280672348510707437e+01
1.280672321192458085e+01 1.280672321192458085e+01 1.280672321192458085e+01 1.280672321192458085e+01 1.280672321192458085e+01 1.280672321192458085e+01 1.280672321192458085e+01 1.280672321192458085e+01 1.280672321192458085e+01 1.280672321192458085e+01 1.280672321192458085e+01
1.280672285810667610e+01 1.280672285810667610e+01 1.280672285810667610e+01 1.280672285810667610e+01 1.280672285810667610e+01 1.280672285810667610e+01 1.280672285810667610e+01 1.280672285810667610e+01 1.280672285810667610e+01 1.280672285810667610e+01 1.280672285810667610e+01
1.280672240008543028e+01 1.280672240008543028e+01 1.280672240008543028e+01 1.280672240008543028e+01 1.280672240008543028e+01 1.280672240008543028e+01 1.280672240008543028e+01 1.280672240008543028e+01 1.280672240008543028e+01 1.280672240008543028e+01 1.280672240008543028e+01
