-1.536404357470114057e+00 -1.302774802521048159e+00 -9.413113604146227109e-01 -5.249800628703855665e-01 -2.528522483983178804e-01 -4.084128115174952556e-01 -8.399109161253205391e-01 -1.331150114381181027e+00 -1.830058843148138825e+00 -2.329889337948071404e+00 -2.829853424596560085e+00
-1.665069621373990394e+00 -1.431302919386064909e+00 -1.068909418952024515e+00 -6.450485531588419086e-01 -3.321300881657240356e-01 -4.300858576326572202e-01 -8.428564974018480926e-01 -1.331461431515333027e+00 -1.830090223617868883e+00 -2.329892479471771249e+00 -2.829853738557312148e+00
-1.793764867103421423e+00 -1.559891292453587042e+00 -1.196800463929856173e+00 -7.672104476992607225e-01 -4.195531856347796129e-01 -4.570646331977299970e-01 -8.467544615412745390e-01 -1.331879321892714296e+00 -1.830132423696727351e+00 -2.329896705132635581e+00 -2.829854160929897500e+00
-1.922486488943143446e+00 -1.688527663953731439e+00 -1.324912695933780471e+00 -8.909866594521310690e-01 -5.144226454384631664e-01 -4.902083482171226136e-01 -8.518899671487428771e-01 -1.332439900564246438e+00 -1.830189170498707441e+00 -2.329902389051318412e+00 -2.829854729136648039e+00
-2.051232096855013065e+00 -1.817203204431950603e+00 -1.453192631396674317e+00 -1.015997964998349046e+00 -6.158748017646654693e-01 -5.303474783943711302e-01 -8.586197367523432655e-01 -1.333191237613494007e+00 -1.830265472365522728e+00 -2.329910034498090088e+00 -2.829855493530647248e+00
-2.180000678753367449e+00 -1.945911934810507837e+00 -1.581600735686732095e+00 -1.141948994883577262e+00 -7.229696558482311408e-01 -5.782186977501369007e-01 -8.673824953721394060e-01 -1.334197103514398242e+00 -1.830368056829875911e+00 -2.329920318438472915e+00 -2.829856521853538975e+00
-2.308792340243534635e+00 -2.074650075850754671e+00 -1.710108010190366068e+00 -1.268612555375204121e+00 -8.347713455490267664e-01 -6.343930608217160927e-01 -8.787071465758129474e-01 -1.335541737566908971e+00 -1.830505956496886633e+00 -2.329934151483251004e+00 -2.829857905245819261e+00
-2.437608287593612477e+00 -2.203415669742660121e+00 -1.838693461641615956e+00 -1.395815641344484659e+00 -9.504087254671969021e-01 -6.992082755764953417e-01 -8.932165534683731423e-01 -1.337335816749212647e+00 -1.830691291067665150e+00 -2.329952758506057542e+00 -2.829859766333434390e+00
-2.566450216730322254e+00 -2.332207953531745481e+00 -1.967342053800977597e+00 -1.523427566622514329e+00 -1.069112116889358921e+00 -7.727192257982719026e-01 -9.116243237323787829e-01 -1.339723766998858645e+00 -1.830940308540712103e+00 -2.329977787083989949e+00 -2.829862270124165580e+00
-2.695321036552742910e+00 -2.461027584309599003e+00 -2.096043474919162541e+00 -1.651350405645672703e+00 -1.190228709521792938e+00 -8.546803363590518288e-01 -9.347217238661521543e-01 -1.342892469762703600e+00 -1.831274766197274362e+00 -2.330011453207796013e+00 -2.829865638653432214e+00
-2.824224442548738612e+00 -2.589876337072302803e+00 -2.224791020092157900e+00 -1.779511337524559256e+00 -1.313222230901137211e+00 -9.445673009394666142e-01 -9.633519752441344064e-01 -1.347081257631526974e+00 -1.831723754176942665e+00 -2.330056737167672587e+00 -2.829870170724453349e+00
