-8.488630014478870667e-01 -8.488630014478870667e-01 -8.488630014478870667e-01 -8.488630014478870667e-01 -8.488630014478870667e-01 -8.488630014478870667e-01 -8.488630014478870667e-01 -8.488630014478870667e-01 -8.488630014478870667e-01 -8.488630014478870667e-01 -8.488630014478870667e-01
-7.091623377203103429e-01 -7.091623377203103429e-01 -7.091623377203103429e-01 -7.091623377203103429e-01 -7.091623377203103429e-01 -7.091623377203103429e-01 -7.091623377203103429e-01 -7.091623377203103429e-01 -7.091623377203103429e-01 -7.091623377203103429e-01 -7.091623377203103429e-01
-5.694297553800452549e-01 -5.694297553800452549e-01 -5.694297553800452549e-01 -5.694297553800452549e-01 -5.694297553800452549e-01 -5.694297553800452549e-01 -5.694297553800452549e-01 -5.694297553800452549e-01 -5.694297553800452549e-01 -5.694297553800452549e-01 -5.694297553800452549e-01
-4.296725278547858240e-01 -4.296725278547858240e-01 -4.296725278547858240e-01 -4.296725278547858240e-01 -4.296725278547858240e-01 -4.296725278547858240e-01 -4.296725278547858240e-01 -4.296725278547858240e-01 -4.296725278547858240e-01 -4.296725278547858240e-01 -4.296725278547858240e-01
-2.898979153129534470e-01 -2.898979153129534470e-01 -2.898979153129534470e-01 -2.898979153129534470e-01 -2.898979153129534470e-01 -2.898979153129534470e-01 -2.898979153129534470e-01 -2.898979153129534470e-01 -2.898979153129534470e-01 -2.898979153129534470e-01 -2.898979153129534470e-01
-1.501135441898636402e-01 -1.501135441898636402e-01 -1.501135441898636402e-01 -1.501135441898636402e-01 -1.501135441898636402e-01 -1.501135441898636402e-01 -1.501135441898636402e-01 -1.501135441898636402e-01 -1.501135441898636402e-01 -1.501135441898636402e-01 -1.501135441898636402e-01
-1.032787939578439299e-02 -1.032787939578439299e-02 -1.032787939578439299e-02 -1.032787939578439299e-02 -1.032787939578439299e-02 -1.032787939578439299e-02 -1.032787939578439299e-02 -1.032787939578439299e-02 -1.032787939578439299e-02 -1.032787939578439299e-02 -1.032787939578439299e-02
1.294491706664292474e-01 1.294491706664292474e-01 1.294491706664292474e-01 1.294491706664292474e-01 1.294491706664292474e-01 1.294491706664292474e-01 1.294491706664292474e-01 1.294491706664292474e-01 1.294491706664292474e-01 1.294491706664292474e-01 1.294491706664292474e-01
2.692054621140403947e-01 2.692054621140403947e-01 2.692054621140403947e-01 2.692054621140403947e-01 2.692054621140403947e-01 2.692054621140403947e-01 2.692054621140403947e-01 2.692054621140403947e-01 2.692054621140403947e-01 2.692054621140403947e-01 2.692054621140403947e-01
4.089255641300878485e-01 4.089255641300878485e-01 4.089255641300878485e-01 4.089255641300878485e-01 4.089255641300878485e-01 4.089255641300878485e-01 4.089255641300878485e-01 4.089255641300878485e-01 4.089255641300878485e-01 4.089255641300878485e-01 4.089255641300878485e-01
5.485893513575863523e-01 5.485893513575863523e-01 5.485893513575863523e-01 5.485893513575863523e-01 5.485893513575863523e-01 5.485893513575863523e-01 5.485893513575863523e-01 5.485893513575863523e-01 5.485893513575863523e-01 5.485893513575863523e-01 5.485893513575863523e-01
