-1.955590044628913802e+02 -1.955590044628913802e+02 -1.955590044628913802e+02 -1.955590044628913802e+02 -1.955590044628913802e+02 -1.955590044628913802e+02 -1.955590044628913802e+02 -1.955590044628913802e+02 -1.955590044628913802e+02 -1.955590044628913802e+02 -1.955590044628913802e+02
-1.955123725688058585e+02 -1.955123725688058585e+02 -1.955123725688058585e+02 -1.955123725688058585e+02 -1.955123725688058585e+02 -1.955123725688058585e+02 -1.955123725688058585e+02 -1.955123725688058585e+02 -1.955123725688058585e+02 -1.955123725688058585e+02 -1.955123725688058869e+02
-1.954724741539446597e+02 -1.954724741539446597e+02 -1.954724741539446597e+02 -1.954724741539446597e+02 -1.954724741539446597e+02 -1.954724741539446597e+02 -1.954724741539446597e+02 -1.954724741539446597e+02 -1.954724741539446597e+02 -1.954724741539446597e+02 -1.954724741539446882e+02
-1.954386617573186413e+02 -1.954386617573186413e+02 -1.954386617573186413e+02 -1.954386617573186413e+02 -1.954386617573186413e+02 -1.954386617573186413e+02 -1.954386617573186413e+02 -1.954386617573186413e+02 -1.954386617573186413e+02 -1.954386617573186413e+02 -1.954386617573186697e+02
-1.954102640638423622e+02 -1.954102640638423622e+02 -1.954102640638423622e+02 -1.954102640638423622e+02 -1.954102640638423622e+02 -1.954102640638423622e+02 -1.954102640638423622e+02 -1.954102640638423622e+02 -1.954102640638423622e+02 -1.954102640638423622e+02 -1.954102640638423907e+02
-1.953866153969372021e+02 -1.953866153969372021e+02 -1.953866153969372021e+02 -1.953866153969372021e+02 -1.953866153969372021e+02 -1.953866153969372021e+02 -1.953866153969372021e+02 -1.953866153969372021e+02 -1.953866153969372021e+02 -1.953866153969372306e+02 -1.953866153969372590e+02
-1.953670780383269516e+02 -1.953670780383269516e+02 -1.953670780383269516e+02 -1.953670780383269516e+02 -1.953670780383269516e+02 -1.953670780383269516e+02 -1.953670780383269516e+02 -1.953670780383269516e+02 -1.953670780383269516e+02 -1.953670780383269800e+02 -1.953670780383270085e+02
-1.953510577776008006e+02 -1.953510577776008006e+02 -1.953510577776008006e+02 -1.953510577776008006e+02 -1.953510577776008006e+02 -1.953510577776008006e+02 -1.953510577776008006e+02 -1.953510577776008006e+02 -1.953510577776008006e+02 -1.953510577776008290e+02 -1.953510577776008574e+02
-1.953380135627976983e+02 -1.953380135627976983e+02 -1.953380135627976983e+02 -1.953380135627976983e+02 -1.953380135627976983e+02 -1.953380135627976983e+02 -1.953380135627976983e+02 -1.953380135627976983e+02 -1.953380135627976983e+02 -1.953380135627977268e+02 -1.953380135627977552e+02
-1.953274623183196468e+02 -1.953274623183196468e+02 -1.953274623183196468e+02 -1.953274623183196468e+02 -1.953274623183196468e+02 -1.953274623183196468e+02 -1.953274623183196468e+02 -1.953274623183196468e+02 -1.953274623183196468e+02 -1.953274623183196468e+02 -1.953274623183197036e+02
-1.952874151629202970e+02 -1.952874151629202970e+02 -1.952874151629202970e+02 -1.952874151629202970e+02 -1.952874151629202970e+02 -1.952874151629202970e+02 -1.952874151629202970e+02 -1.952874151629202970e+02 -1.952874151629203254e+02 -1.952874151629203254e+02 -1.952874151629204107e+02
