1.105049952681695835e+01 1.102114555735997925e+01 1.097885743322540542e+01 1.091950920320826235e+01 1.083801362515814759e+01 1.072810806753491875e+01 1.058217606576158509e+01 1.039145397743884125e+01 1.014706760186644274e+01 9.842355134985886878e+00 9.476205788918003137e+00
1.105047533092255563e+01 1.102113138477753829e+01 1.097884912998215867e+01 1.091950435215814252e+01 1.083801081328968152e+01 1.072810646481077157e+01 1.058217517826241405e+01 1.039145350818463243e+01 1.014706736922464714e+01 9.842355028680696449e+00 9.476205744648035889e+00
1.105044281508043902e+01 1.102111234152558517e+01 1.097883797818975360e+01 1.091949784216573605e+01 1.083800704486947630e+01 1.072810432149745630e+01 1.058217399553596749e+01 1.039145288634429498e+01 1.014706706372442824e+01 9.842354891064831079e+00 9.476205688527800319e+00
1.105039912007622682e+01 1.102108675200303090e+01 1.097882299819268859e+01 1.091948910342472168e+01 1.083800199212693016e+01 1.072810145309969165e+01 1.058217241749636450e+01 1.039145206077007799e+01 1.014706666141552915e+01 9.842354712194268274e+00 9.476205617016058014e+00
1.105034040729033684e+01 1.102105236459719784e+01 1.097880287320539949e+01 1.091947737005946628e+01 1.083799521460733928e+01 1.072809761180778843e+01 1.058217030981730211e+01 1.039145096291003512e+01 1.014706613027557758e+01 9.842354478831857989e+00 9.476205525437380928e+00
1.105026152606638945e+01 1.102100615430407338e+01 1.097877583340262220e+01 1.091946161263808435e+01 1.083798612038280496e+01 1.072809246471617151e+01 1.058216749216847674e+01 1.039144950084344821e+01 1.014706542745616602e+01 9.842354173333344391e+00 9.476205407604888720e+00
1.105015557045011931e+01 1.102094405826887957e+01 1.097873950028976608e+01 1.091944044748325382e+01 1.083797391391098408e+01 1.072808556454230455e+01 1.058216372240317149e+01 1.039144755126548425e+01 1.014706449558398482e+01 9.842353772152684144e+00 9.476205255315115039e+00
1.105001329039118652e+01 1.102086062190609894e+01 1.097869067785574160e+01 1.091941201483245649e+01 1.083795752595240813e+01 1.072807631026470965e+01 1.058215867530285870e+01 1.039144494871500513e+01 1.014706325779197549e+01 9.842353243835903598e+00 9.476205057671199583e+00
1.104982231299971396e+01 1.102074852618399348e+01 1.097862507251532449e+01 1.091937381519994155e+01 1.083793551938552646e+01 1.072806389421181628e+01 1.058215191400477728e+01 1.039144147109632677e+01 1.014706161104344417e+01 9.842352546327804319e+00 9.476204800175686671e+00
1.104956611862167648e+01 1.102059795765049088e+01 1.097853691793434017e+01 1.091932248969816932e+01 1.083790596265571970e+01 1.072804723094347246e+01 1.058214285159419532e+01 1.039143682021908432e+01 1.014705941716170479e+01 9.842351623355272139e+00 9.476204463513891341e+00
1.104922270526396488e+01 1.102039577153854566e+01 1.097841847310161612e+01 1.091925352529961479e+01 1.083786625978059348e+01 1.072802486167038971e+01 1.058213069947708007e+01 1.039143059564097449e+01 1.014705649077543370e+01 9.842350399569674835e+00 9.476204021921693865e+00
