6.431630995126090156e+00 6.431630995126090156e+00 6.431630995126090156e+00 6.431630995126090156e+00 6.431630995126090156e+00 6.431630995126090156e+00 6.431630995126091044e+00 6.431630995126093708e+00 6.431630995126102590e+00 6.431630995126129235e+00 6.431630995126214501e+00
6.571613405733225832e+00 6.571613405733225832e+00 6.571613405733225832e+00 6.571613405733225832e+00 6.571613405733225832e+00 6.571613405733225832e+00 6.571613405733226720e+00 6.571613405733229385e+00 6.571613405733238267e+00 6.571613405733264912e+00 6.571613405733349289e+00
6.711580971893285508e+00 6.711580971893285508e+00 6.711580971893285508e+00 6.711580971893285508e+00 6.711580971893285508e+00 6.711580971893285508e+00 6.711580971893286396e+00 6.711580971893289060e+00 6.711580971893297054e+00 6.711580971893323699e+00 6.711580971893408076e+00
6.851533700532913329e+00 6.851533700532913329e+00 6.851533700532913329e+00 6.851533700532913329e+00 6.851533700532913329e+00 6.851533700532914217e+00 6.851533700532915105e+00 6.851533700532916882e+00 6.851533700532925764e+00 6.851533700532951521e+00 6.851533700533035010e+00
6.991470034883261242e+00 6.991470034883261242e+00 6.991470034883261242e+00 6.991470034883261242e+00 6.991470034883261242e+00 6.991470034883261242e+00 6.991470034883262130e+00 6.991470034883264795e+00 6.991470034883272788e+00 6.991470034883299434e+00 6.991470034883382922e+00
7.131386694354204359e+00 7.131386694354204359e+00 7.131386694354204359e+00 7.131386694354204359e+00 7.131386694354204359e+00 7.131386694354204359e+00 7.131386694354205247e+00 7.131386694354207911e+00 7.131386694354216793e+00 7.131386694354242550e+00 7.131386694354325151e+00
7.271278336516998841e+00 7.271278336516998841e+00 7.271278336516998841e+00 7.271278336516998841e+00 7.271278336516998841e+00 7.271278336516998841e+00 7.271278336516999730e+00 7.271278336517002394e+00 7.271278336517010388e+00 7.271278336517036145e+00 7.271278336517118746e+00
7.411137008466156750e+00 7.411137008466156750e+00 7.411137008466156750e+00 7.411137008466156750e+00 7.411137008466156750e+00 7.411137008466156750e+00 7.411137008466157639e+00 7.411137008466160303e+00 7.411137008466168297e+00 7.411137008466194054e+00 7.411137008466276654e+00
7.550951335174304724e+00 7.550951335174304724e+00 7.550951335174304724e+00 7.550951335174304724e+00 7.550951335174304724e+00 7.550951335174304724e+00 7.550951335174305612e+00 7.550951335174308277e+00 7.550951335174316270e+00 7.550951335174342915e+00 7.550951335174424628e+00
7.690705369399072566e+00 7.690705369399072566e+00 7.690705369399072566e+00 7.690705369399072566e+00 7.690705369399072566e+00 7.690705369399072566e+00 7.690705369399073454e+00 7.690705369399076119e+00 7.690705369399084113e+00 7.690705369399109870e+00 7.690705369399191582e+00
7.830377000610317495e+00 7.830377000610317495e+00 7.830377000610317495e+00 7.830377000610318383e+00 7.830377000610318383e+00 7.830377000610318383e+00 7.830377000610319271e+00 7.830377000610321936e+00 7.830377000610329929e+00 7.830377000610355687e+00 7.830377000610437399e+00
