9.853704308136187251e+00 9.853704348309991090e+00 9.853704475350692604e+00 9.853704877088411251e+00 9.853706147492140133e+00 9.853710164836526175e+00 9.853722868543576041e+00 9.853763038620105164e+00 9.853890039967167169e+00 9.854291319218077660e+00 9.855555229727112732e+00
9.725348841461764593e+00 9.725348880609002933e+00 9.725349004403421205e+00 9.725349395875507952e+00 9.725350633816589152e+00 9.725354548506437879e+00 9.725366927605609391e+00 9.725406071341890168e+00 9.725529829264578652e+00 9.725920890481136283e+00 9.727153348294091728e+00
9.596737088481310352e+00 9.596737126490477721e+00 9.596737246686000589e+00 9.596737626777393615e+00 9.596738828729701964e+00 9.596742629614491094e+00 9.596754648845168489e+00 9.596792654736875150e+00 9.596912816468897489e+00 9.597292537770975684e+00 9.598489812118259579e+00
9.467871791344370180e+00 9.467871828089418074e+00 9.467871944287445274e+00 9.467872311737664859e+00 9.467873473715220811e+00 9.467877148190243730e+00 9.467888767693475316e+00 9.467925509698250863e+00 9.468041676573669463e+00 9.468408792934033258e+00 9.469566746711322480e+00
9.338734350139077378e+00 9.338734385481092914e+00 9.338734497242336730e+00 9.338734850662234521e+00 9.338735968272176891e+00 9.338739502446076202e+00 9.338750678294246654e+00 9.338786017505436021e+00 9.338897750227829420e+00 9.339250869572309099e+00 9.340365000274857721e+00
9.209282894616615422e+00 9.209282928405999158e+00 9.209283035257394445e+00 9.209283373150997321e+00 9.209284441662656917e+00 9.209287820575811523e+00 9.209298505463188178e+00 9.209332292292383926e+00 9.209439117817014520e+00 9.209776742347331790e+00 9.210842240818246651e+00
9.079448457015974583e+00 9.079448489095382158e+00 9.079448590539362485e+00 9.079448911333237504e+00 9.079449925770973095e+00 9.079453133689108668e+00 9.079463277860194026e+00 9.079495354971871990e+00 9.079596775769191552e+00 9.079917330908628514e+00 9.080929165577297013e+00
8.949128886201126676e+00 8.949128916409396339e+00 8.949129011936316047e+00 8.949129314018822612e+00 8.949130269286198924e+00 8.949133290093008952e+00 8.949142842584056012e+00 8.949173048820568965e+00 8.949268555273429016e+00 8.949570428587875881e+00 8.950523462520280304e+00
8.818179985152783118e+00 8.818180013330056966e+00 8.818180102434412859e+00 8.818180384207003897e+00 8.818181275248967665e+00 8.818184092959004516e+00 8.818193003219818138e+00 8.818221178729013232e+00 8.818310265334696751e+00 8.818591857538480738e+00 8.819481004845213690e+00
8.686403162035544412e+00 8.686403188029762745e+00 8.686403270230687923e+00 8.686403530172734477e+00 8.686404352180636224e+00 8.686406951587603231e+00 8.686415171531541191e+00 8.686441164248572377e+00 8.686523350105021635e+00 8.686783139658922792e+00 8.687603565880957390e+00
8.553528653911470769e+00 8.553528677586239581e+00 8.553528752452423944e+00 8.553528989200000154e+00 8.553529737860719351e+00 8.553532105325285073e+00 8.553539591820490173e+00 8.553563265345074385e+00 8.553638119052278554e+00 8.553874740766929108e+00 8.554622108447565765e+00
