7.783081832304644010e+00 7.783080236681032993e+00 7.783075191895067135e+00 7.783059248942435282e+00 7.783008929840944390e+00 7.782850687269014855e+00 7.782357526422980065e+00 7.780851810761645559e+00 7.776449117895302798e+00 7.764578254021833104e+00 7.736428434968712686e+00
7.783044565880854471e+00 7.783042998118903100e+00 7.783038040923072387e+00 7.783022369921456018e+00 7.782972864150317527e+00 7.782816815802848787e+00 7.782328323188904662e+00 7.780829354537783793e+00 7.776433631889318576e+00 7.764568760313197870e+00 7.736423273582852644e+00
7.783033082389567703e+00 7.783031519239218099e+00 7.783026576601653979e+00 7.783010951388484422e+00 7.782961587930291358e+00 7.782805965032243201e+00 7.782318588340689125e+00 7.780821665686960209e+00 7.776428296694478881e+00 7.764565488171805363e+00 7.736421496572863710e+00
7.783018111899637326e+00 7.783016554083596716e+00 7.783011628289478345e+00 7.782996056088829384e+00 7.782946857763763937e+00 7.782791732197791745e+00 7.782305693287590032e+00 7.780811369028961977e+00 7.776421126470561163e+00 7.764561088229540609e+00 7.736419107212261892e+00
7.782998615131164755e+00 7.782997063475276533e+00 7.782992157136165545e+00 7.782976646206665627e+00 7.782927639130190478e+00 7.782773093404092180e+00 7.782288649302333994e+00 7.780797596921281034e+00 7.776411492420518989e+00 7.764555171958209989e+00 7.736415894418994910e+00
7.782973250833991941e+00 7.782971706282686419e+00 7.782966822385238181e+00 7.782951382172510257e+00 7.782902596222940339e+00 7.782748724852968536e+00 7.782266171986865544e+00 7.780779203541292155e+00 7.776398552114225815e+00 7.764547217162221848e+00 7.736411574352356268e+00
7.782940290700235408e+00 7.782938754333780018e+00 7.782933896294219167e+00 7.782918537602485642e+00 7.782870006956903453e+00 7.782716918099426451e+00 7.782236597120185451e+00 7.780754681315480425e+00 7.776381178303369168e+00 7.764536522141369801e+00 7.736405765344745333e+00
7.782897511724658379e+00 7.782895984777352894e+00 7.782891156499004204e+00 7.782875891672953017e+00 7.782827655381321819e+00 7.782675472629454028e+00 7.782197773833239296e+00 7.780722054623063322e+00 7.776357865062344388e+00 7.764522144268127590e+00 7.736397954213956041e+00
7.782842060268714945e+00 7.782840544148128537e+00 7.782835750082271353e+00 7.782820593199589077e+00 7.782772695794333728e+00 7.782621560106831815e+00 7.782146929397081969e+00 7.780678745171243804e+00 7.776326604689162814e+00 7.764502817745780661e+00 7.736387450984674174e+00
7.782770281054202322e+00 7.782768777361614099e+00 7.782764022572119522e+00 7.782748989647970461e+00 7.782701481791377773e+00 7.782551553545046019e+00 7.782080498861315476e+00 7.780621402300572420e+00 7.776284727444696898e+00 7.764476843703164377e+00 7.736373328069767297e+00
7.782677502819996818e+00 7.782676013371911949e+00 7.782671303603286184e+00 7.782656412805566859e+00 7.782609351971121470e+00 7.782460813120811949e+00 7.781993911247798046e+00 7.780545689882528038e+00 7.776228694588778190e+00 7.764441943596564144e+00 7.736354338591318935e+00
