7.782678191667315559e+00 7.782678191667315559e+00 7.782678191667314671e+00 7.782678191667312895e+00 7.782678191667308454e+00 7.782678191667293355e+00 7.782678191667246281e+00 7.782678191667097956e+00 7.782678191666626333e+00 7.782678191665136858e+00 7.782678191660426847e+00
7.782558452282405170e+00 7.782558452282405170e+00 7.782558452282404282e+00 7.782558452282403394e+00 7.782558452282398065e+00 7.782558452282383854e+00 7.782558452282336781e+00 7.782558452282190231e+00 7.782558452281723937e+00 7.782558452280250449e+00 7.782558452275591954e+00
7.782404188421167213e+00 7.782404188421166324e+00 7.782404188421166324e+00 7.782404188421164548e+00 7.782404188421160107e+00 7.782404188421145896e+00 7.782404188421099711e+00 7.782404188420954050e+00 7.782404188420493973e+00 7.782404188419040025e+00 7.782404188414440149e+00
7.782205805464351478e+00 7.782205805464351478e+00 7.782205805464350590e+00 7.782205805464349702e+00 7.782205805464344373e+00 7.782205805464330162e+00 7.782205805464284865e+00 7.782205805464141868e+00 7.782205805463688897e+00 7.782205805462255377e+00 7.782205805457722114e+00
7.781951181835785825e+00 7.781951181835785825e+00 7.781951181835785825e+00 7.781951181835784048e+00 7.781951181835779607e+00 7.781951181835765396e+00 7.781951181835720988e+00 7.781951181835579767e+00 7.781951181835133902e+00 7.781951181833725251e+00 7.781951181829268371e+00
7.781625057455037187e+00 7.781625057455037187e+00 7.781625057455036298e+00 7.781625057455035410e+00 7.781625057455030969e+00 7.781625057455016758e+00 7.781625057454973238e+00 7.781625057454834682e+00 7.781625057454397698e+00 7.781625057453015692e+00 7.781625057448645855e+00
7.781208294831646555e+00 7.781208294831646555e+00 7.781208294831645667e+00 7.781208294831644778e+00 7.781208294831640337e+00 7.781208294831627015e+00 7.781208294831583494e+00 7.781208294831448491e+00 7.781208294831021277e+00 7.781208294829670358e+00 7.781208294825398220e+00
7.780676994334992713e+00 7.780676994334992713e+00 7.780676994334992713e+00 7.780676994334990937e+00 7.780676994334987384e+00 7.780676994334974061e+00 7.780676994334932317e+00 7.780676994334800867e+00 7.780676994334384311e+00 7.780676994333068031e+00 7.780676994328905138e+00
7.780001445313038388e+00 7.780001445313038388e+00 7.780001445313037500e+00 7.780001445313036612e+00 7.780001445313033059e+00 7.780001445313019737e+00 7.780001445312979769e+00 7.780001445312851871e+00 7.780001445312447750e+00 7.780001445311170549e+00 7.780001445307131114e+00
7.779144896767519413e+00 7.779144896767518524e+00 7.779144896767518524e+00 7.779144896767517636e+00 7.779144896767513195e+00 7.779144896767500761e+00 7.779144896767461681e+00 7.779144896767338224e+00 7.779144896766948314e+00 7.779144896765714634e+00 7.779144896761811978e+00
7.778062134990420873e+00 7.778062134990419985e+00 7.778062134990419985e+00 7.778062134990419096e+00 7.778062134990415544e+00 7.778062134990403109e+00 7.778062134990365806e+00 7.778062134990246790e+00 7.778062134989871979e+00 7.778062134988686260e+00 7.778062134984936371e+00
