1.099632751183238533e+01 1.099632751183238533e+01 1.099632751183238533e+01 1.099632751183238533e+01 1.099632751183238533e+01 1.099632751183238533e+01 1.099632751183238533e+01 1.099632751183238533e+01 1.099632751183238533e+01 1.099632751183238533e+01 1.099632751183238533e+01
1.099651037050612423e+01 1.099651037050612423e+01 1.099651037050612423e+01 1.099651037050612423e+01 1.099651037050612423e+01 1.099651037050612423e+01 1.099651037050612423e+01 1.099651037050612423e+01 1.099651037050612423e+01 1.099651037050612423e+01 1.099651037050612423e+01
1.099665278314596861e+01 1.099665278314596861e+01 1.099665278314596861e+01 1.099665278314596861e+01 1.099665278314596861e+01 1.099665278314596861e+01 1.099665278314596861e+01 1.099665278314596861e+01 1.099665278314596861e+01 1.099665278314596861e+01 1.099665278314596861e+01
1.099676324369369596e+01 1.099676324369369596e+01 1.099676324369369596e+01 1.099676324369369596e+01 1.099676324369369596e+01 1.099676324369369596e+01 1.099676324369369596e+01 1.099676324369369596e+01 1.099676324369369596e+01 1.099676324369369596e+01 1.099676324369369596e+01
1.099684859507386214e+01 1.099684859507386214e+01 1.099684859507386214e+01 1.099684859507386214e+01 1.099684859507386214e+01 1.099684859507386214e+01 1.099684859507386214e+01 1.099684859507386214e+01 1.099684859507386214e+01 1.099684859507386214e+01 1.099684859507386214e+01
1.099691431116649909e+01 1.099691431116649909e+01 1.099691431116649909e+01 1.099691431116649909e+01 1.099691431116649909e+01 1.099691431116649909e+01 1.099691431116649909e+01 1.099691431116649909e+01 1.099691431116649909e+01 1.099691431116649909e+01 1.099691431116649909e+01
1.099696474204773011e+01 1.099696474204773011e+01 1.099696474204773011e+01 1.099696474204773011e+01 1.099696474204773011e+01 1.099696474204773011e+01 1.099696474204773011e+01 1.099696474204773011e+01 1.099696474204773011e+01 1.099696474204773011e+01 1.099696474204773011e+01
1.099700332385476464e+01 1.099700332385476464e+01 1.099700332385476464e+01 1.099700332385476464e+01 1.099700332385476464e+01 1.099700332385476464e+01 1.099700332385476464e+01 1.099700332385476464e+01 1.099700332385476464e+01 1.099700332385476464e+01 1.099700332385476464e+01
1.099703275576564110e+01 1.099703275576564110e+01 1.099703275576564110e+01 1.099703275576564110e+01 1.099703275576564110e+01 1.099703275576564110e+01 1.099703275576564110e+01 1.099703275576564110e+01 1.099703275576564110e+01 1.099703275576564110e+01 1.099703275576564110e+01
1.099705514729897082e+01 1.099705514729897082e+01 1.099705514729897082e+01 1.099705514729897082e+01 1.099705514729897082e+01 1.099705514729897082e+01 1.099705514729897082e+01 1.099705514729897082e+01 1.099705514729897082e+01 1.099705514729897082e+01 1.099705514729897082e+01
1.099712371008171807e+01 1.099712371008171807e+01 1.099712371008171807e+01 1.099712371008171807e+01 1.099712371008171807e+01 1.099712371008171807e+01 1.099712371008171807e+01 1.099712371008171807e+01 1.099712371008171807e+01 1.099712371008171807e+01 1.099712371008171807e+01
