7.663251395519482756e+00 7.663251499247339282e+00 7.663251827263455773e+00 7.663252864539821907e+00 7.663256144678999071e+00 7.663266517222790064e+00 7.663299316415412399e+00 7.663403019848170850e+00 7.663730791290417343e+00 7.664765607156486915e+00 7.668020711835804804e+00
7.535747189936813584e+00 7.535747292981201717e+00 7.535747618836001749e+00 7.535748649277720368e+00 7.535751907804163707e+00 7.535762212005681526e+00 7.535794795113115896e+00 7.535897815549304823e+00 7.536223430547221547e+00 7.537251465117499549e+00 7.540485635413698873e+00
7.407941563593836598e+00 7.407941665947143761e+00 7.407941989616559475e+00 7.407943013147512801e+00 7.407946249820487772e+00 7.407956484918201134e+00 7.407988849529584030e+00 7.408091179317334962e+00 7.408414613357596323e+00 7.409435784836291283e+00 7.412648684545259492e+00
7.279906459351673575e+00 7.279906560981181940e+00 7.279906882361748544e+00 7.279907898654752074e+00 7.279911112439600096e+00 7.279921275161512995e+00 7.279953410928694524e+00 7.280055017331534373e+00 7.280376166738666832e+00 7.281390144913129525e+00 7.284580680484295634e+00
7.151696027389911059e+00 7.151696128240077499e+00 7.151696447156149716e+00 7.151697455655769531e+00 7.151700644796057382e+00 7.151710729587837712e+00 7.151742618946505203e+00 7.151843446420824257e+00 7.152162135527342812e+00 7.153168364045361827e+00 7.156334748652282585e+00
7.023350422107663249e+00 7.023350522101436511e+00 7.023350838309361244e+00 7.023351838245091905e+00 7.023355000304275286e+00 7.023364999461006342e+00 7.023396618047100581e+00 7.023496589556829761e+00 7.023812574837394962e+00 7.024810283991192783e+00 7.027950073305227363e+00
6.894898725480680390e+00 6.894898824520051761e+00 6.894899137709892045e+00 6.894900128101636660e+00 6.894903259980396548e+00 6.894913163701357206e+00 6.894944480524169528e+00 6.895043498086679712e+00 6.895356469868179516e+00 6.896344681798619369e+00 6.899454787120015808e+00
6.766361225823037451e+00 6.766361323788957272e+00 6.766361633584251578e+00 6.766362613241533097e+00 6.766365711175276410e+00 6.766375507556046109e+00 6.766406484973138014e+00 6.766504429578799495e+00 6.766814011773841564e+00 6.767791539475690676e+00 6.770868222120689062e+00
6.637750955115764739e+00 6.637751051867614827e+00 6.637751357823685971e+00 6.637752325340311899e+00 6.637755384882305876e+00 6.637765059861411743e+00 6.637795653409828134e+00 6.637892384487473763e+00 6.638198132895397841e+00 6.639163574735997386e+00 6.642202426919153524e+00
6.509074788725743410e+00 6.509074884100457759e+00 6.509075185701649779e+00 6.509076139446978715e+00 6.509079155440717024e+00 6.509088692712249546e+00 6.509118850832112280e+00 6.509214205374295403e+00 6.509515604907718078e+00 6.510467335767303965e+00 6.513463251179721247e+00
6.380333954466057556e+00 6.380334048277076953e+00 6.380334344933435098e+00 6.380335283041874916e+00 6.380338249587882871e+00 6.380347630496511435e+00 6.380377294198969373e+00 6.380471085711315382e+00 6.380767547067228485e+00 6.381703707735280062e+00 6.384650846869547536e+00
