7.602991697051065145e+00 7.406006736463752738e+00 7.059189841497813589e+00 6.609664803665383559e+00 6.119914377959266183e+00 5.621497646466963261e+00 5.121767754341889578e+00 4.621828328130130004e+00 4.121844959942107423e+00 3.621849966074932148e+00 3.121851523794274552e+00
7.548543939005742054e+00 7.373696102945025643e+00 7.046011470400968868e+00 6.606524698259395478e+00 6.119462959565199256e+00 5.621445727668471726e+00 5.121761549966244331e+00 4.621827409652776275e+00 4.121844774314775250e+00 3.621849917868712243e+00 3.121851509599919083e+00
7.490621331422856244e+00 7.337927011574181257e+00 7.030445222770307367e+00 6.602505968632462974e+00 6.118852709799499578e+00 5.621374807586065003e+00 5.121753224205356503e+00 4.621826223689493141e+00 4.121844544696099177e+00 3.621849859816561601e+00 3.121851492698702213e+00
7.429127251784741759e+00 7.298524442625642372e+00 7.012208086469230217e+00 6.597400667250129302e+00 6.118028006266545304e+00 5.621277408003676257e+00 5.121741956214429514e+00 4.621824676198897031e+00 4.121844258075210377e+00 3.621849789480142690e+00 3.121851472487241264e+00
7.363934215285714124e+00 7.255298179351404642e+00 6.991000183595487805e+00 6.590963744039002314e+00 6.116914402716814081e+00 5.621142888763198897e+00 5.121726568973151039e+00 4.621822634192299439e+00 4.121843896632621629e+00 3.621849703653504893e+00 3.121851448194762124e+00
7.294875886965823675e+00 7.208034751646184901e+00 6.966500776877079026e+00 6.582908628742826451e+00 6.115412717573297741e+00 5.620956011853809109e+00 5.121705355441295460e+00 4.621819907029385277e+00 4.121843435579422454e+00 3.621849598057012010e+00 3.121851418824066471e+00
7.221737753869873266e+00 7.156487836219806553e+00 6.938362149681593927e+00 6.572901950840350338e+00 6.113391453620951488e+00 5.620694809895248945e+00 5.121675808806737784e+00 4.621816217350533940e+00 4.121842839844922501e+00 3.621849466881418067e+00 3.121851383066575281e+00
7.144245827548640904e+00 7.100366705959926250e+00 6.906200964030186462e+00 6.560556851898110331e+00 6.110677119600015139e+00 5.620327405156944955e+00 5.121634197071190719e+00 4.621811155037145014e+00 4.121842058895405891e+00 3.621849302094406031e+00 3.121851339177652562e+00
7.062052812658544454e+00 7.039322272368297106e+00 6.869586614310625450e+00 6.545424155269651934e+00 6.107041908801707386e+00 5.619807240609308252e+00 5.121574880509582428e+00 4.621804102761242206e+00 4.121841018449059924e+00 3.621849092361528744e+00 3.121851284789708636e+00
6.974720980491132316e+00 6.972929996219909832e+00 6.828025956062022672e+00 6.526980445347546400e+00 6.102187959973854881e+00 5.619065904125463362e+00 5.121489196649934961e+00 4.621794112833256030e+00 4.121839606905131959e+00 3.621848821324830769e+00 3.121851216625348258e+00
6.881700748819602254e+00 6.900668764585447867e+00 6.780943584986117934e+00 6.504611875448423675e+00 6.095727192436589448e+00 5.618002305149110143e+00 5.121363604401890868e+00 4.621779698390024116e+00 4.121837652521495698e+00 3.621848464780796029e+00 3.121851130045524503e+00
