-8.298716965515463784e+00 -8.798617947889637136e+00 -9.298586675615192476e+00 -9.798576790442002249e+00 -1.029857366487470749e+01 -1.079857267652343999e+01 -1.129857236398331821e+01 -1.179857226514985236e+01 -1.229857223389600485e+01 -1.279857222401267514e+01 -1.329857222088729252e+01
-8.298716896052686920e+00 -8.798617940588000508e+00 -9.298586674773767768e+00 -9.798576790322711005e+00 -1.029857366485166281e+01 -1.079857267651762243e+01 -1.129857236398162357e+01 -1.179857226514933188e+01 -1.229857223389584142e+01 -1.279857222401262362e+01 -1.329857222088727653e+01
-8.298716845521315832e+00 -8.798617935232845966e+00 -9.298586674143551889e+00 -9.798576790229768463e+00 -1.029857366483290804e+01 -1.079857267651275521e+01 -1.129857236398019182e+01 -1.179857226514888779e+01 -1.229857223389570287e+01 -1.279857222401258099e+01 -1.329857222088726232e+01
-8.298716808736308792e+00 -8.798617931297608052e+00 -9.298586673669424485e+00 -9.798576790156884542e+00 -1.029857366481756564e+01 -1.079857267650867314e+01 -1.129857236397897857e+01 -1.179857226514851298e+01 -1.229857223389558563e+01 -1.279857222401254369e+01 -1.329857222088724988e+01
-8.298716781936557041e+00 -8.798617928399341537e+00 -9.298586673310991202e+00 -9.798576790099359002e+00 -1.029857366480495706e+01 -1.079857267650524477e+01 -1.129857236397795006e+01 -1.179857226514819324e+01 -1.229857223389548437e+01 -1.279857222401251171e+01 -1.329857222088724100e+01
-8.298716762393272717e+00 -8.798617926259383992e+00 -9.298586673038601091e+00 -9.798576790053663998e+00 -1.029857366479455116e+01 -1.079857267650235819e+01 -1.129857236397707787e+01 -1.179857226514792146e+01 -1.229857223389539911e+01 -1.279857222401248507e+01 -1.329857222088723212e+01
-8.298716748126159004e+00 -8.798617924674793755e+00 -9.298586672830438715e+00 -9.798576790017136773e+00 -1.029857366478593050e+01 -1.079857267649992458e+01 -1.129857236397633713e+01 -1.179857226514769053e+01 -1.229857223389532628e+01 -1.279857222401246197e+01 -1.329857222088722501e+01
-8.298716737697688473e+00 -8.798617923497655369e+00 -9.298586672670419162e+00 -9.798576789987761160e+00 -1.029857366477876468e+01 -1.079857267649787111e+01 -1.129857236397570830e+01 -1.179857226514749335e+01 -1.229857223389526411e+01 -1.279857222401244243e+01 -1.329857222088721791e+01
-8.298716730063983249e+00 -8.798617922620044496e+00 -9.298586672546647947e+00 -9.798576789964000611e+00 -1.029857366477278902e+01 -1.079857267649613561e+01 -1.129857236397517539e+01 -1.179857226514732638e+01 -1.229857223389521259e+01 -1.279857222401242467e+01 -1.329857222088721436e+01
-8.298716724466729033e+00 -8.798617921963128197e+00 -9.298586672450307233e+00 -9.798576789944677401e+00 -1.029857366476779212e+01 -1.079857267649466657e+01 -1.129857236397472242e+01 -1.179857226514718427e+01 -1.229857223389516641e+01 -1.279857222401241046e+01 -1.329857222088720903e+01
-8.298716708363254924e+00 -8.798617919797765197e+00 -9.298586672058480218e+00 -9.798576789850070412e+00 -1.029857366474080571e+01 -1.079857267648642605e+01 -1.129857236397214493e+01 -1.179857226514637247e+01 -1.229857223389491061e+01 -1.279857222401233052e+01 -1.329857222088718416e+01
