1.320716915791824775e+01 1.320716915791824775e+01 1.320716915791824775e+01 1.320716915791824775e+01 1.320716915791824775e+01 1.320716915791824775e+01 1.320716915791824775e+01 1.320716915791824775e+01 1.320716915791824775e+01 1.320716915791824775e+01 1.320716915791824775e+01
1.320715696128509187e+01 1.320715696128509187e+01 1.320715696128509187e+01 1.320715696128509187e+01 1.320715696128509187e+01 1.320715696128509187e+01 1.320715696128509187e+01 1.320715696128509187e+01 1.320715696128509187e+01 1.320715696128509187e+01 1.320715696128509187e+01
1.320714162762176791e+01 1.320714162762176791e+01 1.320714162762176791e+01 1.320714162762176791e+01 1.320714162762176791e+01 1.320714162762176791e+01 1.320714162762176791e+01 1.320714162762176791e+01 1.320714162762176791e+01 1.320714162762176791e+01 1.320714162762176791e+01
1.320712241720894475e+01 1.320712241720894475e+01 1.320712241720894475e+01 1.320712241720894475e+01 1.320712241720894475e+01 1.320712241720894475e+01 1.320712241720894475e+01 1.320712241720894475e+01 1.320712241720894475e+01 1.320712241720894475e+01 1.320712241720894475e+01
1.320709843894566937e+01 1.320709843894566937e+01 1.320709843894566937e+01 1.320709843894566937e+01 1.320709843894566937e+01 1.320709843894566937e+01 1.320709843894566937e+01 1.320709843894566937e+01 1.320709843894566937e+01 1.320709843894566937e+01 1.320709843894566937e+01
1.320706862645242552e+01 1.320706862645242552e+01 1.320706862645242552e+01 1.320706862645242552e+01 1.320706862645242552e+01 1.320706862645242552e+01 1.320706862645242552e+01 1.320706862645242552e+01 1.320706862645242552e+01 1.320706862645242552e+01 1.320706862645242552e+01
1.320703171217638427e+01 1.320703171217638427e+01 1.320703171217638427e+01 1.320703171217638427e+01 1.320703171217638427e+01 1.320703171217638427e+01 1.320703171217638427e+01 1.320703171217638427e+01 1.320703171217638427e+01 1.320703171217638427e+01 1.320703171217638427e+01
1.320698619958964137e+01 1.320698619958964137e+01 1.320698619958964137e+01 1.320698619958964137e+01 1.320698619958964137e+01 1.320698619958964137e+01 1.320698619958964137e+01 1.320698619958964137e+01 1.320698619958964137e+01 1.320698619958964137e+01 1.320698619958964137e+01
1.320693033348105594e+01 1.320693033348105594e+01 1.320693033348105594e+01 1.320693033348105594e+01 1.320693033348105594e+01 1.320693033348105594e+01 1.320693033348105594e+01 1.320693033348105594e+01 1.320693033348105594e+01 1.320693033348105594e+01 1.320693033348105594e+01
1.320686206818835728e+01 1.320686206818835728e+01 1.320686206818835728e+01 1.320686206818835728e+01 1.320686206818835728e+01 1.320686206818835728e+01 1.320686206818835728e+01 1.320686206818835728e+01 1.320686206818835728e+01 1.320686206818835728e+01 1.320686206818835728e+01
1.320677903335743331e+01 1.320677903335743331e+01 1.320677903335743331e+01 1.320677903335743331e+01 1.320677903335743331e+01 1.320677903335743331e+01 1.320677903335743331e+01 1.320677903335743331e+01 1.320677903335743331e+01 1.320677903335743331e+01 1.320677903335743331e+01
