1.310342896903857834e+01 1.306224140138755452e+01 1.300145435594837373e+01 1.291635483918294725e+01 1.280081591469991764e+01 1.264720397917170480e+01 1.244675541199689484e+01 1.219089893988067708e+01 1.187385464204453811e+01 1.149605168195185101e+01 1.106640546639305356e+01
1.309990786929390616e+01 1.306007614135429229e+01 1.300016259303667887e+01 1.291559971311975552e+01 1.280038445343732256e+01 1.264696548711964041e+01 1.244662977915865198e+01 1.219083690569466683e+01 1.187382634686944272e+01 1.149603986303362468e+01 1.106640094137751440e+01
1.309530438843223443e+01 1.305720559332110575e+01 1.299844033289072343e+01 1.291459155593403985e+01 1.279980915106129480e+01 1.264664863941157158e+01 1.244646396472120564e+01 1.219075590990425972e+01 1.187379001068068973e+01 1.149602503087565175e+01 1.106639541306063457e+01
1.308933279729149746e+01 1.305341462100425964e+01 1.299614782364269061e+01 1.291324610816550411e+01 1.279904171815801917e+01 1.264622718434318038e+01 1.244624465367118660e+01 1.219064981121221969e+01 1.187374313641000434e+01 1.149600631621971658e+01 1.106638862441188920e+01
1.308166103471029373e+01 1.304843331998688427e+01 1.299310327412502275e+01 1.291145195489446706e+01 1.279801783830553674e+01 1.264566605861091020e+01 1.244595405765970142e+01 1.219051042160974418e+01 1.187368241139205516e+01 1.149598257734704454e+01 1.106638024396970366e+01
1.307191867434372234e+01 1.304193042578027395e+01 1.298907274095913955e+01 1.290906254803960174e+01 1.279665206665214860e+01 1.264491848108605510e+01 1.244556841666663161e+01 1.219032681802933027e+01 1.187360343456536249e+01 1.149595231063769596e+01 1.106636984244868316e+01
1.305971229242073761e+01 1.303348671928572777e+01 1.298375941234001552e+01 1.290588648590253840e+01 1.279483128656003643e+01 1.264392213917652796e+01 1.244505601116446236e+01 1.219008442427743510e+01 1.187350035190921815e+01 1.149591353114048076e+01 1.106635686165120624e+01
1.304462384857974122e+01 1.302269328973101636e+01 1.297679364648365308e+01 1.290167613160704896e+01 1.279240646090547173e+01 1.264259422660243182e+01 1.244437453611973865e+01 1.218976378911245284e+01 1.187336536960989442e+01 1.149586361305751048e+01 1.106634057309702435e+01
1.302632604575051189e+01 1.300904973261390118e+01 1.296772606104168801e+01 1.289611507120583767e+01 1.278918248515301315e+01 1.264082506159726549e+01 1.244346765229695606e+01 1.218933896461652111e+01 1.187318810472366515e+01 1.149579907669442314e+01 1.106632002291071615e+01
1.300449159589105363e+01 1.299198145013752992e+01 1.295602695975277463e+01 1.288880561213396980e+01 1.278490613996366321e+01 1.263847001174616302e+01 1.244226049360424469e+01 1.218877536276524864e+01 1.187295472063509294e+01 1.149571530401058617e+01 1.106629395834111662e+01
1.297879179900803770e+01 1.297099724150032785e+01 1.294109595486568232e+01 1.287925854197196962e+01 1.277925253002709916e+01 1.263533950788440663e+01 1.244065387947493129e+01 1.218802693799344183e+01 1.187264677892364340e+01 1.149560615912845307e+01 1.106626072973531372e+01
