-4.685712631784844651e-01 -4.685707130807093557e-01 -4.685689735233897202e-01 -4.685634726059949573e-01 -4.685460776363430391e-01 -4.684910744972269336e-01 -4.683171851299660071e-01 -4.677677564292934131e-01 -4.660348706987642031e-01 -4.606000710756587568e-01 -4.438480945020591428e-01
-6.004860656480239811e-01 -6.004855250435170433e-01 -6.004838155063899618e-01 -6.004784095196100679e-01 -6.004613147312319876e-01 -6.004072606917866262e-01 -6.002363710734368585e-01 -5.996964127618146234e-01 -5.979933194068851599e-01 -5.926512024837642389e-01 -5.761778364289237286e-01
-7.331233236150352939e-01 -7.331227936261909273e-01 -7.331211176585644695e-01 -7.331158178261447667e-01 -7.330990587101072764e-01 -7.330460659876266716e-01 -7.328785308273684240e-01 -7.323491630652457784e-01 -7.306793891274723229e-01 -7.254409583382790405e-01 -7.092795624018788381e-01
-8.665733489100460041e-01 -8.665728308385328704e-01 -8.665711925566271789e-01 -8.665660118950272439e-01 -8.665496296112848995e-01 -8.664978283479303212e-01 -8.663340590210355519e-01 -8.658165809897547804e-01 -8.641842178980863043e-01 -8.590622442849867868e-01 -8.432516002299159652e-01
-1.001167153918312680e+00 -1.001166648997245723e+00 -1.001165052300498459e+00 -1.001160003140677546e+00 -1.001144036681690164e+00 -1.001093550167856838e+00 -1.000933936406977143e+00 -1.000429579092941390e+00 -9.988385050559110967e-01 -9.938451091070724663e-01 -9.784221607927335862e-01
-1.137158327145155745e+00 -1.137157836688895696e+00 -1.137156285733666339e+00 -1.137151381219043689e+00 -1.137135872146517901e+00 -1.137086831797545106e+00 -1.136931789031314421e+00 -1.136441864705049598e+00 -1.134896215229186600e+00 -1.130044333387775435e+00 -1.115048620980833238e+00
-1.274860129062508118e+00 -1.274859654456223179e+00 -1.274858153622784318e+00 -1.274853407604861877e+00 -1.274838399719732562e+00 -1.274790944032727413e+00 -1.274640910091380697e+00 -1.274166801933998672e+00 -1.272670937459106755e+00 -1.267974224082119017e+00 -1.253447614427870782e+00
-1.414835511905714105e+00 -1.414835054405496839e+00 -1.414833607665952231e+00 -1.414829032705526624e+00 -1.414814565727537943e+00 -1.414768820297532370e+00 -1.414624192249181567e+00 -1.414167154918017255e+00 -1.412725033204206282e+00 -1.408195905951965088e+00 -1.394176698333449815e+00
-1.557736485719573905e+00 -1.557736046465279411e+00 -1.557734657424160174e+00 -1.557730264919697571e+00 -1.557716374893332256e+00 -1.557672453696662185e+00 -1.557533591902849457e+00 -1.557094764327912495e+00 -1.555709980641313273e+00 -1.551359744849283073e+00 -1.537883039981632782e+00
-1.704519585853646824e+00 -1.704519165693971328e+00 -1.704517837035090855e+00 -1.704513635473546396e+00 -1.704500349236838241e+00 -1.704458337142090496e+00 -1.704325509973502184e+00 -1.703905740742529540e+00 -1.702580977760429048e+00 -1.698418107525650589e+00 -1.685510571420686166e+00
-1.856195967458976748e+00 -1.856195567075065833e+00 -1.856194300952397347e+00 -1.856190297145260404e+00 -1.856177636238310669e+00 -1.856137601364038270e+00 -1.856011024258141129e+00 -1.855610994919160595e+00 -1.854348410574200967e+00 -1.850379754887556683e+00 -1.838063241181600027e+00
