1.038627179461471783e+01 1.038627179461471783e+01 1.038627179461471783e+01 1.038627179461471783e+01 1.038627179461471783e+01 1.038627179461471783e+01 1.038627179461471783e+01 1.038627179461471783e+01 1.038627179461471783e+01 1.038627179461471783e+01 1.038627179461471783e+01
1.038626142423032128e+01 1.038626142423032128e+01 1.038626142423032128e+01 1.038626142423032128e+01 1.038626142423032128e+01 1.038626142423032128e+01 1.038626142423032128e+01 1.038626142423032128e+01 1.038626142423032128e+01 1.038626142423032128e+01 1.038626142423032128e+01
1.038624800272974014e+01 1.038624800272974014e+01 1.038624800272974014e+01 1.038624800272974014e+01 1.038624800272974014e+01 1.038624800272974014e+01 1.038624800272974014e+01 1.038624800272974014e+01 1.038624800272974014e+01 1.038624800272974014e+01 1.038624800272974014e+01
1.038623065646354071e+01 1.038623065646354071e+01 1.038623065646354071e+01 1.038623065646354071e+01 1.038623065646354071e+01 1.038623065646354071e+01 1.038623065646354071e+01 1.038623065646354071e+01 1.038623065646354071e+01 1.038623065646354071e+01 1.038623065646354071e+01
1.038620827125691370e+01 1.038620827125691370e+01 1.038620827125691370e+01 1.038620827125691370e+01 1.038620827125691370e+01 1.038620827125691370e+01 1.038620827125691370e+01 1.038620827125691370e+01 1.038620827125691370e+01 1.038620827125691370e+01 1.038620827125691370e+01
1.038617943008324929e+01 1.038617943008324929e+01 1.038617943008324929e+01 1.038617943008324929e+01 1.038617943008324929e+01 1.038617943008324929e+01 1.038617943008324929e+01 1.038617943008324929e+01 1.038617943008324929e+01 1.038617943008324929e+01 1.038617943008324929e+01
1.038614233588794988e+01 1.038614233588794988e+01 1.038614233588794988e+01 1.038614233588794988e+01 1.038614233588794988e+01 1.038614233588794988e+01 1.038614233588794988e+01 1.038614233588794988e+01 1.038614233588794988e+01 1.038614233588794988e+01 1.038614233588794988e+01
1.038609471711674104e+01 1.038609471711674104e+01 1.038609471711674104e+01 1.038609471711674104e+01 1.038609471711674104e+01 1.038609471711674104e+01 1.038609471711674104e+01 1.038609471711674104e+01 1.038609471711674104e+01 1.038609471711674104e+01 1.038609471711674104e+01
1.038603371241138085e+01 1.038603371241138085e+01 1.038603371241138085e+01 1.038603371241138085e+01 1.038603371241138085e+01 1.038603371241138085e+01 1.038603371241138085e+01 1.038603371241138085e+01 1.038603371241138085e+01 1.038603371241138085e+01 1.038603371241138085e+01
1.038595573121199322e+01 1.038595573121199322e+01 1.038595573121199322e+01 1.038595573121199322e+01 1.038595573121199322e+01 1.038595573121199322e+01 1.038595573121199322e+01 1.038595573121199322e+01 1.038595573121199322e+01 1.038595573121199322e+01 1.038595573121199322e+01
1.038585628665628136e+01 1.038585628665628136e+01 1.038585628665628136e+01 1.038585628665628136e+01 1.038585628665628136e+01 1.038585628665628136e+01 1.038585628665628136e+01 1.038585628665628136e+01 1.038585628665628136e+01 1.038585628665628136e+01 1.038585628665628136e+01
