5.028194221249226104e+00 5.264892806681832127e+00 5.399011646546886034e+00 5.417017144043109411e+00 5.292658779636687960e+00 5.010363554950475695e+00 4.596927608024271805e+00 4.117311604580234707e+00 3.620223098014819119e+00 3.120548508833118628e+00 2.620584844539071590e+00
4.916598153219638334e+00 5.167977151589043139e+00 5.316880451431967636e+00 5.352606035933371587e+00 5.249684031025131148e+00 4.989065780126448857e+00 4.590414683895073011e+00 4.116196493816180357e+00 3.620093909053120562e+00 3.120535183762822573e+00 2.620583469608107396e+00
4.801343221750054902e+00 5.067832726125439002e+00 5.231486681165444352e+00 5.284616248702779018e+00 5.202960825485415164e+00 4.964663727422738759e+00 4.582342520805830155e+00 4.114703927256627480e+00 3.619914727840610524e+00 3.120516593842451947e+00 2.620581557835699016e+00
4.682030811740098386e+00 4.964155654443847432e+00 5.142613608180992557e+00 5.212875806155506275e+00 5.152289900281585844e+00 4.936862185107792733e+00 4.572413659985411272e+00 4.112712557971129890e+00 3.619665278231803729e+00 3.120490494822704797e+00 2.620578880415247447e+00
4.558199726166546562e+00 4.856570994954777731e+00 5.049986162056478989e+00 5.137165973414655973e+00 5.097439609136629635e+00 4.905341440584530588e+00 4.560289226817714869e+00 4.110065347859680251e+00 3.619316641304662241e+00 3.120453590127015620e+00 2.620575100134451052e+00
4.429324244048752135e+00 4.744617336808253150e+00 4.953258310725771274e+00 5.057209813231082762e+00 5.038134983265764255e+00 4.869748758320207926e+00 4.545583285347651881e+00 4.106560306454405840e+00 3.618827404856281849e+00 3.120400979740123315e+00 2.620569713230764375e+00
4.294815230799896355e+00 4.627727551614607471e+00 4.851997142965807086e+00 4.972658134247292416e+00 4.974044412060511178e+00 4.829687122776644692e+00 4.527855028799648629e+00 4.101939040948717086e+00 3.618138045722380625e+00 3.120325285092492962e+00 2.620561955544270738e+00
4.154023756835229619e+00 4.505204940728387619e+00 4.745662562976722398e+00 4.883072006608892401e+00 4.904763276809575245e+00 4.784700671443259168e+00 4.506597946760233064e+00 4.095872504014366200e+00 3.617162726503205583e+00 3.120215237473539904e+00 2.620550647813823630e+00
4.006243981087745709e+00 4.376194225046769581e+00 4.633581104192582956e+00 4.787900728342985524e+00 4.829793634038856531e+00 4.734256047222304531e+00 4.481224913245346997e+00 4.087943068829572368e+00 3.615777322056901166e+00 3.120053364508078797e+00 2.620533934709548873e+00
3.850708675455080332e+00 4.239647537969389646e+00 4.514911805413239776e+00 4.686453716772128075e+00 4.748518725829325327e+00 4.677718630157262858e+00 4.451047897748897419e+00 4.077621683650454187e+00 3.613801942760769492e+00 3.119812137982184819e+00 2.620508833441075325e+00
3.686568517958648261e+00 4.094287245627304728e+00 4.388601313983334862e+00 4.577864216964911748e+00 4.660170660148481581e+00 4.614322246432879915e+00 4.415250687270461327e+00 4.064238362617919265e+00 3.610975512092760464e+00 3.119447461858649628e+00 2.620470431527459176e+00
