-1.011902979036963472e+02 -1.011901579890695189e+02 -1.011897158365867000e+02 -1.011883205828415697e+02 -1.011839376737855218e+02 -1.011703618173281995e+02 -1.011300275841922485e+02 -1.010226599215006331e+02 -1.007940940058196020e+02 -1.004334946173916165e+02 -9.998885702231082462e+01
-9.836258951958680541e+01 -9.836258931150955220e+01 -9.836258865351219072e+01 -9.836258657274836992e+01 -9.836257999286104337e+01 -9.836255918608640059e+01 -9.836249339584733775e+01 -9.836228541441013817e+01 -9.836162837408186022e+01 -9.835955714791847981e+01 -9.835307161719453006e+01
-9.595567451036811235e+01 -9.595567450955283562e+01 -9.595567450697467393e+01 -9.595567449882182132e+01 -9.595567447304023290e+01 -9.595567439151170674e+01 -9.595567413369595045e+01 -9.595567331841199632e+01 -9.595567074026780574e+01 -9.595566258756073807e+01 -9.595563680744447765e+01
-9.390698096208555512e+01 -9.390698096207826495e+01 -9.390698096205521495e+01 -9.390698096198234168e+01 -9.390698096175187004e+01 -9.390698096102305215e+01 -9.390698095871834994e+01 -9.390698095143021362e+01 -9.390698092838312050e+01 -9.390698085550182839e+01 -9.390698062503102506e+01
-9.216319479878777088e+01 -9.216319479878764298e+01 -9.216319479878723087e+01 -9.216319479878590926e+01 -9.216319479878175969e+01 -9.216319479876861465e+01 -9.216319479872703369e+01 -9.216319479859556907e+01 -9.216319479817981630e+01 -9.216319479686511329e+01 -9.216319479270762827e+01
-9.067893660444181592e+01 -9.067893660444181592e+01 -9.067893660444180171e+01 -9.067893660444175907e+01 -9.067893660444161696e+01 -9.067893660444119064e+01 -9.067893660443982640e+01 -9.067893660443552051e+01 -9.067893660442187809e+01 -9.067893660437877656e+01 -9.067893660424245184e+01
-8.941558075719578369e+01 -8.941558075719578369e+01 -8.941558075719578369e+01 -8.941558075719578369e+01 -8.941558075719576948e+01 -8.941558075719574106e+01 -8.941558075719567000e+01 -8.941558075719544263e+01 -8.941558075719468945e+01 -8.941558075719234466e+01 -8.941558075718491239e+01
-8.834024996743120539e+01 -8.834024996743120539e+01 -8.834024996743120539e+01 -8.834024996743120539e+01 -8.834024996743120539e+01 -8.834024996743120539e+01 -8.834024996743120539e+01 -8.834024996743117697e+01 -8.834024996743112013e+01 -8.834024996743092117e+01 -8.834024996743029590e+01
-8.742495783879572002e+01 -8.742495783879572002e+01 -8.742495783879572002e+01 -8.742495783879572002e+01 -8.742495783879572002e+01 -8.742495783879572002e+01 -8.742495783879572002e+01 -8.742495783879572002e+01 -8.742495783879570581e+01 -8.742495783879569160e+01 -8.742495783879560634e+01
-8.664587250716057554e+01 -8.664587250716057554e+01 -8.664587250716057554e+01 -8.664587250716057554e+01 -8.664587250716057554e+01 -8.664587250716057554e+01 -8.664587250716057554e+01 -8.664587250716056133e+01 -8.664587250716056133e+01 -8.664587250716056133e+01 -8.664587250716054712e+01
-8.598267215494800553e+01 -8.598267215494800553e+01 -8.598267215494800553e+01 -8.598267215494800553e+01 -8.598267215494800553e+01 -8.598267215494800553e+01 -8.598267215494800553e+01 -8.598267215494800553e+01 -8.598267215494800553e+01 -8.598267215494800553e+01 -8.598267215494800553e+01
