1.270271839291620886e+01 1.270271832286649349e+01 1.270271810103788646e+01 1.270271739643577469e+01 1.270271513714174816e+01 1.270270768256081340e+01 1.270268107119044210e+01 1.270256995250441179e+01 1.270208037213140706e+01 1.270054998350348008e+01 1.269728751183634152e+01
1.270198033373709201e+01 1.270198028666018608e+01 1.270198013755610056e+01 1.270197966370937692e+01 1.270197814189799068e+01 1.270197309602996683e+01 1.270195482468779424e+01 1.270187545010672459e+01 1.270148984015118465e+01 1.270012989349258348e+01 1.269701908656153932e+01
1.270111797896138306e+01 1.270111795022072343e+01 1.270111785916312108e+01 1.270111756949691717e+01 1.270111663631615428e+01 1.270111351339106065e+01 1.270110191833016877e+01 1.270104860883910369e+01 1.270075921219817339e+01 1.269958765797450617e+01 1.269666476593873838e+01
1.270011281192907937e+01 1.270011279744744748e+01 1.270011275152891272e+01 1.270011260508546691e+01 1.270011212961600755e+01 1.270011050196611890e+01 1.270010410658484190e+01 1.270007147394396085e+01 1.269986679542567209e+01 1.269889469505649693e+01 1.269619922274103097e+01
1.269894368974006049e+01 1.269894368602563972e+01 1.269894367419219883e+01 1.269894363589706821e+01 1.269894350604120348e+01 1.269894300750869931e+01 1.269894054323598453e+01 1.269892375841228649e+01 1.269879004393443900e+01 1.269801923519444919e+01 1.269559119728631025e+01
1.269758646734265639e+01 1.269758647147957653e+01 1.269758648450084060e+01 1.269758652506917684e+01 1.269758664726357722e+01 1.269758697246611590e+01 1.269758738100659556e+01 1.269758231443565322e+01 1.269750516755289560e+01 1.269692721840752192e+01 1.269480304980115193e+01
1.269601357763291816e+01 1.269601358724529128e+01 1.269601361760058822e+01 1.269601371317534522e+01 1.269601401123162354e+01 1.269601491179204800e+01 1.269601733392800824e+01 1.269602059100243707e+01 1.269598635976114309e+01 1.269558326998552467e+01 1.269379079675883482e+01
1.269419356510458918e+01 1.269419357830318518e+01 1.269419362001261753e+01 1.269419375162738284e+01 1.269419416500495323e+01 1.269419544383243803e+01 1.269419919977443278e+01 1.269420808384907140e+01 1.269420479522780454e+01 1.269395136803869484e+01 1.269250480458696373e+01
1.269209057052366774e+01 1.269209058584335104e+01 1.269209063426961492e+01 1.269209078721855022e+01 1.269209126899907680e+01 1.269209277356620902e+01 1.269209733904024162e+01 1.269210977272378926e+01 1.269212757445236761e+01 1.269199482934428502e+01 1.269089116302593467e+01
1.268966376410312868e+01 1.268966378043761800e+01 1.268966383207937554e+01 1.268966399526056854e+01 1.268966451003910478e+01 1.268966612539581185e+01 1.268967110661886011e+01 1.268968553541043320e+01 1.268971673899782004e+01 1.268967544828490723e+01 1.268889348747869050e+01
1.268686672482603406e+01 1.268686674136478487e+01 1.268686679365678138e+01 1.268686695893728178e+01 1.268686748078584969e+01 1.268686912283641988e+01 1.268687423251428292e+01 1.268688952697551287e+01 1.268692839863114941e+01 1.268695193002414712e+01 1.268645459595332703e+01
