1.273184216276774583e+00 1.328331795086566514e+00 1.467072594432370369e+00 1.735614023367473058e+00 2.107327860527218100e+00 2.419085377759865541e+00 2.383560607881623827e+00 2.024795083879986191e+00 1.550794274094248637e+00 1.054529686360633711e+00 5.551279666967843252e-01
1.144250170170906467e+00 1.199426137371524259e+00 1.338282347458535915e+00 1.607498662953865010e+00 1.984382923494619089e+00 2.326493891744906950e+00 2.346700928101227213e+00 2.016957845301194041e+00 1.549758079311601700e+00 1.054419328845048742e+00 5.551167692124026054e-01
1.015203226877181120e+00 1.070404864070712669e+00 1.209356113323168724e+00 1.479086454380836857e+00 1.859891934017752879e+00 2.227284812572546180e+00 2.303392292889833826e+00 2.007034707905994697e+00 1.548383637772556387e+00 1.054271061503195828e+00 5.551017044109968213e-01
8.860430909107123165e-01 9.412692456698259491e-01 1.080302129028317903e+00 1.350428667483540845e+00 1.734197688628290823e+00 2.122223939561831418e+00 2.253082241435067967e+00 1.994585092756363309e+00 1.546567258808326351e+00 1.054071950381646250e+00 5.550814323278423501e-01
7.567641105342124419e-01 8.120123945069674942e-01 9.511217981068086358e-01 1.221559254710142373e+00 1.607564379067449423e+00 2.012130386259819659e+00 2.195314524487085528e+00 1.979114142803118925e+00 1.544177397809781915e+00 1.053804727229966431e+00 5.550541474642276540e-01
6.273568584452442476e-01 6.826339632318048078e-01 8.218113641706377148e-01 1.092499496480639820e+00 1.480191945660896291e+00 1.897813646408663235e+00 2.129771061616898997e+00 1.960076361093707309e+00 1.541049160376232852e+00 1.053446397764598919e+00 5.550174166148531540e-01
4.978005591287066878e-01 5.531071733896637532e-01 6.924267088770510448e-01 9.632592044700909462e-01 1.352227950994044026e+00 1.780024337551678659e+00 2.056312118527785948e+00 1.936882141323021944e+00 1.536978565627694193e+00 1.052966447925573146e+00 5.549679607236635004e-01
3.681013060482919985e-01 4.234391009824015062e-01 5.627566763345068779e-01 8.338383116376575366e-01 1.223779498249154996e+00 1.659423602109759699e+00 1.975006246504406482e+00 1.908907698709877643e+00 1.531716855755250295e+00 1.052324555573431075e+00 5.549013602241950061e-01
2.381760540543389204e-01 2.935550396994584532e-01 4.329792519920525051e-01 7.042314717764096565e-01 1.094917401440620219e+00 1.536568982006567996e+00 1.886140709759811962e+00 1.875509340281639625e+00 1.524965234531711289e+00 1.051467721939912670e+00 5.548116601189938546e-01
1.080894125164592878e-01 1.635098377040738737e-01 3.030122567233621833e-01 5.744242205513218069e-01 9.656986209922091557e-01 1.411914058984549136e+00 1.790205758839575445e+00 1.836043076450802003e+00 1.516370402980524057e+00 1.050326729261099157e+00 5.546908383591268032e-01
-2.232930520857911300e-02 3.315072692088634476e-02 1.727774421004178718e-01 4.443952746279511423e-01 8.361381627008762640e-01 1.285816047816951135e+00 1.687852724233397828e+00 1.789890843570303813e+00 1.505521295915912328e+00 1.048811863330569416e+00 5.545280945655968186e-01
