4.914478815688636537e+00 4.914478815688636537e+00 4.914478815688636537e+00 4.914478815688636537e+00 4.914478815688636537e+00 4.914478815688636537e+00 4.914478815688636537e+00 4.914478815688636537e+00 4.914478815688636537e+00 4.914478815688636537e+00 4.914478815688636537e+00
4.714933676840671772e+00 4.714933676840671772e+00 4.714933676840671772e+00 4.714933676840671772e+00 4.714933676840671772e+00 4.714933676840671772e+00 4.714933676840671772e+00 4.714933676840671772e+00 4.714933676840671772e+00 4.714933676840671772e+00 4.714933676840671772e+00
4.493899207148101205e+00 4.493899207148101205e+00 4.493899207148101205e+00 4.493899207148101205e+00 4.493899207148101205e+00 4.493899207148101205e+00 4.493899207148101205e+00 4.493899207148101205e+00 4.493899207148101205e+00 4.493899207148101205e+00 4.493899207148101205e+00
4.245686426154967386e+00 4.245686426154967386e+00 4.245686426154967386e+00 4.245686426154967386e+00 4.245686426154967386e+00 4.245686426154967386e+00 4.245686426154967386e+00 4.245686426154967386e+00 4.245686426154967386e+00 4.245686426154967386e+00 4.245686426154967386e+00
3.963290073193353358e+00 3.963290073193353358e+00 3.963290073193353358e+00 3.963290073193353358e+00 3.963290073193353358e+00 3.963290073193353358e+00 3.963290073193353358e+00 3.963290073193353358e+00 3.963290073193353358e+00 3.963290073193353358e+00 3.963290073193353358e+00
3.637696478228019448e+00 3.637696478228019448e+00 3.637696478228019448e+00 3.637696478228019448e+00 3.637696478228019448e+00 3.637696478228019448e+00 3.637696478228019448e+00 3.637696478228019448e+00 3.637696478228019448e+00 3.637696478228019448e+00 3.637696478228019448e+00
3.255646702826928252e+00 3.255646702826928252e+00 3.255646702826928252e+00 3.255646702826928252e+00 3.255646702826928252e+00 3.255646702826928252e+00 3.255646702826928252e+00 3.255646702826928252e+00 3.255646702826928252e+00 3.255646702826928252e+00 3.255646702826928252e+00
2.791559693207409598e+00 2.791559693207409598e+00 2.791559693207409598e+00 2.791559693207409598e+00 2.791559693207409598e+00 2.791559693207409598e+00 2.791559693207409598e+00 2.791559693207409598e+00 2.791559693207409598e+00 2.791559693207409598e+00 2.791559693207409598e+00
2.183951695217985822e+00 2.183951695217985822e+00 2.183951695217985822e+00 2.183951695217985822e+00 2.183951695217985822e+00 2.183951695217985822e+00 2.183951695217985822e+00 2.183951695217985822e+00 2.183951695217985822e+00 2.183951695217985822e+00 2.183951695217985822e+00
1.221334722723347088e+00 1.221334722723347088e+00 1.221334722723347088e+00 1.221334722723347088e+00 1.221334722723347088e+00 1.221334722723347088e+00 1.221334722723347088e+00 1.221334722723347088e+00 1.221334722723347088e+00 1.221334722723347088e+00 1.221334722723347088e+00
-7.712851246915340964e-01 -7.712851246915340964e-01 -7.712851246915340964e-01 -7.712851246915340964e-01 -7.712851246915340964e-01 -7.712851246915340964e-01 -7.712851246915340964e-01 -7.712851246915340964e-01 -7.712851246915340964e-01 -7.712851246915340964e-01 -7.712851246915340964e-01
