7.571508630142962382e+00 7.571509946563259597e+00 7.571514109423461036e+00 7.571527273280324266e+00 7.571568898420920846e+00 7.571700502363226448e+00 7.572116407121775694e+00 7.573428967987442029e+00 7.577552855439930291e+00 7.590316097897268577e+00 7.627752250468730288e+00
7.442584294009485291e+00 7.442585578854153283e+00 7.442589641864705285e+00 7.442602489981799074e+00 7.442643116791176183e+00 7.442771564993896583e+00 7.443177503191545696e+00 7.444458679527018674e+00 7.448484796101000782e+00 7.460957915295926668e+00 7.497734968292966151e+00
7.313548237469544411e+00 7.313549486697156432e+00 7.313553437078060604e+00 7.313565929042683322e+00 7.313605429736649732e+00 7.313730318229039185e+00 7.314125013532680519e+00 7.315370779026932446e+00 7.319286443035515788e+00 7.331428530246474118e+00 7.367394446064776226e+00
7.184369767339607193e+00 7.184370976535972453e+00 7.184374800328454214e+00 7.184386892000301117e+00 7.184425127007091127e+00 7.184546014544626047e+00 7.184928072782220454e+00 7.186134029202521312e+00 7.189925402482802319e+00 7.201692407884587865e+00 7.236690553718918117e+00
7.055005686998161885e+00 7.055006851402430890e+00 7.055010533551482332e+00 7.055022177323624355e+00 7.055058996108710012e+00 7.055175406776666769e+00 7.055543324119931015e+00 7.056704726579454245e+00 7.060356885196304333e+00 7.071701681158411468e+00 7.105570697257713064e+00
6.925396510575239084e+00 6.925397625128410617e+00 6.925401149636178033e+00 6.925412294920051615e+00 6.925447537519273666e+00 6.925558965575181247e+00 6.925911143793174851e+00 6.927022948315467055e+00 6.930520023956584730e+00 6.941392706828973580e+00 6.973966636002198349e+00
6.795461273987353223e+00 6.795462333409624023e+00 6.795465683579990923e+00 6.795476277578779367e+00 6.795509777043317712e+00 6.795615694641941928e+00 6.795950465460851575e+00 6.797007405269441804e+00 6.800332817373303307e+00 6.810681307075197033e+00 6.841790338836782226e+00
6.665090497264382741e+00 6.665091496168016327e+00 6.665094654963537479e+00 6.665104643800814799e+00 6.665136229765527887e+00 6.665236098235466145e+00 6.665551758922248382e+00 6.666548456164552050e+00 6.669685255961240067e+00 6.679456257978301004e+00 6.708928443807034903e+00
6.534136743773454548e+00 6.534137676817333151e+00 6.534140627347952091e+00 6.534149957613071713e+00 6.534179461182665349e+00 6.534272746469908633e+00 6.534567608589504140e+00 6.535498727694630361e+00 6.538430073977379742e+00 6.547570466349718288e+00 6.575234728404765860e+00
6.402402002566564221e+00 6.402402864657004145e+00 6.402405590815080316e+00 6.402414211571228364e+00 6.402441471669517270e+00 6.402527664408027341e+00 6.402800117215863729e+00 6.403660564573799618e+00 6.406370346576018449e+00 6.414829043872291692e+00 6.440519749337163979e+00
6.269620944291751208e+00 6.269621730830901463e+00 6.269624218076708999e+00 6.269632083344808038e+00 6.269656954568900709e+00 6.269735594911423071e+00 6.269984183811906142e+00 6.270769355228483555e+00 6.273242968051628843e+00 6.280973286155358437e+00 6.304536564525697884e+00
