4.548853119006698087e+00 4.549745944939593834e+00 4.552557289137775243e+00 4.561329629373199523e+00 4.587958536957124522e+00 4.662799722381027578e+00 4.839030708989845664e+00 5.151371030612257762e+00 5.565590690917871619e+00 6.011591650980267154e+00 6.438593485632063462e+00
4.708583735635889056e+00 4.709305563505431280e+00 4.711580319911487180e+00 4.718696305553084613e+00 4.740461027866238908e+00 4.802880875880543243e+00 4.956164220610008719e+00 5.243594627872485425e+00 5.641982309786375716e+00 6.079616709669422470e+00 6.501428216174152119e+00
4.862982611158277457e+00 4.863584917821133224e+00 4.865484099879981983e+00 4.871435758402584248e+00 4.889737044786584441e+00 4.943002597626856343e+00 5.078106374619793861e+00 5.343684666937764227e+00 5.726753733865375118e+00 6.155645617632353961e+00 6.571771876276790714e+00
5.013465019180173954e+00 5.013981301522367318e+00 5.015609902103332018e+00 5.020720159298692309e+00 5.036495443215287970e+00 5.082913147563881573e+00 5.203634038164501874e+00 5.450379665169368337e+00 5.818965986587799399e+00 6.238916983005568184e+00 6.648932935288879520e+00
5.161081242959254745e+00 5.161534045682727445e+00 5.162962834487042407e+00 5.167450370612150401e+00 5.181343474479661815e+00 5.222561006580642484e+00 5.331871348591826987e+00 5.562564159692844790e+00 5.917672584793678858e+00 6.328623471976986714e+00 6.732164819699478109e+00
5.306605673285603508e+00 5.307010626813633891e+00 5.308288722873496290e+00 5.312305837923847918e+00 5.324769857754115598e+00 5.361981632684104326e+00 5.462193879015389442e+00 5.679285172955919059e+00 6.021969438880946157e+00 6.423959897551286602e+00 6.820711115875245589e+00
5.450606559543083485e+00 5.450974787370160612e+00 5.452137175451571061e+00 5.455792624929989287e+00 5.467153678894779212e+00 5.501239091002589454e+00 5.594152357642585116e+00 5.799744260767311310e+00 6.131023510367229257e+00 6.524155470975554927e+00 6.913837055402787257e+00
5.593499416480858244e+00 5.593839018906158422e+00 5.594911191629689640e+00 5.598284380955210970e+00 5.608782033858363825e+00 5.640398563767394791e+00 5.727417591162606847e+00 5.923278672057973537e+00 6.244086236125929723e+00 6.628493059030257761e+00 7.010849744831384456e+00
5.735587281931789683e+00 5.735904278377790710e+00 5.736905189000141903e+00 5.740055246428561020e+00 5.749868742049344839e+00 5.779515185391149501e+00 5.861742665618899117e+00 6.049339583296896805e+00 6.360496899650348368e+00 6.736318927873627516e+00 7.111109801047537537e+00
5.877090725995587128e+00 5.877389669954201423e+00 5.878333661628726503e+00 5.881305388592044991e+00 5.890571055966063341e+00 5.918630974939419254e+00 5.996937635963877966e+00 6.177471493132342673e+00 6.479679820205146434e+00 6.847045942918269290e+00 7.214036783583763324e+00
6.018170041140653126e+00 6.018454431516136793e+00 6.019352529011183783e+00 6.022180395948619314e+00 6.031003446262175771e+00 6.057775439237401471e+00 6.132852700098530896e+00 6.307294487945304340e+00 6.601138038062402735e+00 6.960152560718799286e+00 7.319110371091550604e+00
