7.120037069652413564e+00 6.621785353954237507e+00 6.121969170242058667e+00 5.621987666660740679e+00 5.121989518329227664e+00 4.621989703782166004e+00 4.121989722414365787e+00 3.621989724305032077e+00 3.121989724502777896e+00 2.621989724525296772e+00 2.121989724528416943e+00
7.120043284479443457e+00 6.621786007379342642e+00 6.121969228975514987e+00 5.621987670220522482e+00 5.121989517951382354e+00 4.621989703512308978e+00 4.121989722313991855e+00 3.621989724271787559e+00 3.121989724492114870e+00 2.621989724521909704e+00 2.121989724527344467e+00
7.120056932274027695e+00 6.621787441648028683e+00 6.121969357842441006e+00 5.621987678014611411e+00 5.121989517115541624e+00 4.621989702917898235e+00 4.121989722093013953e+00 3.621989724198607430e+00 3.121989724468642979e+00 2.621989724514454334e+00 2.121989724524983245e+00
7.120082928558697510e+00 6.621790171134598779e+00 6.121969602879081762e+00 5.621987692771679868e+00 5.121989515500009915e+00 4.621989701778736581e+00 4.121989721669950590e+00 3.621989724058539917e+00 3.121989724423721579e+00 2.621989724500186192e+00 2.121989724520465082e+00
7.120126706727891275e+00 6.621794760160759630e+00 6.121970014239117575e+00 5.621987717354087977e+00 5.121989512708528203e+00 4.621989699839359034e+00 4.121989720951002134e+00 3.621989723820621787e+00 3.121989724347428830e+00 2.621989724475954464e+00 2.121989724512791664e+00
7.120192934172944632e+00 6.621801684394013066e+00 6.121970633415774188e+00 5.621987753882160099e+00 5.121989508310434758e+00 4.621989696853452401e+00 4.121989719847263700e+00 3.621989723455638632e+00 3.121989724230415764e+00 2.621989724438792191e+00 2.121989724501024188e+00
7.120284156149661037e+00 6.621811185695237967e+00 6.121971479915954362e+00 5.621987802834257586e+00 5.121989501888045027e+00 4.621989692632037183e+00 4.121989718293287197e+00 3.621989722942323020e+00 3.121989724065900251e+00 2.621989724386549092e+00 2.121989724484481421e+00
7.120399880116134561e+00 6.621823177157561524e+00 6.121972542701276332e+00 5.621987862510342104e+00 5.121989493084249112e+00 4.621989687080244380e+00 4.121989716260875625e+00 3.621989722271940160e+00 3.121989723851139154e+00 2.621989724318358750e+00 2.121989724462890248e+00
7.120536433949967936e+00 6.621837234846570830e+00 6.121973779822634576e+00 5.621987929114556692e+00 5.121989481648169473e+00 4.621989680213705043e+00 4.121989713764470764e+00 3.621989721450006083e+00 3.121989723587970555e+00 2.621989724234812691e+00 2.121989724436438074e+00
7.120687609867381695e+00 6.621852675796367826e+00 6.121975126153773594e+00 5.621987997441583396e+00 5.121989467475630775e+00 4.621989672153687501e+00 4.121989710857841160e+00 3.621989720495066400e+00 3.121989723282414086e+00 2.621989724137828937e+00 2.121989724405733302e+00
7.120845824027676407e+00 6.621868689626580817e+00 6.121976506046489241e+00 5.621988061906203704e+00 5.121989450636762697e+00 4.621989663106019997e+00 4.121989707624440946e+00 3.621989719435347865e+00 3.121989722943578460e+00 2.621989724030307833e+00 2.121989724371695196e+00
