1.982851976586462728e+00 1.982851976586462728e+00 1.982851976586462728e+00 1.982851976586462728e+00 1.982851976586462728e+00 1.982851976586462728e+00 1.982851976586462728e+00 1.982851976586462728e+00 1.982851976586462728e+00 1.982851976586462728e+00 1.982851976586462728e+00
1.853435013302696444e+00 1.853435013302696444e+00 1.853435013302696444e+00 1.853435013302696444e+00 1.853435013302696444e+00 1.853435013302696444e+00 1.853435013302696444e+00 1.853435013302696444e+00 1.853435013302696444e+00 1.853435013302696444e+00 1.853435013302696444e+00
1.723838811489645462e+00 1.723838811489645462e+00 1.723838811489645462e+00 1.723838811489645462e+00 1.723838811489645462e+00 1.723838811489645462e+00 1.723838811489645462e+00 1.723838811489645462e+00 1.723838811489645462e+00 1.723838811489645462e+00 1.723838811489645462e+00
1.594012451430437460e+00 1.594012451430437460e+00 1.594012451430437460e+00 1.594012451430437460e+00 1.594012451430437460e+00 1.594012451430437460e+00 1.594012451430437460e+00 1.594012451430437460e+00 1.594012451430437460e+00 1.594012451430437460e+00 1.594012451430437460e+00
1.463889180129173795e+00 1.463889180129173795e+00 1.463889180129173795e+00 1.463889180129173795e+00 1.463889180129173795e+00 1.463889180129173795e+00 1.463889180129173795e+00 1.463889180129173795e+00 1.463889180129173795e+00 1.463889180129173795e+00 1.463889180129173795e+00
1.333380055773280226e+00 1.333380055773280226e+00 1.333380055773280226e+00 1.333380055773280226e+00 1.333380055773280226e+00 1.333380055773280226e+00 1.333380055773280226e+00 1.333380055773280226e+00 1.333380055773280226e+00 1.333380055773280226e+00 1.333380055773280226e+00
1.202368728157470201e+00 1.202368728157470201e+00 1.202368728157470201e+00 1.202368728157470201e+00 1.202368728157470201e+00 1.202368728157470201e+00 1.202368728157470201e+00 1.202368728157470201e+00 1.202368728157470201e+00 1.202368728157470201e+00 1.202368728157470201e+00
1.070699142176670726e+00 1.070699142176670726e+00 1.070699142176670726e+00 1.070699142176670726e+00 1.070699142176670726e+00 1.070699142176670726e+00 1.070699142176670726e+00 1.070699142176670726e+00 1.070699142176670726e+00 1.070699142176670726e+00 1.070699142176670726e+00
9.381606964639580548e-01 9.381606964639580548e-01 9.381606964639580548e-01 9.381606964639580548e-01 9.381606964639580548e-01 9.381606964639580548e-01 9.381606964639580548e-01 9.381606964639580548e-01 9.381606964639580548e-01 9.381606964639580548e-01 9.381606964639580548e-01
8.044739278302940333e-01 8.044739278302940333e-01 8.044739278302940333e-01 8.044739278302940333e-01 8.044739278302940333e-01 8.044739278302940333e-01 8.044739278302940333e-01 8.044739278302940333e-01 8.044739278302940333e-01 8.044739278302940333e-01 8.044739278302940333e-01
6.692565781217356680e-01 6.692565781217356680e-01 6.692565781217356680e-01 6.692565781217356680e-01 6.692565781217356680e-01 6.692565781217356680e-01 6.692565781217356680e-01 6.692565781217356680e-01 6.692565781217356680e-01 6.692565781217356680e-01 6.692565781217356680e-01
