1.030196095231606002e+01 1.014782659812297538e+01 9.947070495097973364e+00 9.691037475969269011e+00 9.373895669542772424e+00 8.996041364639678406e+00 8.566369615856713082e+00 8.100461721167633300e+00 7.614433373403517002e+00 7.119463806674561468e+00 6.621142513921441264e+00
1.030196009416504843e+01 1.014782591415982793e+01 9.947069958596150840e+00 9.691037074435365994e+00 9.373895392989819442e+00 8.996041196243380611e+00 8.566369528410470835e+00 8.100461682985509171e+00 7.614433359046759442e+00 7.119463801776149126e+00 6.621142512327885754e+00
1.030195905912994014e+01 1.014782509972067714e+01 9.947069325841642495e+00 9.691036604028195001e+00 9.373895070426835119e+00 8.996041000365234908e+00 8.566369426852348923e+00 8.100461638678067899e+00 7.614433342393216897e+00 7.119463796094976260e+00 6.621142510479785415e+00
1.030195780522256399e+01 1.014782412664036038e+01 9.947068577816082779e+00 9.691036052110932886e+00 9.373894693869788242e+00 8.996040772413227415e+00 8.566369308878057254e+00 8.100461587257555607e+00 7.614433323074709214e+00 7.119463789505870110e+00 6.621142508336472332e+00
1.030195627901056632e+01 1.014782295972832138e+01 9.947067691206097351e+00 9.691035403463798659e+00 9.373894253840152402e+00 8.996040506991919372e+00 8.566369171797852289e+00 8.100461527575186338e+00 7.614433300663775661e+00 7.119463781863607288e+00 6.621142505850774462e+00
1.030195441215554197e+01 1.014782155477498193e+01 9.947066637283592527e+00 9.691034639676711748e+00 9.373893739050554785e+00 8.996040197749973544e+00 8.566369012468953770e+00 8.100461458294285322e+00 7.614433274664048845e+00 7.119463772999695017e+00 6.621142502967979127e+00
1.030195211683477119e+01 1.014781985593914548e+01 9.947065380457631889e+00 9.691033738377809570e+00 9.373893136014105565e+00 8.996039837194988564e+00 8.566368827215089965e+00 8.100461377858756862e+00 7.614433244499024589e+00 7.119463762718628352e+00 6.621142499624623312e+00
1.030194927967396978e+01 1.014781779231390146e+01 9.947063876393841042e+00 9.691032672248361735e+00 9.373892428556240830e+00 8.996039416467551675e+00 8.566368611730410976e+00 8.100461284455990452e+00 7.614433209498969291e+00 7.119463750793536327e+00 6.621142495747095680e+00
1.030194575369205623e+01 1.014781527340048228e+01 9.947062069562912612e+00 9.691031407758861960e+00 9.373891597201385650e+00 8.996038925064130609e+00 8.566368360964290218e+00 8.100461175973133976e+00 7.614433168885623715e+00 7.119463736961129996e+00 6.621142491250004980e+00
1.030194134758917635e+01 1.014781218312821842e+01 9.947059890033733254e+00 9.691029903539829959e+00 9.373890618398171171e+00 8.996038350495425107e+00 8.566368068982672668e+00 8.100461049945426595e+00 7.614433121754337286e+00 7.119463720915816474e+00 6.621142486034294450e+00
1.030193581148157023e+01 1.014780837193641716e+01 9.947057249265046863e+00 9.691028108272638164e+00 9.373889463535526545e+00 8.996037677862886994e+00 8.566367728800491577e+00 8.100460903495005027e+00 7.614433067053151483e+00 7.119463702302856412e+00 6.621142479985050677e+00
