5.679966446901810961e+00 6.179944382269720649e+00 6.679727928222964906e+00 7.177882175357578554e+00 7.668698755763547759e+00 8.144504876981445207e+00 8.596759421209062779e+00 9.013156917757118691e+00 9.379408056708518515e+00 9.682453414900860977e+00 9.911501902775686546e+00
5.679966446905323707e+00 6.179944382270836201e+00 6.679727928223322841e+00 7.177882175357697569e+00 7.668698755763591279e+00 8.144504876981464747e+00 8.596759421209073437e+00 9.013156917757125797e+00 9.379408056708525621e+00 9.682453414900868083e+00 9.911501902775691875e+00
5.679966447335706548e+00 6.179944382407597026e+00 6.679727928267245929e+00 7.177882175372296558e+00 7.668698755768940778e+00 8.144504876983862829e+00 8.596759421210490970e+00 9.013156917758180953e+00 9.379408056709412023e+00 9.682453414901644351e+00 9.911501902776373996e+00
5.679966472994911975e+00 6.179944390561196599e+00 6.679727930885924536e+00 7.177882176242655454e+00 7.668698756087896307e+00 8.144504877126847120e+00 8.596759421294967396e+00 9.013156917821072867e+00 9.379408056762246204e+00 9.682453414947934434e+00 9.911501902817006382e+00
5.679967299738942543e+00 6.179944653271751243e+00 6.679728015260273821e+00 7.177882204285811696e+00 7.668698766364711261e+00 8.144504881733805490e+00 8.596759424016800821e+00 9.013156919847448378e+00 9.379408058464603570e+00 9.682453416439397387e+00 9.911501904126183149e+00
5.679983035868496621e+00 6.179949653732543347e+00 6.679729621257261662e+00 7.177882738065124890e+00 7.668698961975842998e+00 8.144504969423687513e+00 8.596759475824768515e+00 9.013156958417912534e+00 9.379408090867633163e+00 9.682453444828226452e+00 9.911501929045330783e+00
5.680173866182192555e+00 6.180010303610146138e+00 6.679749101165631586e+00 7.177889212635500726e+00 7.668701334687638926e+00 8.144506033080654461e+00 8.596760104243136524e+00 9.013157426268559647e+00 9.379408483908772354e+00 9.682453789178042669e+00 9.911502231308748634e+00
5.681744343966813382e+00 6.180510125169528912e+00 6.679909707313377965e+00 7.177942600958783892e+00 7.668720900557562281e+00 8.144514804332521507e+00 8.596765286400142259e+00 9.013161284332207757e+00 9.379411725067328121e+00 9.682456628810582444e+00 9.911504723881598977e+00
5.690935685546838485e+00 6.183460146191987583e+00 6.680860185833931375e+00 7.178258826514114510e+00 7.668836822647218554e+00 8.144566775750146093e+00 8.596795992458387659e+00 9.013184144831836164e+00 9.379430930199781358e+00 9.682473454749024100e+00 9.911519493352134447e+00
5.729942569355692683e+00 6.196394824386771916e+00 6.685079515357313262e+00 7.179668181498513491e+00 7.669354110924583523e+00 8.144798781602956339e+00 8.596933083043023061e+00 9.013286211160785655e+00 9.379516676888105309e+00 9.682548578958488861e+00 9.911585435812652278e+00
5.843680885229596278e+00 6.239147579093823559e+00 6.699561230535991285e+00 7.184575011828345126e+00 7.671163357076012268e+00 8.145611388539911957e+00 8.597413446583804131e+00 9.013643890228214772e+00 9.379817174085047782e+00 9.682811851206297504e+00 9.911816529908147544e+00
