-3.133677113888958310e+00 -3.633676652861407952e+00 -4.133676531477397553e+00 -4.633676495532990103e+00 -5.133676484410430341e+00 -5.633676480917573670e+00 -6.133676479815475702e+00 -6.633676479467205844e+00 -7.133676479357097477e+00 -7.633676479322280883e+00 -8.133676479311271024e+00
-3.133677079369921792e+00 -3.633676649410026549e+00 -4.133676531132429943e+00 -4.633676495498547432e+00 -5.133676484407002860e+00 -5.633676480917236162e+00 -6.133676479815443727e+00 -6.633676479467203180e+00 -7.133676479357097477e+00 -7.633676479322280883e+00 -8.133676479311271024e+00
-3.133677054349391256e+00 -3.633676646908356567e+00 -4.133676530882387290e+00 -4.633676495473582513e+00 -5.133676484404518625e+00 -5.633676480916991913e+00 -6.133676479815420635e+00 -6.633676479467201403e+00 -7.133676479357097477e+00 -7.633676479322280883e+00 -8.133676479311271024e+00
-3.133677036214964406e+00 -3.633676645095193170e+00 -4.133676530701162477e+00 -4.633676495455489430e+00 -5.133676484402718287e+00 -5.633676480916814278e+00 -6.133676479815403759e+00 -6.633676479467199627e+00 -7.133676479357097477e+00 -7.633676479322280883e+00 -8.133676479311271024e+00
-3.133677023072246381e+00 -3.633676643781125204e+00 -4.133676530569821317e+00 -4.633676495442376364e+00 -5.133676484401414442e+00 -5.633676480916686380e+00 -6.133676479815391325e+00 -6.633676479467198739e+00 -7.133676479357097477e+00 -7.633676479322280883e+00 -8.133676479311271024e+00
-3.133677013547695900e+00 -3.633676642828817194e+00 -4.133676530474637900e+00 -4.633676495432872855e+00 -5.133676484400468532e+00 -5.633676480916593121e+00 -6.133676479815382443e+00 -6.633676479467198739e+00 -7.133676479357097477e+00 -7.633676479322280883e+00 -8.133676479311271024e+00
-3.133677006645535279e+00 -3.633676642138707447e+00 -4.133676530405661964e+00 -4.633676495425985919e+00 -5.133676484399782858e+00 -5.633676480916525620e+00 -6.133676479815376226e+00 -6.633676479467197851e+00 -7.133676479357097477e+00 -7.633676479322280883e+00 -8.133676479311271024e+00
-3.133677001643926818e+00 -3.633676641638623028e+00 -4.133676530355677947e+00 -4.633676495420995245e+00 -5.133676484399286366e+00 -5.633676480916476770e+00 -6.133676479815371785e+00 -6.633676479467197851e+00 -7.133676479357097477e+00 -7.633676479322280883e+00 -8.133676479311271024e+00
-3.133676998019653936e+00 -3.633676641276249786e+00 -4.133676530319458919e+00 -4.633676495417379471e+00 -5.133676484398926654e+00 -5.633676480916441243e+00 -6.133676479815368232e+00 -6.633676479467196963e+00 -7.133676479357097477e+00 -7.633676479322280883e+00 -8.133676479311271024e+00
-3.133676995393497311e+00 -3.633676641013672715e+00 -4.133676530293213247e+00 -4.633676495414758456e+00 -5.133676484398665529e+00 -5.633676480916415485e+00 -6.133676479815365568e+00 -6.633676479467196963e+00 -7.133676479357097477e+00 -7.633676479322280883e+00 -8.133676479311271024e+00
-3.133676993490620344e+00 -3.633676640823411574e+00 -4.133676530274195571e+00 -4.633676495412859531e+00 -5.133676484398477236e+00 -5.633676480916396834e+00 -6.133676479815363791e+00 -6.633676479467196963e+00 -7.133676479357097477e+00 -7.633676479322280883e+00 -8.133676479311271024e+00
