-4.569939789875576963e+01 -4.569939789875576963e+01 -4.569939789875576963e+01 -4.569939789875576963e+01 -4.569939789875576963e+01 -4.569939789875576963e+01 -4.569939789875576963e+01 -4.569939789875576963e+01 -4.569939789875576963e+01 -4.569939789875576963e+01 -4.569939789875576963e+01
-4.581699924639071497e+01 -4.581699924639071497e+01 -4.581699924639071497e+01 -4.581699924639071497e+01 -4.581699924639071497e+01 -4.581699924639071497e+01 -4.581699924639071497e+01 -4.581699924639071497e+01 -4.581699924639071497e+01 -4.581699924639071497e+01 -4.581699924639071497e+01
-4.593724678958528074e+01 -4.593724678958528074e+01 -4.593724678958528074e+01 -4.593724678958528074e+01 -4.593724678958528074e+01 -4.593724678958528074e+01 -4.593724678958528074e+01 -4.593724678958528074e+01 -4.593724678958528074e+01 -4.593724678958528074e+01 -4.593724678958528074e+01
-4.605963553967298196e+01 -4.605963553967298196e+01 -4.605963553967298196e+01 -4.605963553967298196e+01 -4.605963553967298196e+01 -4.605963553967298196e+01 -4.605963553967298196e+01 -4.605963553967298196e+01 -4.605963553967298196e+01 -4.605963553967298196e+01 -4.605963553967298196e+01
-4.618374172985047466e+01 -4.618374172985047466e+01 -4.618374172985047466e+01 -4.618374172985047466e+01 -4.618374172985047466e+01 -4.618374172985047466e+01 -4.618374172985047466e+01 -4.618374172985047466e+01 -4.618374172985047466e+01 -4.618374172985047466e+01 -4.618374172985047466e+01
-4.630921984147267523e+01 -4.630921984147267523e+01 -4.630921984147267523e+01 -4.630921984147267523e+01 -4.630921984147267523e+01 -4.630921984147267523e+01 -4.630921984147267523e+01 -4.630921984147267523e+01 -4.630921984147267523e+01 -4.630921984147267523e+01 -4.630921984147267523e+01
-4.643579851644708612e+01 -4.643579851644708612e+01 -4.643579851644708612e+01 -4.643579851644708612e+01 -4.643579851644708612e+01 -4.643579851644708612e+01 -4.643579851644708612e+01 -4.643579851644708612e+01 -4.643579851644708612e+01 -4.643579851644708612e+01 -4.643579851644708612e+01
-4.656326913026958891e+01 -4.656326913026958891e+01 -4.656326913026958891e+01 -4.656326913026958891e+01 -4.656326913026958891e+01 -4.656326913026958891e+01 -4.656326913026958891e+01 -4.656326913026958891e+01 -4.656326913026958891e+01 -4.656326913026958891e+01 -4.656326913026958891e+01
-4.669147798286678608e+01 -4.669147798286678608e+01 -4.669147798286678608e+01 -4.669147798286678608e+01 -4.669147798286678608e+01 -4.669147798286678608e+01 -4.669147798286678608e+01 -4.669147798286678608e+01 -4.669147798286678608e+01 -4.669147798286678608e+01 -4.669147798286678608e+01
-4.682031807791661038e+01 -4.682031807791661038e+01 -4.682031807791661038e+01 -4.682031807791661038e+01 -4.682031807791661038e+01 -4.682031807791661038e+01 -4.682031807791661038e+01 -4.682031807791661038e+01 -4.682031807791661038e+01 -4.682031807791661038e+01 -4.682031807791661038e+01
-4.694971884933637085e+01 -4.694971884933637085e+01 -4.694971884933637085e+01 -4.694971884933637085e+01 -4.694971884933637085e+01 -4.694971884933637085e+01 -4.694971884933637085e+01 -4.694971884933637085e+01 -4.694971884933637085e+01 -4.694971884933637085e+01 -4.694971884933637085e+01
