-7.648585272231090926e+01 -7.598585272231090926e+01 -7.548585272231090926e+01 -7.498585272231090926e+01 -7.448585272231090926e+01 -7.398585272231090926e+01 -7.348585272231090926e+01 -7.298585272231090926e+01 -7.248585272231090926e+01 -7.198585272231090926e+01 -7.148585272231090926e+01
-7.674190941435676905e+01 -7.624190941435676905e+01 -7.574190941435676905e+01 -7.524190941435676905e+01 -7.474190941435676905e+01 -7.424190941435676905e+01 -7.374190941435676905e+01 -7.324190941435676905e+01 -7.274190941435676905e+01 -7.224190941435676905e+01 -7.174190941435676905e+01
-7.702261804095785180e+01 -7.652261804095785180e+01 -7.602261804095785180e+01 -7.552261804095785180e+01 -7.502261804095785180e+01 -7.452261804095785180e+01 -7.402261804095785180e+01 -7.352261804095785180e+01 -7.302261804095785180e+01 -7.252261804095785180e+01 -7.202261804095785180e+01
-7.733314282380061400e+01 -7.683314282380061400e+01 -7.633314282380061400e+01 -7.583314282380061400e+01 -7.533314282380061400e+01 -7.483314282380061400e+01 -7.433314282380061400e+01 -7.383314282380061400e+01 -7.333314282380061400e+01 -7.283314282380061400e+01 -7.233314282380061400e+01
-7.767972459525665840e+01 -7.717972459525665840e+01 -7.667972459525665840e+01 -7.617972459525665840e+01 -7.567972459525665840e+01 -7.517972459525665840e+01 -7.467972459525665840e+01 -7.417972459525665840e+01 -7.367972459525665840e+01 -7.317972459525665840e+01 -7.267972459525665840e+01
-7.806984463656939965e+01 -7.756984463656939965e+01 -7.706984463656939965e+01 -7.656984463656939965e+01 -7.606984463656939965e+01 -7.556984463656939965e+01 -7.506984463656939965e+01 -7.456984463656939965e+01 -7.406984463656939965e+01 -7.356984463656939965e+01 -7.306984463656939965e+01
-7.851237767840750337e+01 -7.801237767840750337e+01 -7.751237767840750337e+01 -7.701237767840750337e+01 -7.651237767840750337e+01 -7.601237767840750337e+01 -7.551237767840750337e+01 -7.501237767840750337e+01 -7.451237767840750337e+01 -7.401237767840750337e+01 -7.351237767840750337e+01
-7.901772354308101853e+01 -7.851772354308101853e+01 -7.801772354308101853e+01 -7.751772354308101853e+01 -7.701772354308101853e+01 -7.651772354308101853e+01 -7.601772354308101853e+01 -7.551772354308101853e+01 -7.501772354308101853e+01 -7.451772354308101853e+01 -7.401772354308101853e+01
-7.959791642030889136e+01 -7.909791642030889136e+01 -7.859791642030889136e+01 -7.809791642030889136e+01 -7.759791642030889136e+01 -7.709791642030889136e+01 -7.659791642030889136e+01 -7.609791642030889136e+01 -7.559791642030889136e+01 -7.509791642030889136e+01 -7.459791642030889136e+01
-8.026672758586246914e+01 -7.976672758586246914e+01 -7.926672758586246914e+01 -7.876672758586246914e+01 -7.826672758586246914e+01 -7.776672758586246914e+01 -7.726672758586246914e+01 -7.676672758586246914e+01 -7.626672758586246914e+01 -7.576672758586246914e+01 -7.526672758586246914e+01
-8.103979241669127020e+01 -8.053979241669127020e+01 -8.003979241669127020e+01 -7.953979241669127020e+01 -7.903979241669127020e+01 -7.853979241669127020e+01 -7.803979241669127020e+01 -7.753979241669127020e+01 -7.703979241669127020e+01 -7.653979241669127020e+01 -7.603979241669127020e+01
