7.235975277103965375e+00 7.235975277103965375e+00 7.235975277103964487e+00 7.235975277103961822e+00 7.235975277103952941e+00 7.235975277103926295e+00 7.235975277103841030e+00 7.235975277103571912e+00 7.235975277102720149e+00 7.235975277100027192e+00 7.235975277091509561e+00
7.214707423009461884e+00 7.214707423009461884e+00 7.214707423009461884e+00 7.214707423009460108e+00 7.214707423009453890e+00 7.214707423009437015e+00 7.214707423009381060e+00 7.214707423009205201e+00 7.214707423008648313e+00 7.214707423006887943e+00 7.214707423001320841e+00
7.189832758121751155e+00 7.189832758121751155e+00 7.189832758121751155e+00 7.189832758121750267e+00 7.189832758121746714e+00 7.189832758121737832e+00 7.189832758121709411e+00 7.189832758121619705e+00 7.189832758121335488e+00 7.189832758120435763e+00 7.189832758117590039e+00
7.160942349733329770e+00 7.160942349733329770e+00 7.160942349733329770e+00 7.160942349733329770e+00 7.160942349733328882e+00 7.160942349733327994e+00 7.160942349733324441e+00 7.160942349733312007e+00 7.160942349733272927e+00 7.160942349733151246e+00 7.160942349732764001e+00
7.127626686030033021e+00 7.127626686030033021e+00 7.127626686030033021e+00 7.127626686030033909e+00 7.127626686030035685e+00 7.127626686030041014e+00 7.127626686030058778e+00 7.127626686030115621e+00 7.127626686030294145e+00 7.127626686030857250e+00 7.127626686032639824e+00
7.089486368812277561e+00 7.089486368812277561e+00 7.089486368812278450e+00 7.089486368812279338e+00 7.089486368812282890e+00 7.089486368812294437e+00 7.089486368812330852e+00 7.089486368812446315e+00 7.089486368812811357e+00 7.089486368813965989e+00 7.089486368817615514e+00
7.046144270530675158e+00 7.046144270530675158e+00 7.046144270530676046e+00 7.046144270530677822e+00 7.046144270530683151e+00 7.046144270530699139e+00 7.046144270530751541e+00 7.046144270530916742e+00 7.046144270531438103e+00 7.046144270533087450e+00 7.046144270538304610e+00
6.997258888943600930e+00 6.997258888943600930e+00 6.997258888943601818e+00 6.997258888943603594e+00 6.997258888943610700e+00 6.997258888943631128e+00 6.997258888943695965e+00 6.997258888943901134e+00 6.997258888944550392e+00 6.997258888946603861e+00 6.997258888953097333e+00
6.942538492872682987e+00 6.942538492872682987e+00 6.942538492872683875e+00 6.942538492872686540e+00 6.942538492872693645e+00 6.942538492872717626e+00 6.942538492872793121e+00 6.942538492873030265e+00 6.942538492873779887e+00 6.942538492876153100e+00 6.942538492883655543e+00
6.881755475777321607e+00 6.881755475777321607e+00 6.881755475777322495e+00 6.881755475777325159e+00 6.881755475777333153e+00 6.881755475777359798e+00 6.881755475777442399e+00 6.881755475777704412e+00 6.881755475778531306e+00 6.881755475781146991e+00 6.881755475789420373e+00
6.814760115464490120e+00 6.814760115464490120e+00 6.814760115464491008e+00 6.814760115464493673e+00 6.814760115464502555e+00 6.814760115464530976e+00 6.814760115464618906e+00 6.814760115464898682e+00 6.814760115465782420e+00 6.814760115468577517e+00 6.814760115477414892e+00
