-5.307356951128205935e+00 -5.307356908573606091e+00 -5.307356774004173161e+00 -5.307356348458536210e+00 -5.307355002767818242e+00 -5.307350747347566511e+00 -5.307337290801572571e+00 -5.307294740210584116e+00 -5.307160210857166049e+00 -5.306735065733633405e+00 -5.305393371272582925e+00
-4.828071606525546677e+00 -4.828071592376438126e+00 -4.828071547633030036e+00 -4.828071406141979161e+00 -4.828070958708294391e+00 -4.828069543801782437e+00 -4.828065069504866358e+00 -4.828050920839039861e+00 -4.828006181862459556e+00 -4.827864735119802297e+00 -4.827417744185982684e+00
-4.418624746156675442e+00 -4.418624740613327440e+00 -4.418624723083722117e+00 -4.418624667650248306e+00 -4.418624492354258138e+00 -4.418623938020129316e+00 -4.418622185066354291e+00 -4.418616641786356602e+00 -4.418599112861481437e+00 -4.418543686189636333e+00 -4.418368458202698079e+00
-4.067376417300899050e+00 -4.067376414803188567e+00 -4.067376406904735120e+00 -4.067376381927634732e+00 -4.067376302943116251e+00 -4.067376053172233163e+00 -4.067375263328293578e+00 -4.067372765631901643e+00 -4.067364867316934252e+00 -4.067339891597254287e+00 -4.067260920888167597e+00
-3.763984526872846903e+00 -3.763984525604914033e+00 -3.763984521595358679e+00 -3.763984508916030869e+00 -3.763984468820478657e+00 -3.763984342027233421e+00 -3.763983941072030159e+00 -3.763982673142784563e+00 -3.763978663622818299e+00 -3.763965984651008956e+00 -3.763925892657569605e+00
-3.499331015977314330e+00 -3.499331015264729228e+00 -3.499331013011336644e+00 -3.499331005885483847e+00 -3.499330983351559787e+00 -3.499330912093042922e+00 -3.499330686753903574e+00 -3.499329974169747004e+00 -3.499327720788481866e+00 -3.499320595048192484e+00 -3.499298062248276331e+00
-3.265518370551797389e+00 -3.265518370114983249e+00 -3.265518368733656640e+00 -3.265518364365517456e+00 -3.265518350552249149e+00 -3.265518306870862197e+00 -3.265518168738217764e+00 -3.265517731924730604e+00 -3.265516350602089446e+00 -3.265511982505274080e+00 -3.265498169659425187e+00
-3.055865812977387019e+00 -3.055865812689013250e+00 -3.055865811777095598e+00 -3.055865808893359237e+00 -3.055865799774184044e+00 -3.055865770936820436e+00 -3.055865679745082719e+00 -3.055865391371614059e+00 -3.055864479455896010e+00 -3.055861595737794811e+00 -3.055852476746478086e+00
-2.864861538216152415e+00 -2.864861538013341757e+00 -2.864861537371998335e+00 -2.864861535343891319e+00 -2.864861528930454426e+00 -2.864861508649386934e+00 -2.864861444515026001e+00 -2.864861241704430572e+00 -2.864860600361640586e+00 -2.864858572263896175e+00 -2.864852158918034686e+00
-2.688062845818135038e+00 -2.688062845667595013e+00 -2.688062845191546923e+00 -2.688062843686149783e+00 -2.688062838925664888e+00 -2.688062823871691709e+00 -2.688062776266851195e+00 -2.688062625727162036e+00 -2.688062149679209423e+00 -2.688060644286837775e+00 -2.688055883852512373e+00
-2.521959502265423314e+00 -2.521959502148431120e+00 -2.521959501778468837e+00 -2.521959500608544680e+00 -2.521959496908920073e+00 -2.521959485209680274e+00 -2.521959448213437760e+00 -2.521959331221067302e+00 -2.521958961258914389e+00 -2.521957791337938293e+00 -2.521954091743711768e+00
