1.220514072297976682e+01 1.220514072297976504e+01 1.220514072297976149e+01 1.220514072297975261e+01 1.220514072297972419e+01 1.220514072297963004e+01 1.220514072297933694e+01 1.220514072297840968e+01 1.220514072297547337e+01 1.220514072296619013e+01 1.220514072293683583e+01
1.220510138829703983e+01 1.220510138829703806e+01 1.220510138829703628e+01 1.220510138829702740e+01 1.220510138829699898e+01 1.220510138829691016e+01 1.220510138829662949e+01 1.220510138829574487e+01 1.220510138829294355e+01 1.220510138828408664e+01 1.220510138825607704e+01
1.220505198040008743e+01 1.220505198040008565e+01 1.220505198040008388e+01 1.220505198040007500e+01 1.220505198040004835e+01 1.220505198039996486e+01 1.220505198039969841e+01 1.220505198039885997e+01 1.220505198039620431e+01 1.220505198038780925e+01 1.220505198036125982e+01
1.220499013963402923e+01 1.220499013963402923e+01 1.220499013963402568e+01 1.220499013963401858e+01 1.220499013963399371e+01 1.220499013963391377e+01 1.220499013963366508e+01 1.220499013963287460e+01 1.220499013963037704e+01 1.220499013962247759e+01 1.220499013959749668e+01
1.220491302899969810e+01 1.220491302899969810e+01 1.220491302899969455e+01 1.220491302899968744e+01 1.220491302899966435e+01 1.220491302899959152e+01 1.220491302899935704e+01 1.220491302899861985e+01 1.220491302899628927e+01 1.220491302898891739e+01 1.220491302896560626e+01
1.220481726072792483e+01 1.220481726072792483e+01 1.220481726072792306e+01 1.220481726072791595e+01 1.220481726072789463e+01 1.220481726072782536e+01 1.220481726072761042e+01 1.220481726072692830e+01 1.220481726072477358e+01 1.220481726071795592e+01 1.220481726069640160e+01
1.220469881737764162e+01 1.220469881737764162e+01 1.220469881737763806e+01 1.220469881737763274e+01 1.220469881737761320e+01 1.220469881737755102e+01 1.220469881737735385e+01 1.220469881737672857e+01 1.220469881737475681e+01 1.220469881736851647e+01 1.220469881734878648e+01
1.220455296792227173e+01 1.220455296792227173e+01 1.220455296792226996e+01 1.220455296792226463e+01 1.220455296792224509e+01 1.220455296792219002e+01 1.220455296792201061e+01 1.220455296792144573e+01 1.220455296791966049e+01 1.220455296791401345e+01 1.220455296789615396e+01
1.220437417905883315e+01 1.220437417905883315e+01 1.220437417905883137e+01 1.220437417905882604e+01 1.220437417905881006e+01 1.220437417905876032e+01 1.220437417905860045e+01 1.220437417905809596e+01 1.220437417905649902e+01 1.220437417905144883e+01 1.220437417903548116e+01
1.220415602149163981e+01 1.220415602149163803e+01 1.220415602149163803e+01 1.220415602149163270e+01 1.220415602149161849e+01 1.220415602149157408e+01 1.220415602149143375e+01 1.220415602149098788e+01 1.220415602148957923e+01 1.220415602148512590e+01 1.220415602147104295e+01
1.220389107019341779e+01 1.220389107019341601e+01 1.220389107019341601e+01 1.220389107019341246e+01 1.220389107019340003e+01 1.220389107019336095e+01 1.220389107019323838e+01 1.220389107019285113e+01 1.220389107019162722e+01 1.220389107018775654e+01 1.220389107017551744e+01
