6.042323671100389149e+00 5.606717916451889216e+00 5.119963147468946651e+00 4.621677960660383278e+00 4.121859690828272527e+00 3.621878482197148141e+00 3.121880523622294845e+00 2.621880778727435857e+00 2.121880820349732133e+00 1.621880829606900942e+00 1.121880832143778095e+00
6.049224522354097466e+00 5.608442274210903022e+00 5.120210392733378413e+00 4.621704112786449770e+00 4.121862142041724297e+00 3.621878667252915296e+00 3.121880523048730094e+00 2.621880772635910795e+00 2.121880817832400901e+00 1.621880828751748549e+00 1.121880831867444916e+00
6.056493568287383056e+00 5.610186151554931833e+00 5.120453038049841865e+00 4.621729494609365219e+00 4.121864502302426736e+00 3.621878840120993370e+00 3.121880520291881123e+00 2.621880766021162046e+00 2.121880815166331313e+00 1.621880827851233331e+00 1.121880831576933968e+00
6.063894119762826662e+00 5.611882167524817611e+00 5.120681579545432349e+00 4.621753126978117798e+00 4.121866679293402669e+00 3.621878993460572183e+00 3.121880515216723939e+00 2.621880759059137311e+00 2.121880812429028040e+00 1.621880826932049935e+00 1.121880831280905655e+00
6.071201877809237146e+00 5.613474851387143971e+00 5.120889188796337699e+00 4.621774345543305351e+00 4.121868612233092755e+00 3.621879122901436432e+00 3.121880507925448800e+00 2.621880751930564024e+00 2.121880809692482828e+00 1.621880826018449184e+00 1.121880830987176614e+00
6.078220561043625736e+00 5.614924080615114832e+00 5.121071882574629974e+00 4.621792801569066356e+00 4.121870271381962603e+00 3.621879226893668591e+00 3.121880498711348650e+00 2.621880744806516894e+00 2.121880807018627024e+00 1.621880825130798121e+00 1.121880830702266518e+00
6.084791938474173101e+00 5.616205796657160576e+00 5.121228232769328592e+00 4.621808415619383936e+00 4.121871653035905858e+00 3.621879306163728884e+00 3.121880487991500530e+00 2.621880737837603004e+00 2.121880804456958813e+00 1.621880824284936962e+00 1.121880830431202680e+00
6.090800620009461319e+00 5.617310625495876231e+00 5.121358816507895817e+00 4.621821308817225749e+00 4.121872772488604397e+00 3.621879363011977659e+00 3.121880476237435253e+00 2.621880731147325783e+00 2.121880802043972114e+00 1.621880823492149792e+00 1.121880830177528043e+00
6.096174389224780832e+00 5.618241184593180115e+00 5.121465585743882443e+00 4.621831731353423400e+00 4.121873656890556070e+00 3.621879400629209655e+00 3.121880463916737458e+00 2.621880724829388942e+00 2.121880799803882223e+00 1.621880822759553142e+00 1.121880829943438629e+00
6.100881063166048612e+00 5.619008822925668944e+00 5.121551282436347385e+00 4.621840000428440121e+00 4.121874339162359568e+00 3.621879422534350912e+00 3.121880451451548577e+00 2.621880718948208511e+00 2.121880797750153036e+00 1.621880822090713048e+00 1.121880829729993589e+00
6.104922918201386217e+00 5.619630387646340708e+00 5.121618967308618764e+00 4.621846452973407793e+00 4.121874853439405406e+00 3.621879432170617807e+00 3.121880439194493650e+00 2.621880713541664409e+00 2.121880795887399529e+00 1.621880821486353152e+00 1.121880829537347468e+00
