5.478412807959663233e+00 5.087234850722064827e+00 4.616013559042199788e+00 4.120518366174520608e+00 3.621041065638060275e+00 3.121100358907341388e+00 2.621108250952012941e+00 2.121109657557915362e+00 1.621109993410551953e+00 1.121110088720028708e+00 6.211101177698626907e-01
5.454521101426167640e+00 5.079063947924253419e+00 4.614449432192670564e+00 4.120327398304216793e+00 3.621021265669917444e+00 3.121098352419809263e+00 2.621108044342185917e+00 2.121109635041885877e+00 1.621109990572803472e+00 1.121110088250908410e+00 6.211101176643394339e-01
5.427916129519020139e+00 5.069307575044457614e+00 4.612433913660811236e+00 4.120070791352058670e+00 3.620994408319526237e+00 3.121095630884900718e+00 2.621107765172976833e+00 2.121109604957920780e+00 1.621109986879878839e+00 1.121110087665164068e+00 6.211101175373175964e-01
5.398480211575131804e+00 5.057766134875716801e+00 4.609855883215095318e+00 4.119726483354735791e+00 3.620957931010917896e+00 3.121091932478743836e+00 2.621107387032414859e+00 2.121109564609149789e+00 1.621109982044681264e+00 1.121110086928583272e+00 6.211101173836348632e-01
5.366103773600221061e+00 5.044235126635459920e+00 4.606584264959865394e+00 4.119265380213213312e+00 3.620908319086594940e+00 3.121086895929632288e+00 2.621106873483650013e+00 2.121109510284990840e+00 1.621109975675345316e+00 1.121110085995404182e+00 6.211101171966368906e-01
5.330683240843589132e+00 5.028506870214406455e+00 4.602466648086118717e+00 4.118649354363685511e+00 3.620840742965304226e+00 3.121080020784245956e+00 2.621106174043907000e+00 2.121109436856193131e+00 1.621109967233969495e+00 1.121110084803946583e+00 6.211101169676601641e-01
5.292118263165977332e+00 5.010371609569610918e+00 4.597328244402104858e+00 4.117828797113126882e+00 3.620748553963801797e+00 3.121070610703328807e+00 2.621105218428466443e+00 2.121109337195337563e+00 1.621109955977679595e+00 1.121110083270407509e+00 6.211101166853154609e-01
5.250308274970765687e+00 4.989617793323456674e+00 4.590971151803813655e+00 4.116739674102375623e+00 3.620622583316396970e+00 3.121057691927940692e+00 2.621103908239926561e+00 2.121109201340256156e+00 1.621109940873692201e+00 1.121110081279971027e+00 6.211101163344733278e-01
5.205148367298408019e+00 4.966031362237610658e+00 4.583173813275042363e+00 4.115300039913273089e+00 3.620450167611172443e+00 3.121039895081147542e+00 2.621102104853298087e+00 2.121109015274409426e+00 1.621109920475689581e+00 1.121110078673926314e+00 6.211101158948106882e-01
5.156524417505605307e+00 4.939393894916743299e+00 4.573690474830179653e+00 4.113405972456482651e+00 3.620213794852792599e+00 3.121015282298715388e+00 2.621099611566450438e+00 2.121108759129342047e+00 1.621109892741855241e+00 1.121110075230792980e+00 6.211101153387107443e-01
5.104307380445831654e+00 4.909479473887779832e+00 4.562250361090906203e+00 4.110926884652090330e+00 3.619889226153377493e+00 3.120981092006030355e+00 2.621096146989314590e+00 2.121108404503063039e+00 1.621109854763742586e+00 1.121110070638305922e+00 6.211101146281748919e-01
