1.088802304139827548e+01 1.088825036981343430e+01 1.088895629015199162e+01 1.089099624342836847e+01 1.089577110733310583e+01 1.090347484270116496e+01 1.090814693860216700e+01 1.089428122279798394e+01 1.084335224787894347e+01 1.074215865038332218e+01 1.058285448630894443e+01
1.083678060913805297e+01 1.083698305507967596e+01 1.083761484626065297e+01 1.083948200602029210e+01 1.084411429736760546e+01 1.085258493769240928e+01 1.086103853510991968e+01 1.085544928731568071e+01 1.081551320822588025e+01 1.072467607244295351e+01 1.057314361753847010e+01
1.078052534344720570e+01 1.078070630965401300e+01 1.078127307743293350e+01 1.078297659288653598e+01 1.078740293034180375e+01 1.079627948998520814e+01 1.080769683066769637e+01 1.080975870560849295e+01 1.078136283271902585e+01 1.070248597658031287e+01 1.056052452699248434e+01
1.071902853327625849e+01 1.071919108922555885e+01 1.071970149494137381e+01 1.072125517255154392e+01 1.072544549214035747e+01 1.073446672000149249e+01 1.074810380079079053e+01 1.075696533554076950e+01 1.074022783955954630e+01 1.067472752738199482e+01 1.054428740918039509e+01
1.065210822052431183e+01 1.065225509866999687e+01 1.065271712222744682e+01 1.065413692665604195e+01 1.065808410876057266e+01 1.066707409825579944e+01 1.068230375833237922e+01 1.069700538122993905e+01 1.069162038855660413e+01 1.064057882611988326e+01 1.052364626570555828e+01
1.057964151473589531e+01 1.057977512283528654e+01 1.058019595899137677e+01 1.058149837723284037e+01 1.058521019040598787e+01 1.059406079579196991e+01 1.061038832424742573e+01 1.062997267927221934e+01 1.063528390465711837e+01 1.059934030458683196e+01 1.049778322211589909e+01
1.050157621118944640e+01 1.050169865374562939e+01 1.050208469016671842e+01 1.050328571657204613e+01 1.050677888887495470e+01 1.051543258829609329e+01 1.053249119738817896e+01 1.055608606222094892e+01 1.057120614415710946e+01 1.055051627226012911e+01 1.046591588987846855e+01
1.041794051407086386e+01 1.041805361817912434e+01 1.041841046095951384e+01 1.041952501180298718e+01 1.042282105085679333e+01 1.043125609967717971e+01 1.044879066357578878e+01 1.047565754949432559e+01 1.049959998928826721e+01 1.049387485843962331e+01 1.042738094085378897e+01
1.032884920139510854e+01 1.032895454396957113e+01 1.032928706856367640e+01 1.033032868345447142e+01 1.033345103945700849e+01 1.034166952296122410e+01 1.035951547171083043e+01 1.038906725382092944e+01 1.042086155195852015e+01 1.042947085219735115e+01 1.038171823934233551e+01
1.023450709967248073e+01 1.023460603366615729e+01 1.023491844578470733e+01 1.023589916828425395e+01 1.023887136489522831e+01 1.024689002977690677e+01 1.026495188547333903e+01 1.029674778720886330e+01 1.033552068973682303e+01 1.035762713709749683e+01 1.032873454784246370e+01
1.013520221067432914e+01 1.013529589036250123e+01 1.013559179209165606e+01 1.013652216963511599e+01 1.013936664702620050e+01 1.014721020129112716e+01 1.016544237332861123e+01 1.019916978949418862e+01 1.024418941991973675e+01 1.027888283733151731e+01 1.026852856434488892e+01
