6.397210562880694340e+00 6.397210562880700557e+00 6.397210562880720097e+00 6.397210562880783158e+00 6.397210562880982110e+00 6.397210562881609164e+00 6.397210562883593354e+00 6.397210562889867447e+00 6.397210562909709353e+00 6.397210562972453829e+00 6.397210563170870223e+00
6.268186492569232549e+00 6.268186492569238766e+00 6.268186492569258306e+00 6.268186492569319590e+00 6.268186492569513213e+00 6.268186492570124280e+00 6.268186492572056956e+00 6.268186492578167623e+00 6.268186492597493498e+00 6.268186492658606390e+00 6.268186492851864244e+00
6.139043485562928559e+00 6.139043485562934777e+00 6.139043485562953428e+00 6.139043485563012936e+00 6.139043485563200342e+00 6.139043485563792757e+00 6.139043485565667702e+00 6.139043485571594516e+00 6.139043485590339522e+00 6.139043485649613885e+00 6.139043485837057723e+00
6.009741663439257309e+00 6.009741663439263526e+00 6.009741663439281290e+00 6.009741663439339021e+00 6.009741663439519321e+00 6.009741663440092196e+00 6.009741663441900528e+00 6.009741663447622173e+00 6.009741663465714367e+00 6.009741663522926380e+00 6.009741663703847436e+00
5.880227193224111915e+00 5.880227193224117244e+00 5.880227193224134119e+00 5.880227193224189186e+00 5.880227193224363269e+00 5.880227193224912163e+00 5.880227193226648552e+00 5.880227193232139271e+00 5.880227193249504047e+00 5.880227193304413902e+00 5.880227193478054559e+00
5.750427575690242321e+00 5.750427575690247650e+00 5.750427575690263637e+00 5.750427575690316040e+00 5.750427575690482129e+00 5.750427575691005266e+00 5.750427575692660831e+00 5.750427575697896643e+00 5.750427575714453177e+00 5.750427575766809518e+00 5.750427575932373969e+00
5.620245346112624496e+00 5.620245346112629825e+00 5.620245346112644924e+00 5.620245346112694662e+00 5.620245346112851870e+00 5.620245346113346585e+00 5.620245346114913332e+00 5.620245346119867591e+00 5.620245346135535058e+00 5.620245346185077651e+00 5.620245346341746107e+00
5.489549628519304392e+00 5.489549628519309721e+00 5.489549628519323932e+00 5.489549628519370117e+00 5.489549628519517555e+00 5.489549628519982072e+00 5.489549628521452007e+00 5.489549628526098957e+00 5.489549628540793869e+00 5.489549628587262475e+00 5.489549628734211595e+00
5.358164897904144297e+00 5.358164897904148738e+00 5.358164897904162061e+00 5.358164897904205581e+00 5.358164897904341473e+00 5.358164897904773127e+00 5.358164897906137369e+00 5.358164897910452140e+00 5.358164897924094561e+00 5.358164897967237827e+00 5.358164898103667362e+00
5.225856073580858130e+00 5.225856073580861683e+00 5.225856073580875005e+00 5.225856073580914085e+00 5.225856073581039318e+00 5.225856073581435446e+00 5.225856073582686889e+00 5.225856073586645500e+00 5.225856073599162599e+00 5.225856073638744270e+00 5.225856073763915255e+00
5.092308750321745237e+00 5.092308750321748789e+00 5.092308750321760336e+00 5.092308750321795863e+00 5.092308750321909550e+00 5.092308750322267485e+00 5.092308750323399913e+00 5.092308750326981936e+00 5.092308750338309764e+00 5.092308750374129112e+00 5.092308750487400282e+00
