-6.198221533114870674e+00 -6.198221533114870674e+00 -6.198221533114870674e+00 -6.198221533114870674e+00 -6.198221533114870674e+00 -6.198221533114870674e+00 -6.198221533114870674e+00 -6.198221533114870674e+00 -6.198221533114870674e+00 -6.198221533114870674e+00 -6.198221533114870674e+00
-7.234878545360127866e+00 -7.234878545360127866e+00 -7.234878545360127866e+00 -7.234878545360127866e+00 -7.234878545360127866e+00 -7.234878545360127866e+00 -7.234878545360127866e+00 -7.234878545360127866e+00 -7.234878545360127866e+00 -7.234878545360127866e+00 -7.234878545360127866e+00
-8.711648307711730155e+00 -8.711648307711730155e+00 -8.711648307711730155e+00 -8.711648307711730155e+00 -8.711648307711730155e+00 -8.711648307711730155e+00 -8.711648307711730155e+00 -8.711648307711730155e+00 -8.711648307711730155e+00 -8.711648307711730155e+00 -8.711648307711730155e+00
-1.079222482813262118e+01 -1.079222482813262118e+01 -1.079222482813262118e+01 -1.079222482813262118e+01 -1.079222482813262118e+01 -1.079222482813262118e+01 -1.079222482813262118e+01 -1.079222482813262118e+01 -1.079222482813262118e+01 -1.079222482813262118e+01 -1.079222482813262118e+01
-1.375101472488223386e+01 -1.375101472488223386e+01 -1.375101472488223386e+01 -1.375101472488223209e+01 -1.375101472488223209e+01 -1.375101472488223209e+01 -1.375101472488223031e+01 -1.375101472488222143e+01 -1.375101472488219834e+01 -1.375101472488212373e+01 -1.375101472488188570e+01
-1.914727056283218332e+01 -1.914727056283163620e+01 -1.914727056282990603e+01 -1.914727056282442774e+01 -1.914727056280710826e+01 -1.914727056275233963e+01 -1.914727056257914128e+01 -1.914727056203144429e+01 -1.914727056029947860e+01 -1.914727055482252283e+01 -1.914727053750286601e+01
-2.823817011405125754e+01 -2.823800612496546947e+01 -2.823748795308529935e+01 -2.823585340669251664e+01 -2.823072463548949429e+01 -2.821489350769652305e+01 -2.816832136783920504e+01 -2.804723402889413109e+01 -2.779939741160496780e+01 -2.742371224297891530e+01 -2.697179409479034362e+01
-3.270528599013747595e+01 -3.220528599082453525e+01 -3.170528599104180145e+01 -3.120528599111050738e+01 -3.070528599113223223e+01 -3.020528599113910317e+01 -2.970528599114127744e+01 -2.920528599114196311e+01 -2.870528599114217982e+01 -2.820528599114225088e+01 -2.770528599114227220e+01
-3.352586360064547222e+01 -3.302586360064547222e+01 -3.252586360064547222e+01 -3.202586360064547222e+01 -3.152586360064547577e+01 -3.102586360064547577e+01 -3.052586360064547577e+01 -3.002586360064547577e+01 -2.952586360064547577e+01 -2.902586360064547577e+01 -2.852586360064547577e+01
-3.447640665225836187e+01 -3.397640665225836187e+01 -3.347640665225836187e+01 -3.297640665225836187e+01 -3.247640665225836187e+01 -3.197640665225836187e+01 -3.147640665225836187e+01 -3.097640665225836187e+01 -3.047640665225836187e+01 -2.997640665225836187e+01 -2.947640665225836187e+01
-3.557820173902869243e+01 -3.507820173902869243e+01 -3.457820173902869243e+01 -3.407820173902869243e+01 -3.357820173902869243e+01 -3.307820173902869243e+01 -3.257820173902869243e+01 -3.207820173902869243e+01 -3.157820173902868888e+01 -3.107820173902868888e+01 -3.057820173902868888e+01
