6.548471838794466038e+00 6.548471838794466038e+00 6.548471838794466038e+00 6.548471838794466038e+00 6.548471838794466038e+00 6.548471838794466038e+00 6.548471838794466038e+00 6.548471838794466038e+00 6.548471838794466038e+00 6.548471838794466038e+00 6.548471838794466926e+00
6.708282842086320308e+00 6.708282842086320308e+00 6.708282842086320308e+00 6.708282842086320308e+00 6.708282842086320308e+00 6.708282842086320308e+00 6.708282842086319420e+00 6.708282842086319420e+00 6.708282842086319420e+00 6.708282842086320308e+00 6.708282842086321196e+00
6.862738023526609332e+00 6.862738023526609332e+00 6.862738023526609332e+00 6.862738023526609332e+00 6.862738023526609332e+00 6.862738023526609332e+00 6.862738023526609332e+00 6.862738023526609332e+00 6.862738023526609332e+00 6.862738023526609332e+00 6.862738023526610220e+00
7.013260857259886905e+00 7.013260857259886905e+00 7.013260857259886905e+00 7.013260857259886905e+00 7.013260857259886905e+00 7.013260857259886905e+00 7.013260857259886905e+00 7.013260857259886905e+00 7.013260857259886905e+00 7.013260857259886905e+00 7.013260857259886905e+00
7.160906512836493931e+00 7.160906512836493931e+00 7.160906512836493931e+00 7.160906512836493931e+00 7.160906512836493931e+00 7.160906512836493931e+00 7.160906512836493931e+00 7.160906512836493931e+00 7.160906512836493931e+00 7.160906512836493931e+00 7.160906512836494819e+00
7.306452331046659587e+00 7.306452331046659587e+00 7.306452331046659587e+00 7.306452331046659587e+00 7.306452331046659587e+00 7.306452331046659587e+00 7.306452331046659587e+00 7.306452331046659587e+00 7.306452331046659587e+00 7.306452331046659587e+00 7.306452331046659587e+00
7.450468309020989111e+00 7.450468309020989111e+00 7.450468309020989111e+00 7.450468309020989111e+00 7.450468309020989111e+00 7.450468309020989111e+00 7.450468309020989111e+00 7.450468309020989111e+00 7.450468309020989111e+00 7.450468309020989111e+00 7.450468309020989111e+00
7.593370900439772697e+00 7.593370900439772697e+00 7.593370900439772697e+00 7.593370900439772697e+00 7.593370900439772697e+00 7.593370900439772697e+00 7.593370900439772697e+00 7.593370900439772697e+00 7.593370900439772697e+00 7.593370900439773585e+00 7.593370900439773585e+00
7.735463474403378115e+00 7.735463474403378115e+00 7.735463474403378115e+00 7.735463474403378115e+00 7.735463474403378115e+00 7.735463474403378115e+00 7.735463474403378115e+00 7.735463474403378115e+00 7.735463474403378115e+00 7.735463474403378115e+00 7.735463474403379003e+00
7.876966406975683732e+00 7.876966406975683732e+00 7.876966406975683732e+00 7.876966406975683732e+00 7.876966406975683732e+00 7.876966406975683732e+00 7.876966406975683732e+00 7.876966406975683732e+00 7.876966406975683732e+00 7.876966406975683732e+00 7.876966406975683732e+00
8.018039269912382139e+00 8.018039269912382139e+00 8.018039269912382139e+00 8.018039269912382139e+00 8.018039269912382139e+00 8.018039269912382139e+00 8.018039269912382139e+00 8.018039269912382139e+00 8.018039269912382139e+00 8.018039269912382139e+00 8.018039269912382139e+00
