7.594177581022263368e+00 7.594177581036467117e+00 7.594177581081382300e+00 7.594177581223416240e+00 7.594177581672568955e+00 7.594177583092913686e+00 7.594177587584436395e+00 7.594177601787873044e+00 7.594177646703022866e+00 7.594177788736598878e+00 7.594178237880194970e+00
7.643909397478072520e+00 7.643909397490228130e+00 7.643909397528666716e+00 7.643909397650221038e+00 7.643909398034609559e+00 7.643909399250151893e+00 7.643909403094034438e+00 7.643909415249448891e+00 7.643909453688168654e+00 7.643909575241294441e+00 7.643909959618238936e+00
7.687577571049112990e+00 7.687577571058493042e+00 7.687577571088155537e+00 7.687577571181956948e+00 7.687577571478583671e+00 7.687577572416599558e+00 7.687577575382865902e+00 7.687577584763011451e+00 7.687577614425538997e+00 7.687577708225689754e+00 7.687578004837857470e+00
7.725612943409002398e+00 7.725612943414800426e+00 7.725612943433137758e+00 7.725612943491122486e+00 7.725612943674488697e+00 7.725612944254343084e+00 7.725612946088002531e+00 7.725612951886528634e+00 7.725612970222954345e+00 7.725613028206574029e+00 7.725613211554387405e+00
7.758476778850335265e+00 7.758476778851697730e+00 7.758476778856005396e+00 7.758476778869626500e+00 7.758476778912703153e+00 7.758476779048920413e+00 7.758476779479677177e+00 7.758476780841833786e+00 7.758476785149197141e+00 7.758476798768743521e+00 7.758476841822192327e+00
7.786645977148158870e+00 7.786645977144220687e+00 7.786645977131765761e+00 7.786645977092380377e+00 7.786645976967831118e+00 7.786645976573973726e+00 7.786645975328484681e+00 7.786645971389884124e+00 7.786645958934752088e+00 7.786645919546329786e+00 7.786645794970837642e+00
7.810600112660325500e+00 7.810600112650255333e+00 7.810600112618410584e+00 7.810600112517709803e+00 7.810600112199265865e+00 7.810600111192257167e+00 7.810600108007815123e+00 7.810600097937701491e+00 7.810600066092994176e+00 7.810599965389048549e+00 7.810599646913833460e+00
7.830810336367189706e+00 7.830810336350234380e+00 7.830810336296616825e+00 7.830810336127062676e+00 7.830810335590884463e+00 7.830810333895339426e+00 7.830810328533555520e+00 7.830810311578081162e+00 7.830810257959921472e+00 7.830810088401998215e+00 7.830809552188638278e+00
7.847730142700246603e+00 7.847730142675767517e+00 7.847730142598358327e+00 7.847730142353566585e+00 7.847730141579469354e+00 7.847730139131557259e+00 7.847730131390578734e+00 7.847730106911426695e+00 7.847730029501287952e+00 7.847729784706303668e+00 7.847729010570274610e+00
7.861787991380645657e+00 7.861787991348150761e+00 7.861787991245390295e+00 7.861787990920435121e+00 7.861787989892834894e+00 7.861787986643276938e+00 7.861787976367272002e+00 7.861787943871663131e+00 7.861787841111247843e+00 7.861787516151520272e+00 7.861786488511008919e+00
7.920171423731982685e+00 7.920171423584895010e+00 7.920171423119764853e+00 7.920171421648893428e+00 7.920171416997590086e+00 7.920171402288885609e+00 7.920171355775970312e+00 7.920171208690123699e+00 7.920170743572893635e+00 7.920169272833536667e+00 7.920164622848931302e+00
