3.746889112184335069e-01 3.746889112184343396e-01 3.746889112184376147e-01 3.746889112184473847e-01 3.746889112184786375e-01 3.746889112185777249e-01 3.746889112188905302e-01 3.746889112198799610e-01 3.746889112230086250e-01 3.746889112329023774e-01 3.746889112641890174e-01
2.417798501424205382e-01 2.417798501424216484e-01 2.417798501424246738e-01 2.417798501424344715e-01 2.417798501424655300e-01 2.417798501425637014e-01 2.417798501428740643e-01 2.417798501438555570e-01 2.417798501469597683e-01 2.417798501567756941e-01 2.417798501878165862e-01
1.080316759380849367e-01 1.080316759380861441e-01 1.080316759380892944e-01 1.080316759380990088e-01 1.080316759381296093e-01 1.080316759382269065e-01 1.080316759385346881e-01 1.080316759395077847e-01 1.080316759425843376e-01 1.080316759523139158e-01 1.080316759830819429e-01
-2.675313750598290810e-02 -2.675313750598188114e-02 -2.675313750597895987e-02 -2.675313750596926624e-02 -2.675313750593870388e-02 -2.675313750584224631e-02 -2.675313750553759418e-02 -2.675313750457429876e-02 -2.675313750152739922e-02 -2.675313749189260973e-02 -2.675313746142462396e-02
-1.617996953521691483e-01 -1.617996953521680936e-01 -1.617996953521652070e-01 -1.617996953521555759e-01 -1.617996953521255998e-01 -1.617996953520302872e-01 -1.617996953517296665e-01 -1.617996953507787883e-01 -1.617996953477717492e-01 -1.617996953382624947e-01 -1.617996953081919376e-01
-3.004652560066573552e-01 -3.004652560066563560e-01 -3.004652560066534694e-01 -3.004652560066440325e-01 -3.004652560066141675e-01 -3.004652560065200206e-01 -3.004652560062220368e-01 -3.004652560052799570e-01 -3.004652560023008401e-01 -3.004652559928802091e-01 -3.004652559630893172e-01
-4.396066104165600175e-01 -4.396066104165591293e-01 -4.396066104165561317e-01 -4.396066104165468058e-01 -4.396066104165174404e-01 -4.396066104164246258e-01 -4.396066104161307497e-01 -4.396066104152012155e-01 -4.396066104122625662e-01 -4.396066104029694444e-01 -4.396066103735825070e-01
-5.820624974767460991e-01 -5.820624974767449888e-01 -5.820624974767421023e-01 -5.820624974767328874e-01 -5.820624974767040216e-01 -5.820624974766122062e-01 -5.820624974763218828e-01 -5.820624974754038394e-01 -5.820624974725009393e-01 -5.820624974633215043e-01 -5.820624974342931690e-01
-7.265972083529107506e-01 -7.265972083529097514e-01 -7.265972083529069758e-01 -7.265972083528979830e-01 -7.265972083528693393e-01 -7.265972083527789671e-01 -7.265972083524927516e-01 -7.265972083515884750e-01 -7.265972083487285405e-01 -7.265972083396845527e-01 -7.265972083110855406e-01
-8.755482495600025450e-01 -8.755482495600017678e-01 -8.755482495599987702e-01 -8.755482495599898884e-01 -8.755482495599617998e-01 -8.755482495598725379e-01 -8.755482495595902082e-01 -8.755482495586979219e-01 -8.755482495558761791e-01 -8.755482495469528725e-01 -8.755482495187354441e-01
-1.030973845889869178e+00 -1.030973845889868290e+00 -1.030973845889865403e+00 -1.030973845889856522e+00 -1.030973845889828544e+00 -1.030973845889740170e+00 -1.030973845889460394e+00 -1.030973845888575990e+00 -1.030973845885778672e+00 -1.030973845876933526e+00 -1.030973845848962345e+00
