-3.727488405750722045e+00 -3.727488405750722045e+00 -3.727488405750722045e+00 -3.727488405750722045e+00 -3.727488405750722045e+00 -3.727488405750722045e+00 -3.727488405750722045e+00 -3.727488405750722045e+00 -3.727488405750722045e+00 -3.727488405750721601e+00 -3.727488405750720712e+00
-4.396389494212447957e+00 -4.396389494212447957e+00 -4.396389494212447957e+00 -4.396389494212447957e+00 -4.396389494212447957e+00 -4.396389494212447957e+00 -4.396389494212447957e+00 -4.396389494212447957e+00 -4.396389494212447069e+00 -4.396389494212446181e+00 -4.396389494212444404e+00
-5.330273804814968486e+00 -5.330273804814968486e+00 -5.330273804814968486e+00 -5.330273804814968486e+00 -5.330273804814968486e+00 -5.330273804814968486e+00 -5.330273804814968486e+00 -5.330273804814968486e+00 -5.330273804814967598e+00 -5.330273804814964933e+00 -5.330273804814956051e+00
-6.635978527465169030e+00 -6.635978527465169030e+00 -6.635978527465169030e+00 -6.635978527465169030e+00 -6.635978527465169030e+00 -6.635978527465169030e+00 -6.635978527465168142e+00 -6.635978527465166366e+00 -6.635978527465159260e+00 -6.635978527465138832e+00 -6.635978527465073107e+00
-8.512939378344430708e+00 -8.512939378344430708e+00 -8.512939378344430708e+00 -8.512939378344428931e+00 -8.512939378344427155e+00 -8.512939378344421826e+00 -8.512939378344405839e+00 -8.512939378344352548e+00 -8.512939378344182018e+00 -8.512939378343645558e+00 -8.512939378341949137e+00
-1.171356435893617487e+01 -1.171356435893615000e+01 -1.171356435893607184e+01 -1.171356435893582315e+01 -1.171356435893503622e+01 -1.171356435893254755e+01 -1.171356435892468184e+01 -1.171356435889980396e+01 -1.171356435882113267e+01 -1.171356435857235567e+01 -1.171356435778565341e+01
-1.727748075313061094e+01 -1.727748075091657753e+01 -1.727748074391519495e+01 -1.727748072177487160e+01 -1.727748065176103154e+01 -1.727748043035789394e+01 -1.727747973022045258e+01 -1.727747751619888561e+01 -1.727747051492223207e+01 -1.727744837568424430e+01 -1.727737837269310006e+01
-2.547368982390019099e+01 -2.541057430987159549e+01 -2.525592628816782081e+01 -2.496647366510441657e+01 -2.456190981230244930e+01 -2.409704595574978470e+01 -2.360877580210340199e+01 -2.311255202123732744e+01 -2.261375303241792878e+01 -2.211413351773856917e+01 -2.161425390715910666e+01
-2.743488720505112255e+01 -2.693488720506431378e+01 -2.643488720506848466e+01 -2.593488720506980627e+01 -2.543488720507022194e+01 -2.493488720507035339e+01 -2.443488720507039602e+01 -2.393488720507041023e+01 -2.343488720507041378e+01 -2.293488720507041378e+01 -2.243488720507041378e+01
-2.838543025667622288e+01 -2.788543025667622288e+01 -2.738543025667622288e+01 -2.688543025667622288e+01 -2.638543025667622288e+01 -2.588543025667622288e+01 -2.538543025667622288e+01 -2.488543025667622288e+01 -2.438543025667622288e+01 -2.388543025667622288e+01 -2.338543025667622288e+01
-2.948722534344409141e+01 -2.898722534344409141e+01 -2.848722534344409141e+01 -2.798722534344409141e+01 -2.748722534344409141e+01 -2.698722534344409141e+01 -2.648722534344409141e+01 -2.598722534344409141e+01 -2.548722534344409141e+01 -2.498722534344409141e+01 -2.448722534344409141e+01
