1.243586308244251271e+01 1.243586308244251271e+01 1.243586308244251271e+01 1.243586308244251448e+01 1.243586308244251981e+01 1.243586308244253402e+01 1.243586308244258198e+01 1.243586308244273120e+01 1.243586308244320549e+01 1.243586308244470473e+01 1.243586308244944405e+01
1.242534176590145201e+01 1.242534176590145201e+01 1.242534176590145201e+01 1.242534176590145378e+01 1.242534176590145734e+01 1.242534176590146977e+01 1.242534176590151240e+01 1.242534176590164563e+01 1.242534176590206485e+01 1.242534176590339356e+01 1.242534176590759287e+01
1.241337850398935316e+01 1.241337850398935316e+01 1.241337850398935316e+01 1.241337850398935494e+01 1.241337850398935849e+01 1.241337850398936915e+01 1.241337850398940645e+01 1.241337850398952369e+01 1.241337850398989318e+01 1.241337850399106379e+01 1.241337850399476572e+01
1.239979757974847807e+01 1.239979757974847807e+01 1.239979757974847985e+01 1.239979757974847985e+01 1.239979757974848340e+01 1.239979757974849406e+01 1.239979757974852603e+01 1.239979757974862906e+01 1.239979757974895413e+01 1.239979757974998265e+01 1.239979757975323160e+01
1.238440651222773070e+01 1.238440651222773070e+01 1.238440651222773070e+01 1.238440651222773248e+01 1.238440651222773425e+01 1.238440651222774314e+01 1.238440651222777156e+01 1.238440651222786215e+01 1.238440651222814637e+01 1.238440651222904521e+01 1.238440651223188915e+01
1.236699554493368503e+01 1.236699554493368503e+01 1.236699554493368503e+01 1.236699554493368680e+01 1.236699554493368858e+01 1.236699554493369746e+01 1.236699554493372055e+01 1.236699554493380049e+01 1.236699554493404740e+01 1.236699554493483255e+01 1.236699554493731412e+01
1.234733742637527598e+01 1.234733742637527598e+01 1.234733742637527598e+01 1.234733742637527776e+01 1.234733742637527953e+01 1.234733742637528664e+01 1.234733742637530796e+01 1.234733742637537546e+01 1.234733742637559217e+01 1.234733742637627607e+01 1.234733742637843790e+01
1.232518758513840851e+01 1.232518758513840851e+01 1.232518758513840851e+01 1.232518758513841028e+01 1.232518758513841206e+01 1.232518758513841739e+01 1.232518758513843693e+01 1.232518758513849555e+01 1.232518758513868384e+01 1.232518758513927892e+01 1.232518758514115831e+01
1.230028482223751318e+01 1.230028482223751318e+01 1.230028482223751318e+01 1.230028482223751496e+01 1.230028482223751674e+01 1.230028482223752029e+01 1.230028482223753805e+01 1.230028482223758957e+01 1.230028482223775299e+01 1.230028482223826991e+01 1.230028482223990416e+01
1.227235266420053605e+01 1.227235266420053605e+01 1.227235266420053605e+01 1.227235266420053605e+01 1.227235266420053783e+01 1.227235266420054316e+01 1.227235266420055737e+01 1.227235266420060178e+01 1.227235266420074389e+01 1.227235266420119331e+01 1.227235266420261439e+01
1.224110153927659184e+01 1.224110153927659184e+01 1.224110153927659184e+01 1.224110153927659184e+01 1.224110153927659361e+01 1.224110153927659717e+01 1.224110153927660960e+01 1.224110153927664868e+01 1.224110153927677302e+01 1.224110153927716382e+01 1.224110153927839839e+01
