8.774058504426928806e+00 8.774058603025745029e+00 8.774058914822427724e+00 8.774059900808635959e+00 8.774063018756034893e+00 8.774072878423792687e+00 8.774104055952793857e+00 8.774202633124881245e+00 8.774514211606124547e+00 8.775497960078972426e+00 8.778591823558674179e+00
8.914798070201470637e+00 8.914798164514728285e+00 8.914798462759298658e+00 8.914799405890091677e+00 8.914802388318010529e+00 8.914811819447969299e+00 8.914841641945239203e+00 8.914935935353945240e+00 8.915233979156139910e+00 8.916175030439845273e+00 8.919134476745423257e+00
9.055238748060574494e+00 9.055238838886127795e+00 9.055239126101621849e+00 9.055240034355504619e+00 9.055242906493919719e+00 9.055251988867485835e+00 9.055280708596042061e+00 9.055371515682818284e+00 9.055658543543737338e+00 9.056564827952160002e+00 9.059414459332730374e+00
9.195428333143832234e+00 9.195428421120080742e+00 9.195428699325288946e+00 9.195429579086221494e+00 9.195432361122769294e+00 9.195441158576748819e+00 9.195468977384942733e+00 9.195556936230252276e+00 9.195834963530179706e+00 9.196712823776987733e+00 9.199472223655204672e+00
9.335388334920390108e+00 9.335388420565656986e+00 9.335388691399662875e+00 9.335389547850869718e+00 9.335392256176183068e+00 9.335400820540645128e+00 9.335427902312707360e+00 9.335513530986629505e+00 9.335784193950747323e+00 9.336638774962009890e+00 9.339323702443655506e+00
9.475116362738935649e+00 9.475116446481036903e+00 9.475116711296703187e+00 9.475117548716296412e+00 9.475120196858823007e+00 9.475128570913135206e+00 9.475155050915500254e+00 9.475238777017738201e+00 9.475503425945001723e+00 9.476338967009485970e+00 9.478962245657235997e+00
9.614586223106442731e+00 9.614586305305612868e+00 9.614586565242108307e+00 9.614587387232441884e+00 9.614589986583709447e+00 9.614598206349914022e+00 9.614624198482401241e+00 9.614706382060171919e+00 9.614966153632794388e+00 9.615786214327481929e+00 9.618358413221224978e+00
9.753745897399914710e+00 9.753745978367357239e+00 9.753746234408792404e+00 9.753747044081892525e+00 9.753749604482893076e+00 9.753757701079921461e+00 9.753783303738378763e+00 9.753864255814809425e+00 9.754120131526310189e+00 9.754927773360924093e+00 9.757457750219870718e+00
9.892513480654351099e+00 9.892513560668017902e+00 9.892513813693350144e+00 9.892514613828709003e+00 9.892517144068882828e+00 9.892525145290420596e+00 9.892550446355516058e+00 9.892630444694843206e+00 9.892883300518573009e+00 9.893681240180915992e+00 9.896176598566722049e+00
1.003077116289027337e+01 1.003077124220911465e+01 1.003077149303721782e+01 1.003077228622433203e+01 1.003077479449228804e+01 1.003078272623199574e+01 1.003080780757533752e+01 1.003088711092043894e+01 1.003113776210283348e+01 1.003192850823582027e+01 1.003439600904573759e+01
1.016835745870784535e+01 1.016835753758551419e+01 1.016835778701850757e+01 1.016835857579389391e+01 1.016836107011069323e+01 1.016836895773229799e+01 1.016839389954806272e+01 1.016847276130346422e+01 1.016872200532997361e+01 1.016950798806392520e+01 1.017195394630817340e+01
