4.621591241380677673e+00 4.121625707528989935e+00 3.621636611234611003e+00 3.121640059745010465e+00 2.621641150305364487e+00 2.121641495175390801e+00 1.621641604233325040e+00 1.121641638720517697e+00 6.216416496263300617e-01 1.216416530750512731e-01 -3.783583458343673378e-01
4.621591241237874570e+00 4.121625707483517864e+00 3.621636611220199864e+00 3.121640059740450113e+00 2.621641150303921641e+00 2.121641495174934722e+00 1.621641604233180933e+00 1.121641638720472178e+00 6.216416496263158509e-01 1.216416530750467490e-01 -3.783583458343688366e-01
4.621591241116156823e+00 4.121625707444795950e+00 3.621636611207931900e+00 3.121640059736567885e+00 2.621641150302694179e+00 2.121641495174546588e+00 1.621641604233057921e+00 1.121641638720433098e+00 6.216416496263035274e-01 1.216416530750428215e-01 -3.783583458343700023e-01
4.621591241012433571e+00 4.121625707411824990e+00 3.621636611197488254e+00 3.121640059733263861e+00 2.621641150301648793e+00 2.121641495174215741e+00 1.621641604232953560e+00 1.121641638720400236e+00 6.216416496262929803e-01 1.216416530750396158e-01 -3.783583458343710015e-01
4.621591240924059818e+00 4.121625707383752335e+00 3.621636611188598032e+00 3.121640059730451444e+00 2.621641150300759726e+00 2.121641495173934633e+00 1.621641604232864742e+00 1.121641638720372036e+00 6.216416496262839875e-01 1.216416530750366876e-01 -3.783583458343719452e-01
4.621591240848774262e+00 4.121625707359851454e+00 3.621636611181030307e+00 3.121640059728057359e+00 2.621641150300002554e+00 2.121641495173695269e+00 1.621641604232789025e+00 1.121641638720348055e+00 6.216416496262764380e-01 1.216416530750344394e-01 -3.783583458343726114e-01
4.621591240784647781e+00 4.121625707339502398e+00 3.621636611174589238e+00 3.121640059726019878e+00 2.621641150299357736e+00 2.121641495173490988e+00 1.621641604232724410e+00 1.121641638720327627e+00 6.216416496262703317e-01 1.216416530750322467e-01 -3.783583458343733330e-01
4.621591240730031025e+00 4.121625707322179366e+00 3.621636611169105624e+00 3.121640059724285265e+00 2.621641150298809286e+00 2.121641495173317793e+00 1.621641604232669565e+00 1.121641638720310530e+00 6.216416496262646696e-01 1.216416530750305675e-01 -3.783583458343738881e-01
4.621591240683519786e+00 4.121625707307431163e+00 3.621636611164437802e+00 3.121640059722808669e+00 2.621641150298342549e+00 2.121641495173170355e+00 1.621641604232622935e+00 1.121641638720295653e+00 6.216416496262598956e-01 1.216416530750291103e-01 -3.783583458343744432e-01
4.621591240643912357e+00 4.121625707294876761e+00 3.621636611160464980e+00 3.121640059721551896e+00 2.621641150297945089e+00 2.121641495173044678e+00 1.621641604232583189e+00 1.121641638720282996e+00 6.216416496262558988e-01 1.216416530750278058e-01 -3.783583458343748318e-01
4.621591240417086688e+00 4.121625707223046220e+00 3.621636611137739603e+00 3.121640059714364313e+00 2.621641150295671796e+00 2.121641495172325698e+00 1.621641604232355816e+00 1.121641638720211276e+00 6.216416496262331393e-01 1.216416530750208114e-01 -3.783583458343770523e-01
