-2.110392719570932218e+00 -1.610475101133582054e+00 -1.110505035759624892e+00 -6.105093949347110138e-01 -1.105120005257641119e-01 3.894871755107447986e-01 8.894869149502853123e-01 1.389486832553800344e+00 1.889486806497738369e+00 2.389486798258063427e+00 2.889486795652205675e+00
-2.087528483874637075e+00 -1.603112440031395858e+00 -1.108153873186979999e+00 -6.097674288728509584e-01 -1.102772317730639356e-01 3.895614297715091490e-01 8.895103975960343412e-01 1.389494258557136819e+00 1.889489154820099159e+00 2.389487540864230652e+00 2.889487030485079710e+00
-1.343088936480411277e+00 -1.206561229184154094e+00 -9.386808150131036310e-01 -5.485012435223073357e-01 -8.992979109981631691e-02 3.961019188063462093e-01 8.915895943595217865e-01 1.390152859583543732e+00 1.889697533203397839e+00 2.389553446953919913e+00 2.889507872930496823e+00
2.380231369459488433e-01 2.422116847166372322e-01 2.551972812768458776e-01 2.938785840603377331e-01 3.975029895367063193e-01 6.205488150834558292e-01 9.766002519329908260e-01 1.419076675599982185e+00 1.899027722537244278e+00 2.392526622694624017e+00 2.890450375058596144e+00
1.649532342448295275e+00 1.649695485528362981e+00 1.650210986291413606e+00 1.651837127528861915e+00 1.656939728973328085e+00 1.672691990308719401e+00 1.719048039234762237e+00 1.839670523285863224e+00 2.086877720491532084e+00 2.462348743802634132e+00 2.913783616149681066e+00
2.852492032759189389e+00 2.852502258282323844e+00 2.852534592641303046e+00 2.852636827021953092e+00 2.852959962227182178e+00 2.853980226049329438e+00 2.857190899445014587e+00 2.867190493994369760e+00 2.897376910432504449e+00 2.980999531558138127e+00 3.172411004265523360e+00
3.876471976647116069e+00 3.876472944281552202e+00 3.876476004196124592e+00 3.876485680353737084e+00 3.876516277632064078e+00 3.876613020537487131e+00 3.876918806717457144e+00 3.877884373011093455e+00 3.880923709950360401e+00 3.890397301575434508e+00 3.919063783344062024e+00
4.748062937326908539e+00 4.748063067382360281e+00 4.748063478653555158e+00 4.748064779204701935e+00 4.748068891882907039e+00 4.748081897057014444e+00 4.748123020465747857e+00 4.748253038481582422e+00 4.748663935568194994e+00 4.749960753655712686e+00 4.754036352388764541e+00
5.489969193911249157e+00 5.489969217476009078e+00 5.489969291994316158e+00 5.489969527641807900e+00 5.489970272823764930e+00 5.489972629287606765e+00 5.489980080996423872e+00 5.490003644527333471e+00 5.490078150541933155e+00 5.490313675162640905e+00 5.491057629920531369e+00
6.121585769117618092e+00 6.121585774623278020e+00 6.121585792033703122e+00 6.121585847090296184e+00 6.121586021194485916e+00 6.121586571759815243e+00 6.121588312795664066e+00 6.121593818388499031e+00 6.121611228142413985e+00 6.121666278025676533e+00 6.121840315132994981e+00
6.659580558822188578e+00 6.659580560419298578e+00 6.659580565469807034e+00 6.659580581440915914e+00 6.659580631945991591e+00 6.659580791657027099e+00 6.659581296707279385e+00 6.659582893812543425e+00 6.659587944264187875e+00 6.659603914808085001e+00 6.659654414237557774e+00
