-6.370672379851810341e+00 -5.870682033626657415e+00 -5.370685479757271175e+00 -4.870685988272464684e+00 -4.370686373157989024e+00 -3.870686820289572783e+00 -3.370690215858648919e+00 -2.870723828629559105e+00 -2.371059574311434659e+00 -1.874389895983304744e+00 -1.405282598103186675e+00
-6.841559724338466708e+00 -6.341559851678280957e+00 -5.841559892056667813e+00 -5.341559905925889140e+00 -4.841559921316248349e+00 -4.341560036228344188e+00 -3.841561173015975328e+00 -3.341572536678859784e+00 -2.841686140659860804e+00 -2.342819052071068331e+00 -1.853848182099371300e+00
-7.380736078055940119e+00 -6.880736078164051861e+00 -6.380736078230038189e+00 -5.880736078568881808e+00 -5.380736081855799213e+00 -4.880736114692875383e+00 -4.380736443053224960e+00 -3.880739726627268738e+00 -3.380772559742891481e+00 -2.881100628845443712e+00 -2.384355436143376306e+00
-8.001063250527201021e+00 -7.501063250527987947e+00 -7.001063250535858984e+00 -6.501063250614567579e+00 -6.001063251401656196e+00 -5.501063259272539696e+00 -5.001063337981358714e+00 -4.501064125068045207e+00 -4.001071995784141855e+00 -3.501150687872365719e+00 -3.001936105966209301e+00
-8.717191974840517332e+00 -8.217191974840668323e+00 -7.717191974842181779e+00 -7.217191974857313674e+00 -6.717191975008633520e+00 -6.217191976521828423e+00 -5.717191991653773897e+00 -5.217192142973171798e+00 -4.717193656161583704e+00 -4.217208787488448962e+00 -3.717360045063951013e+00
-9.545748055832570245e+00 -9.045748055832593337e+00 -8.545748055832817158e+00 -8.045748055835062473e+00 -7.545748055857519176e+00 -7.045748056082082655e+00 -6.545748058327715668e+00 -6.045748080784042244e+00 -5.545748305347190765e+00 -5.045750550966398684e+00 -4.545773005931248889e+00
-1.050560651021473291e+01 -1.000560651021473646e+01 -9.505606510214761329e+00 -9.005606510215006466e+00 -8.505606510217470273e+00 -8.005606510242101237e+00 -7.505606510488409988e+00 -7.005606512951501053e+00 -6.505606537582409032e+00 -6.005606783891345835e+00 -5.505609246965942560e+00
-1.161829067943243921e+01 -1.111829067943243921e+01 -1.061829067943244098e+01 -1.011829067943245875e+01 -9.618290679432648815e+00 -9.118290679434549517e+00 -8.618290679453551206e+00 -8.118290679643569874e+00 -7.618290681543760101e+00 -7.118290700545654381e+00 -6.618290890564505702e+00
-1.290848981653202721e+01 -1.240848981653202721e+01 -1.190848981653202721e+01 -1.140848981653202721e+01 -1.090848981653203786e+01 -1.040848981653213556e+01 -9.908489816533109007e+00 -9.408489816542850548e+00 -8.908489816640258852e+00 -8.408489817614352546e+00 -7.908489827355289492e+00
-1.440466538773057437e+01 -1.390466538773057437e+01 -1.340466538773057437e+01 -1.290466538773057437e+01 -1.240466538773057437e+01 -1.190466538773057792e+01 -1.140466538773060812e+01 -1.090466538773091898e+01 -1.040466538773402583e+01 -9.904665387765103191e+00 -9.404665388075876820e+00
-1.613967744354643941e+01 -1.563967744354643941e+01 -1.513967744354643941e+01 -1.463967744354643941e+01 -1.413967744354643941e+01 -1.363967744354643941e+01 -1.313967744354644118e+01 -1.263967744354644651e+01 -1.213967744354650335e+01 -1.163967744354707534e+01 -1.113967744355279876e+01
