-1.064872219850211188e+00 -1.026100815661588950e+00 -9.222711780662941061e-01 -6.989197927975419056e-01 -3.426154237495853683e-01 9.986359898436124316e-02 5.798057383806514142e-01 1.071674815134333381e+00 1.553784753513195227e+00 1.934553294643257759e+00 2.009243085502583792e+00
-9.268287774894247155e-01 -8.882244835503125824e-01 -7.847756331980693112e-01 -5.619918176390219511e-01 -2.061610530289474941e-01 2.360738964064444112e-01 7.158650902558341134e-01 1.207101927682313613e+00 1.683703134856089134e+00 2.034451012015260574e+00 2.060006597148505758e+00
-7.885387983001448386e-01 -7.500732213562110173e-01 -6.469408279907323811e-01 -4.246296721990117651e-01 -6.919449608627599446e-02 3.728331289838687779e-01 8.524652709243130122e-01 1.342852422371178189e+00 1.812140080955539023e+00 2.128075533165977973e+00 2.105230459668073539e+00
-6.500295353905715112e-01 -6.116793739891270842e-01 -5.088105368358164515e-01 -2.868937270180796917e-01 6.821036862071894191e-02 5.100599349321220943e-01 9.895138543116750451e-01 1.478751825249148721e+00 1.938426106984093567e+00 2.215017323154008011e+00 2.145206239103596868e+00
-5.113263633098232841e-01 -4.730724392702310710e-01 -3.704235458221191157e-01 -1.488363427737874334e-01 2.059900097711644396e-01 6.476841110003829227e-01 1.126926765934083141e+00 1.614605755076533589e+00 2.061804810042409120e+00 2.295062446676535473e+00 2.180256922550466658e+00
-3.724525790794754321e-01 -3.342790641151814901e-01 -2.318140706434045351e-01 -1.050285980027428588e-02 3.440898169055092715e-01 7.856448648869831519e-01 1.264625260809837393e+00 1.750188101308906230e+00 2.181453270150609303e+00 2.368173487003889743e+00 2.210727281307220515e+00
-2.334293322467143328e-01 -1.953231284038597915e-01 -9.301217604400355277e-02 1.280675189788527124e-01 4.824628491485621340e-01 9.238892264954507993e-01 1.402532634356828511e+00 1.885227205230067593e+00 2.296522531344654450e+00 2.434457078044116152e+00 2.236976865533505610e+00
-9.427564662145347663e-02 -5.622588836142768109e-02 4.595581325333959744e-02 2.668409413352401671e-01 6.210687355409267862e-01 1.062370573022510367e+00 1.540570472285177850e+00 2.019390340373377057e+00 2.406195237827862154e+00 2.494127707943041727e+00 2.259374420914569637e+00
4.499149535516352300e-02 8.299384256104357094e-02 1.850669178863355024e-01 4.057882059428876143e-01 7.598727049539774070e-01 1.201047217553634638e+00 1.678654199615397635e+00 2.152267575729248428e+00 2.509750300915276178e+00 2.547474854189900384e+00 2.278292833701352382e+00
1.843570277394456780e-01 2.223194919932548197e-01 3.243011308909214963e-01 5.448841407775960599e-01 8.988447243760593341e-01 1.339881002909874885e+00 1.816687638476317534e+00 2.283357339007482611e+00 2.606619664624371335e+00 2.594836932323363765e+00 2.294104053788452280e+00
3.238076521521991991e-01 3.617365183549761110e-01 4.636410697504347311e-01 6.841070512476472576e-01 1.037958724544000733e+00 1.478835830964384979e+00 1.954556237862378421e+00 2.412057589226427545e+00 2.696423484323613007e+00 2.636582635965496912e+00 2.307173766422354166e+00
