4.468032883329369653e+00 4.468033287436633749e+00 4.468034565332997587e+00 4.468038606366031118e+00 4.468051384933633408e+00 4.468091791303878679e+00 4.468219537387153828e+00 4.468623205420769295e+00 4.469896717719707979e+00 4.473894168186459019e+00 4.486244839109004623e+00
4.596765102021258542e+00 4.596765503050591839e+00 4.596766771213527392e+00 4.596770781465174593e+00 4.596783462677654697e+00 4.596823561025670024e+00 4.596950331474172202e+00 4.597350898452644330e+00 4.598614446160555147e+00 4.602578806368515352e+00 4.614809124120761830e+00
4.722169113767618498e+00 4.722169510455779040e+00 4.722170764890509354e+00 4.722174731727644570e+00 4.722187275630235881e+00 4.722226939554774461e+00 4.722352334120904160e+00 4.722748529033891529e+00 4.723998039742470567e+00 4.727915901775928909e+00 4.739978216066655037e+00
4.843523801813838681e+00 4.843524192416349905e+00 4.843525427606285128e+00 4.843529333583235896e+00 4.843541685001012453e+00 4.843580739955004155e+00 4.843704205986204769e+00 4.844094274332536365e+00 4.845324131291776304e+00 4.849177050515205423e+00 4.861006288171518364e+00
4.960070715434641286e+00 4.960071097589558775e+00 4.960072306065493208e+00 4.960076127561682036e+00 4.960088211791110702e+00 4.960126421454157608e+00 4.960247210769003878e+00 4.960628777888303809e+00 4.961831384862859018e+00 4.965594475116823503e+00 4.977103439272496210e+00
5.071054530384778936e+00 5.071054900971208035e+00 5.071056072863891373e+00 5.071059778668931095e+00 5.071071497003282857e+00 5.071108549129111687e+00 5.071225673236534170e+00 5.071595602436282491e+00 5.072760932473244111e+00 5.076401414741254392e+00 5.087476002315535872e+00
5.175769168471162196e+00 5.175769523480689749e+00 5.175770646114278506e+00 5.175774196142321593e+00 5.175785421805921160e+00 5.175820915363725128e+00 5.175933104784115280e+00 5.176287368541810707e+00 5.177402555155310004e+00 5.180878452098334641e+00 5.191373484339853128e+00
5.273603372533495204e+00 5.273603706977781691e+00 5.273604764577609849e+00 5.273608108943243167e+00 5.273618684169235848e+00 5.273652120103103691e+00 5.273757795150746830e+00 5.274091382760536462e+00 5.275140428417681271e+00 5.278399651919501778e+00 5.288136218427405666e+00
5.364079463961282990e+00 5.364079771840590816e+00 5.364080745433649433e+00 5.364083824137233947e+00 5.364093559172872894e+00 5.364124337259760011e+00 5.364221598142192349e+00 5.364528484765648031e+00 5.365492166801275609e+00 5.368472264433944652e+00 5.377237562359427514e+00
5.446880457334106751e+00 5.446880731688292343e+00 5.446881599264489004e+00 5.446884342702168702e+00 5.446893017422413941e+00 5.446920441382649969e+00 5.447007084440445901e+00 5.447280283259219757e+00 5.448136327048050731e+00 5.450765120855581181e+00 5.458315662645790489e+00
5.521863078080846421e+00 5.521863311135973618e+00 5.521864048111782886e+00 5.521866378541813170e+00 5.521873747087565398e+00 5.521897039265353690e+00 5.521970603527453392e+00 5.522202314290551861e+00 5.522925876615676799e+00 5.525123139126373317e+00 5.531191872256688846e+00
