7.090444954424650170e+00 7.090444954483724693e+00 7.090444954670533484e+00 7.090444955261273385e+00 7.090444957129357739e+00 7.090444963036759418e+00 7.090444981717603845e+00 7.090445040791615305e+00 7.090445227599989408e+00 7.090445818339408568e+00 7.090447686416188944e+00
7.231264358444860818e+00 7.231264358501400480e+00 7.231264358680195237e+00 7.231264359245592743e+00 7.231264361033534982e+00 7.231264366687508272e+00 7.231264384566940429e+00 7.231264441106661778e+00 7.231264619900914958e+00 7.231265185297499620e+00 7.231266973233645423e+00
7.371840178964791157e+00 7.371840179019259587e+00 7.371840179191506692e+00 7.371840179736199872e+00 7.371840181458669150e+00 7.371840186905595615e+00 7.371840204130289287e+00 7.371840258599549500e+00 7.371840430846429371e+00 7.371840975538438201e+00 7.371842698001311867e+00
7.512235816476514394e+00 7.512235816529281962e+00 7.512235816696148483e+00 7.512235817223827716e+00 7.512235818892494699e+00 7.512235824169283482e+00 7.512235840855955082e+00 7.512235893623837590e+00 7.512236060490493195e+00 7.512236588168770268e+00 7.512238256829772531e+00
7.652495844512077205e+00 7.652495844563440563e+00 7.652495844725864416e+00 7.652495845239496219e+00 7.652495846863741846e+00 7.652495852000056331e+00 7.652495868242509935e+00 7.652495919605652119e+00 7.652496082030131319e+00 7.652496595661033574e+00 7.652498219900560450e+00
7.792650635808150206e+00 7.792650635858349162e+00 7.792650636017092403e+00 7.792650636519081964e+00 7.792650638106513483e+00 7.792650643126413534e+00 7.792650659000730506e+00 7.792650709199724801e+00 7.792650867942843895e+00 7.792651369932282357e+00 7.792652957358444432e+00
7.932719521662667361e+00 7.932719521711899091e+00 7.932719521867583445e+00 7.932719522359899855e+00 7.932719523916742510e+00 7.932719528839910161e+00 7.932719544408334045e+00 7.932719593640008782e+00 7.932719749324196101e+00 7.932720241640457637e+00 7.932721798477495589e+00
8.072712808220876113e+00 8.072712808269301377e+00 8.072712808422441100e+00 8.072712808906709725e+00 8.072712810438098074e+00 8.072712815280777221e+00 8.072712830594673150e+00 8.072712879021459287e+00 8.072713032160367064e+00 8.072713516427761249e+00 8.072715047812156541e+00
8.212632860053474815e+00 8.212632860101232168e+00 8.212632860252252698e+00 8.212632860729826234e+00 8.212632862240040410e+00 8.212632867015763338e+00 8.212632882117921085e+00 8.212632929875132604e+00 8.212633080896662108e+00 8.212633558468326100e+00 8.212635068679064787e+00
8.352474369716603064e+00 8.352474369763804418e+00 8.352474369913068131e+00 8.352474370385085223e+00 8.352474371877731230e+00 8.352474376597895045e+00 8.352474391524362218e+00 8.352474438725993267e+00 8.352474587990620591e+00 8.352475060006481655e+00 8.352476552648299801e+00
8.492223854892134938e+00 8.492223854938879768e+00 8.492223855086695750e+00 8.492223855554129841e+00 8.492223857032287881e+00 8.492223861706635901e+00 8.492223876488218082e+00 8.492223923231687621e+00 8.492224071047477452e+00 8.492224538481718099e+00 8.492226016635241237e+00
