5.119084733831962275e+00 5.119084779380418837e+00 5.119084923417253741e+00 5.119085378901403693e+00 5.119086819265597832e+00 5.119091374065525279e+00 5.119105777291745873e+00 5.119151321134175703e+00 5.119295311838408580e+00 5.119750335014995102e+00 5.121186100042550038e+00
5.258672220095465200e+00 5.258672265650469413e+00 5.258672409708008644e+00 5.258672865257631557e+00 5.258674305828860973e+00 5.258678861283428319e+00 5.258693266579154368e+00 5.258738816959453999e+00 5.258882828273311993e+00 5.259337915970633937e+00 5.260773878400414993e+00
5.398120649589771780e+00 5.398120695161937377e+00 5.398120839273748750e+00 5.398121294994992603e+00 5.398122736108926567e+00 5.398127293279573635e+00 5.398141704001012009e+00 5.398187271528841258e+00 5.398331336967021166e+00 5.398786594806776584e+00 5.400223084998693857e+00
5.537378043087845647e+00 5.537378088690481981e+00 5.537378232898650054e+00 5.537378688924597725e+00 5.537380131002074712e+00 5.537384691219564559e+00 5.537399111574480948e+00 5.537444709551174071e+00 5.537588871128236612e+00 5.538044431491116804e+00 5.539481863210941270e+00
5.676374015708912424e+00 5.676374061359133805e+00 5.676374205717775290e+00 5.676374662219562772e+00 5.676376105801755223e+00 5.676380670777361637e+00 5.676395106176627792e+00 5.676440751706403276e+00 5.676585063445974022e+00 5.677041096520848207e+00 5.678480001396596144e+00
5.815013828684582720e+00 5.815013874404733940e+00 5.815014018984516753e+00 5.815014476185608849e+00 5.815015921979166613e+00 5.815020493947422153e+00 5.815034951456377499e+00 5.815080666873019943e+00 5.815225199312810567e+00 5.815681927277350560e+00 5.817122998979590953e+00
5.953171005352897893e+00 5.953171051172367001e+00 5.953171196066217696e+00 5.953171654260474455e+00 5.953173103194654203e+00 5.953177685094009242e+00 5.953192174003647530e+00 5.953237988675862624e+00 5.953382834567769955e+00 5.953840549523936154e+00 5.955284699573767604e+00
6.090678528352075460e+00 6.090678574309518645e+00 6.090678719639683436e+00 6.090679179213680072e+00 6.090680632510920844e+00 6.090685228206901058e+00 6.090699760739448188e+00 6.090745713300864672e+00 6.090890994650572488e+00 6.091350080762459207e+00 6.092798507288658350e+00
6.227318934480282842e+00 6.227318980626289857e+00 6.227319126552742112e+00 6.227319588012358409e+00 6.227321047272372567e+00 6.227325661823486236e+00 6.227340253973092210e+00 6.227386394979085082e+00 6.227532271430778366e+00 6.227993231269732810e+00 6.229447500600024945e+00
6.362814091365884828e+00 6.362814137765980149e+00 6.362814284495929229e+00 6.362814748496415262e+00 6.362816215791251118e+00 6.362820855749580673e+00 6.362835528232649196e+00 6.362881923163217657e+00 6.363028601472193735e+00 6.363492085737683546e+00 6.364954224010108241e+00
6.496816051152756621e+00 6.496816097890542707e+00 6.496816245688362912e+00 6.496816713065737936e+00 6.496818191039080759e+00 6.496822864764268068e+00 6.496837644012036783e+00 6.496884376407377815e+00 6.497032120323314786e+00 6.497498958771909194e+00 6.498971546446455250e+00
