7.417377156861065579e+00 7.664827308848458642e+00 7.939972732882650597e+00 8.189329400959143967e+00 8.378925202179539511e+00 8.484426052132929996e+00 8.478314021905378084e+00 8.330047049999702580e+00 8.026869460915913024e+00 7.601588065938901018e+00 7.118803715478159155e+00
7.149687118277156195e+00 7.374796430956050308e+00 7.648776992139064923e+00 7.913829498277793917e+00 8.129300154056018357e+00 8.269358541164777421e+00 8.308749334419347932e+00 8.216831155630826444e+00 7.970591705102143543e+00 7.583966486926343897e+00 7.115526242586411421e+00
6.863170872974358794e+00 7.055151467538889776e+00 7.317564518794413608e+00 7.593676039110995646e+00 7.834296624720596292e+00 8.009303789944217655e+00 8.094854171123232689e+00 8.062329443847996657e+00 7.882505348150747437e+00 7.550137217731641037e+00 7.107848849985531459e+00
6.557908635880453474e+00 6.707528348203823931e+00 6.943067944192402585e+00 7.220967636844349613e+00 7.483924781614940791e+00 7.693764422869402431e+00 7.825653299565068721e+00 7.854003819441245149e+00 7.748050105060702464e+00 7.486973756935386248e+00 7.089505682231082240e+00
6.232192792548629789e+00 6.334646212862014458e+00 6.526282272928247252e+00 6.789363431043097918e+00 7.067160104156979372e+00 7.310116163706199544e+00 7.487964493080962569e+00 7.577056573644282089e+00 7.549050998112905475e+00 7.374472384446739248e+00 7.046761424791817774e+00
5.880619791469245072e+00 5.940718796999876261e+00 6.074652852656307722e+00 6.298179501185134477e+00 6.574095321288944582e+00 6.844002790007523984e+00 7.066140155812684398e+00 7.214505617509106905e+00 7.264530412768920087e+00 7.185969404753257628e+00 6.954034419224547570e+00
5.493237570283415749e+00 5.522616057823247715e+00 5.599179208604192937e+00 5.758381761138999799e+00 6.001681866017889000e+00 6.281705440736797819e+00 6.542247026821509159e+00 6.747034505634552204e+00 6.871848843778107785e+00 6.890732438658210057e+00 6.772898385532609922e+00
5.055830662165605283e+00 5.067673900148594868e+00 5.102290083949673871e+00 5.189913752474243580e+00 5.522980606674230408e+00 5.617803110626932828e+00 5.898635818912607576e+00 6.152855843264974922e+00 6.347121750376854443e+00 6.457798628035931188e+00 6.458014158327123333e+00
4.548945351214192634e+00 4.552949041721522150e+00 4.565324678059129226e+00 4.601390643436824135e+00 4.692099093113625052e+00 5.029224556800435231e+00 5.127725568699561087e+00 5.410123648665257079e+00 5.664401602361845534e+00 5.857780055776522943e+00 5.966991501818108112e+00
3.934728160694418442e+00 3.935925381115844335e+00 3.939688618435364997e+00 3.951345754954914469e+00 3.985593443589672269e+00 4.073057212156863116e+00 4.254271947909227691e+00 4.507236885363569812e+00 4.795234742846110620e+00 5.059191278954712878e+00 5.264253595505676842e+00
3.091641005979088863e+00 3.092038864295823863e+00 3.093294591295363105e+00 3.097241254368192642e+00 3.109473778259494114e+00 3.145629272809201904e+00 3.238966956519545359e+00 3.429404921318329080e+00 3.704548990675427866e+00 4.015835127590531073e+00 4.304849486523994351e+00
