1.984482195795864490e+00 1.984482195795864490e+00 1.984482195795864490e+00 1.984482195795864490e+00 1.984482195795864490e+00 1.984482195795864490e+00 1.984482195795864490e+00 1.984482195795864490e+00 1.984482195795864712e+00 1.984482195795864934e+00 1.984482195795865822e+00
2.124915901378278349e+00 2.124915901378278349e+00 2.124915901378278349e+00 2.124915901378278349e+00 2.124915901378278349e+00 2.124915901378278349e+00 2.124915901378278349e+00 2.124915901378278349e+00 2.124915901378278349e+00 2.124915901378278793e+00 2.124915901378279681e+00
2.265125884216160124e+00 2.265125884216160124e+00 2.265125884216160124e+00 2.265125884216160124e+00 2.265125884216160124e+00 2.265125884216160124e+00 2.265125884216160124e+00 2.265125884216160124e+00 2.265125884216160124e+00 2.265125884216160568e+00 2.265125884216161456e+00
2.405186653079322667e+00 2.405186653079322667e+00 2.405186653079322667e+00 2.405186653079322667e+00 2.405186653079322667e+00 2.405186653079322667e+00 2.405186653079323111e+00 2.405186653079323111e+00 2.405186653079323111e+00 2.405186653079323111e+00 2.405186653079324000e+00
2.545150653636119475e+00 2.545150653636119475e+00 2.545150653636119475e+00 2.545150653636119475e+00 2.545150653636119475e+00 2.545150653636119475e+00 2.545150653636119475e+00 2.545150653636119475e+00 2.545150653636119475e+00 2.545150653636119920e+00 2.545150653636120808e+00
2.685054430543728277e+00 2.685054430543728277e+00 2.685054430543728277e+00 2.685054430543728277e+00 2.685054430543728277e+00 2.685054430543728277e+00 2.685054430543728277e+00 2.685054430543728277e+00 2.685054430543728277e+00 2.685054430543728721e+00 2.685054430543729165e+00
2.824923119934798610e+00 2.824923119934798610e+00 2.824923119934798610e+00 2.824923119934798610e+00 2.824923119934798610e+00 2.824923119934798610e+00 2.824923119934798610e+00 2.824923119934798610e+00 2.824923119934798610e+00 2.824923119934799054e+00 2.824923119934799498e+00
2.964773711726323757e+00 2.964773711726323757e+00 2.964773711726323757e+00 2.964773711726323757e+00 2.964773711726323757e+00 2.964773711726323757e+00 2.964773711726323757e+00 2.964773711726323757e+00 2.964773711726323757e+00 2.964773711726324201e+00 2.964773711726324645e+00
3.104617407581582444e+00 3.104617407581582444e+00 3.104617407581582444e+00 3.104617407581582444e+00 3.104617407581582444e+00 3.104617407581582444e+00 3.104617407581582444e+00 3.104617407581582444e+00 3.104617407581582444e+00 3.104617407581582444e+00 3.104617407581583333e+00
3.244461315010127134e+00 3.244461315010127134e+00 3.244461315010127134e+00 3.244461315010127134e+00 3.244461315010127134e+00 3.244461315010127134e+00 3.244461315010127134e+00 3.244461315010127134e+00 3.244461315010127134e+00 3.244461315010127578e+00 3.244461315010128022e+00
3.384309654190602146e+00 3.384309654190602146e+00 3.384309654190602146e+00 3.384309654190602146e+00 3.384309654190602146e+00 3.384309654190602146e+00 3.384309654190602146e+00 3.384309654190602146e+00 3.384309654190602146e+00 3.384309654190602590e+00 3.384309654190603034e+00
