-9.031878769188848466e+00 -9.031878769188848466e+00 -9.031878769188848466e+00 -9.031878769188848466e+00 -9.031878769188848466e+00 -9.031878769188848466e+00 -9.031878769188848466e+00 -9.031878769188848466e+00 -9.031878769188848466e+00 -9.031878769188848466e+00 -9.031878769188848466e+00
-9.224155627928631418e+00 -9.224155627928631418e+00 -9.224155627928631418e+00 -9.224155627928631418e+00 -9.224155627928631418e+00 -9.224155627928631418e+00 -9.224155627928631418e+00 -9.224155627928631418e+00 -9.224155627928631418e+00 -9.224155627928631418e+00 -9.224155627928631418e+00
-9.429176459115144127e+00 -9.429176459115144127e+00 -9.429176459115144127e+00 -9.429176459115144127e+00 -9.429176459115144127e+00 -9.429176459115144127e+00 -9.429176459115144127e+00 -9.429176459115144127e+00 -9.429176459115144127e+00 -9.429176459115144127e+00 -9.429176459115144127e+00
-9.649809914499590136e+00 -9.649809914499590136e+00 -9.649809914499590136e+00 -9.649809914499590136e+00 -9.649809914499590136e+00 -9.649809914499590136e+00 -9.649809914499590136e+00 -9.649809914499590136e+00 -9.649809914499590136e+00 -9.649809914499590136e+00 -9.649809914499590136e+00
-9.888390677533037021e+00 -9.888390677533037021e+00 -9.888390677533037021e+00 -9.888390677533037021e+00 -9.888390677533037021e+00 -9.888390677533037021e+00 -9.888390677533037021e+00 -9.888390677533037021e+00 -9.888390677533037021e+00 -9.888390677533037021e+00 -9.888390677533037021e+00
-1.015095863187345948e+01 -1.015095863187345948e+01 -1.015095863187345948e+01 -1.015095863187345948e+01 -1.015095863187345948e+01 -1.015095863187345948e+01 -1.015095863187345948e+01 -1.015095863187345948e+01 -1.015095863187345948e+01 -1.015095863187345948e+01 -1.015095863187345948e+01
-1.044064533592943000e+01 -1.044064533592943000e+01 -1.044064533592943000e+01 -1.044064533592943000e+01 -1.044064533592943000e+01 -1.044064533592943000e+01 -1.044064533592943000e+01 -1.044064533592943000e+01 -1.044064533592943000e+01 -1.044064533592943000e+01 -1.044064533592943000e+01
-1.076361806590290726e+01 -1.076361806590290726e+01 -1.076361806590290726e+01 -1.076361806590290726e+01 -1.076361806590290726e+01 -1.076361806590290726e+01 -1.076361806590290726e+01 -1.076361806590290726e+01 -1.076361806590290726e+01 -1.076361806590290726e+01 -1.076361806590290726e+01
-1.113014645572352102e+01 -1.113014645572352102e+01 -1.113014645572352102e+01 -1.113014645572352102e+01 -1.113014645572352102e+01 -1.113014645572352102e+01 -1.113014645572352102e+01 -1.113014645572352102e+01 -1.113014645572352102e+01 -1.113014645572352102e+01 -1.113014645572352102e+01
-1.154765911733085026e+01 -1.154765911733085026e+01 -1.154765911733085026e+01 -1.154765911733085026e+01 -1.154765911733085026e+01 -1.154765911733085026e+01 -1.154765911733085026e+01 -1.154765911733085026e+01 -1.154765911733085026e+01 -1.154765911733085026e+01 -1.154765911733085026e+01
-1.203177595152778423e+01 -1.203177595152778423e+01 -1.203177595152778423e+01 -1.203177595152778423e+01 -1.203177595152778423e+01 -1.203177595152778423e+01 -1.203177595152778423e+01 -1.203177595152778423e+01 -1.203177595152778423e+01 -1.203177595152778423e+01 -1.203177595152778423e+01
