3.783615156597035956e+00 3.783615156597035956e+00 3.783615156597035956e+00 3.783615156597035956e+00 3.783615156597035956e+00 3.783615156597036400e+00 3.783615156597036400e+00 3.783615156597035956e+00 3.783615156597036400e+00 3.783615156597036844e+00 3.783615156597038176e+00
3.654828854954228934e+00 3.654828854954228934e+00 3.654828854954228934e+00 3.654828854954228934e+00 3.654828854954228934e+00 3.654828854954228934e+00 3.654828854954228934e+00 3.654828854954228934e+00 3.654828854954228934e+00 3.654828854954229378e+00 3.654828854954231154e+00
3.526019865034202727e+00 3.526019865034202727e+00 3.526019865034202727e+00 3.526019865034202727e+00 3.526019865034202727e+00 3.526019865034202727e+00 3.526019865034202727e+00 3.526019865034202727e+00 3.526019865034203171e+00 3.526019865034203171e+00 3.526019865034204503e+00
3.397184483169775060e+00 3.397184483169775060e+00 3.397184483169775060e+00 3.397184483169775060e+00 3.397184483169775060e+00 3.397184483169775060e+00 3.397184483169775060e+00 3.397184483169775060e+00 3.397184483169775060e+00 3.397184483169775948e+00 3.397184483169776836e+00
3.268318901304065438e+00 3.268318901304065438e+00 3.268318901304065438e+00 3.268318901304065438e+00 3.268318901304065438e+00 3.268318901304065438e+00 3.268318901304065438e+00 3.268318901304065438e+00 3.268318901304065438e+00 3.268318901304066326e+00 3.268318901304067214e+00
3.139416288451044590e+00 3.139416288451044590e+00 3.139416288451044590e+00 3.139416288451044590e+00 3.139416288451044590e+00 3.139416288451044590e+00 3.139416288451045034e+00 3.139416288451045034e+00 3.139416288451045034e+00 3.139416288451045478e+00 3.139416288451046810e+00
3.010470195514187708e+00 3.010470195514187708e+00 3.010470195514187708e+00 3.010470195514187708e+00 3.010470195514187708e+00 3.010470195514187708e+00 3.010470195514187708e+00 3.010470195514187708e+00 3.010470195514187708e+00 3.010470195514188152e+00 3.010470195514189484e+00
2.881470895661237819e+00 2.881470895661237819e+00 2.881470895661237819e+00 2.881470895661237819e+00 2.881470895661237819e+00 2.881470895661237819e+00 2.881470895661237819e+00 2.881470895661237819e+00 2.881470895661237819e+00 2.881470895661238263e+00 2.881470895661239151e+00
2.752405180491583447e+00 2.752405180491583447e+00 2.752405180491583447e+00 2.752405180491583447e+00 2.752405180491583447e+00 2.752405180491583447e+00 2.752405180491583447e+00 2.752405180491583447e+00 2.752405180491583447e+00 2.752405180491583891e+00 2.752405180491585224e+00
2.623258975413062188e+00 2.623258975413062188e+00 2.623258975413062188e+00 2.623258975413062188e+00 2.623258975413062188e+00 2.623258975413062188e+00 2.623258975413062188e+00 2.623258975413062188e+00 2.623258975413062632e+00 2.623258975413062632e+00 2.623258975413063965e+00
2.494010754130892238e+00 2.494010754130892238e+00 2.494010754130892238e+00 2.494010754130892238e+00 2.494010754130892238e+00 2.494010754130892238e+00 2.494010754130892238e+00 2.494010754130892682e+00 2.494010754130892682e+00 2.494010754130893126e+00 2.494010754130894458e+00
