2.446507148185014913e+00 2.446507148185014913e+00 2.446507148185014913e+00 2.446507148185014913e+00 2.446507148185014913e+00 2.446507148185014913e+00 2.446507148185014913e+00 2.446507148185014913e+00 2.446507148185014913e+00 2.446507148185015801e+00 2.446507148185018021e+00
2.586473991930776872e+00 2.586473991930776872e+00 2.586473991930776872e+00 2.586473991930776872e+00 2.586473991930776872e+00 2.586473991930776872e+00 2.586473991930777316e+00 2.586473991930777316e+00 2.586473991930777316e+00 2.586473991930778205e+00 2.586473991930779981e+00
2.726436858043629119e+00 2.726436858043629119e+00 2.726436858043629119e+00 2.726436858043629119e+00 2.726436858043629119e+00 2.726436858043629119e+00 2.726436858043629119e+00 2.726436858043629119e+00 2.726436858043629119e+00 2.726436858043630007e+00 2.726436858043632228e+00
2.866397422431754105e+00 2.866397422431754105e+00 2.866397422431754105e+00 2.866397422431754105e+00 2.866397422431754105e+00 2.866397422431754105e+00 2.866397422431754105e+00 2.866397422431754105e+00 2.866397422431754105e+00 2.866397422431754993e+00 2.866397422431757214e+00
3.006356799145318615e+00 3.006356799145318615e+00 3.006356799145318615e+00 3.006356799145318615e+00 3.006356799145318615e+00 3.006356799145318615e+00 3.006356799145318615e+00 3.006356799145319059e+00 3.006356799145319059e+00 3.006356799145319947e+00 3.006356799145321723e+00
3.146315704219888154e+00 3.146315704219888154e+00 3.146315704219888154e+00 3.146315704219888154e+00 3.146315704219888154e+00 3.146315704219888154e+00 3.146315704219888154e+00 3.146315704219888154e+00 3.146315704219888598e+00 3.146315704219889486e+00 3.146315704219891263e+00
3.286274571007192780e+00 3.286274571007192780e+00 3.286274571007192780e+00 3.286274571007192780e+00 3.286274571007192780e+00 3.286274571007192780e+00 3.286274571007192780e+00 3.286274571007192780e+00 3.286274571007193224e+00 3.286274571007193668e+00 3.286274571007195888e+00
3.426233630018467480e+00 3.426233630018467480e+00 3.426233630018467480e+00 3.426233630018467480e+00 3.426233630018467480e+00 3.426233630018467480e+00 3.426233630018467480e+00 3.426233630018467924e+00 3.426233630018467924e+00 3.426233630018468368e+00 3.426233630018470588e+00
3.566192962473770933e+00 3.566192962473770933e+00 3.566192962473770933e+00 3.566192962473770933e+00 3.566192962473770933e+00 3.566192962473770933e+00 3.566192962473770933e+00 3.566192962473771377e+00 3.566192962473771377e+00 3.566192962473771821e+00 3.566192962473774042e+00
3.706152533887911549e+00 3.706152533887911549e+00 3.706152533887911549e+00 3.706152533887911549e+00 3.706152533887911549e+00 3.706152533887911549e+00 3.706152533887911549e+00 3.706152533887911549e+00 3.706152533887911993e+00 3.706152533887912881e+00 3.706152533887914657e+00
3.846112211836100414e+00 3.846112211836100414e+00 3.846112211836100414e+00 3.846112211836100414e+00 3.846112211836100414e+00 3.846112211836100414e+00 3.846112211836099970e+00 3.846112211836100414e+00 3.846112211836100414e+00 3.846112211836101302e+00 3.846112211836103079e+00
