1.178776875429135806e+01 1.178776875429135806e+01 1.178776875429135806e+01 1.178776875429135806e+01 1.178776875429135806e+01 1.178776875429135806e+01 1.178776875429135806e+01 1.178776875429135806e+01 1.178776875429136162e+01 1.178776875429136872e+01 1.178776875429139537e+01
1.181618090972366808e+01 1.181618090972366808e+01 1.181618090972366808e+01 1.181618090972366808e+01 1.181618090972366808e+01 1.181618090972366808e+01 1.181618090972366808e+01 1.181618090972366986e+01 1.181618090972367341e+01 1.181618090972368229e+01 1.181618090972371071e+01
1.184121519519071342e+01 1.184121519519071342e+01 1.184121519519071342e+01 1.184121519519071342e+01 1.184121519519071342e+01 1.184121519519071342e+01 1.184121519519071342e+01 1.184121519519071519e+01 1.184121519519071875e+01 1.184121519519072940e+01 1.184121519519076315e+01
1.186321476054965807e+01 1.186321476054965807e+01 1.186321476054965807e+01 1.186321476054965807e+01 1.186321476054965807e+01 1.186321476054965807e+01 1.186321476054965807e+01 1.186321476054965984e+01 1.186321476054966340e+01 1.186321476054967583e+01 1.186321476054971491e+01
1.188249967850531519e+01 1.188249967850531519e+01 1.188249967850531519e+01 1.188249967850531519e+01 1.188249967850531519e+01 1.188249967850531519e+01 1.188249967850531519e+01 1.188249967850531696e+01 1.188249967850532052e+01 1.188249967850533473e+01 1.188249967850538091e+01
1.189936573286946775e+01 1.189936573286946775e+01 1.189936573286946775e+01 1.189936573286946775e+01 1.189936573286946775e+01 1.189936573286946775e+01 1.189936573286946775e+01 1.189936573286946953e+01 1.189936573286947485e+01 1.189936573286949084e+01 1.189936573286954236e+01
1.191408409465850404e+01 1.191408409465850404e+01 1.191408409465850404e+01 1.191408409465850404e+01 1.191408409465850404e+01 1.191408409465850404e+01 1.191408409465850404e+01 1.191408409465850582e+01 1.191408409465851292e+01 1.191408409465853069e+01 1.191408409465858931e+01
1.192690166056423529e+01 1.192690166056423529e+01 1.192690166056423529e+01 1.192690166056423529e+01 1.192690166056423529e+01 1.192690166056423529e+01 1.192690166056423529e+01 1.192690166056423706e+01 1.192690166056424417e+01 1.192690166056426548e+01 1.192690166056433121e+01
1.193804186905445874e+01 1.193804186905445874e+01 1.193804186905445874e+01 1.193804186905445874e+01 1.193804186905445874e+01 1.193804186905445874e+01 1.193804186905446052e+01 1.193804186905446230e+01 1.193804186905446940e+01 1.193804186905449249e+01 1.193804186905456532e+01
1.194770584624272125e+01 1.194770584624272125e+01 1.194770584624272125e+01 1.194770584624272125e+01 1.194770584624272125e+01 1.194770584624272125e+01 1.194770584624272125e+01 1.194770584624272480e+01 1.194770584624273191e+01 1.194770584624275855e+01 1.194770584624283671e+01
1.195607376560555757e+01 1.195607376560555757e+01 1.195607376560555757e+01 1.195607376560555757e+01 1.195607376560555757e+01 1.195607376560555757e+01 1.195607376560555934e+01 1.195607376560556112e+01 1.195607376560557000e+01 1.195607376560559665e+01 1.195607376560568369e+01
