9.121286623868146037e+00 9.121286623868154919e+00 9.121286623868183341e+00 9.121286623868272159e+00 9.121286623868551047e+00 9.121286623869432120e+00 9.121286623872222776e+00 9.121286623881047717e+00 9.121286623908950730e+00 9.121286623997189480e+00 9.121286624276224941e+00
9.261714569449580381e+00 9.261714569449589263e+00 9.261714569449615908e+00 9.261714569449699397e+00 9.261714569449965850e+00 9.261714569450807844e+00 9.261714569453472379e+00 9.261714569461897639e+00 9.261714569488537663e+00 9.261714569572784939e+00 9.261714569839194056e+00
9.401640131885393714e+00 9.401640131885400820e+00 9.401640131885427465e+00 9.401640131885507401e+00 9.401640131885763196e+00 9.401640131886574991e+00 9.401640131889136498e+00 9.401640131897240238e+00 9.401640131922867738e+00 9.401640132003908690e+00 9.401640132260180138e+00
9.541054963530841704e+00 9.541054963530850586e+00 9.541054963530875455e+00 9.541054963530953614e+00 9.541054963531202304e+00 9.541054963531985678e+00 9.541054963534467248e+00 9.541054963542315193e+00 9.541054963567130898e+00 9.541054963645606790e+00 9.541054963893765617e+00
9.679900300020356951e+00 9.679900300020365833e+00 9.679900300020388926e+00 9.679900300020465309e+00 9.679900300020706894e+00 9.679900300021472503e+00 9.679900300023890125e+00 9.679900300031533789e+00 9.679900300055708229e+00 9.679900300132153745e+00 9.679900300373894595e+00
9.818064241266451830e+00 9.818064241266458936e+00 9.818064241266482028e+00 9.818064241266556635e+00 9.818064241266792891e+00 9.818064241267542513e+00 9.818064241269910397e+00 9.818064241277397741e+00 9.818064241301078354e+00 9.818064241375957124e+00 9.818064241612747267e+00
9.955376246445787558e+00 9.955376246445794663e+00 9.955376246445817756e+00 9.955376246445892363e+00 9.955376246446125066e+00 9.955376246446862254e+00 9.955376246449194610e+00 9.955376246456566491e+00 9.955376246479882951e+00 9.955376246553615971e+00 9.955376246786778793e+00
1.009159996009324090e+01 1.009159996009324800e+01 1.009159996009327109e+01 1.009159996009334392e+01 1.009159996009357485e+01 1.009159996009430493e+01 1.009159996009661242e+01 1.009159996010391147e+01 1.009159996012698990e+01 1.009159996019997330e+01 1.009159996043076468e+01
1.022642598327725416e+01 1.022642598327726127e+01 1.022642598327728436e+01 1.022642598327735719e+01 1.022642598327758634e+01 1.022642598327831287e+01 1.022642598328060970e+01 1.022642598328787145e+01 1.022642598331083974e+01 1.022642598338346964e+01 1.022642598361314548e+01
1.035946678562344125e+01 1.035946678562344836e+01 1.035946678562347145e+01 1.035946678562354428e+01 1.035946678562377343e+01 1.035946678562449996e+01 1.035946678562679857e+01 1.035946678563406920e+01 1.035946678565705703e+01 1.035946678572975266e+01 1.035946678595963633e+01
1.049025637714433934e+01 1.049025637714434822e+01 1.049025637714437131e+01 1.049025637714444414e+01 1.049025637714467507e+01 1.049025637714540693e+01 1.049025637714772330e+01 1.049025637715504544e+01 1.049025637717820025e+01 1.049025637725142168e+01 1.049025637748296980e+01
