1.292093213227362192e+01 1.292307851981948907e+01 1.292252198791972972e+01 1.291035065350967237e+01 1.287601347998927537e+01 1.281214478803656220e+01 1.271355973339585965e+01 1.257452638532798161e+01 1.238781342246741168e+01 1.214560080872485592e+01 1.184193223027581254e+01
1.294580767022670820e+01 1.294725947046197412e+01 1.294406815336890126e+01 1.292705946288348606e+01 1.288736800399291305e+01 1.281916904685569492e+01 1.271761725940083210e+01 1.257671764597378328e+01 1.238889786219156619e+01 1.214607270833057662e+01 1.184209961199121786e+01
1.296756759055019614e+01 1.296797302523765083e+01 1.296174183359016929e+01 1.294011286800489735e+01 1.289592693891277975e+01 1.282435321230948766e+01 1.272057542127763696e+01 1.257830159699317285e+01 1.238967494332479014e+01 1.214640635252814249e+01 1.184221458607380306e+01
1.298647235160796853e+01 1.298545781941197319e+01 1.297595952560072341e+01 1.295014626683414782e+01 1.290231214456283304e+01 1.282815616343745724e+01 1.272272383308841270e+01 1.257944303411547260e+01 1.239022979606838781e+01 1.214664085774269786e+01 1.184229248598254536e+01
1.300275068370992493e+01 1.299996953851027826e+01 1.298718361955591405e+01 1.295775264636574420e+01 1.290703664761859315e+01 1.283093256360497847e+01 1.272427913647840647e+01 1.258026316257642918e+01 1.239062442273311504e+01 1.214680450701711045e+01 1.184234430757406109e+01
1.301660829625261329e+01 1.301179440242438723e+01 1.299589268274621112e+01 1.296345400276810089e+01 1.291050982777393052e+01 1.283295175316426118e+01 1.272540188491532476e+01 1.258085066658162532e+01 1.239090383510680304e+01 1.214691769721619785e+01 1.184237791139168650e+01
1.302824090520815581e+01 1.302125072400592032e+01 1.300254889270450676e+01 1.296768870392175899e+01 1.291305017505268360e+01 1.283441561549394905e+01 1.272621024383874655e+01 1.258127017927947122e+01 1.239110062339693386e+01 1.214699510163723595e+01 1.184239889720902283e+01
1.303784808694400432e+01 1.302867756208680916e+01 1.300757184747513584e+01 1.297081150771565916e+01 1.291490077794432523e+01 1.283547400764780555e+01 1.272679073229305402e+01 1.258156866026102527e+01 1.239123832965736760e+01 1.214704724979057104e+01 1.184241123842951815e+01
1.304564292754098886e+01 1.303441521713883411e+01 1.301132318334288485e+01 1.297310142835377356e+01 1.291624454243283360e+01 1.283623736744214128e+01 1.272720645031068543e+01 1.258178014325362426e+01 1.239133392371839726e+01 1.214708167753425272e+01 1.184241774124120994e+01
1.305185357413293268e+01 1.303878483846544967e+01 1.301410174091372873e+01 1.297477319855685174e+01 1.291721763684025248e+01 1.283678664548262738e+01 1.272750327876258503e+01 1.258192924191726370e+01 1.239139961247498789e+01 1.214710376222712185e+01 1.184242037627724642e+01
1.305671634296596650e+01 1.304207294499760472e+01 1.301614643172048957e+01 1.297598940567653969e+01 1.291792063795166889e+01 1.283718093843753394e+01 1.272771449787878772e+01 1.258203372345075444e+01 1.239144415772436325e+01 1.214711732789109178e+01 1.184242051774190330e+01
