-1.536190472520998540e+01 -1.486190545200557978e+01 -1.436190568183877936e+01 -1.386190575451844431e+01 -1.336190577750177511e+01 -1.286190578476974267e+01 -1.236190578706807486e+01 -1.186190578779487126e+01 -1.136190578802470519e+01 -1.086190578809738483e+01 -1.036190578812036911e+01
-1.536162245886652933e+01 -1.486181617156515244e+01 -1.436187744688524326e+01 -1.386189682564220149e+01 -1.336190295392318284e+01 -1.286190489187378461e+01 -1.236190550470937310e+01 -1.186190569850518273e+01 -1.136190575978881689e+01 -1.086190577916840461e+01 -1.036190578529676820e+01
-1.533018415394415435e+01 -1.485162181872838261e+01 -1.435862730739789406e+01 -1.386086636329017807e+01 -1.336157682409859504e+01 -1.286180173362673429e+01 -1.236187288051119637e+01 -1.186189538155739776e+01 -1.136190249725559553e+01 -1.086190474746120316e+01 -1.036190545904112170e+01
-1.463468774460766397e+01 -1.448694268818117337e+01 -1.420547696848439401e+01 -1.380610055060690300e+01 -1.334347149152417877e+01 -1.285599131946628404e+01 -1.236002674617166441e+01 -1.186131070340974958e+01 -1.136171751759491499e+01 -1.086184624288284262e+01 -1.036188695733479292e+01
-1.322564377348111897e+01 -1.321883568378794216e+01 -1.319798320376144929e+01 -1.313794750142230505e+01 -1.298925991880798492e+01 -1.270668742760800640e+01 -1.230658272975010448e+01 -1.184363760977224622e+01 -1.135604537852331219e+01 -1.086004399840798307e+01 -1.036131617352732803e+01
-1.195532115016438723e+01 -1.195495308295077308e+01 -1.195379120090081848e+01 -1.195013733154384283e+01 -1.193878103201813268e+01 -1.190470706541648305e+01 -1.181176783227866522e+01 -1.160515263845777945e+01 -1.126328759841040039e+01 -1.082823486996504414e+01 -1.035097320864191950e+01
-1.087165069911010917e+01 -1.087162033042075038e+01 -1.087152431016598619e+01 -1.087122080709885985e+01 -1.087026243961612160e+01 -1.086724565912632023e+01 -1.085784137875339894e+01 -1.082937571317879311e+01 -1.074996885121536572e+01 -1.056572758172463011e+01 -1.024489900338706327e+01
-9.949139332127794333e+00 -9.949135701914837426e+00 -9.949124222373196602e+00 -9.949087922871930445e+00 -9.948973153733172481e+00 -9.948610421323872188e+00 -9.947465350508849724e+00 -9.943864060907245062e+00 -9.932668424063097135e+00 -9.899052382110481219e+00 -9.807195956073181620e+00
-9.163899199947415752e+00 -9.163898604673370585e+00 -9.163896722256927418e+00 -9.163890769587156981e+00 -9.163871946129463097e+00 -9.163812426498413544e+00 -9.163624262563903500e+00 -9.163029771914921184e+00 -9.161155165167652825e+00 -9.155279835596010329e+00 -9.137206843977709880e+00
-8.495454575065243930e+00 -8.495454447311024282e+00 -8.495454043316955861e+00 -8.495452765778013671e+00 -8.495448725869888307e+00 -8.495435950805990899e+00 -8.495395554979751296e+00 -8.495267836883293455e+00 -8.494864203807448888e+00 -8.493590267185446407e+00 -8.489586144182144523e+00
-7.926266050690643716e+00 -7.926266016212752952e+00 -7.926265907184109061e+00 -7.926265562405442111e+00 -7.926264472121370197e+00 -7.926261024358417728e+00 -7.926250121754785383e+00 -7.926215646496031830e+00 -7.926106644162709713e+00 -7.925762128456895539e+00 -7.924674469261657528e+00
