5.712422174899296046e+00 5.712422420912910859e+00 5.712423198868975760e+00 5.712425658909126902e+00 5.712433437509834455e+00 5.712458028312522806e+00 5.712535718348828340e+00 5.712780667221532660e+00 5.713547993647449807e+00 5.715902309606537557e+00 5.722642699832803714e+00
5.639498089505325495e+00 5.639498364638682482e+00 5.639499234680470430e+00 5.639501985931358874e+00 5.639510685522381550e+00 5.639538189763109166e+00 5.639625103004523687e+00 5.639899319126520538e+00 5.640760201485939263e+00 5.643420272626340939e+00 5.651221728982679160e+00
5.560047377120651113e+00 5.560047675661821565e+00 5.560048619726470243e+00 5.560051605066769653e+00 5.560061044999234703e+00 5.560090891262352564e+00 5.560185219198080731e+00 5.560482968251601044e+00 5.561419121716813407e+00 5.564325668873141062e+00 5.572988037410728346e+00
5.474241573467982569e+00 5.474241890427918200e+00 5.474242892738528710e+00 5.474246062275846647e+00 5.474256084761580432e+00 5.474287773931354906e+00 5.474387936762802553e+00 5.474704208459469257e+00 5.475699644928479159e+00 5.478800702813973800e+00 5.488146794588647737e+00
5.382371346761661179e+00 5.382371677918828645e+00 5.382372725125608603e+00 5.382376036642878780e+00 5.382386508166630001e+00 5.382419617899112829e+00 5.382524278741556145e+00 5.382854832342533591e+00 5.383896010701884727e+00 5.387147472936660186e+00 5.397025699228565010e+00
5.284834940193867681e+00 5.284835282083720998e+00 5.284836363230699163e+00 5.284839782080951842e+00 5.284850593067918822e+00 5.284884776742565293e+00 5.284992838340012433e+00 5.285334192573475143e+00 5.286409990027725492e+00 5.289775555526351702e+00 5.300060289548580883e+00
5.182118633332668090e+00 5.182118983193675810e+00 5.182120089548027941e+00 5.182123588114680324e+00 5.182134651223877064e+00 5.182169632547403815e+00 5.182280220215691457e+00 5.182629599413503207e+00 5.183731142013040305e+00 5.187181791046723056e+00 5.197771943959759611e+00
5.074770856474190239e+00 5.074771212164671752e+00 5.074772336953722984e+00 5.074775893818899597e+00 5.074787141313068517e+00 5.074822706001575590e+00 5.074935141316745835e+00 5.075290392130290762e+00 5.076410790676784579e+00 5.079923944680356129e+00 5.090740333038408671e+00
4.963372714633063509e+00 4.963373074533180329e+00 4.963374212634490412e+00 4.963377811598966183e+00 4.963389192245190706e+00 4.963425178221316791e+00 4.963538948003315632e+00 4.963898441152487351e+00 4.965032478855922804e+00 4.968590997628873573e+00 4.979573068509496991e+00
4.848508329032765296e+00 4.848508691944154236e+00 4.848509839568116320e+00 4.848513468647582592e+00 4.848524944543003201e+00 4.848561231895878620e+00 4.848675956438187384e+00 4.849038486036266526e+00 4.850182298093136168e+00 4.853773446762721377e+00 4.864875841560807324e+00
4.730738366209365608e+00 4.730738731261695307e+00 4.730739885656036314e+00 4.730743536146639450e+00 4.730755079763204307e+00 4.730791581400963786e+00 4.730906984889777789e+00 4.731271674686088780e+00 4.732422449661283892e+00 4.736036933521407200e+00 4.747226243682374225e+00
