9.945106070052897707e+00 9.945106070052897707e+00 9.945106070052897707e+00 9.945106070052897707e+00 9.945106070052899483e+00 9.945106070052901259e+00 9.945106070052910141e+00 9.945106070052935010e+00 9.945106070053018499e+00 9.945106070053281400e+00 9.945106070054109182e+00
9.923983168986483250e+00 9.923983168986483250e+00 9.923983168986483250e+00 9.923983168986483250e+00 9.923983168986485026e+00 9.923983168986486803e+00 9.923983168986495684e+00 9.923983168986522330e+00 9.923983168986605818e+00 9.923983168986868719e+00 9.923983168987700054e+00
9.900103773598170065e+00 9.900103773598170065e+00 9.900103773598170065e+00 9.900103773598170065e+00 9.900103773598170065e+00 9.900103773598173618e+00 9.900103773598180723e+00 9.900103773598207368e+00 9.900103773598289081e+00 9.900103773598544876e+00 9.900103773599356671e+00
9.873196736292062070e+00 9.873196736292062070e+00 9.873196736292062070e+00 9.873196736292062070e+00 9.873196736292062070e+00 9.873196736292065623e+00 9.873196736292072728e+00 9.873196736292097597e+00 9.873196736292175757e+00 9.873196736292420894e+00 9.873196736293195386e+00
9.842977648100498911e+00 9.842977648100498911e+00 9.842977648100498911e+00 9.842977648100498911e+00 9.842977648100500687e+00 9.842977648100502464e+00 9.842977648100509569e+00 9.842977648100532662e+00 9.842977648100605492e+00 9.842977648100836419e+00 9.842977648101566501e+00
9.809151639195443195e+00 9.809151639195443195e+00 9.809151639195443195e+00 9.809151639195444972e+00 9.809151639195444972e+00 9.809151639195446748e+00 9.809151639195453853e+00 9.809151639195475170e+00 9.809151639195542671e+00 9.809151639195757610e+00 9.809151639196437955e+00
9.771417352785912058e+00 9.771417352785912058e+00 9.771417352785912058e+00 9.771417352785912058e+00 9.771417352785913835e+00 9.771417352785915611e+00 9.771417352785920940e+00 9.771417352785940480e+00 9.771417352786004429e+00 9.771417352786201604e+00 9.771417352786828658e+00
9.729472265150219457e+00 9.729472265150219457e+00 9.729472265150219457e+00 9.729472265150219457e+00 9.729472265150221233e+00 9.729472265150223009e+00 9.729472265150228338e+00 9.729472265150246102e+00 9.729472265150302945e+00 9.729472265150485910e+00 9.729472265151059673e+00
9.683019489177986827e+00 9.683019489177986827e+00 9.683019489177986827e+00 9.683019489177986827e+00 9.683019489177986827e+00 9.683019489177988604e+00 9.683019489177993933e+00 9.683019489178011696e+00 9.683019489178063210e+00 9.683019489178230188e+00 9.683019489178754213e+00
9.631776131233165117e+00 9.631776131233165117e+00 9.631776131233165117e+00 9.631776131233165117e+00 9.631776131233165117e+00 9.631776131233166893e+00 9.631776131233172222e+00 9.631776131233186433e+00 9.631776131233234395e+00 9.631776131233387162e+00 9.631776131233865001e+00
9.575483160458585274e+00 9.575483160458585274e+00 9.575483160458585274e+00 9.575483160458585274e+00 9.575483160458587051e+00 9.575483160458587051e+00 9.575483160458592380e+00 9.575483160458606591e+00 9.575483160458649223e+00 9.575483160458787779e+00 9.575483160459224763e+00
