-1.455570906342165074e+02 -1.455570906342165074e+02 -1.455570906342165074e+02 -1.455570906342165074e+02 -1.455570906342165074e+02 -1.455570906342165074e+02 -1.455570906342165074e+02 -1.455570906342165074e+02 -1.455570906342165074e+02 -1.455570906342165074e+02 -1.455570906342165074e+02
-1.454027360644574856e+02 -1.454027360644574856e+02 -1.454027360644574856e+02 -1.454027360644574856e+02 -1.454027360644574856e+02 -1.454027360644574856e+02 -1.454027360644574856e+02 -1.454027360644574856e+02 -1.454027360644574856e+02 -1.454027360644574856e+02 -1.454027360644574856e+02
-1.452582000715630386e+02 -1.452582000715630386e+02 -1.452582000715630386e+02 -1.452582000715630386e+02 -1.452582000715630386e+02 -1.452582000715630386e+02 -1.452582000715630386e+02 -1.452582000715630386e+02 -1.452582000715630386e+02 -1.452582000715630386e+02 -1.452582000715630386e+02
-1.451213652840098689e+02 -1.451213652840098689e+02 -1.451213652840098689e+02 -1.451213652840098689e+02 -1.451213652840098689e+02 -1.451213652840098689e+02 -1.451213652840098689e+02 -1.451213652840098689e+02 -1.451213652840098689e+02 -1.451213652840098689e+02 -1.451213652840098689e+02
-1.449905810927064920e+02 -1.449905810927064920e+02 -1.449905810927064920e+02 -1.449905810927064920e+02 -1.449905810927064920e+02 -1.449905810927064920e+02 -1.449905810927064920e+02 -1.449905810927064920e+02 -1.449905810927064920e+02 -1.449905810927064920e+02 -1.449905810927064920e+02
-1.448645623735457661e+02 -1.448645623735457661e+02 -1.448645623735457661e+02 -1.448645623735457661e+02 -1.448645623735457661e+02 -1.448645623735457661e+02 -1.448645623735457661e+02 -1.448645623735457661e+02 -1.448645623735457661e+02 -1.448645623735457661e+02 -1.448645623735457661e+02
-1.447423071995404200e+02 -1.447423071995404200e+02 -1.447423071995404200e+02 -1.447423071995404200e+02 -1.447423071995404200e+02 -1.447423071995404200e+02 -1.447423071995404200e+02 -1.447423071995404200e+02 -1.447423071995404200e+02 -1.447423071995404200e+02 -1.447423071995404200e+02
-1.446230316156794515e+02 -1.446230316156794515e+02 -1.446230316156794515e+02 -1.446230316156794515e+02 -1.446230316156794515e+02 -1.446230316156794515e+02 -1.446230316156794515e+02 -1.446230316156794515e+02 -1.446230316156794515e+02 -1.446230316156794515e+02 -1.446230316156794515e+02
-1.445061187834151895e+02 -1.445061187834151895e+02 -1.445061187834151895e+02 -1.445061187834151895e+02 -1.445061187834151895e+02 -1.445061187834151895e+02 -1.445061187834151895e+02 -1.445061187834151895e+02 -1.445061187834151895e+02 -1.445061187834151895e+02 -1.445061187834151895e+02
-1.443910797374363142e+02 -1.443910797374363142e+02 -1.443910797374363142e+02 -1.443910797374363142e+02 -1.443910797374363142e+02 -1.443910797374363142e+02 -1.443910797374363142e+02 -1.443910797374363142e+02 -1.443910797374363142e+02 -1.443910797374363142e+02 -1.443910797374363142e+02
-1.442775232760773747e+02 -1.442775232760773747e+02 -1.442775232760773747e+02 -1.442775232760773747e+02 -1.442775232760773747e+02 -1.442775232760773747e+02 -1.442775232760773747e+02 -1.442775232760773747e+02 -1.442775232760773747e+02 -1.442775232760773747e+02 -1.442775232760773747e+02
