-5.607471846643099056e+00 -5.607471846614825672e+00 -5.607471846525416304e+00 -5.607471846242678026e+00 -5.607471845348583450e+00 -5.607471842521206007e+00 -5.607471833580254028e+00 -5.607471805306483148e+00 -5.607471715896982012e+00 -5.607471433159434859e+00 -5.607470539066016002e+00
-5.084079111001072349e+00 -5.084079110992587580e+00 -5.084079110965758375e+00 -5.084079110880916019e+00 -5.084079110612620411e+00 -5.084079109764195081e+00 -5.084079107081240778e+00 -5.084079098596991919e+00 -5.084079071767443558e+00 -5.084078986924972732e+00 -5.084078718629632121e+00
-4.637635036560330271e+00 -4.637635036557284707e+00 -4.637635036547651524e+00 -4.637635036517189668e+00 -4.637635036420859613e+00 -4.637635036116239284e+00 -4.637635035152943175e+00 -4.637635032106735444e+00 -4.637635022473779678e+00 -4.637634992011701485e+00 -4.637634895682165137e+00
-4.255748967638525393e+00 -4.255748967637250857e+00 -4.255748967633221191e+00 -4.255748967620475831e+00 -4.255748967580172959e+00 -4.255748967452723797e+00 -4.255748967049694187e+00 -4.255748965775203452e+00 -4.255748961744908243e+00 -4.255748948999997339e+00 -4.255748908697053245e+00
-3.927441073809669891e+00 -3.927441073809062377e+00 -3.927441073807140803e+00 -3.927441073801064775e+00 -3.927441073781850811e+00 -3.927441073721090969e+00 -3.927441073528950444e+00 -3.927441072921348919e+00 -3.927441070999944994e+00 -3.927441064923931524e+00 -3.927441045709890943e+00
-3.642993225020814574e+00 -3.642993225020490833e+00 -3.642993225019466763e+00 -3.642993225016228021e+00 -3.642993225005986435e+00 -3.642993224973599897e+00 -3.642993224871184044e+00 -3.642993224547317777e+00 -3.642993223523161905e+00 -3.642993220284497013e+00 -3.642993210042940522e+00
-3.393904652182692772e+00 -3.393904652182502701e+00 -3.393904652181902293e+00 -3.393904652180002923e+00 -3.393904652173997061e+00 -3.393904652155004253e+00 -3.393904652094944741e+00 -3.393904651905019332e+00 -3.393904651304421982e+00 -3.393904649405167007e+00 -3.393904643399194399e+00
-3.172884169760726625e+00 -3.172884169760605833e+00 -3.172884169760223472e+00 -3.172884169759014661e+00 -3.172884169755192829e+00 -3.172884169743106053e+00 -3.172884169704884627e+00 -3.172884169584017311e+00 -3.172884169201802607e+00 -3.172884167993132998e+00 -3.172884164170984178e+00
-2.973820979294850009e+00 -2.973820979294767408e+00 -2.973820979294506284e+00 -2.973820979293681610e+00 -2.973820979291072586e+00 -2.973820979282823185e+00 -2.973820979256736052e+00 -2.973820979174240264e+00 -2.973820978913366719e+00 -2.973820978088411504e+00 -2.973820975479673834e+00
-2.791708491442165041e+00 -2.791708491442105089e+00 -2.791708491441915907e+00 -2.791708491441318163e+00 -2.791708491439428119e+00 -2.791708491433449790e+00 -2.791708491414545801e+00 -2.791708491354766064e+00 -2.791708491165725725e+00 -2.791708490567927026e+00 -2.791708488677521860e+00
-2.622525460759340010e+00 -2.622525460759294269e+00 -2.622525460759150384e+00 -2.622525460758694305e+00 -2.622525460757252347e+00 -2.622525460752693327e+00 -2.622525460738275971e+00 -2.622525460692684884e+00 -2.622525460548511766e+00 -2.622525460092597793e+00 -2.622525458650870611e+00
