1.703544236006258594e-01 1.703544236006379053e-01 1.703544236006763746e-01 1.703544236007977219e-01 1.703544236011816648e-01 1.703544236023959990e-01 1.703544236062358719e-01 1.703544236183787419e-01 1.703544236567777481e-01 1.703544237782064485e-01 1.703544241621972877e-01
3.086627564209324937e-01 3.086627564209447616e-01 3.086627564209827312e-01 3.086627564211034680e-01 3.086627564214852182e-01 3.086627564226926412e-01 3.086627564265109758e-01 3.086627564385852618e-01 3.086627564767676635e-01 3.086627565975110787e-01 3.086627569793353176e-01
4.471796032066600035e-01 4.471796032066721049e-01 4.471796032067101856e-01 4.471796032068302562e-01 4.471796032072104521e-01 4.471796032084121020e-01 4.471796032122122844e-01 4.471796032242294494e-01 4.471796032622312733e-01 4.471796033824038119e-01 4.471796037624219400e-01
5.858830384271248581e-01 5.858830384271369596e-01 5.858830384271747072e-01 5.858830384272943892e-01 5.858830384276729752e-01 5.858830384288699067e-01 5.858830384326549900e-01 5.858830384446244155e-01 5.858830384824753601e-01 5.858830386021707248e-01 5.858830389806806149e-01
7.247522228913408915e-01 7.247522228913525488e-01 7.247522228913905185e-01 7.247522228915096454e-01 7.247522228918870102e-01 7.247522228930799448e-01 7.247522228968524827e-01 7.247522229087819401e-01 7.247522229465067634e-01 7.247522230658028919e-01 7.247522234430500143e-01
8.637677160283239175e-01 8.637677160283359079e-01 8.637677160283735445e-01 8.637677160284924494e-01 8.637677160288685929e-01 8.637677160300581969e-01 8.637677160338200766e-01 8.637677160457162273e-01 8.637677160833350243e-01 8.637677162022963095e-01 8.637677165784849453e-01
1.002911633834795202e+00 1.002911633834806970e+00 1.002911633834844496e+00 1.002911633834963068e+00 1.002911633835338545e+00 1.002911633836525374e+00 1.002911633840278371e+00 1.002911633852146434e+00 1.002911633889676413e+00 1.002911634008356589e+00 1.002911634383655937e+00
1.142167694318633187e+00 1.142167694318644955e+00 1.142167694318682480e+00 1.142167694318800830e+00 1.142167694319175419e+00 1.142167694320359805e+00 1.142167694324105254e+00 1.142167694335949557e+00 1.142167694373404707e+00 1.142167694491848406e+00 1.142167694866399907e+00
1.281521181983275026e+00 1.281521181983287239e+00 1.281521181983324320e+00 1.281521181983442448e+00 1.281521181983816593e+00 1.281521181984998980e+00 1.281521181988738212e+00 1.281521182000562753e+00 1.281521182037954842e+00 1.281521182156199146e+00 1.281521182530120040e+00
1.420958854329532839e+00 1.420958854329544607e+00 1.420958854329581911e+00 1.420958854329700038e+00 1.420958854330073518e+00 1.420958854331254129e+00 1.420958854334988031e+00 1.420958854346795697e+00 1.420958854384134717e+00 1.420958854502210933e+00 1.420958854875600252e+00
1.560468806168369582e+00 1.560468806168381128e+00 1.560468806168418432e+00 1.560468806168536338e+00 1.560468806168909373e+00 1.560468806170088873e+00 1.560468806173818113e+00 1.560468806185611568e+00 1.560468806222905513e+00 1.560468806340839620e+00 1.560468806713779966e+00
