6.836482332046608157e+00 6.499028220894060404e+00 6.072665010355435378e+00 5.599901748166660198e+00 5.108809044427402135e+00 4.611609986375315273e+00 4.112489489424125289e+00 3.612766725802040391e+00 3.112854296207724580e+00 2.612881978084147239e+00 2.112890730818139051e+00
6.860161730184668905e+00 6.507596314662428938e+00 6.074784847727816128e+00 5.600265286747972304e+00 5.108856282712221031e+00 4.611615190653295393e+00 4.112490010493329962e+00 3.612766772214982325e+00 3.112854298846756684e+00 2.612881977708330083e+00 2.112890730578051102e+00
6.879458662423393989e+00 6.514213020036088153e+00 6.076361367829026250e+00 5.600530618317822729e+00 5.108890527674125437e+00 4.611618950736239064e+00 4.112490384327043280e+00 3.612766804660611619e+00 3.112854300384015005e+00 2.612881977317416116e+00 2.112890730366578040e+00
6.894856445610640705e+00 6.519252296611917963e+00 6.077526239061144864e+00 5.600723866949511631e+00 5.108915337979412996e+00 4.611621665686402416e+00 4.112490652024289872e+00 3.612766827161693950e+00 3.112854301178717087e+00 2.612881976933211003e+00 2.112890730181420818e+00
6.906910219256843675e+00 6.523046187563556586e+00 6.078382611487889164e+00 5.600864391608083359e+00 5.108933303371268053e+00 4.611623624613645056e+00 4.112490843286657594e+00 3.612766842607077589e+00 3.112854301482865793e+00 2.612881976568891318e+00 2.112890730020083208e+00
6.916190677822187105e+00 6.525876040753457730e+00 6.079009754858186731e+00 5.600966453203605866e+00 5.108946305996801662e+00 4.611625036893004292e+00 4.112490979567287930e+00 3.612766853067763684e+00 3.112854301471998486e+00 2.612881976231768988e+00 2.112890729880049889e+00
6.923237240072487531e+00 6.527971445767861702e+00 6.079467683618389628e+00 5.601040510439791120e+00 5.108955712387207804e+00 4.611626054103269645e+00 4.112491076351868280e+00 3.612766860025402149e+00 3.112854301267295565e+00 2.612881975925239963e+00 2.112890729758895692e+00
6.928527703635846358e+00 6.529514294104838967e+00 6.079801318461374393e+00 5.601094208127089580e+00 5.108962513962745255e+00 4.611626785944496376e+00 4.112491144810458188e+00 3.612766864537402256e+00 3.112854300951440223e+00 2.612881975650143573e+00 2.112890729654350430e+00
6.932464567184746684e+00 6.530645436423228922e+00 6.080043994308133470e+00 5.601133120511013530e+00 5.108967429579879038e+00 4.611627311781192340e+00 4.112491192993357636e+00 3.612766867356166589e+00 3.112854300579984024e+00 2.612881975405710655e+00 2.112890729564335324e+00
6.935374101440701544e+00 6.531472066954375322e+00 6.080220290045721399e+00 5.601161304672541696e+00 5.108970980222796499e+00 4.611627689010022735e+00 4.112491226696677771e+00 3.612766869015138216e+00 3.112854300189467072e+00 2.612881975190207928e+00 2.112890729486970542e+00
6.937513179094928262e+00 6.532074709850545169e+00 6.080348242366548028e+00 5.601181709474024828e+00 5.108973543324533573e+00 4.611627959123665299e+00 4.112491250088626593e+00 3.612766869890849719e+00 3.112854299803205382e+00 2.612881975001382528e+00 2.112890729420579206e+00
