7.843633122867872842e+00 7.843633122867872842e+00 7.843633122867872842e+00 7.843633122867872842e+00 7.843633122867872842e+00 7.843633122867872842e+00 7.843633122867872842e+00 7.843633122867872842e+00 7.843633122867872842e+00 7.843633122867872842e+00 7.843633122867872842e+00
7.907109564550526493e+00 7.907109564550526493e+00 7.907109564550526493e+00 7.907109564550526493e+00 7.907109564550526493e+00 7.907109564550526493e+00 7.907109564550526493e+00 7.907109564550526493e+00 7.907109564550526493e+00 7.907109564550526493e+00 7.907109564550526493e+00
7.963996465061642382e+00 7.963996465061642382e+00 7.963996465061642382e+00 7.963996465061642382e+00 7.963996465061642382e+00 7.963996465061642382e+00 7.963996465061642382e+00 7.963996465061642382e+00 7.963996465061642382e+00 7.963996465061642382e+00 7.963996465061642382e+00
8.014599141617665623e+00 8.014599141617665623e+00 8.014599141617665623e+00 8.014599141617665623e+00 8.014599141617665623e+00 8.014599141617665623e+00 8.014599141617665623e+00 8.014599141617665623e+00 8.014599141617665623e+00 8.014599141617665623e+00 8.014599141617665623e+00
8.059279521289230530e+00 8.059279521289230530e+00 8.059279521289230530e+00 8.059279521289230530e+00 8.059279521289230530e+00 8.059279521289230530e+00 8.059279521289230530e+00 8.059279521289230530e+00 8.059279521289230530e+00 8.059279521289230530e+00 8.059279521289230530e+00
8.098439998344684199e+00 8.098439998344684199e+00 8.098439998344684199e+00 8.098439998344684199e+00 8.098439998344684199e+00 8.098439998344684199e+00 8.098439998344684199e+00 8.098439998344684199e+00 8.098439998344684199e+00 8.098439998344684199e+00 8.098439998344684199e+00
8.132509058699151083e+00 8.132509058699151083e+00 8.132509058699151083e+00 8.132509058699151083e+00 8.132509058699151083e+00 8.132509058699151083e+00 8.132509058699151083e+00 8.132509058699151083e+00 8.132509058699151083e+00 8.132509058699151083e+00 8.132509058699151083e+00
8.161928816457486136e+00 8.161928816457486136e+00 8.161928816457486136e+00 8.161928816457486136e+00 8.161928816457486136e+00 8.161928816457486136e+00 8.161928816457486136e+00 8.161928816457486136e+00 8.161928816457486136e+00 8.161928816457486136e+00 8.161928816457486136e+00
8.187144381953004313e+00 8.187144381953004313e+00 8.187144381953004313e+00 8.187144381953004313e+00 8.187144381953004313e+00 8.187144381953004313e+00 8.187144381953004313e+00 8.187144381953004313e+00 8.187144381953004313e+00 8.187144381953004313e+00 8.187144381953004313e+00
8.208594882226996958e+00 8.208594882226996958e+00 8.208594882226996958e+00 8.208594882226996958e+00 8.208594882226996958e+00 8.208594882226996958e+00 8.208594882226996958e+00 8.208594882226996958e+00 8.208594882226996958e+00 8.208594882226996958e+00 8.208594882226996958e+00
8.226705948612417885e+00 8.226705948612417885e+00 8.226705948612417885e+00 8.226705948612417885e+00 8.226705948612417885e+00 8.226705948612417885e+00 8.226705948612417885e+00 8.226705948612417885e+00 8.226705948612417885e+00 8.226705948612417885e+00 8.226705948612417885e+00
