4.362749553340425024e+00 4.362749553340425024e+00 4.362749553340425024e+00 4.362749553340425024e+00 4.362749553340425024e+00 4.362749553340425024e+00 4.362749553340425024e+00 4.362749553340425024e+00 4.362749553340425024e+00 4.362749553340425024e+00 4.362749553340425024e+00
4.503617438703351183e+00 4.503617438703351183e+00 4.503617438703351183e+00 4.503617438703351183e+00 4.503617438703351183e+00 4.503617438703351183e+00 4.503617438703351183e+00 4.503617438703351183e+00 4.503617438703351183e+00 4.503617438703351183e+00 4.503617438703351183e+00
4.644233775532648600e+00 4.644233775532648600e+00 4.644233775532648600e+00 4.644233775532648600e+00 4.644233775532648600e+00 4.644233775532648600e+00 4.644233775532648600e+00 4.644233775532648600e+00 4.644233775532648600e+00 4.644233775532648600e+00 4.644233775532648600e+00
4.784667916042918634e+00 4.784667916042918634e+00 4.784667916042918634e+00 4.784667916042918634e+00 4.784667916042918634e+00 4.784667916042918634e+00 4.784667916042918634e+00 4.784667916042918634e+00 4.784667916042918634e+00 4.784667916042918634e+00 4.784667916042918634e+00
4.924969997592257620e+00 4.924969997592257620e+00 4.924969997592257620e+00 4.924969997592257620e+00 4.924969997592257620e+00 4.924969997592257620e+00 4.924969997592257620e+00 4.924969997592257620e+00 4.924969997592257620e+00 4.924969997592257620e+00 4.924969997592257620e+00
5.065176175832498906e+00 5.065176175832498906e+00 5.065176175832498906e+00 5.065176175832498906e+00 5.065176175832498906e+00 5.065176175832498906e+00 5.065176175832498906e+00 5.065176175832498906e+00 5.065176175832498906e+00 5.065176175832498906e+00 5.065176175832498906e+00
5.205312412944927303e+00 5.205312412944927303e+00 5.205312412944927303e+00 5.205312412944927303e+00 5.205312412944927303e+00 5.205312412944927303e+00 5.205312412944927303e+00 5.205312412944927303e+00 5.205312412944927303e+00 5.205312412944927303e+00 5.205312412944927303e+00
5.345397207022009489e+00 5.345397207022009489e+00 5.345397207022009489e+00 5.345397207022009489e+00 5.345397207022009489e+00 5.345397207022009489e+00 5.345397207022009489e+00 5.345397207022009489e+00 5.345397207022009489e+00 5.345397207022009489e+00 5.345397207022009489e+00
5.485443542961265351e+00 5.485443542961265351e+00 5.485443542961265351e+00 5.485443542961265351e+00 5.485443542961265351e+00 5.485443542961265351e+00 5.485443542961265351e+00 5.485443542961265351e+00 5.485443542961265351e+00 5.485443542961265351e+00 5.485443542961265351e+00
5.625460266471001169e+00 5.625460266471001169e+00 5.625460266471001169e+00 5.625460266471001169e+00 5.625460266471001169e+00 5.625460266471001169e+00 5.625460266471001169e+00 5.625460266471001169e+00 5.625460266471001169e+00 5.625460266471001169e+00 5.625460266471001169e+00
5.765453023852775694e+00 5.765453023852775694e+00 5.765453023852775694e+00 5.765453023852775694e+00 5.765453023852775694e+00 5.765453023852775694e+00 5.765453023852775694e+00 5.765453023852775694e+00 5.765453023852775694e+00 5.765453023852775694e+00 5.765453023852775694e+00
