6.982465819465741852e+00 6.982465819465741852e+00 6.982465819465741852e+00 6.982465819465741852e+00 6.982465819465741852e+00 6.982465819465741852e+00 6.982465819465741852e+00 6.982465819465741852e+00 6.982465819465741852e+00 6.982465819465742740e+00 6.982465819465745405e+00
7.016269183648078389e+00 7.016269183648078389e+00 7.016269183648078389e+00 7.016269183648078389e+00 7.016269183648078389e+00 7.016269183648078389e+00 7.016269183648078389e+00 7.016269183648077501e+00 7.016269183648074836e+00 7.016269183648066843e+00 7.016269183648041086e+00
7.045056809875012149e+00 7.045056809875012149e+00 7.045056809875012149e+00 7.045056809875012149e+00 7.045056809875012149e+00 7.045056809875011261e+00 7.045056809875011261e+00 7.045056809875009485e+00 7.045056809875003268e+00 7.045056809874985504e+00 7.045056809874927772e+00
7.069367634917196774e+00 7.069367634917196774e+00 7.069367634917196774e+00 7.069367634917196774e+00 7.069367634917195886e+00 7.069367634917195886e+00 7.069367634917194998e+00 7.069367634917192333e+00 7.069367634917182563e+00 7.069367634917154142e+00 7.069367634917061771e+00
7.089730714928660582e+00 7.089730714928660582e+00 7.089730714928660582e+00 7.089730714928660582e+00 7.089730714928660582e+00 7.089730714928659694e+00 7.089730714928658806e+00 7.089730714928654365e+00 7.089730714928641930e+00 7.089730714928601074e+00 7.089730714928472288e+00
7.106652649086059093e+00 7.106652649086059093e+00 7.106652649086059093e+00 7.106652649086059093e+00 7.106652649086059093e+00 7.106652649086058204e+00 7.106652649086057316e+00 7.106652649086051987e+00 7.106652649086035112e+00 7.106652649085981821e+00 7.106652649085814843e+00
7.120608067109909456e+00 7.120608067109909456e+00 7.120608067109909456e+00 7.120608067109909456e+00 7.120608067109908568e+00 7.120608067109908568e+00 7.120608067109905903e+00 7.120608067109899686e+00 7.120608067109879258e+00 7.120608067109814421e+00 7.120608067109608363e+00
7.132033049145808157e+00 7.132033049145808157e+00 7.132033049145808157e+00 7.132033049145808157e+00 7.132033049145807269e+00 7.132033049145806380e+00 7.132033049145804604e+00 7.132033049145796610e+00 7.132033049145771741e+00 7.132033049145694470e+00 7.132033049145449333e+00
7.141321219811761267e+00 7.141321219811761267e+00 7.141321219811761267e+00 7.141321219811761267e+00 7.141321219811761267e+00 7.141321219811760379e+00 7.141321219811756826e+00 7.141321219811747945e+00 7.141321219811719523e+00 7.141321219811630705e+00 7.141321219811347376e+00
7.148822162932530588e+00 7.148822162932530588e+00 7.148822162932530588e+00 7.148822162932530588e+00 7.148822162932530588e+00 7.148822162932529700e+00 7.148822162932526147e+00 7.148822162932516378e+00 7.148822162932484403e+00 7.148822162932383151e+00 7.148822162932062518e+00
7.176871214110787989e+00 7.176871214110787989e+00 7.176871214110787101e+00 7.176871214110787101e+00 7.176871214110787101e+00 7.176871214110784436e+00 7.176871214110778219e+00 7.176871214110756902e+00 7.176871214110690289e+00 7.176871214110480679e+00 7.176871214109818098e+00
