7.271379316456060948e+00 7.271444629800366322e+00 7.271651029783364528e+00 7.272302330915453084e+00 7.274347889531186162e+00 7.280672983419044897e+00 7.299163204373978253e+00 7.342386577803347691e+00 7.390016446890698809e+00 7.375018325760108517e+00 7.258607723570853487e+00
7.173954043415849746e+00 7.174017890128594033e+00 7.174219675981446720e+00 7.174856624743682687e+00 7.176859219930018519e+00 7.183073687676561292e+00 7.201488306634668213e+00 7.247024091157086012e+00 7.307919868099741478e+00 7.315369544907356136e+00 7.222125330025595424e+00
7.071645906695549932e+00 7.071708398611782798e+00 7.071905917715019640e+00 7.072529549575096830e+00 7.074491815676806183e+00 7.080597321673334221e+00 7.098870773145943502e+00 7.145999807854450658e+00 7.218612575869191694e+00 7.248248437410691025e+00 7.179258943995514564e+00
6.964903597636952881e+00 6.964964882947526803e+00 6.965158599335720346e+00 6.965770335608825192e+00 6.967696299233073098e+00 6.973700695282841089e+00 6.991805026827780267e+00 7.039997365052074407e+00 7.122791192131376015e+00 7.174083737404039596e+00 7.129923115826062308e+00
6.854217476326932790e+00 6.854277718403890773e+00 6.854468145346116259e+00 6.855069575379059366e+00 6.856963919840551647e+00 6.862878440348158193e+00 6.880810086521430335e+00 6.929690379253376165e+00 7.021200405695870117e+00 7.093454242436126655e+00 7.074266924920544319e+00
6.740096408363818625e+00 6.740155770509788091e+00 6.740343421947289748e+00 6.740936146176744970e+00 6.742803680951551470e+00 6.748640910704656548e+00 6.766410790063467573e+00 6.815722552329160244e+00 6.914588975541135163e+00 7.007007194576031495e+00 7.012634001717795940e+00
6.623044714472399619e+00 6.623103349753951541e+00 6.623288707907550865e+00 6.623874232983719246e+00 6.625719537240182255e+00 6.631492025588443973e+00 6.649118496301293924e+00 6.698692118370419557e+00 6.803679131018717463e+00 6.915387366904874433e+00 6.945497292458774119e+00
6.503541796594282332e+00 6.503599841841595897e+00 6.503783338061976060e+00 6.504363014532273723e+00 6.506190222174684124e+00 6.511909616136720480e+00 6.529413745613084963e+00 6.579140382725905845e+00 6.689146473798182946e+00 6.819186808426186630e+00 6.873387070712309033e+00
6.382026408666700235e+00 6.382083981703276621e+00 6.382265987584460731e+00 6.382840980523500463e+00 6.384653674414844104e+00 6.390330249028486342e+00 6.407732862341063651e+00 6.457544531481488548e+00 6.571607120167676008e+00 6.718917783892449869e+00 6.796828117705577377e+00
6.258886576082664632e+00 6.258943775287797884e+00 6.259124601192271875e+00 6.259695884620112061e+00 6.261497069598305210e+00 6.267139544773900894e+00 6.284459570521830685e+00 6.334314788530889473e+00 6.451609827351306947e+00 6.615006324521891301e+00 6.716294789602447857e+00
6.134455134468982607e+00 6.134512039870307021e+00 6.134691938317491378e+00 6.135260305246761803e+00 6.137052433105484539e+00 6.142667981488393991e+00 6.159921689231850017e+00 6.209795576972848785e+00 6.329632078919268601e+00 6.507801265004779623e+00 6.632185410566865613e+00
