-2.203108239376352362e+00 -2.203108239376352362e+00 -2.203108239376352362e+00 -2.203108239376352362e+00 -2.203108239376352362e+00 -2.203108239376352362e+00 -2.203108239376352362e+00 -2.203108239376352362e+00 -2.203108239376352362e+00 -2.203108239376352362e+00 -2.203108239376352362e+00
-2.065478885881566029e+00 -2.065478885881566029e+00 -2.065478885881566029e+00 -2.065478885881566029e+00 -2.065478885881566029e+00 -2.065478885881566029e+00 -2.065478885881566029e+00 -2.065478885881566029e+00 -2.065478885881566029e+00 -2.065478885881566029e+00 -2.065478885881566029e+00
-1.927595000353707233e+00 -1.927595000353707233e+00 -1.927595000353707233e+00 -1.927595000353707233e+00 -1.927595000353707233e+00 -1.927595000353707233e+00 -1.927595000353707233e+00 -1.927595000353707233e+00 -1.927595000353707233e+00 -1.927595000353707233e+00 -1.927595000353707233e+00
-1.789508777426915609e+00 -1.789508777426915609e+00 -1.789508777426915609e+00 -1.789508777426915609e+00 -1.789508777426915609e+00 -1.789508777426915609e+00 -1.789508777426915609e+00 -1.789508777426915609e+00 -1.789508777426915609e+00 -1.789508777426915609e+00 -1.789508777426915609e+00
-1.651274801553001437e+00 -1.651274801553001437e+00 -1.651274801553001437e+00 -1.651274801553001437e+00 -1.651274801553001437e+00 -1.651274801553001437e+00 -1.651274801553001437e+00 -1.651274801553001437e+00 -1.651274801553001437e+00 -1.651274801553001437e+00 -1.651274801553001437e+00
-1.512952397173164876e+00 -1.512952397173164876e+00 -1.512952397173164876e+00 -1.512952397173164876e+00 -1.512952397173164876e+00 -1.512952397173164876e+00 -1.512952397173164876e+00 -1.512952397173164876e+00 -1.512952397173164876e+00 -1.512952397173164876e+00 -1.512952397173164876e+00
-1.374608894089090816e+00 -1.374608894089090816e+00 -1.374608894089090816e+00 -1.374608894089090816e+00 -1.374608894089090816e+00 -1.374608894089090816e+00 -1.374608894089090816e+00 -1.374608894089090816e+00 -1.374608894089090816e+00 -1.374608894089090816e+00 -1.374608894089090816e+00
-1.236323702802802904e+00 -1.236323702802802904e+00 -1.236323702802802904e+00 -1.236323702802802904e+00 -1.236323702802802904e+00 -1.236323702802802904e+00 -1.236323702802802904e+00 -1.236323702802802904e+00 -1.236323702802802904e+00 -1.236323702802802904e+00 -1.236323702802802904e+00
-1.098194003168242672e+00 -1.098194003168242672e+00 -1.098194003168242672e+00 -1.098194003168242672e+00 -1.098194003168242672e+00 -1.098194003168242672e+00 -1.098194003168242672e+00 -1.098194003168242672e+00 -1.098194003168242672e+00 -1.098194003168242672e+00 -1.098194003168242672e+00
-9.603418033703929879e-01 -9.603418033703929879e-01 -9.603418033703929879e-01 -9.603418033703929879e-01 -9.603418033703929879e-01 -9.603418033703929879e-01 -9.603418033703929879e-01 -9.603418033703929879e-01 -9.603418033703929879e-01 -9.603418033703929879e-01 -9.603418033703929879e-01
-8.229229675267312194e-01 -8.229229675267312194e-01 -8.229229675267312194e-01 -8.229229675267312194e-01 -8.229229675267312194e-01 -8.229229675267312194e-01 -8.229229675267312194e-01 -8.229229675267312194e-01 -8.229229675267312194e-01 -8.229229675267312194e-01 -8.229229675267312194e-01
