5.366162544789177424e+00 5.383258455059077185e+00 5.433109735590816669e+00 5.558537317864291616e+00 5.797440115566701024e+00 6.128666375832789726e+00 6.488463775763539054e+00 6.823782709465350038e+00 7.104285879600380049e+00 7.312549023053331432e+00 7.432549664517241972e+00
5.123644503118920390e+00 5.133989446694219971e+00 5.165131863750294983e+00 5.250250010574870174e+00 5.436550933741870928e+00 5.733437340341558830e+00 6.088996489288351022e+00 6.441105294410935045e+00 6.749904939648212476e+00 6.993597468955220720e+00 7.156936368774497126e+00
4.851043521986306395e+00 4.856777733890796256e+00 4.874421589424230206e+00 4.925747736708910196e+00 5.054181854070002089e+00 5.296797997132154379e+00 5.630608706764125948e+00 5.991522553027653686e+00 6.327115114228203829e+00 6.607516751333617044e+00 6.815503201011492429e+00
4.541087175586085323e+00 4.543964467061839763e+00 4.552938971538016411e+00 4.580132444491945343e+00 4.655826420233213803e+00 4.827598281042572381e+00 5.112878432377848448e+00 5.465450786214909762e+00 5.821567366160943280e+00 6.138365057491781407e+00 6.392359949778817274e+00
4.185395544061147000e+00 4.186685142783749924e+00 4.190738117280440100e+00 4.203309080639174411e+00 4.240760216771139568e+00 4.340308653704653352e+00 4.547410873927315578e+00 4.859942418630761374e+00 5.219803398548730655e+00 5.567832796217246916e+00 5.868012776650190609e+00
3.773984893296708165e+00 3.774493881825535357e+00 3.776099525699514459e+00 3.781138157928940924e+00 3.796693277017013646e+00 3.842392318279375552e+00 3.959586354047474277e+00 4.401183637703273810e+00 4.516430918621288981e+00 4.878244755237321151e+00 5.219671077818484051e+00
3.293145031874376016e+00 3.293320025387082683e+00 3.293872939695411617e+00 3.295616784352568995e+00 3.301085496345467885e+00 3.317934102600365698e+00 3.367140366279383290e+00 3.491515163728796889e+00 3.935149256440223287e+00 4.062374640644833335e+00 4.425099212911805857e+00
2.716563618678323522e+00 2.716616659769051090e+00 2.716784347801116439e+00 2.717314198074555875e+00 2.718985485849242600e+00 2.724228494400162681e+00 2.740399611738633556e+00 2.787791436238035381e+00 2.908705054443269766e+00 3.104640602938127714e+00 3.475722874305255505e+00
1.964055595575880719e+00 1.964071717209789458e+00 1.964122694354294874e+00 1.964283858869319888e+00 1.964793112500317074e+00 1.966399592950853092e+00 1.971440902509911108e+00 1.987006271831216253e+00 2.032791156788454678e+00 2.151021280819403803e+00 2.377676163054911918e+00
7.087552637526620680e-01 7.087650425055714853e-01 7.087959641884679085e-01 7.088937326488271573e-01 7.092027588964203710e-01 7.101785410296876933e-01 7.132498837725833596e-01 7.228217533533893846e-01 7.517714613683990077e-01 8.323361296659687047e-01 1.022303539731486133e+00
-2.586329984994287567e+00 -2.585951792602899868e+00 -2.584758006071304681e+00 -2.581004373575067401e+00 -2.569343454524039672e+00 -2.534403041207689888e+00 -2.439425472067354050e+00 -2.229595934221906273e+00 -1.884876297706939763e+00 -1.448324843258115058e+00 -9.705109892976204744e-01
