8.121738454958704168e+00 7.621910710640068309e+00 7.121965296019879155e+00 6.621982568851083606e+00 6.121988032144438208e+00 5.621989759904029604e+00 5.121990306281041683e+00 4.621990479061770074e+00 4.121990533699947612e+00 3.621990550978068324e+00 3.121990556441891052e+00
8.121738453938364799e+00 7.621910710317005844e+00 7.121965295917677352e+00 6.621982568818760129e+00 6.121988032134216162e+00 5.621989759900797523e+00 5.121990306280019389e+00 4.621990479061446777e+00 4.121990533699845471e+00 3.621990550978035905e+00 3.121990556441880837e+00
8.121738452754549087e+00 7.621910709942296691e+00 7.121965295799148166e+00 6.621982568781274558e+00 6.121988032122362533e+00 5.621989759897048522e+00 5.121990306278834559e+00 4.621990479061071966e+00 4.121990533699727344e+00 3.621990550977998602e+00 3.121990556441868847e+00
8.121738451380961621e+00 7.621910709507673687e+00 7.121965295661682127e+00 6.621982568737800889e+00 6.121988032108614419e+00 5.621989759892700889e+00 5.121990306277459659e+00 4.621990479060636758e+00 4.121990533699589676e+00 3.621990550977955081e+00 3.121990556441855080e+00
8.121738449787052616e+00 7.621910709003541839e+00 7.121965295502252324e+00 6.621982568687384330e+00 6.121988032092670728e+00 5.621989759887659588e+00 5.121990306275865379e+00 4.621990479060133161e+00 4.121990533699429804e+00 3.621990550977904455e+00 3.121990556441839093e+00
8.121738447937305594e+00 7.621910708418768721e+00 7.121965295317347788e+00 6.621982568628913768e+00 6.121988032074181518e+00 5.621989759881812709e+00 5.121990306274016191e+00 4.621990479059547852e+00 4.121990533699245063e+00 3.621990550977846279e+00 3.121990556441820885e+00
8.121738445790416705e+00 7.621910707740427782e+00 7.121965295102895332e+00 6.621982568561104010e+00 6.121988032052738227e+00 5.621989759875031467e+00 5.121990306271872129e+00 4.621990479058870172e+00 4.121990533699031012e+00 3.621990550977778334e+00 3.121990556441799569e+00
8.121738443298331944e+00 7.621910706953515913e+00 7.121965294854168960e+00 6.621982568482461140e+00 6.121988032027871007e+00 5.621989759867167535e+00 5.121990306269385229e+00 4.621990479058084134e+00 4.121990533698782322e+00 3.621990550977699730e+00 3.121990556441774256e+00
8.121738440405119164e+00 7.621910706040612382e+00 7.121965294565686833e+00 6.621982568391255874e+00 6.121988031999030966e+00 5.621989759858048608e+00 5.121990306266501314e+00 4.621990479057171974e+00 4.121990533698493664e+00 3.621990550977608248e+00 3.121990556441745834e+00
8.121738437045630477e+00 7.621910704981482709e+00 7.121965294231086929e+00 6.621982568285479154e+00 6.121988031965584831e+00 5.621989759847472179e+00 5.121990306263156434e+00 4.621990479056114154e+00 4.121990533698158821e+00 3.621990550977502554e+00 3.121990556441712084e+00
8.121738433143944391e+00 7.621910703752625693e+00 7.121965293842991152e+00 6.621982568162802174e+00 6.121988031926796303e+00 5.621989759835206435e+00 5.121990306259278647e+00 4.621990479054887579e+00 4.121990533697771575e+00 3.621990550977379986e+00 3.121990556441673448e+00
