-1.135199165708666946e+01 -1.185199165674469057e+01 -1.235199165663654775e+01 -1.285199165660234932e+01 -1.335199165659153486e+01 -1.385199165658811538e+01 -1.435199165658703357e+01 -1.485199165658669251e+01 -1.535199165658658416e+01 -1.585199165658654863e+01 -1.635199165658653797e+01
-1.135199165708664815e+01 -1.185199165674468347e+01 -1.235199165663654419e+01 -1.285199165660234932e+01 -1.335199165659153486e+01 -1.385199165658811538e+01 -1.435199165658703357e+01 -1.485199165658669251e+01 -1.535199165658658416e+01 -1.585199165658654863e+01 -1.635199165658653797e+01
-1.135199165708662328e+01 -1.185199165674467636e+01 -1.235199165663654242e+01 -1.285199165660234755e+01 -1.335199165659153486e+01 -1.385199165658811538e+01 -1.435199165658703357e+01 -1.485199165658669251e+01 -1.535199165658658416e+01 -1.585199165658654863e+01 -1.635199165658653797e+01
-1.135199165708659486e+01 -1.185199165674466748e+01 -1.235199165663653886e+01 -1.285199165660234755e+01 -1.335199165659153486e+01 -1.385199165658811538e+01 -1.435199165658703357e+01 -1.485199165658669251e+01 -1.535199165658658416e+01 -1.585199165658654863e+01 -1.635199165658653797e+01
-1.135199165708656288e+01 -1.185199165674465682e+01 -1.235199165663653709e+01 -1.285199165660234577e+01 -1.335199165659153309e+01 -1.385199165658811538e+01 -1.435199165658703357e+01 -1.485199165658669251e+01 -1.535199165658658416e+01 -1.585199165658654863e+01 -1.635199165658653797e+01
-1.135199165708652380e+01 -1.185199165674464439e+01 -1.235199165663653353e+01 -1.285199165660234399e+01 -1.335199165659153309e+01 -1.385199165658811538e+01 -1.435199165658703357e+01 -1.485199165658669251e+01 -1.535199165658658416e+01 -1.585199165658654863e+01 -1.635199165658653797e+01
-1.135199165708648117e+01 -1.185199165674463018e+01 -1.235199165663652821e+01 -1.285199165660234222e+01 -1.335199165659153309e+01 -1.385199165658811360e+01 -1.435199165658703357e+01 -1.485199165658669251e+01 -1.535199165658658416e+01 -1.585199165658654863e+01 -1.635199165658653797e+01
-1.135199165708642965e+01 -1.185199165674461419e+01 -1.235199165663652288e+01 -1.285199165660234222e+01 -1.335199165659153309e+01 -1.385199165658811360e+01 -1.435199165658703357e+01 -1.485199165658669251e+01 -1.535199165658658416e+01 -1.585199165658654863e+01 -1.635199165658653797e+01
-1.135199165708636926e+01 -1.185199165674459465e+01 -1.235199165663651755e+01 -1.285199165660234044e+01 -1.335199165659153131e+01 -1.385199165658811360e+01 -1.435199165658703357e+01 -1.485199165658669251e+01 -1.535199165658658416e+01 -1.585199165658654863e+01 -1.635199165658653797e+01
-1.135199165708630176e+01 -1.185199165674457333e+01 -1.235199165663651044e+01 -1.285199165660233689e+01 -1.335199165659153131e+01 -1.385199165658811360e+01 -1.435199165658703357e+01 -1.485199165658669251e+01 -1.535199165658658416e+01 -1.585199165658654863e+01 -1.635199165658653797e+01
-1.135199165708622182e+01 -1.185199165674454846e+01 -1.235199165663650156e+01 -1.285199165660233511e+01 -1.335199165659153131e+01 -1.385199165658811360e+01 -1.435199165658703357e+01 -1.485199165658669251e+01 -1.535199165658658416e+01 -1.585199165658654863e+01 -1.635199165658653797e+01
