1.107302812393812808e+01 1.107302812393812808e+01 1.107302812393812808e+01 1.107302812393812808e+01 1.107302812393812808e+01 1.107302812393812808e+01 1.107302812393812808e+01 1.107302812393812808e+01 1.107302812393812808e+01 1.107302812393812808e+01 1.107302812393812808e+01
1.115987474173564209e+01 1.115987474173564209e+01 1.115987474173564209e+01 1.115987474173564209e+01 1.115987474173564209e+01 1.115987474173564209e+01 1.115987474173564209e+01 1.115987474173564209e+01 1.115987474173564209e+01 1.115987474173564209e+01 1.115987474173564209e+01
1.124007461908992411e+01 1.124007461908992411e+01 1.124007461908992411e+01 1.124007461908992411e+01 1.124007461908992411e+01 1.124007461908992411e+01 1.124007461908992411e+01 1.124007461908992411e+01 1.124007461908992411e+01 1.124007461908992411e+01 1.124007461908992411e+01
1.131367655362165792e+01 1.131367655362165792e+01 1.131367655362165792e+01 1.131367655362165792e+01 1.131367655362165792e+01 1.131367655362165792e+01 1.131367655362165792e+01 1.131367655362165792e+01 1.131367655362165792e+01 1.131367655362165792e+01 1.131367655362165792e+01
1.138083112233238481e+01 1.138083112233238481e+01 1.138083112233238481e+01 1.138083112233238481e+01 1.138083112233238481e+01 1.138083112233238481e+01 1.138083112233238481e+01 1.138083112233238481e+01 1.138083112233238481e+01 1.138083112233238481e+01 1.138083112233238481e+01
1.144177296610346239e+01 1.144177296610346239e+01 1.144177296610346239e+01 1.144177296610346239e+01 1.144177296610346239e+01 1.144177296610346239e+01 1.144177296610346239e+01 1.144177296610346239e+01 1.144177296610346239e+01 1.144177296610346239e+01 1.144177296610346239e+01
1.149680185835686075e+01 1.149680185835686075e+01 1.149680185835686075e+01 1.149680185835686075e+01 1.149680185835686075e+01 1.149680185835686075e+01 1.149680185835686075e+01 1.149680185835686075e+01 1.149680185835686075e+01 1.149680185835686075e+01 1.149680185835686075e+01
1.154626426976370368e+01 1.154626426976370368e+01 1.154626426976370368e+01 1.154626426976370368e+01 1.154626426976370368e+01 1.154626426976370368e+01 1.154626426976370368e+01 1.154626426976370368e+01 1.154626426976370368e+01 1.154626426976370368e+01 1.154626426976370368e+01
1.159053658225789363e+01 1.159053658225789363e+01 1.159053658225789363e+01 1.159053658225789363e+01 1.159053658225789363e+01 1.159053658225789363e+01 1.159053658225789363e+01 1.159053658225789363e+01 1.159053658225789363e+01 1.159053658225789363e+01 1.159053658225789363e+01
1.163001060162069855e+01 1.163001060162069855e+01 1.163001060162069855e+01 1.163001060162069855e+01 1.163001060162069855e+01 1.163001060162069855e+01 1.163001060162069855e+01 1.163001060162069855e+01 1.163001060162069855e+01 1.163001060162069855e+01 1.163001060162069855e+01
1.166508162000581983e+01 1.166508162000581983e+01 1.166508162000581983e+01 1.166508162000581983e+01 1.166508162000581983e+01 1.166508162000581983e+01 1.166508162000581983e+01 1.166508162000581983e+01 1.166508162000581983e+01 1.166508162000581983e+01 1.166508162000581983e+01
