1.207402249520837501e+01 1.207402249629589619e+01 1.207402249973494079e+01 1.207402251061015441e+01 1.207402254500059158e+01 1.207402265375265671e+01 1.207402299765637999e+01 1.207402408517028469e+01 1.207402752413579350e+01 1.207403839842408466e+01 1.207407277537697077e+01
1.198245417265709456e+01 1.198245417366707066e+01 1.198245417686089631e+01 1.198245418696066267e+01 1.198245421889892448e+01 1.198245431989654008e+01 1.198245463927866439e+01 1.198245564924977913e+01 1.198245884301787179e+01 1.198246894210723390e+01 1.198250087072855763e+01
1.188580461835392121e+01 1.188580461929935161e+01 1.188580462228906320e+01 1.188580463174336366e+01 1.188580466164048488e+01 1.188580475618345211e+01 1.188580505515428065e+01 1.188580600058011427e+01 1.188580899024797866e+01 1.188581844404053278e+01 1.188584833411762354e+01
1.178439774257200590e+01 1.178439774346367308e+01 1.178439774628336956e+01 1.178439775520003430e+01 1.178439778339700261e+01 1.178439787256362159e+01 1.178439815453300454e+01 1.178439904619618162e+01 1.178440186585846661e+01 1.178441078213223925e+01 1.178443897383378314e+01
1.167862269813791443e+01 1.167862269898466288e+01 1.167862270166232008e+01 1.167862271012981523e+01 1.167862273690638375e+01 1.167862282158130860e+01 1.167862308934675042e+01 1.167862393609356886e+01 1.167862661372269351e+01 1.167863508090839986e+01 1.167866185344216312e+01
1.156891607140266487e+01 1.156891607221164620e+01 1.156891607476986650e+01 1.156891608285967088e+01 1.156891610844187923e+01 1.156891618933990529e+01 1.156891644516177919e+01 1.156891725414003780e+01 1.156891981233795974e+01 1.156892790189177767e+01 1.156895348093046216e+01
1.145574087415426590e+01 1.145574087493113069e+01 1.145574087738779845e+01 1.145574088515646238e+01 1.145574090972313464e+01 1.145574098740975622e+01 1.145574123307629755e+01 1.145574200994081338e+01 1.145574446658868695e+01 1.145575223504386742e+01 1.145577679916360125e+01
1.133956460930994936e+01 1.133956461005904437e+01 1.133956461242788905e+01 1.133956461991883380e+01 1.133956464360728411e+01 1.133956471851672809e+01 1.133956495540107667e+01 1.133956570449403323e+01 1.133956807332239691e+01 1.133957556409050049e+01 1.133959925043534867e+01
1.122083880310374049e+01 1.122083880382825249e+01 1.122083880611936380e+01 1.122083881336449451e+01 1.122083883627560397e+01 1.122083890872688627e+01 1.122083913783785825e+01 1.122083986234937392e+01 1.122084215344581715e+01 1.122084939842090989e+01 1.122087230775533762e+01
1.109998200937750390e+01 1.109998201007961782e+01 1.109998201229989689e+01 1.109998201932103257e+01 1.109998204152381618e+01 1.109998211173517113e+01 1.109998233376288290e+01 1.109998303587526891e+01 1.109998525614054188e+01 1.109999227714076753e+01 1.110001447839497501e+01
1.097736750788504523e+01 1.097736750856606314e+01 1.097736751071963290e+01 1.097736751752982087e+01 1.097736753906552387e+01 1.097736760716739113e+01 1.097736782252431809e+01 1.097736850354191773e+01 1.097737065710050253e+01 1.097737746716587637e+01 1.097739900153089998e+01
