4.253131063889359353e+00 4.571267824004062064e+00 4.978353005531124253e+00 5.381592532726754641e+00 5.726626793763805345e+00 6.000723945285504790e+00 6.195223791583378770e+00 6.295830864162385687e+00 6.278143100781650610e+00 6.113484467747083428e+00 5.793395151027576517e+00
4.095596503849709968e+00 4.401976265326448257e+00 4.806539518397018540e+00 5.219397508962732246e+00 5.577431806572247019e+00 5.865380205269777214e+00 6.075325556515172920e+00 6.194577424766007034e+00 6.200651659586658759e+00 6.064403184883468079e+00 5.771211033636607368e+00
3.933979912491542219e+00 4.226081368457081489e+00 4.625243766029002224e+00 5.046403848513147494e+00 5.417889746505284876e+00 5.720193580973134573e+00 5.945968128944370434e+00 6.084034068130055317e+00 6.114006565746049837e+00 6.007017301708049928e+00 5.743194076805692383e+00
3.767814767767693862e+00 4.042791082305758010e+00 4.433262959476470755e+00 4.860683492046074861e+00 5.246044118645442289e+00 5.563340004422752116e+00 5.805471261314301579e+00 5.962661592320535497e+00 6.016742614782748078e+00 5.939833588639520379e+00 5.707874466077432984e+00
3.596588427812752009e+00 3.851278494129315444e+00 4.229245630824575386e+00 4.659992252601004914e+00 5.059462315967297563e+00 5.392542339081682456e+00 5.651724749592073493e+00 5.828518784515193119e+00 5.907020813657672953e+00 5.860995668512865464e+00 5.663392083777414321e+00
3.419710479384729940e+00 3.650732784256637053e+00 4.011695633293141938e+00 4.441805524683263506e+00 4.855116970918997410e+00 5.204947374946201855e+00 5.482071006741672470e+00 5.679150243227105044e+00 5.782522403267135402e+00 5.768179311201008908e+00 5.607383300968478146e+00
3.236449490565114662e+00 3.440427245078396368e+00 3.779033481059522526e+00 4.203402588467038292e+00 4.629260169976810779e+00 4.996967581177941042e+00 5.293154401108248308e+00 5.511441707420938307e+00 5.640312828600764661e+00 5.658460167995259305e+00 5.536834501855355306e+00
3.045802454790010216e+00 3.219762677911333526e+00 3.529739740837564810e+00 3.941977318908242101e+00 4.377342500417969795e+00 4.764079089835511205e+00 5.080729173375960528e+00 5.321434443364819522e+00 5.476667554505338487e+00 5.528148529126708510e+00 5.447901871722839573e+00
2.846297029571501103e+00 2.988253204700058507e+00 3.262623644378249921e+00 3.654770496937636892e+00 4.094110730979815926e+00 4.500571424771783846e+00 4.839416315926664325e+00 5.104089213881001896e+00 5.286849857660823382e+00 5.372585083117725091e+00 5.335697321418860106e+00
2.635594121812746771e+00 2.745290089471973172e+00 2.975672821383728905e+00 3.339313227961292707e+00 3.773849856942363967e+00 4.199278517608516559e+00 4.562396955698683421e+00 4.852989854739334419e+00 5.064828668628256203e+00 5.185889962022133481e+00 5.194045156203849878e+00
2.410186803822231827e+00 2.489544545474250636e+00 2.673676455088228821e+00 2.993969288999395850e+00 3.407897056805578639e+00 3.851481502714608318e+00 4.241024807843497335e+00 4.559975615717528186e+00 4.802922230783836177e+00 4.960652464560628694e+00 5.015218615901954280e+00
