-1.169992963052725266e+00 -1.169992960557227901e+00 -1.169992952665772856e+00 -1.169992927710801878e+00 -1.169992848796263418e+00 -1.169992599246676424e+00 -1.169991810102535501e+00 -1.169989314619084508e+00 -1.169981423301884149e+00 -1.169956469709411140e+00 -1.169877568955966840e+00
-1.306785022889311643e+00 -1.306785020396797448e+00 -1.306785012514775302e+00 -1.306784987589634461e+00 -1.306784908769427656e+00 -1.306784659518142933e+00 -1.306783871317313883e+00 -1.306781378816855632e+00 -1.306773496932479794e+00 -1.306748573166963245e+00 -1.306669766712095004e+00
-1.445218682188271542e+00 -1.445218679697414244e+00 -1.445218671820632128e+00 -1.445218646912060922e+00 -1.445218568144251536e+00 -1.445218319058661605e+00 -1.445217531381805642e+00 -1.445215040538282425e+00 -1.445207163893470259e+00 -1.445182256695656919e+00 -1.445103502619957681e+00
-1.585745343470879920e+00 -1.585745340979126894e+00 -1.585745333099512155e+00 -1.585745308181982782e+00 -1.585745229385846278e+00 -1.585744980210677335e+00 -1.585744192250548856e+00 -1.585741700511245300e+00 -1.585733821033795454e+00 -1.585708904879070680e+00 -1.585630122485890636e+00
-1.728657860940580271e+00 -1.728657858445296513e+00 -1.728657850554515818e+00 -1.728657825601677800e+00 -1.728657746693885056e+00 -1.728657497165629442e+00 -1.728656708088944116e+00 -1.728654212818805602e+00 -1.728646322176140560e+00 -1.728621370716574956e+00 -1.728542476706357300e+00
-1.874678902073401821e+00 -1.874678899569671930e+00 -1.874678891652183266e+00 -1.874678866614886141e+00 -1.874678787440010153e+00 -1.874678537067164363e+00 -1.874677745319656808e+00 -1.874675241603700471e+00 -1.874667324253654455e+00 -1.874642288344331442e+00 -1.874563127344489155e+00
-2.024898068533616868e+00 -2.024898066012411846e+00 -2.024898058039660942e+00 -2.024898032827610272e+00 -2.024897953100115444e+00 -2.024897700979735315e+00 -2.024896903706053131e+00 -2.024894382514930591e+00 -2.024886409904888662e+00 -2.024861199261418943e+00 -2.024781485836705475e+00
-2.179694430299957464e+00 -2.179694427752536967e+00 -2.179694419696887042e+00 -2.179694394222686515e+00 -2.179694313666200589e+00 -2.179694058924323219e+00 -2.179693253360758032e+00 -2.179690705954925978e+00 -2.179682650448707015e+00 -2.179657177684641400e+00 -2.179576635563098996e+00
-2.340403746770598481e+00 -2.340403744183261470e+00 -2.340403736001382295e+00 -2.340403710128010850e+00 -2.340403628309235540e+00 -2.340403369575651649e+00 -2.340402551389234365e+00 -2.340399964066749217e+00 -2.340391782336095350e+00 -2.340365910446374986e+00 -2.340284106489166849e+00
-2.509138287423430480e+00 -2.509138284772942651e+00 -2.509138276391365885e+00 -2.509138249886493810e+00 -2.509138166070739029e+00 -2.509137901022157280e+00 -2.509137062866012347e+00 -2.509134412394204539e+00 -2.509126030972871124e+00 -2.509099527655893613e+00 -2.509015727451411770e+00
-2.687332593247152790e+00 -2.687332590504482699e+00 -2.687332581831400002e+00 -2.687332554404704421e+00 -2.687332467673889891e+00 -2.687332193407085512e+00 -2.687331326100437678e+00 -2.687328583447397889e+00 -2.687319910530948874e+00 -2.687292485500806016e+00 -2.687205771336434346e+00
