5.088720783421226024e+00 4.595182393950055122e+00 4.097350288376350846e+00 3.598050865186728675e+00 3.098274026427807915e+00 2.598344762454404488e+00 2.098367147918896336e+00 1.598374228505857531e+00 1.098376467752355756e+00 5.983771758811080588e-01 9.837739981276528989e-02
5.088739641795194224e+00 4.595184558625598825e+00 4.097350470290105129e+00 3.598050866408800452e+00 3.098274020951616414e+00 2.598344760128513009e+00 2.098367147123712417e+00 1.598374228248422568e+00 1.098376467670349799e+00 5.983771758551158504e-01 9.837739980453971689e-02
5.088753222097391671e+00 4.595186095981548036e+00 4.097350591866403491e+00 3.598050864017879213e+00 3.098274015943483395e+00 2.598344758113865005e+00 2.098367146443345099e+00 1.598374228028937694e+00 1.098376467600508999e+00 5.983771758329868851e-01 9.837739979753763742e-02
5.088762988380722163e+00 4.595187183366273409e+00 4.097350671244135434e+00 3.598050859496476850e+00 3.098274011429287267e+00 2.598344756373753395e+00 2.098367145861678829e+00 1.598374227841855122e+00 1.098376467541033685e+00 5.983771758141476216e-01 9.837739979157712755e-02
5.088770000963939388e+00 4.595187948632778685e+00 4.097350721341387114e+00 3.598050853846362251e+00 3.098274007404753672e+00 2.598344754874286622e+00 2.098367145364728348e+00 1.598374227682424653e+00 1.098376467490389308e+00 5.983771757981096728e-01 9.837739978650318629e-02
5.088775027208995105e+00 4.595188483852968631e+00 4.097350751326207963e+00 3.598050847731693924e+00 3.098274003847179436e+00 2.598344753584699962e+00 2.098367144940395779e+00 1.598374227546583759e+00 1.098376467447266913e+00 5.983771757844565942e-01 9.837739978218389136e-02
5.088778622083988346e+00 4.595188855249232596e+00 4.097350767677686356e+00 3.598050841581159176e+00 3.098274000723426624e+00 2.598344752477415476e+00 2.098367144578243693e+00 1.598374227430859440e+00 1.098376467410551616e+00 5.983771757728342244e-01 9.837739977850729067e-02
5.088781186679447011e+00 4.595189110382902342e+00 4.097350774950748509e+00 3.598050835660630220e+00 3.098273997995274698e+00 2.598344751527953189e+00 2.098367144269285056e+00 1.598374227332286068e+00 1.098376467379292620e+00 5.983771757629405830e-01 9.837739977537786340e-02
5.088783010670598017e+00 4.595189283354548238e+00 4.097350776326796229e+00 3.598050830124658095e+00 3.098273995622936816e+00 2.598344750714745466e+00 2.098367144005798046e+00 1.598374227248330559e+00 1.098376467352680130e+00 5.983771757545186532e-01 9.837739977271400815e-02
5.088784303107011908e+00 4.595189398564040850e+00 4.097350774009664853e+00 3.598050825052798274e+00 3.098273993567289608e+00 2.598344750018905636e+00 2.098367143781156408e+00 1.598374227176831974e+00 1.098376467330024253e+00 5.983771757473494990e-01 9.837739977044655804e-02
5.088785214724822481e+00 4.595189473427717886e+00 4.097350769509924717e+00 3.598050820475090728e+00 3.098273991791222315e+00 2.598344749423974420e+00 2.098367143589678907e+00 1.598374227115946677e+00 1.098376467310737237e+00 5.983771757412470471e-01 9.837739976851649082e-02
