-4.087254645389386987e+00 -4.587254645318519231e+00 -5.087254645296112265e+00 -5.587254645289026378e+00 -6.087254645286786392e+00 -6.587254645286077626e+00 -7.087254645285853805e+00 -7.587254645285782750e+00 -8.087254645285760546e+00 -8.587254645285753440e+00 -9.087254645285751664e+00
-4.087254645389541530e+00 -4.587254645318568969e+00 -5.087254645296128253e+00 -5.587254645289031707e+00 -6.087254645286787280e+00 -6.587254645286078514e+00 -7.087254645285853805e+00 -7.587254645285782750e+00 -8.087254645285760546e+00 -8.587254645285753440e+00 -9.087254645285751664e+00
-4.087254645389673868e+00 -4.587254645318611601e+00 -5.087254645296141575e+00 -5.587254645289036148e+00 -6.087254645286789057e+00 -6.587254645286078514e+00 -7.087254645285853805e+00 -7.587254645285782750e+00 -8.087254645285760546e+00 -8.587254645285753440e+00 -9.087254645285751664e+00
-4.087254645389786667e+00 -4.587254645318648016e+00 -5.087254645296153122e+00 -5.587254645289039701e+00 -6.087254645286789945e+00 -6.587254645286078514e+00 -7.087254645285853805e+00 -7.587254645285782750e+00 -8.087254645285760546e+00 -8.587254645285753440e+00 -9.087254645285751664e+00
-4.087254645389883478e+00 -4.587254645318679103e+00 -5.087254645296162892e+00 -5.587254645289042365e+00 -6.087254645286790833e+00 -6.587254645286079402e+00 -7.087254645285853805e+00 -7.587254645285782750e+00 -8.087254645285760546e+00 -8.587254645285753440e+00 -9.087254645285751664e+00
-4.087254645389966079e+00 -4.587254645318704860e+00 -5.087254645296171773e+00 -5.587254645289045030e+00 -6.087254645286791721e+00 -6.587254645286079402e+00 -7.087254645285853805e+00 -7.587254645285782750e+00 -8.087254645285760546e+00 -8.587254645285753440e+00 -9.087254645285751664e+00
-4.087254645390036245e+00 -4.587254645318727952e+00 -5.087254645296178879e+00 -5.587254645289047694e+00 -6.087254645286792609e+00 -6.587254645286079402e+00 -7.087254645285854693e+00 -7.587254645285782750e+00 -8.087254645285760546e+00 -8.587254645285753440e+00 -9.087254645285751664e+00
-4.087254645390096641e+00 -4.587254645318746604e+00 -5.087254645296184208e+00 -5.587254645289049471e+00 -6.087254645286793497e+00 -6.587254645286080290e+00 -7.087254645285853805e+00 -7.587254645285782750e+00 -8.087254645285760546e+00 -8.587254645285753440e+00 -9.087254645285751664e+00
-4.087254645390147267e+00 -4.587254645318763480e+00 -5.087254645296189537e+00 -5.587254645289051247e+00 -6.087254645286793497e+00 -6.587254645286080290e+00 -7.087254645285854693e+00 -7.587254645285782750e+00 -8.087254645285760546e+00 -8.587254645285753440e+00 -9.087254645285751664e+00
-4.087254645390191676e+00 -4.587254645318776802e+00 -5.087254645296193978e+00 -5.587254645289052135e+00 -6.087254645286794386e+00 -6.587254645286080290e+00 -7.087254645285854693e+00 -7.587254645285782750e+00 -8.087254645285760546e+00 -8.587254645285753440e+00 -9.087254645285751664e+00
-4.087254645390228980e+00 -4.587254645318788349e+00 -5.087254645296197531e+00 -5.587254645289053911e+00 -6.087254645286794386e+00 -6.587254645286080290e+00 -7.087254645285854693e+00 -7.587254645285782750e+00 -8.087254645285760546e+00 -8.587254645285753440e+00 -9.087254645285751664e+00
