1.346217531428231418e+00 1.346217531428233638e+00 1.346217531428240077e+00 1.346217531428261172e+00 1.346217531428326897e+00 1.346217531428535619e+00 1.346217531429195091e+00 1.346217531431280978e+00 1.346217531437876369e+00 1.346217531458732575e+00 1.346217531524687150e+00
1.486106734760465953e+00 1.486106734760467951e+00 1.486106734760474613e+00 1.486106734760495485e+00 1.486106734760561432e+00 1.486106734760769932e+00 1.486106734761429404e+00 1.486106734763514625e+00 1.486106734770108906e+00 1.486106734790961781e+00 1.486106734856904144e+00
1.626004468964034277e+00 1.626004468964036276e+00 1.626004468964042937e+00 1.626004468964064031e+00 1.626004468964129757e+00 1.626004468964338256e+00 1.626004468964997729e+00 1.626004468967082728e+00 1.626004468973675898e+00 1.626004468994525443e+00 1.626004469060458035e+00
1.765908335653187944e+00 1.765908335653190164e+00 1.765908335653196826e+00 1.765908335653217476e+00 1.765908335653283423e+00 1.765908335653491701e+00 1.765908335654151173e+00 1.765908335656235950e+00 1.765908335662828232e+00 1.765908335683675112e+00 1.765908335749598823e+00
1.905815848583490846e+00 1.905815848583492844e+00 1.905815848583499506e+00 1.905815848583520378e+00 1.905815848583586547e+00 1.905815848583794825e+00 1.905815848584453853e+00 1.905815848586538408e+00 1.905815848593129802e+00 1.905815848613974683e+00 1.905815848679890845e+00
2.045724281930532129e+00 2.045724281930533905e+00 2.045724281930540567e+00 2.045724281930561439e+00 2.045724281930627608e+00 2.045724281930835886e+00 2.045724281931494914e+00 2.045724281933579469e+00 2.045724281940170197e+00 2.045724281961012636e+00 2.045724282026922580e+00
2.185630477707391162e+00 2.185630477707393382e+00 2.185630477707400043e+00 2.185630477707420471e+00 2.185630477707486641e+00 2.185630477707694919e+00 2.185630477708353947e+00 2.185630477710438058e+00 2.185630477717028786e+00 2.185630477737869004e+00 2.185630477803773175e+00
2.325530594748797864e+00 2.325530594748800084e+00 2.325530594748806301e+00 2.325530594748827173e+00 2.325530594748893343e+00 2.325530594749101621e+00 2.325530594749760649e+00 2.325530594751844315e+00 2.325530594758434155e+00 2.325530594779273041e+00 2.325530594845171883e+00
2.465419775511225708e+00 2.465419775511227485e+00 2.465419775511234146e+00 2.465419775511255018e+00 2.465419775511320744e+00 2.465419775511529465e+00 2.465419775512188050e+00 2.465419775514272160e+00 2.465419775520861112e+00 2.465419775541698666e+00 2.465419775607593067e+00
2.605291698429682778e+00 2.605291698429684999e+00 2.605291698429691660e+00 2.605291698429712532e+00 2.605291698429778258e+00 2.605291698429986536e+00 2.605291698430645564e+00 2.605291698432728786e+00 2.605291698439318182e+00 2.605291698460153960e+00 2.605291698526043476e+00
2.745137972264099613e+00 2.745137972264101833e+00 2.745137972264108495e+00 2.745137972264129367e+00 2.745137972264195092e+00 2.745137972264403370e+00 2.745137972265062398e+00 2.745137972267145621e+00 2.745137972273734572e+00 2.745137972294569018e+00 2.745137972360453205e+00
