9.758569745855446564e-01 9.758569745856493505e-01 9.758569745859807520e-01 9.758569745870286916e-01 9.758569745903421522e-01 9.758569746008206591e-01 9.758569746339567086e-01 9.758569747387418891e-01 9.758569750701013845e-01 9.758569761179518576e-01 9.758569794315468116e-01
1.115763967569471049e+00 1.115763967569575854e+00 1.115763967569906923e+00 1.115763967570954751e+00 1.115763967574267657e+00 1.115763967584744165e+00 1.115763967617873664e+00 1.115763967722638528e+00 1.115763968053933741e+00 1.115763969101581710e+00 1.115763972414535399e+00
1.255679106500376063e+00 1.255679106500480646e+00 1.255679106500811937e+00 1.255679106501859321e+00 1.255679106505171783e+00 1.255679106515646515e+00 1.255679106548770685e+00 1.255679106653518229e+00 1.255679106984759041e+00 1.255679108032234481e+00 1.255679111344642607e+00
1.395600894209514831e+00 1.395600894209619414e+00 1.395600894209950704e+00 1.395600894210998089e+00 1.395600894214309884e+00 1.395600894224783284e+00 1.395600894257902791e+00 1.395600894362635458e+00 1.395600894693829863e+00 1.395600895741158309e+00 1.395600899053101918e+00
1.535527936438336960e+00 1.535527936438441987e+00 1.535527936438772834e+00 1.535527936439820218e+00 1.535527936443131569e+00 1.535527936453603637e+00 1.535527936486719147e+00 1.535527936591439602e+00 1.535527936922594483e+00 1.535527937969797696e+00 1.535527941281345399e+00
1.675458883954283884e+00 1.675458883954388689e+00 1.675458883954719758e+00 1.675458883955767142e+00 1.675458883959078049e+00 1.675458883969549007e+00 1.675458884002661186e+00 1.675458884107370761e+00 1.675458884438491891e+00 1.675458885485588523e+00 1.675458888796798496e+00
1.815392366330924601e+00 1.815392366331029406e+00 1.815392366331360474e+00 1.815392366332407414e+00 1.815392366335718322e+00 1.815392366346188391e+00 1.815392366379297684e+00 1.815392366483998154e+00 1.815392366815090197e+00 1.815392367862095568e+00 1.815392371173017105e+00
1.955326912394105054e+00 1.955326912394209860e+00 1.955326912394540928e+00 1.955326912395587646e+00 1.955326912398898553e+00 1.955326912409367512e+00 1.955326912442474363e+00 1.955326912547167062e+00 1.955326912878234680e+00 1.955326913925161669e+00 1.955326917235835626e+00
2.095260850722282520e+00 2.095260850722387325e+00 2.095260850722718615e+00 2.095260850723765333e+00 2.095260850727076019e+00 2.095260850737544533e+00 2.095260850770649164e+00 2.095260850875335201e+00 2.095260851206381059e+00 2.095260852253240547e+00 2.095260855563701341e+00
2.235192181188899951e+00 2.235192181189004756e+00 2.235192181189335603e+00 2.235192181190382765e+00 2.235192181193693006e+00 2.235192181204160633e+00 2.235192181237263487e+00 2.235192181341943751e+00 2.235192181672971401e+00 2.235192182719772269e+00 2.235192186030047878e+00
2.375118405468742200e+00 2.375118405468847005e+00 2.375118405469177851e+00 2.375118405470224570e+00 2.375118405473534811e+00 2.375118405484002437e+00 2.375118405517103515e+00 2.375118405621778450e+00 2.375118405952789669e+00 2.375118406999539467e+00 2.375118410309652983e+00
