3.119752121511730980e+00 2.619759014604112757e+00 2.119761194477360888e+00 1.619761883822413706e+00 1.119762101813320365e+00 6.197621707481836273e-01 1.197621925473102283e-01 -3.802378005591999788e-01 -8.802377983792871730e-01 -1.380237797689938040e+00 -1.880237797471946637e+00
3.119752120915845417e+00 2.619759014386304319e+00 2.119761194405545002e+00 1.619761883799409663e+00 1.119762101806016208e+00 6.197621707458708107e-01 1.197621925465784526e-01 -3.802378005594312937e-01 -8.802377983793602256e-01 -1.380237797689961354e+00 -1.880237797471954186e+00
3.119752120391419581e+00 2.619759014199179781e+00 2.119761194344241595e+00 1.619761883779810896e+00 1.119762101799797405e+00 6.197621707439020522e-01 1.197621925459558118e-01 -3.802378005596283583e-01 -8.802377983794223981e-01 -1.380237797689980894e+00 -1.880237797471960404e+00
3.119752119932561740e+00 2.619759014038649525e+00 2.119761194291934103e+00 1.619761883763115362e+00 1.119762101794502307e+00 6.197621707422260595e-01 1.197621925454255415e-01 -3.802378005597960020e-01 -8.802377983794753558e-01 -1.380237797689997548e+00 -1.880237797471965511e+00
3.119752119532951173e+00 2.619759013901102218e+00 2.119761194247319569e+00 1.619761883748894959e+00 1.119762101789994357e+00 6.197621707407995340e-01 1.197621925449743885e-01 -3.802378005599387212e-01 -8.802377983795207639e-01 -1.380237797690012203e+00 -1.880237797471969952e+00
3.119752119186260497e+00 2.619759013783366619e+00 2.119761194209277555e+00 1.619761883736784203e+00 1.119762101786156316e+00 6.197621707395850610e-01 1.197621925445901264e-01 -3.802378005600602351e-01 -8.802377983795591776e-01 -1.380237797690023971e+00 -1.880237797471973948e+00
3.119752118886419900e+00 2.619759013682676052e+00 2.119761194176848829e+00 1.619761883726470675e+00 1.119762101782888930e+00 6.197621707385512213e-01 1.197621925442633323e-01 -3.802378005601636524e-01 -8.802377983795919292e-01 -1.380237797690034407e+00 -1.880237797471977057e+00
3.119752118627763249e+00 2.619759013596625330e+00 2.119761194149211825e+00 1.619761883717688367e+00 1.119762101780107599e+00 6.197621707376710365e-01 1.197621925439849022e-01 -3.802378005602516375e-01 -8.802377983796196848e-01 -1.380237797690043289e+00 -1.880237797471979944e+00
3.119752118405109798e+00 2.619759013523130786e+00 2.119761194125661774e+00 1.619761883710210348e+00 1.119762101777739716e+00 6.197621707369220800e-01 1.197621925437481333e-01 -3.802378005603264111e-01 -8.802377983796434435e-01 -1.380237797690050838e+00 -1.880237797471982386e+00
3.119752118213787728e+00 2.619759013460392971e+00 2.119761194105598712e+00 1.619761883703843441e+00 1.119762101775724217e+00 6.197621707362844790e-01 1.197621925435462670e-01 -3.802378005603903044e-01 -8.802377983796635386e-01 -1.380237797690057056e+00 -1.880237797471984385e+00
3.119752118049631484e+00 2.619759013406861126e+00 2.119761194088507938e+00 1.619761883698422666e+00 1.119762101774008256e+00 6.197621707357418019e-01 1.197621925433746265e-01 -3.802378005604446498e-01 -8.802377983796807470e-01 -1.380237797690062607e+00 -1.880237797471986161e+00
