7.333645880731208599e+00 7.333645880731181066e+00 7.333645880731096689e+00 7.333645880730827571e+00 7.333645880729978472e+00 7.333645880727291733e+00 7.333645880718797194e+00 7.333645880691932462e+00 7.333645880606981748e+00 7.333645880338341527e+00 7.333645879488827291e+00
7.332244387114031703e+00 7.332244387114005946e+00 7.332244387113924233e+00 7.332244387113666662e+00 7.332244387112851314e+00 7.332244387110272932e+00 7.332244387102120342e+00 7.332244387076340075e+00 7.332244386994814178e+00 7.332244386737007069e+00 7.332244385921749874e+00
7.330482279829113601e+00 7.330482279829088732e+00 7.330482279829011460e+00 7.330482279828765435e+00 7.330482279827987391e+00 7.330482279825528913e+00 7.330482279817753799e+00 7.330482279793165468e+00 7.330482279715412552e+00 7.330482279469534568e+00 7.330482278692000087e+00
7.328274807507906274e+00 7.328274807507883182e+00 7.328274807507809463e+00 7.328274807507576760e+00 7.328274807506840460e+00 7.328274807504511656e+00 7.328274807497148657e+00 7.328274807473865948e+00 7.328274807400238622e+00 7.328274807167409755e+00 7.328274806431137378e+00
7.325520142892173681e+00 7.325520142892152364e+00 7.325520142892083086e+00 7.325520142891863706e+00 7.325520142891172704e+00 7.325520142888986008e+00 7.325520142882071539e+00 7.325520142860204587e+00 7.325520142791057232e+00 7.325520142572393922e+00 7.325520141880919489e+00
7.322096901852859219e+00 7.322096901852838791e+00 7.322096901852773954e+00 7.322096901852570561e+00 7.322096901851927520e+00 7.322096901849893591e+00 7.322096901843460515e+00 7.322096901823120341e+00 7.322096901758795795e+00 7.322096901555384285e+00 7.322096900912141493e+00
7.317861613680838317e+00 7.317861613680819666e+00 7.317861613680760158e+00 7.317861613680573640e+00 7.317861613679981225e+00 7.317861613678109833e+00 7.317861613672191901e+00 7.317861613653477981e+00 7.317861613594299541e+00 7.317861613407158572e+00 7.317861612815369732e+00
7.312646248222845813e+00 7.312646248222828937e+00 7.312646248222775647e+00 7.312646248222605116e+00 7.312646248222067769e+00 7.312646248220367795e+00 7.312646248214993427e+00 7.312646248197998133e+00 7.312646248144252681e+00 7.312646247974295299e+00 7.312646247436841662e+00
7.306255946050682404e+00 7.306255946050666417e+00 7.306255946050618455e+00 7.306255946050466576e+00 7.306255946049986072e+00 7.306255946048465511e+00 7.306255946043658689e+00 7.306255946028457515e+00 7.306255945980385746e+00 7.306255945828372234e+00 7.306255945347659875e+00
7.298467116769696617e+00 7.298467116769683294e+00 7.298467116769640661e+00 7.298467116769507435e+00 7.298467116769085550e+00 7.298467116767749729e+00 7.298467116763528217e+00 7.298467116750178008e+00 7.298467116707959335e+00 7.298467116574454572e+00 7.298467116152274059e+00
7.289026104523975036e+00 7.289026104523963490e+00 7.289026104523927074e+00 7.289026104523812499e+00 7.289026104523449234e+00 7.289026104522303484e+00 7.289026104518677052e+00 7.289026104507210668e+00 7.289026104470949896e+00 7.289026104356284286e+00 7.289026103993680117e+00
