1.823172897423788852e+00 1.323181111004858579e+00 8.231837086124739189e-01 3.231845300726578496e-01 -1.768152101586717706e-01 -6.768151280116321278e-01 -1.176814838734494328e+00 -1.676815093812482171e+00 -2.176815091214761022e+00 -2.676815090393289687e+00 -3.176815090133517483e+00
1.823172897392317582e+00 1.323181110995085508e+00 8.231837086094014877e-01 3.231845300716879588e-01 -1.768152101589783864e-01 -6.768151280117290503e-01 -1.176814838734524749e+00 -1.676815093812491941e+00 -2.176815091214764131e+00 -2.676815090393290575e+00 -3.176815090133517927e+00
1.823172897355665567e+00 1.323181110983736364e+00 8.231837086058366726e-01 3.231845300705631918e-01 -1.768152101593337966e-01 -6.768151280118414048e-01 -1.176814838734560498e+00 -1.676815093812503044e+00 -2.176815091214767683e+00 -2.676815090393291907e+00 -3.176815090133517927e+00
1.823172897312951957e+00 1.323181110970554020e+00 8.231837086017004257e-01 3.231845300692579581e-01 -1.768152101597460779e-01 -6.768151280119717450e-01 -1.176814838734601576e+00 -1.676815093812516366e+00 -2.176815091214772124e+00 -2.676815090393293239e+00 -3.176815090133518815e+00
1.823172897263137360e+00 1.323181110955238049e+00 8.231837085969008205e-01 3.231845300677449462e-01 -1.768152101602242232e-01 -6.768151280121229574e-01 -1.176814838734649538e+00 -1.676815093812531465e+00 -2.176815091214776565e+00 -2.676815090393294572e+00 -3.176815090133519259e+00
1.823172897204990317e+00 1.323181110937438953e+00 8.231837085913309426e-01 3.231845300659896281e-01 -1.768152101607786408e-01 -6.768151280122982616e-01 -1.176814838734704827e+00 -1.676815093812548785e+00 -2.176815091214782338e+00 -2.676815090393296348e+00 -3.176815090133519703e+00
1.823172897137051107e+00 1.323181110916746173e+00 8.231837085848667801e-01 3.231845300639532570e-01 -1.768152101614218763e-01 -6.768151280125015434e-01 -1.176814838734769220e+00 -1.676815093812569213e+00 -2.176815091214789000e+00 -2.676815090393298568e+00 -3.176815090133520592e+00
1.823172897057581121e+00 1.323181110892680756e+00 8.231837085773630047e-01 3.231845300615909800e-01 -1.768152101621676964e-01 -6.768151280127372438e-01 -1.176814838734843605e+00 -1.676815093812592750e+00 -2.176815091214796105e+00 -2.676815090393300789e+00 -3.176815090133521036e+00
1.823172896964503575e+00 1.323181110864680265e+00 8.231837085686518618e-01 3.231845300588505610e-01 -1.768152101630329209e-01 -6.768151280130106917e-01 -1.176814838734929980e+00 -1.676815093812620061e+00 -2.176815091214804987e+00 -2.676815090393303453e+00 -3.176815090133521924e+00
1.823172896855329350e+00 1.323181110832084562e+00 8.231837085585372860e-01 3.231845300556713263e-01 -1.768152101640363683e-01 -6.768151280133278824e-01 -1.176814838735030344e+00 -1.676815093812651813e+00 -2.176815091214814757e+00 -2.676815090393306562e+00 -3.176815090133522812e+00
1.823172896727063286e+00 1.323181110794117599e+00 8.231837085467907933e-01 3.231845300519827213e-01 -1.768152101652001873e-01 -6.768151280136956993e-01 -1.176814838735146695e+00 -1.676815093812688673e+00 -2.176815091214826303e+00 -2.676815090393310115e+00 -3.176815090133523700e+00
