7.411210454419122406e+00 7.411210454419181026e+00 7.411210454419367544e+00 7.411210454419957294e+00 7.411210454421822469e+00 7.411210454427719085e+00 7.411210454446368168e+00 7.411210454505339662e+00 7.411210454691825156e+00 7.411210455281545428e+00 7.411210457146403030e+00
7.304364296211832475e+00 7.304364296211890206e+00 7.304364296212071395e+00 7.304364296212646934e+00 7.304364296214465035e+00 7.304364296220215103e+00 7.304364296238396115e+00 7.304364296295891457e+00 7.304364296477708685e+00 7.304364297052663879e+00 7.304364298870833494e+00
7.193614593499263243e+00 7.193614593499320087e+00 7.193614593499497722e+00 7.193614593500059939e+00 7.193614593501838961e+00 7.193614593507464683e+00 7.193614593525254008e+00 7.193614593581509453e+00 7.193614593759404485e+00 7.193614594321957156e+00 7.193614596100905700e+00
7.079458896734012185e+00 7.079458896734067253e+00 7.079458896734242224e+00 7.079458896734794671e+00 7.079458896736540829e+00 7.079458896742064411e+00 7.079458896759530440e+00 7.079458896814762703e+00 7.079458896989421213e+00 7.079458897541742957e+00 7.079458899288336049e+00
6.962392236977785309e+00 6.962392236977840376e+00 6.962392236978011795e+00 6.962392236978556248e+00 6.962392236980276650e+00 6.962392236985716742e+00 6.962392237002919870e+00 6.962392237057320798e+00 6.962392237229353853e+00 6.962392237773369352e+00 6.962392239493695456e+00
6.842886839281885791e+00 6.842886839281939970e+00 6.842886839282109612e+00 6.842886839282646960e+00 6.842886839284346046e+00 6.842886839289719525e+00 6.842886839306713043e+00 6.842886839360448725e+00 6.842886839530379461e+00 6.842886840067744281e+00 6.842886841767042760e+00
6.721376256415244832e+00 6.721376256415298123e+00 6.721376256415466877e+00 6.721376256415998895e+00 6.721376256417681105e+00 6.721376256423002182e+00 6.721376256439828722e+00 6.721376256493039492e+00 6.721376256661305781e+00 6.721376257193409920e+00 6.721376258876070153e+00
6.598244998601615841e+00 6.598244998601669131e+00 6.598244998601836109e+00 6.598244998602363687e+00 6.598244998604033462e+00 6.598244998609313683e+00 6.598244998626009661e+00 6.598244998678807427e+00 6.598244998845769871e+00 6.598244999373750197e+00 6.598245001043371083e+00
6.473823711512464385e+00 6.473823711512516788e+00 6.473823711512682877e+00 6.473823711513207790e+00 6.473823711514866908e+00 6.473823711520114266e+00 6.473823711536708991e+00 6.473823711589186125e+00 6.473823711755133381e+00 6.473823712279903830e+00 6.473823713939371949e+00
6.348389120562223376e+00 6.348389120562275778e+00 6.348389120562440979e+00 6.348389120562963228e+00 6.348389120564615240e+00 6.348389120569837729e+00 6.348389120586353407e+00 6.348389120638581851e+00 6.348389120803741292e+00 6.348389121326021289e+00 6.348389122977616594e+00
6.222167482442437780e+00 6.222167482442489295e+00 6.222167482442653608e+00 6.222167482443174080e+00 6.222167482444819875e+00 6.222167482450023712e+00 6.222167482466478106e+00 6.222167482518512927e+00 6.222167482683062190e+00 6.222167483203410399e+00 6.222167484848899477e+00
