-1.371052442452352915e-01 -6.371052286439418122e-01 -1.137105223710521917e+00 -1.637105222138598215e+00 -2.137105221645262176e+00 -2.637105221489255857e+00 -3.137105221439921987e+00 -3.637105221424321577e+00 -4.137105221419388634e+00 -4.637105221417828105e+00 -5.137105221417335166e+00
-1.371052442522784354e-01 -6.371052286461140746e-01 -1.137105223711203372e+00 -1.637105222138813154e+00 -2.137105221645330122e+00 -2.637105221489277174e+00 -3.137105221439929092e+00 -3.637105221424323798e+00 -4.137105221419388634e+00 -4.637105221417828105e+00 -5.137105221417335166e+00
-1.371052442604962784e-01 -6.371052286486388327e-01 -1.137105223711994295e+00 -1.637105222139062510e+00 -2.137105221645408726e+00 -2.637105221489302043e+00 -3.137105221439937086e+00 -3.637105221424326462e+00 -4.137105221419389522e+00 -4.637105221417828993e+00 -5.137105221417335166e+00
-1.371052442700933238e-01 -6.371052286515742624e-01 -1.137105223712912672e+00 -1.637105222139351834e+00 -2.137105221645500208e+00 -2.637105221489330908e+00 -3.137105221439945968e+00 -3.637105221424329127e+00 -4.137105221419390411e+00 -4.637105221417828993e+00 -5.137105221417335166e+00
-1.371052442813133487e-01 -6.371052286549881982e-01 -1.137105223713978930e+00 -1.637105222139687788e+00 -2.137105221645606346e+00 -2.637105221489364659e+00 -3.137105221439956626e+00 -3.637105221424332235e+00 -4.137105221419391299e+00 -4.637105221417828993e+00 -5.137105221417335166e+00
-1.371052442944466487e-01 -6.371052286589611313e-01 -1.137105223715217273e+00 -1.637105222140077476e+00 -2.137105221645729358e+00 -2.637105221489403295e+00 -3.137105221439969061e+00 -3.637105221424336232e+00 -4.137105221419393075e+00 -4.637105221417829881e+00 -5.137105221417335166e+00
-1.371052443098408347e-01 -6.371052286635865425e-01 -1.137105223716655678e+00 -1.637105222140530003e+00 -2.137105221645872355e+00 -2.637105221489448592e+00 -3.137105221439983271e+00 -3.637105221424340673e+00 -4.137105221419393963e+00 -4.637105221417829881e+00 -5.137105221417335166e+00
-1.371052443279141553e-01 -6.371052286689751210e-01 -1.137105223718326785e+00 -1.637105222141055139e+00 -2.137105221646038000e+00 -2.637105221489500995e+00 -3.137105221439999703e+00 -3.637105221424346002e+00 -4.137105221419395740e+00 -4.637105221417830769e+00 -5.137105221417335166e+00
-1.371052443491709294e-01 -6.371052286752572069e-01 -1.137105223720269676e+00 -1.637105222141665095e+00 -2.137105221646230291e+00 -2.637105221489561835e+00 -3.137105221440019243e+00 -3.637105221424352219e+00 -4.137105221419398404e+00 -4.637105221417830769e+00 -5.137105221417336054e+00
-1.371052443742229454e-01 -6.371052286825867883e-01 -1.137105223722528313e+00 -1.637105222142373417e+00 -2.137105221646454112e+00 -2.637105221489632445e+00 -3.137105221440041447e+00 -3.637105221424359325e+00 -4.137105221419400181e+00 -4.637105221417831658e+00 -5.137105221417336054e+00
-1.371052444038161344e-01 -6.371052286911470519e-01 -1.137105223725155323e+00 -1.637105222143196315e+00 -2.137105221646713460e+00 -2.637105221489714602e+00 -3.137105221440067204e+00 -3.637105221424367318e+00 -4.137105221419402845e+00 -4.637105221417832546e+00 -5.137105221417336054e+00
