1.100929065601173384e+01 1.097176821337158970e+01 1.091535202069023747e+01 1.083561942250574361e+01 1.072676312936009424e+01 1.058145316831338612e+01 1.039108999895529628e+01 1.014690175037160813e+01 9.842289747201952821e+00 9.476184800622981186e+00 9.055786778497965983e+00
1.101246672151789596e+01 1.097370165693916455e+01 1.091649481791647602e+01 1.083628013080548236e+01 1.072713478755841621e+01 1.058165358463391215e+01 1.039119120723018064e+01 1.014694809451338919e+01 9.842308189616598924e+00 9.476190838209410217e+00 9.055788297676752308e+00
1.101481458512076195e+01 1.097511505722122394e+01 1.091732609689691813e+01 1.083675964538153558e+01 1.072740421066384009e+01 1.058179876309087142e+01 1.039126446984239216e+01 1.014698161005875043e+01 9.842321504667202348e+00 9.476195182340998002e+00 9.055789381916824254e+00
1.101654113457861683e+01 1.097614576259685215e+01 1.091793007401693139e+01 1.083710745246104601e+01 1.072759945433885065e+01 1.058190390101043654e+01 1.039131748875616346e+01 1.014700583879931806e+01 9.842331111555010281e+00 9.476198303999636252e+00 9.055790153481458660e+00
1.101780577737274669e+01 1.097689603108600842e+01 1.091836852526806823e+01 1.083735961527070124e+01 1.072774090250882928e+01 1.058198002345064559e+01 1.039135584667853784e+01 1.014702334638559300e+01 9.842338037656917393e+00 9.476200543774410789e+00 9.055790700589836817e+00
1.101872935668652609e+01 1.097744143461796362e+01 1.091868661132101970e+01 1.083754237184803948e+01 1.072784335281959045e+01 1.058203512501377475e+01 1.039138358905749726e+01 1.014703599095482112e+01 9.842343026524805083e+00 9.476202147868413306e+00 9.055791086848692828e+00
1.101940237843205139e+01 1.097783752139161706e+01 1.091891726433715171e+01 1.083767478898636405e+01 1.072791754097656636e+01 1.058207500082666463e+01 1.039140364671337124e+01 1.014704511796596975e+01 9.842346616158131667e+00 9.476203294178709768e+00 9.055791358078304043e+00
1.101989202316286587e+01 1.097812495998666904e+01 1.091908445566941488e+01 1.083777071010871218e+01 1.072797125219166681e+01 1.058210385053532043e+01 1.039141814253294349e+01 1.014705170145920654e+01 9.842349195718876231e+00 9.476204111182701340e+00 9.055791547251486051e+00
1.102024783026925370e+01 1.097833343921321081e+01 1.091920561103989762e+01 1.083784017975435177e+01 1.072801013012964511e+01 1.058212471690897338e+01 1.039142861391856520e+01 1.014705644644233828e+01 9.842351046618304622e+00 9.476204691612625908e+00 9.055791678066269057e+00
1.102050615463314465e+01 1.097848458683994721e+01 1.091929338567558361e+01 1.083789048259709986e+01 1.072803826492395274e+01 1.058213980412711841e+01 1.039143617407333764e+01 1.014705986308502972e+01 9.842352372276994998e+00 9.476205102354651189e+00 9.055791767529433045e+00
1.102118693231068924e+01 1.097888177579902091e+01 1.091952352357490419e+01 1.083802201807907117e+01 1.072811153779969651e+01 1.058217883605626497e+01 1.039145550573880250e+01 1.014706840974698387e+01 9.842355540499596600e+00 9.476205979541907354e+00 9.055791892537680354e+00
