1.109632416891074591e+01 1.109630813456184129e+01 1.109625734719051593e+01 1.109609610307922090e+01 1.109558488732755066e+01 1.109404728549920627e+01 1.109023465668144226e+01 1.108276428211720877e+01 1.107014556779059511e+01 1.105045180989727704e+01 1.102111766393859682e+01
1.109581742262879267e+01 1.109580305241213694e+01 1.109575750123852522e+01 1.109561251530167070e+01 1.109514881496282612e+01 1.109371714022152844e+01 1.109002943075971359e+01 1.108264471367424697e+01 1.107007602894384668e+01 1.105041118136453271e+01 1.102109387904275906e+01
1.109519738280357970e+01 1.109518468700469995e+01 1.109514441505169557e+01 1.109501593245583173e+01 1.109460164407891192e+01 1.109328862372168700e+01 1.108975650006322056e+01 1.108248449747047104e+01 1.106998264364170481e+01 1.105035658351570937e+01 1.102106191288967452e+01
1.109444242254463653e+01 1.109443138433124787e+01 1.109439634761808158e+01 1.109428432660403097e+01 1.109392036988977104e+01 1.109273684912047209e+01 1.108939480294523960e+01 1.108227007139358555e+01 1.106985728718008488e+01 1.105028322308287869e+01 1.102101895156165945e+01
1.109352773750430110e+01 1.109351831192758908e+01 1.109348837601253734e+01 1.109339247354247959e+01 1.109307869429007454e+01 1.109203266604520977e+01 1.108891762244256718e+01 1.108198354942140362e+01 1.106968911069602690e+01 1.105018467187116826e+01 1.102096121530454020e+01
1.109242505552967550e+01 1.109241717013070172e+01 1.109239211184347518e+01 1.109231168683547608e+01 1.109204682803037123e+01 1.109114261762529274e+01 1.108829164758561703e+01 1.108160149630162827e+01 1.106946366291763084e+01 1.105005231725428061e+01 1.102088362893089979e+01
1.109110232711175748e+01 1.109109588421950043e+01 1.109107539887880201e+01 1.109100953422143832e+01 1.109079128319948282e+01 1.109002902813870328e+01 1.108747621717910548e+01 1.108109346848814347e+01 1.106916175637411648e+01 1.104987463453589314e+01 1.102077938132969059e+01
1.108952338589085507e+01 1.108951826650333317e+01 1.108950198027860345e+01 1.108944952259519745e+01 1.108927463272065239e+01 1.108865015900370210e+01 1.108642293654799005e+01 1.108042036036507838e+01 1.106875802527346764e+01 1.104963622867691342e+01 1.102063933805785467e+01
1.108764756606190005e+01 1.108764363500617200e+01 1.108763112144275631e+01 1.108759073532533179e+01 1.108745521059807615e+01 1.108696033847406781e+01 1.108507584830825898e+01 1.107953266626553024e+01 1.106821912863302693e+01 1.104931658161194719e+01 1.102045126031508993e+01
1.108542926260655470e+01 1.108542637451477830e+01 1.108541717372356850e+01 1.108538740533082922e+01 1.108528672795848635e+01 1.108490996001977891e+01 1.108337224101825846e+01 1.107836887251495561e+01 1.106750157566292891e+01 1.104888843123356601e+01 1.102019877062146591e+01
1.108281742107933532e+01 1.108281542662889940e+01 1.108280906535040877e+01 1.108278840924016251e+01 1.108271778533159235e+01 1.108244526140021868e+01 1.108124398369052699e+01 1.107685431688770450e+01 1.106654920263441788e+01 1.104831570283492859e+01 1.101985999045809805e+01
