2.209702355433676324e+00 2.209702355433699417e+00 2.209702355433772247e+00 2.209702355434003174e+00 2.209702355434732812e+00 2.209702355437039856e+00 2.209702355444335797e+00 2.209702355467408008e+00 2.209702355540367424e+00 2.209702355771085980e+00 2.209702356500681919e+00
1.949979087471965133e+00 1.949979087471978234e+00 1.949979087472019978e+00 1.949979087472151207e+00 1.949979087472566430e+00 1.949979087473879380e+00 1.949979087478030948e+00 1.949979087491159557e+00 1.949979087532676125e+00 1.949979087663963329e+00 1.949979088079129452e+00
1.652768597478542212e+00 1.652768597478549095e+00 1.652768597478570634e+00 1.652768597478639023e+00 1.652768597478855961e+00 1.652768597479541635e+00 1.652768597481710344e+00 1.652768597488567082e+00 1.652768597510251292e+00 1.652768597578822218e+00 1.652768597795662542e+00
1.307282999457350048e+00 1.307282999457353379e+00 1.307282999457363593e+00 1.307282999457396455e+00 1.307282999457499706e+00 1.307282999457826111e+00 1.307282999458858619e+00 1.307282999462123341e+00 1.307282999472447971e+00 1.307282999505096299e+00 1.307282999608340157e+00
8.957193315150604462e-01 8.957193315150617785e-01 8.957193315150662194e-01 8.957193315150804303e-01 8.957193315151255053e-01 8.957193315152680579e-01 8.957193315157183644e-01 8.957193315171426695e-01 8.957193315216460672e-01 8.957193315358874530e-01 8.957193315809232059e-01
3.792462177230839226e-01 3.792462177230847553e-01 3.792462177230865872e-01 3.792462177230923048e-01 3.792462177231114007e-01 3.792462177231711862e-01 3.792462177233602572e-01 3.792462177239576127e-01 3.792462177258467682e-01 3.792462177318213223e-01 3.792462177507144316e-01
-3.512669131936203004e-01 -3.512669131936200784e-01 -3.512669131936190237e-01 -3.512669131936160816e-01 -3.512669131936068667e-01 -3.512669131935771683e-01 -3.512669131934836875e-01 -3.512669131931878130e-01 -3.512669131922523946e-01 -3.512669131892938168e-01 -3.512669131799387445e-01
-1.638685663856481955e+00 -1.638685663856481511e+00 -1.638685663856480401e+00 -1.638685663856476848e+00 -1.638685663856465524e+00 -1.638685663856429331e+00 -1.638685663856315200e+00 -1.638685663855954155e+00 -1.638685663854812402e+00 -1.638685663851201735e+00 -1.638685663839783535e+00
-4.420296277589506495e+00 -4.420296277589497613e+00 -4.420296277589470080e+00 -4.420296277589381262e+00 -4.420296277589102374e+00 -4.420296277588217748e+00 -4.420296277585420874e+00 -4.420296277576577282e+00 -4.420296277548610320e+00 -4.420296277460171730e+00 -4.420296277180505662e+00
-1.319379572259951594e+01 -1.319379559518277567e+01 -1.319379519225590691e+01 -1.319379391809173541e+01 -1.319378988885544324e+01 -1.319377714753753494e+01 -1.319373685841243571e+01 -1.319360947760420189e+01 -1.319320690982492117e+01 -1.319193632899594704e+01 -1.318794268992059138e+01
-2.193398024767130750e+01 -2.143398024767130750e+01 -2.093398024767130750e+01 -2.043398024767130750e+01 -1.993398024767130750e+01 -1.943398024767130750e+01 -1.893398024767130750e+01 -1.843398024767130750e+01 -1.793398024767130750e+01 -1.743398024767130750e+01 -1.693398024767130750e+01
