6.067014700755225753e+00 6.067212858357063254e+00 6.067838893203611583e+00 6.069812666699276882e+00 6.075995765417960826e+00 6.094984503252191210e+00 6.149982682946326662e+00 6.286770925009215638e+00 6.542664065965523079e+00 6.890964019998831347e+00 7.266743806092666347e+00
5.929774663203418505e+00 5.929948160700498683e+00 5.930496352177672570e+00 5.932225343520828531e+00 5.937647954829236241e+00 5.954361055252612722e+00 6.003277806035534070e+00 6.128151129354300508e+00 6.371438861120600983e+00 6.714613573565353377e+00 7.093773140752855255e+00
5.789641475645718849e+00 5.789790190727606145e+00 5.790260134204695319e+00 5.791742886849661431e+00 5.796398681649295170e+00 5.810800265708326862e+00 5.853398496777515447e+00 5.965087343392007746e+00 6.192775268774823871e+00 6.527924350375199580e+00 6.908891310833253918e+00
5.645658163627937931e+00 5.645782535785855316e+00 5.646175600820965812e+00 5.647416244868183277e+00 5.651316322736965603e+00 5.663423276580015653e+00 5.699610553783251099e+00 5.797088075769590176e+00 6.005918667863689109e+00 6.329386176516832663e+00 6.710025292427753918e+00
5.496568444152503119e+00 5.496669529829376621e+00 5.496989036039859222e+00 5.497997858908659552e+00 5.501172692185570590e+00 5.511062037968087246e+00 5.540921995758178120e+00 5.623538458132673057e+00 5.810185593929818815e+00 6.117393716250928648e+00 6.494754673880121842e+00
5.340735809141049728e+00 5.340815292064652553e+00 5.341066543442763326e+00 5.341860114669827020e+00 5.344360102413650893e+00 5.352172233022588266e+00 5.375986514285291840e+00 5.443603305521487634e+00 5.605022140378149054e+00 5.890363913677615137e+00 6.260326252002904823e+00
5.176049495368016728e+00 5.176109637591737922e+00 5.176299769206845980e+00 5.176900470892770834e+00 5.178794605118422822e+00 5.184730538455068150e+00 5.202983343261119664e+00 5.256078882645748074e+00 5.390021185957204253e+00 5.646955144543479577e+00 6.003753092858558738e+00
4.999820892671295702e+00 4.999864418241981134e+00 5.000002029479938770e+00 5.000436907664149722e+00 5.001809253808701783e+00 5.006120654808957404e+00 5.019478937565377663e+00 5.059189627266648337e+00 5.164796917178669844e+00 5.386398814126838630e+00 5.722079049124672245e+00
4.808677796232389667e+00 4.808707710836764626e+00 4.808802295563205043e+00 4.809101263228193091e+00 4.810045329636514211e+00 4.813017289793571685e+00 4.822283638384297078e+00 4.850344444671976341e+00 4.928626706945076208e+00 5.108881248935006170e+00 5.412938406624176579e+00
4.598467128305089524e+00 4.598486493473199488e+00 4.598547725829493338e+00 4.598741302742768156e+00 4.599352879425135043e+00 4.601281204866941366e+00 4.607323317922314310e+00 4.625893747598134098e+00 4.679845830565279918e+00 4.815643812407740754e+00 5.075535967332597487e+00
4.364179057340915158e+00 4.364190752897155079e+00 4.364227735420687537e+00 4.364344663706883232e+00 4.364714216356366805e+00 4.365880778914355886e+00 4.369549276530538151e+00 4.380949976448786920e+00 4.415142138160473628e+00 4.508158691913938476e+00 4.711969925904188727e+00
