1.018063393895293878e+01 1.018063393895293878e+01 1.018063393895293878e+01 1.018063393895293878e+01 1.018063393895293878e+01 1.018063393895293878e+01 1.018063393895293878e+01 1.018063393895293878e+01 1.018063393895293878e+01 1.018063393895293878e+01 1.018063393895293700e+01
1.018062998844451350e+01 1.018062998844451350e+01 1.018062998844451350e+01 1.018062998844451350e+01 1.018062998844451350e+01 1.018062998844451350e+01 1.018062998844451350e+01 1.018062998844451350e+01 1.018062998844451350e+01 1.018062998844451172e+01 1.018062998844450995e+01
1.018062877264620880e+01 1.018062877264620880e+01 1.018062877264620880e+01 1.018062877264620880e+01 1.018062877264620880e+01 1.018062877264620880e+01 1.018062877264620880e+01 1.018062877264620880e+01 1.018062877264620880e+01 1.018062877264620880e+01 1.018062877264620703e+01
1.018062718538204159e+01 1.018062718538204159e+01 1.018062718538204159e+01 1.018062718538204159e+01 1.018062718538204159e+01 1.018062718538204159e+01 1.018062718538204159e+01 1.018062718538204159e+01 1.018062718538203981e+01 1.018062718538203981e+01 1.018062718538203804e+01
1.018062511457908137e+01 1.018062511457908137e+01 1.018062511457908137e+01 1.018062511457908137e+01 1.018062511457908137e+01 1.018062511457908137e+01 1.018062511457908137e+01 1.018062511457908137e+01 1.018062511457908137e+01 1.018062511457907959e+01 1.018062511457907782e+01
1.018062241496296494e+01 1.018062241496296494e+01 1.018062241496296494e+01 1.018062241496296494e+01 1.018062241496296494e+01 1.018062241496296494e+01 1.018062241496296494e+01 1.018062241496296494e+01 1.018062241496296494e+01 1.018062241496296316e+01 1.018062241496296139e+01
1.018061889847113122e+01 1.018061889847113122e+01 1.018061889847113122e+01 1.018061889847113122e+01 1.018061889847113122e+01 1.018061889847113122e+01 1.018061889847113122e+01 1.018061889847113122e+01 1.018061889847113122e+01 1.018061889847112944e+01 1.018061889847112766e+01
1.018061432199773186e+01 1.018061432199773186e+01 1.018061432199773186e+01 1.018061432199773186e+01 1.018061432199773186e+01 1.018061432199773186e+01 1.018061432199773186e+01 1.018061432199773186e+01 1.018061432199773186e+01 1.018061432199773186e+01 1.018061432199773009e+01
1.018060837176705746e+01 1.018060837176705746e+01 1.018060837176705746e+01 1.018060837176705746e+01 1.018060837176705746e+01 1.018060837176705746e+01 1.018060837176705746e+01 1.018060837176705746e+01 1.018060837176705746e+01 1.018060837176705746e+01 1.018060837176705569e+01
1.018060064346462390e+01 1.018060064346462390e+01 1.018060064346462390e+01 1.018060064346462390e+01 1.018060064346462390e+01 1.018060064346462390e+01 1.018060064346462390e+01 1.018060064346462390e+01 1.018060064346462390e+01 1.018060064346462390e+01 1.018060064346462212e+01
1.018059061705313617e+01 1.018059061705313617e+01 1.018059061705313617e+01 1.018059061705313617e+01 1.018059061705313617e+01 1.018059061705313617e+01 1.018059061705313617e+01 1.018059061705313617e+01 1.018059061705313617e+01 1.018059061705313439e+01 1.018059061705313262e+01
