1.012044913431950199e+01 1.012044913431950199e+01 1.012044913431950199e+01 1.012044913431950199e+01 1.012044913431950199e+01 1.012044913431950199e+01 1.012044913431950199e+01 1.012044913431950199e+01 1.012044913431950199e+01 1.012044913431950199e+01 1.012044913431950199e+01
1.013060283770983361e+01 1.013060283770983361e+01 1.013060283770983361e+01 1.013060283770983361e+01 1.013060283770983361e+01 1.013060283770983361e+01 1.013060283770983361e+01 1.013060283770983361e+01 1.013060283770983361e+01 1.013060283770983361e+01 1.013060283770983361e+01
1.013925274821484201e+01 1.013925274821484201e+01 1.013925274821484201e+01 1.013925274821484201e+01 1.013925274821484201e+01 1.013925274821484201e+01 1.013925274821484201e+01 1.013925274821484201e+01 1.013925274821484201e+01 1.013925274821484201e+01 1.013925274821484201e+01
1.014658373209712039e+01 1.014658373209712039e+01 1.014658373209712039e+01 1.014658373209712039e+01 1.014658373209712039e+01 1.014658373209712039e+01 1.014658373209712039e+01 1.014658373209712039e+01 1.014658373209712039e+01 1.014658373209712039e+01 1.014658373209712039e+01
1.015276320204903726e+01 1.015276320204903726e+01 1.015276320204903726e+01 1.015276320204903726e+01 1.015276320204903726e+01 1.015276320204903726e+01 1.015276320204903726e+01 1.015276320204903726e+01 1.015276320204903726e+01 1.015276320204903726e+01 1.015276320204903726e+01
1.015794240955544936e+01 1.015794240955544936e+01 1.015794240955544936e+01 1.015794240955544936e+01 1.015794240955544936e+01 1.015794240955544936e+01 1.015794240955544936e+01 1.015794240955544936e+01 1.015794240955544936e+01 1.015794240955544936e+01 1.015794240955544936e+01
1.016225760393418298e+01 1.016225760393418298e+01 1.016225760393418298e+01 1.016225760393418298e+01 1.016225760393418298e+01 1.016225760393418298e+01 1.016225760393418298e+01 1.016225760393418298e+01 1.016225760393418298e+01 1.016225760393418298e+01 1.016225760393418298e+01
1.016583105011142152e+01 1.016583105011142152e+01 1.016583105011142152e+01 1.016583105011142152e+01 1.016583105011142152e+01 1.016583105011142152e+01 1.016583105011142152e+01 1.016583105011142152e+01 1.016583105011142152e+01 1.016583105011142152e+01 1.016583105011142152e+01
1.016877192341577540e+01 1.016877192341577540e+01 1.016877192341577540e+01 1.016877192341577540e+01 1.016877192341577540e+01 1.016877192341577540e+01 1.016877192341577540e+01 1.016877192341577540e+01 1.016877192341577540e+01 1.016877192341577540e+01 1.016877192341577363e+01
1.017117711680704772e+01 1.017117711680704772e+01 1.017117711680704772e+01 1.017117711680704772e+01 1.017117711680704772e+01 1.017117711680704772e+01 1.017117711680704772e+01 1.017117711680704772e+01 1.017117711680704595e+01 1.017117711680704595e+01 1.017117711680704595e+01
1.017313200251093086e+01 1.017313200251093086e+01 1.017313200251093086e+01 1.017313200251093086e+01 1.017313200251093086e+01 1.017313200251093086e+01 1.017313200251093086e+01 1.017313200251093086e+01 1.017313200251093086e+01 1.017313200251093086e+01 1.017313200251093086e+01
