-1.737600086902334695e+00 -1.737600086902334695e+00 -1.737600086902334695e+00 -1.737600086902334695e+00 -1.737600086902334695e+00 -1.737600086902334695e+00 -1.737600086902334695e+00 -1.737600086902334695e+00 -1.737600086902334695e+00 -1.737600086902334695e+00 -1.737600086902334695e+00
-1.600482460339684332e+00 -1.600482460339684332e+00 -1.600482460339684332e+00 -1.600482460339684332e+00 -1.600482460339684332e+00 -1.600482460339684332e+00 -1.600482460339684332e+00 -1.600482460339684332e+00 -1.600482460339684332e+00 -1.600482460339684332e+00 -1.600482460339684332e+00
-1.463016992929231375e+00 -1.463016992929231375e+00 -1.463016992929231375e+00 -1.463016992929231375e+00 -1.463016992929231375e+00 -1.463016992929231375e+00 -1.463016992929231375e+00 -1.463016992929231375e+00 -1.463016992929231375e+00 -1.463016992929231375e+00 -1.463016992929231375e+00
-1.325238111772019334e+00 -1.325238111772019334e+00 -1.325238111772019334e+00 -1.325238111772019334e+00 -1.325238111772019334e+00 -1.325238111772019334e+00 -1.325238111772019334e+00 -1.325238111772019334e+00 -1.325238111772019334e+00 -1.325238111772019334e+00 -1.325238111772019334e+00
-1.187178901678191290e+00 -1.187178901678191290e+00 -1.187178901678191290e+00 -1.187178901678191290e+00 -1.187178901678191290e+00 -1.187178901678191290e+00 -1.187178901678191290e+00 -1.187178901678191290e+00 -1.187178901678191290e+00 -1.187178901678191290e+00 -1.187178901678191290e+00
-1.048870536050640512e+00 -1.048870536050640512e+00 -1.048870536050640512e+00 -1.048870536050640512e+00 -1.048870536050640512e+00 -1.048870536050640512e+00 -1.048870536050640512e+00 -1.048870536050640512e+00 -1.048870536050640512e+00 -1.048870536050640512e+00 -1.048870536050640512e+00
-9.103419341254709307e-01 -9.103419341254709307e-01 -9.103419341254709307e-01 -9.103419341254709307e-01 -9.103419341254709307e-01 -9.103419341254709307e-01 -9.103419341254709307e-01 -9.103419341254709307e-01 -9.103419341254709307e-01 -9.103419341254709307e-01 -9.103419341254709307e-01
-7.716195901186275741e-01 -7.716195901186275741e-01 -7.716195901186275741e-01 -7.716195901186275741e-01 -7.716195901186275741e-01 -7.716195901186275741e-01 -7.716195901186275741e-01 -7.716195901186275741e-01 -7.716195901186275741e-01 -7.716195901186275741e-01 -7.716195901186275741e-01
-6.327275296818571926e-01 -6.327275296818571926e-01 -6.327275296818571926e-01 -6.327275296818571926e-01 -6.327275296818571926e-01 -6.327275296818571926e-01 -6.327275296818571926e-01 -6.327275296818571926e-01 -6.327275296818571926e-01 -6.327275296818571926e-01 -6.327275296818571926e-01
-4.936873577243258149e-01 -4.936873577243258149e-01 -4.936873577243258149e-01 -4.936873577243258149e-01 -4.936873577243258149e-01 -4.936873577243258149e-01 -4.936873577243258149e-01 -4.936873577243258149e-01 -4.936873577243258149e-01 -4.936873577243258149e-01 -4.936873577243258149e-01
-3.545183693322683238e-01 -3.545183693322683238e-01 -3.545183693322683238e-01 -3.545183693322683238e-01 -3.545183693322683238e-01 -3.545183693322683238e-01 -3.545183693322683238e-01 -3.545183693322683238e-01 -3.545183693322683238e-01 -3.545183693322683238e-01 -3.545183693322683238e-01
