6.661282294187944153e+00 6.661285892805079101e+00 6.661297272434275385e+00 6.661333256007778481e+00 6.661447026323972231e+00 6.661806602385688336e+00 6.662941711478030271e+00 6.666511615175473970e+00 6.677606744313892229e+00 6.710825384995801279e+00 6.799340806306076956e+00
6.532892912496971682e+00 6.532896507850417755e+00 6.532907877159571441e+00 6.532943828104743389e+00 6.533057495306803908e+00 6.533416745969383932e+00 6.534550833431483241e+00 6.538117599171690664e+00 6.549204309176665184e+00 6.582427114934408685e+00 6.671519259463651430e+00
6.404426608824635103e+00 6.404430201235570941e+00 6.404441561240230563e+00 6.404477482767404695e+00 6.404591056996006060e+00 6.404950014209154219e+00 6.406083179736847377e+00 6.409647104449335941e+00 6.420726000878037354e+00 6.453947554688019395e+00 6.543478299703914480e+00
6.275902863933411346e+00 6.275906453560279985e+00 6.275917804761408370e+00 6.275953698454033614e+00 6.276067184708972846e+00 6.276425864204605354e+00 6.277558156640176357e+00 6.281119382025592834e+00 6.292190673610184248e+00 6.325406216819220440e+00 6.415263066758663868e+00
6.147336245341393557e+00 6.147339832208162491e+00 6.147351174681513264e+00 6.147387040778689915e+00 6.147500439811511619e+00 6.147858843917831884e+00 6.148990270051793772e+00 6.152548809114701811e+00 6.163612368800981400e+00 6.196817534135627525e+00 6.286909893091691792e+00
6.018737625338261843e+00 6.018741209353660082e+00 6.018752542810582362e+00 6.018788380399307414e+00 6.018901689320632187e+00 6.019259808876463502e+00 6.020390339431224369e+00 6.023946094458112022e+00 6.035001499483882981e+00 6.068192089284383250e+00 6.158447336584002230e+00
5.890115103589185885e+00 5.890118684558798279e+00 5.890130008384498517e+00 5.890165815520599146e+00 5.890279028182138887e+00 5.890636843740577611e+00 5.891766417127174194e+00 5.895319190889678040e+00 5.906365745987658400e+00 5.939537543859510826e+00 6.029897309291688323e+00
5.761474702288444938e+00 5.761478279921093737e+00 5.761489593194801806e+00 5.761525366966686157e+00 5.761638474162558587e+00 5.761995956624621940e+00 5.763124480912457770e+00 5.766673982421357536e+00 5.777710729199466932e+00 5.810859334840111856e+00 5.901276181420427314e+00
5.632820887275817867e+00 5.632824461185251153e+00 5.632835762685553860e+00 5.632871499231066892e+00 5.632984488750906849e+00 5.633341599531592969e+00 5.634468952951465326e+00 5.638014798726194599e+00 5.649040513436109023e+00 5.682161191979532511e+00 5.772595778349812967e+00
5.504156957449062304e+00 5.504160527151664262e+00 5.504171815349282681e+00 5.504207509832840017e+00 5.504320366389412023e+00 5.504677057187743472e+00 5.505803087391849537e+00 5.509344798917624964e+00 5.520357980118497210e+00 5.553445518659348323e+00 5.643864229261672527e+00
5.375485334053053954e+00 5.375488898962076156e+00 5.375500172001600241e+00 5.375535818556441470e+00 5.375648523602982287e+00 5.376004735824047032e+00 5.377129258052912419e+00 5.380666255874111847e+00 5.391665102955681022e+00 5.424713668059141014e+00 5.515086655631084689e+00
