6.607220908180168273e+00 6.607220908208649490e+00 6.607220908298716111e+00 6.607220908583531838e+00 6.607220909484196270e+00 6.607220912332349094e+00 6.607220921338998743e+00 6.607220949820523437e+00 6.607221039887000380e+00 6.607221324702083010e+00 6.607222225365197765e+00
6.745278693897079236e+00 6.745278693925352620e+00 6.745278694014759324e+00 6.745278694297488720e+00 6.745278695191556650e+00 6.745278698018848829e+00 6.745278706959533466e+00 6.745278735232457024e+00 6.745278824639279414e+00 6.745279107368353344e+00 6.745280001434934114e+00
6.882631613191503739e+00 6.882631613219645672e+00 6.882631613308639373e+00 6.882631613590063147e+00 6.882631614480002824e+00 6.882631617294237891e+00 6.882631626193631114e+00 6.882631654335981786e+00 6.882631743329897134e+00 6.882632024753242206e+00 6.882632914690743675e+00
7.019050281103865530e+00 7.019050281131958613e+00 7.019050281220795107e+00 7.019050281501720612e+00 7.019050282390084661e+00 7.019050285199339712e+00 7.019050294082985531e+00 7.019050322175536927e+00 7.019050411011972024e+00 7.019050691937320785e+00 7.019051580300001980e+00
7.154241345363077542e+00 7.154241345391207929e+00 7.154241345480164327e+00 7.154241345761468196e+00 7.154241346651030398e+00 7.154241349464072641e+00 7.154241358359693770e+00 7.154241386490115318e+00 7.154241475446305287e+00 7.154241756750347569e+00 7.154242646310531306e+00
7.287839658375965257e+00 7.287839658404232424e+00 7.287839658493620476e+00 7.287839658776292140e+00 7.287839659670177106e+00 7.287839662496891080e+00 7.287839671435745181e+00 7.287839699702883145e+00 7.287839789091406395e+00 7.287840071762601291e+00 7.287840965646049440e+00
7.419404487936675174e+00 7.419404487965192807e+00 7.419404488055374891e+00 7.419404488340557435e+00 7.419404489242380940e+00 7.419404492094199277e+00 7.419404501112440542e+00 7.419404529630622136e+00 7.419404619813014357e+00 7.419404904994636674e+00 7.419405806816670612e+00
7.548421739328301960e+00 7.548421739357205951e+00 7.548421739448605727e+00 7.548421739737636749e+00 7.548421740651636291e+00 7.548421743541953610e+00 7.548421752681940156e+00 7.548421781585114232e+00 7.548421872984960146e+00 7.548422162016496628e+00 7.548423076012913846e+00
7.674315092525370474e+00 7.674315092554816253e+00 7.674315092647930214e+00 7.674315092942383565e+00 7.674315093873527616e+00 7.674315096818064674e+00 7.674315106129505182e+00 7.674315135574866886e+00 7.674315228689256863e+00 7.674315523142641204e+00 7.674316454284282329e+00
7.797116588295617490e+00 7.797116588325742725e+00 7.797116588421007854e+00 7.797116588722261987e+00 7.797116589674911502e+00 7.797116592687454606e+00 7.797116602213952419e+00 7.797116632339379905e+00 7.797116727604326947e+00 7.797117028858346899e+00 7.797117981505254924e+00
7.914854515338628715e+00 7.914854515369690979e+00 7.914854515467919960e+00 7.914854515778547928e+00 7.914854516760838621e+00 7.914854519867115634e+00 7.914854529690023455e+00 7.914854560752783819e+00 7.914854658981835378e+00 7.914854969609141477e+00 7.914855951896647035e+00
