1.256782840770632070e+01 1.256782840770632070e+01 1.256782840770632070e+01 1.256782840770632070e+01 1.256782840770632070e+01 1.256782840770632070e+01 1.256782840770632070e+01 1.256782840770632070e+01 1.256782840770632070e+01 1.256782840770632070e+01 1.256782840770632070e+01
1.269098126026076834e+01 1.269098126026076834e+01 1.269098126026076834e+01 1.269098126026076834e+01 1.269098126026076834e+01 1.269098126026076834e+01 1.269098126026076834e+01 1.269098126026076834e+01 1.269098126026076834e+01 1.269098126026076834e+01 1.269098126026076834e+01
1.280987750456628582e+01 1.280987750456628582e+01 1.280987750456628582e+01 1.280987750456628582e+01 1.280987750456628582e+01 1.280987750456628582e+01 1.280987750456628582e+01 1.280987750456628582e+01 1.280987750456628582e+01 1.280987750456628582e+01 1.280987750456628582e+01
1.292390539719895948e+01 1.292390539719895948e+01 1.292390539719895948e+01 1.292390539719895948e+01 1.292390539719895948e+01 1.292390539719895948e+01 1.292390539719895948e+01 1.292390539719895948e+01 1.292390539719895948e+01 1.292390539719895948e+01 1.292390539719895948e+01
1.303250425635535770e+01 1.303250425635535770e+01 1.303250425635535770e+01 1.303250425635535770e+01 1.303250425635535770e+01 1.303250425635535770e+01 1.303250425635535770e+01 1.303250425635535770e+01 1.303250425635535770e+01 1.303250425635535770e+01 1.303250425635535770e+01
1.313519650362652236e+01 1.313519650362652236e+01 1.313519650362652236e+01 1.313519650362652236e+01 1.313519650362652236e+01 1.313519650362652236e+01 1.313519650362652236e+01 1.313519650362652236e+01 1.313519650362652236e+01 1.313519650362652236e+01 1.313519650362652236e+01
1.323161216754290415e+01 1.323161216754290415e+01 1.323161216754290415e+01 1.323161216754290415e+01 1.323161216754290415e+01 1.323161216754290415e+01 1.323161216754290415e+01 1.323161216754290415e+01 1.323161216754290415e+01 1.323161216754290415e+01 1.323161216754290415e+01
1.332150345554759419e+01 1.332150345554759419e+01 1.332150345554759419e+01 1.332150345554759419e+01 1.332150345554759419e+01 1.332150345554759419e+01 1.332150345554759419e+01 1.332150345554759419e+01 1.332150345554759419e+01 1.332150345554759419e+01 1.332150345554759419e+01
1.340474890730632751e+01 1.340474890730632751e+01 1.340474890730632751e+01 1.340474890730632751e+01 1.340474890730632751e+01 1.340474890730632751e+01 1.340474890730632751e+01 1.340474890730632751e+01 1.340474890730632751e+01 1.340474890730632751e+01 1.340474890730632751e+01
1.348134830684697150e+01 1.348134830684697150e+01 1.348134830684697150e+01 1.348134830684697150e+01 1.348134830684697150e+01 1.348134830684697150e+01 1.348134830684697150e+01 1.348134830684697150e+01 1.348134830684697150e+01 1.348134830684697150e+01 1.348134830684697150e+01
1.355141051411991349e+01 1.355141051411991349e+01 1.355141051411991349e+01 1.355141051411991349e+01 1.355141051411991349e+01 1.355141051411991349e+01 1.355141051411991349e+01 1.355141051411991349e+01 1.355141051411991349e+01 1.355141051411991349e+01 1.355141051411991349e+01
