-1.860099650430796780e-01 -1.860098926890292048e-01 -1.860096638855108231e-01 -1.860089403460500057e-01 -1.860066523213093903e-01 -1.859994170311160266e-01 -1.859765378278278036e-01 -1.859041953656899449e-01 -1.856755076873941035e-01 -1.849531252426459271e-01 -1.826766271576680534e-01
-3.160455738891040367e-01 -3.160455016562322972e-01 -3.160452732359145256e-01 -3.160445509082370763e-01 -3.160422667154662579e-01 -3.160350435427590199e-01 -3.160122026556707042e-01 -3.159399813334461404e-01 -3.157116764678857268e-01 -3.149905019364799275e-01 -3.127177973364485553e-01
-4.463143512520428846e-01 -4.463142791567529799e-01 -4.463140511715072978e-01 -4.463133302196455876e-01 -4.463110503775555293e-01 -4.463038409626082781e-01 -4.462810435783680640e-01 -4.462089597941407138e-01 -4.459810895612719706e-01 -4.452612864597281228e-01 -4.429928889292851779e-01
-5.768678889601996929e-01 -5.768678170191832155e-01 -5.768675895217927341e-01 -5.768668701126610232e-01 -5.768645951490779522e-01 -5.768574011609879371e-01 -5.768346525573861960e-01 -5.767627229974158221e-01 -5.765353401280575163e-01 -5.758170748490097912e-01 -5.735535070251732703e-01
-7.077191853037752001e-01 -7.077191135418362533e-01 -7.077188866107382292e-01 -7.077181689923772723e-01 -7.077158996916690370e-01 -7.077087236107716395e-01 -7.076860316307846954e-01 -7.076142810914203274e-01 -7.073874639453474611e-01 -7.066709837537376027e-01 -7.044130222911010319e-01
-8.390413403785922375e-01 -8.390412688038694222e-01 -8.390410424647996024e-01 -8.390403267185922997e-01 -8.390380633381135933e-01 -8.390309059782190548e-01 -8.390082731951750139e-01 -8.389367098123275968e-01 -8.387104841008923284e-01 -8.379958701369540908e-01 -8.357437699729276526e-01
-9.707559430377166176e-01 -9.707558716851705238e-01 -9.707556460486843619e-01 -9.707549325242369465e-01 -9.707526761695314255e-01 -9.707455410266013773e-01 -9.707229784949561457e-01 -9.706516372184316177e-01 -9.704261133881525447e-01 -9.697137141714222697e-01 -9.674685700448362180e-01
-1.103154903970704037e+00 -1.103154832843447730e+00 -1.103154607919390573e+00 -1.103153896647836252e+00 -1.103151647417356607e+00 -1.103144534802719345e+00 -1.103122043506927996e+00 -1.103050927449325203e+00 -1.102826115337898649e+00 -1.102115961925925092e+00 -1.099877871532299878e+00
-1.236104563051712679e+00 -1.236104492193586424e+00 -1.236104268120593375e+00 -1.236103559540333352e+00 -1.236101318820415740e+00 -1.236094233117960073e+00 -1.236071826920169148e+00 -1.236000979908184583e+00 -1.235777018015256079e+00 -1.235069547459099137e+00 -1.232839883708363615e+00
-1.370079050054867187e+00 -1.370078979454211643e+00 -1.370078756195411751e+00 -1.370078050189851293e+00 -1.370075817611793090e+00 -1.370068757655605651e+00 -1.370046432869145292e+00 -1.369975843247218217e+00 -1.369752694741779964e+00 -1.369047790842023549e+00 -1.366826188962781741e+00
-1.504837279209831902e+00 -1.504837208919863611e+00 -1.504836986643542041e+00 -1.504836283744845238e+00 -1.504834060991484979e+00 -1.504827032103057460e+00 -1.504804805554847746e+00 -1.504734526523235916e+00 -1.504512359527993004e+00 -1.503810552824981661e+00 -1.501598679508300727e+00
