1.350286671062803645e+00 1.721085452322052678e+00 1.778150594879468249e+00 1.521692621132190393e+00 1.092646350802595645e+00 6.050868614657437528e-01 1.065664990466928808e-01 -3.932800101997428466e-01 -8.932641976798555428e-01 -1.393262484834769888e+00 -1.893262272306515559e+00
1.217496681472512998e+00 1.615656923202432260e+00 1.722723151209514025e+00 1.501596695301955053e+00 1.088216103575500915e+00 6.044936942698879712e-01 1.065037182911190428e-01 -3.932863414872683760e-01 -8.932648345622068442e-01 -1.393262549572312547e+00 -1.893262279110194735e+00
1.081883464962373198e+00 1.502968193638273053e+00 1.660093232747633651e+00 1.477592680626444999e+00 1.082502283978753033e+00 6.036843376076108658e-01 1.064165947220245267e-01 -3.932951468575736631e-01 -8.932657198260761655e-01 -1.393262639331939612e+00 -1.893262288472914889e+00
9.434960212227813114e-01 1.383325554781955624e+00 1.589575432992343051e+00 1.449086855877339985e+00 1.075178908315420401e+00 6.025799228572435995e-01 1.062951403227998248e-01 -3.933074601327165021e-01 -8.932669573378495542e-01 -1.393262764536711273e+00 -1.893262301448315421e+00
8.022729009479022677e-01 1.257082192867059689e+00 1.510457169791042276e+00 1.415403733635207439e+00 1.065850920767648091e+00 6.010732552990813993e-01 1.061249676541829445e-01 -3.933247876898427475e-01 -8.932686986157645226e-01 -1.393262940384503823e+00 -1.893262319567378782e+00
6.580428019508408610e-01 1.124574548304867472e+00 1.422024418850975636e+00 1.375766547427754505e+00 1.054041159637620906e+00 5.990190167440508917e-01 1.058851921137750479e-01 -3.933493496415494950e-01 -8.932711673471226410e-01 -1.393263189304366323e+00 -1.893262345087896481e+00
5.105292363467612837e-01 9.860590559167683455e-01 1.323599137789816638e+00 1.329272045934863700e+00 1.039173620206919280e+00 5.962207419912695094e-01 1.055452530896492658e-01 -3.933844603337083301e-01 -8.932746983141308661e-01 -1.393263544868067250e+00 -1.893262381383625792e+00
3.593341207910430435e-01 8.416586462801153301e-01 1.214582814351535145e+00 1.274859572592312196e+00 1.020551231364687395e+00 5.924135168463741108e-01 1.050600622983372673e-01 -3.934351384964664411e-01 -8.932798001598258875e-01 -1.393264058061145283e+00 -1.893262433573883019e+00
2.039507824505605582e-01 6.913215205254619189e-01 1.094493089732086810e+00 1.211275530910498777e+00 9.973255114262693510e-01 5.872409148437558457e-01 1.043625411269467479e-01 -3.935091061361563614e-01 -8.932872593926282079e-01 -1.393264807745443035e+00 -1.893262509568543139e+00
4.372115743514921188e-02 5.347928995333632862e-01 9.629742683036857098e-01 1.137037382100848371e+00 9.684544601241324990e-01 5.802240749680194210e-01 1.033520738034585801e-01 -3.936184555520508832e-01 -8.932983164389445285e-01 -1.393265918407252890e+00 -1.893262621844769455e+00
-1.221623865076129217e-01 3.715889564397045208e-01 8.197633598321385495e-01 1.050406450352674215e+00 9.326437591867160481e-01 5.707198701237614635e-01 1.018765605015551357e-01 -3.937824865421454268e-01 -8.933149703867258040e-01 -1.393267590722133686e+00 -1.893262790495836123e+00
