-3.250356702347975357e+01 -3.250356702347971805e+01 -3.250356702347961146e+01 -3.250356702347926330e+01 -3.250356702347816906e+01 -3.250356702347470872e+01 -3.250356702346375215e+01 -3.250356702342911319e+01 -3.250356702331958303e+01 -3.250356702297320766e+01 -3.250356702187787050e+01
-3.236705809133015066e+01 -3.236705809133011513e+01 -3.236705809133000145e+01 -3.236705809132965328e+01 -3.236705809132855194e+01 -3.236705809132507028e+01 -3.236705809131405687e+01 -3.236705809127921896e+01 -3.236705809116907062e+01 -3.236705809082073415e+01 -3.236705808971920817e+01
-3.223028406839024029e+01 -3.223028406839020477e+01 -3.223028406839009108e+01 -3.223028406838974291e+01 -3.223028406838863447e+01 -3.223028406838513860e+01 -3.223028406837407545e+01 -3.223028406833908832e+01 -3.223028406822844971e+01 -3.223028406787858557e+01 -3.223028406677221369e+01
-3.209334481898644498e+01 -3.209334481898640945e+01 -3.209334481898630287e+01 -3.209334481898594760e+01 -3.209334481898483915e+01 -3.209334481898132907e+01 -3.209334481897023039e+01 -3.209334481893513669e+01 -3.209334481882415702e+01 -3.209334481847320575e+01 -3.209334481736341615e+01
-3.195635463650479124e+01 -3.195635463650475572e+01 -3.195635463650464558e+01 -3.195635463650429386e+01 -3.195635463650318187e+01 -3.195635463649966468e+01 -3.195635463648854824e+01 -3.195635463645339414e+01 -3.195635463634222617e+01 -3.195635463599068160e+01 -3.195635463487900196e+01
-3.181944886652480164e+01 -3.181944886652476612e+01 -3.181944886652465598e+01 -3.181944886652430426e+01 -3.181944886652319227e+01 -3.181944886651967863e+01 -3.181944886650855864e+01 -3.181944886647340098e+01 -3.181944886636221881e+01 -3.181944886601063160e+01 -3.181944886489881696e+01
-3.168279248265438852e+01 -3.168279248265435299e+01 -3.168279248265424286e+01 -3.168279248265389114e+01 -3.168279248265277914e+01 -3.168279248264926906e+01 -3.168279248263817038e+01 -3.168279248260307313e+01 -3.168279248249208635e+01 -3.168279248214111021e+01 -3.168279248103122470e+01
-3.154659084917207323e+01 -3.154659084917204126e+01 -3.154659084917192757e+01 -3.154659084917157941e+01 -3.154659084917047451e+01 -3.154659084916697864e+01 -3.154659084915592260e+01 -3.154659084912096745e+01 -3.154659084901042121e+01 -3.154659084866084839e+01 -3.154659084755540377e+01
-3.141110269836539004e+01 -3.141110269836535451e+01 -3.141110269836524438e+01 -3.141110269836489621e+01 -3.141110269836379842e+01 -3.141110269836032742e+01 -3.141110269834934954e+01 -3.141110269831463242e+01 -3.141110269820484291e+01 -3.141110269785766107e+01 -3.141110269675977662e+01
-3.127665491480846072e+01 -3.127665491480842874e+01 -3.127665491480831861e+01 -3.127665491480797400e+01 -3.127665491480688686e+01 -3.127665491480345139e+01 -3.127665491479259074e+01 -3.127665491475823600e+01 -3.127665491464959402e+01 -3.127665491430604305e+01 -3.127665491321964453e+01
-3.114365796690692889e+01 -3.114365796690689692e+01 -3.114365796690679034e+01 -3.114365796690645283e+01 -3.114365796690537991e+01 -3.114365796690199772e+01 -3.114365796689129695e+01 -3.114365796685746091e+01 -3.114365796675046383e+01 -3.114365796641211048e+01 -3.114365796534213615e+01
