1.705099016764486830e+00 1.705099016764486830e+00 1.705099016764486830e+00 1.705099016764486830e+00 1.705099016764486830e+00 1.705099016764486830e+00 1.705099016764486830e+00 1.705099016764486830e+00 1.705099016764486830e+00 1.705099016764486830e+00 1.705099016764487052e+00
1.845763301011106305e+00 1.845763301011106305e+00 1.845763301011106305e+00 1.845763301011106305e+00 1.845763301011106305e+00 1.845763301011106305e+00 1.845763301011106305e+00 1.845763301011106305e+00 1.845763301011106305e+00 1.845763301011106305e+00 1.845763301011106305e+00
1.986215104663608733e+00 1.986215104663608733e+00 1.986215104663608733e+00 1.986215104663608733e+00 1.986215104663608733e+00 1.986215104663608733e+00 1.986215104663608733e+00 1.986215104663608733e+00 1.986215104663608733e+00 1.986215104663608733e+00 1.986215104663608733e+00
2.126515790758763291e+00 2.126515790758763291e+00 2.126515790758763291e+00 2.126515790758763291e+00 2.126515790758763291e+00 2.126515790758763291e+00 2.126515790758763291e+00 2.126515790758763291e+00 2.126515790758763291e+00 2.126515790758763291e+00 2.126515790758763291e+00
2.266709478005588085e+00 2.266709478005588085e+00 2.266709478005588085e+00 2.266709478005588085e+00 2.266709478005588085e+00 2.266709478005588085e+00 2.266709478005588085e+00 2.266709478005588085e+00 2.266709478005588085e+00 2.266709478005588085e+00 2.266709478005588085e+00
2.406827808694345094e+00 2.406827808694345094e+00 2.406827808694345094e+00 2.406827808694345094e+00 2.406827808694345094e+00 2.406827808694345094e+00 2.406827808694345094e+00 2.406827808694345094e+00 2.406827808694345094e+00 2.406827808694345094e+00 2.406827808694345094e+00
2.546893412797345935e+00 2.546893412797345935e+00 2.546893412797345935e+00 2.546893412797345935e+00 2.546893412797345935e+00 2.546893412797345935e+00 2.546893412797345935e+00 2.546893412797345935e+00 2.546893412797345935e+00 2.546893412797346379e+00 2.546893412797346379e+00
2.686922420776303166e+00 2.686922420776303166e+00 2.686922420776303166e+00 2.686922420776303166e+00 2.686922420776303166e+00 2.686922420776303166e+00 2.686922420776303166e+00 2.686922420776303166e+00 2.686922420776303166e+00 2.686922420776303166e+00 2.686922420776303166e+00
2.826926283518826466e+00 2.826926283518826466e+00 2.826926283518826466e+00 2.826926283518826466e+00 2.826926283518826466e+00 2.826926283518826466e+00 2.826926283518826466e+00 2.826926283518826466e+00 2.826926283518826466e+00 2.826926283518826466e+00 2.826926283518826466e+00
2.966913088309733659e+00 2.966913088309733659e+00 2.966913088309733659e+00 2.966913088309733659e+00 2.966913088309733659e+00 2.966913088309733659e+00 2.966913088309733659e+00 2.966913088309733659e+00 2.966913088309733659e+00 2.966913088309733659e+00 2.966913088309733659e+00
3.106888508597794640e+00 3.106888508597794640e+00 3.106888508597794640e+00 3.106888508597794640e+00 3.106888508597794640e+00 3.106888508597794640e+00 3.106888508597794640e+00 3.106888508597794640e+00 3.106888508597794640e+00 3.106888508597795084e+00 3.106888508597795084e+00
