1.250615950905852891e+01 1.250615733964533582e+01 1.250615055846616031e+01 1.250612971812230789e+01 1.250606794124428234e+01 1.250589696055546085e+01 1.250547264996326469e+01 1.250455385439323130e+01 1.250280370656199835e+01 1.249976218607594980e+01 1.249476017780964199e+01
1.250611021576711579e+01 1.250610843451475773e+01 1.250610281326341067e+01 1.250608515582426605e+01 1.250603056810458114e+01 1.250587060353387514e+01 1.250545655969390246e+01 1.250454456860717833e+01 1.250279832913910738e+01 1.249975900489096325e+01 1.249475825527642669e+01
1.250609632997510090e+01 1.250609460316171173e+01 1.250608915201393145e+01 1.250607201187837170e+01 1.250601885626201337e+01 1.250586180996257291e+01 1.250545107182125371e+01 1.250454139795716735e+01 1.250279650277036403e+01 1.249975793534396118e+01 1.249475761960175113e+01
1.250607870991085413e+01 1.250607704347633486e+01 1.250607178133651232e+01 1.250605521945425380e+01 1.250600369764069697e+01 1.250585017601475535e+01 1.250544372253197345e+01 1.250453714171141506e+01 1.250279405147890799e+01 1.249975650141622374e+01 1.249475676907857746e+01
1.250605641783482014e+01 1.250605481792791984e+01 1.250604976437809590e+01 1.250603384402301366e+01 1.250598416746726116e+01 1.250583484341080620e+01 1.250543389149637541e+01 1.250453142900872194e+01 1.250279076090783548e+01 1.249975457822683111e+01 1.249475563032318526e+01
1.250602830473092553e+01 1.250602677758813108e+01 1.250602195250490389e+01 1.250600673806153651e+01 1.250595912403553989e+01 1.250581472613691147e+01 1.250542076040468764e+01 1.250452376347579353e+01 1.250278634326476634e+01 1.249975199801044212e+01 1.249475410476902404e+01
1.250599297103062923e+01 1.250599152282068793e+01 1.250598694588246040e+01 1.250597250127674265e+01 1.250592716773440749e+01 1.250578846383013421e+01 1.250540325611265580e+01 1.250451348176832056e+01 1.250278041232063408e+01 1.249974853540476616e+01 1.249475206001157979e+01
1.250594872263519441e+01 1.250594735926973655e+01 1.250594304935565582e+01 1.250592943613195374e+01 1.250588659535795699e+01 1.250575437031048409e+01 1.250537998169939158e+01 1.250449969923314164e+01 1.250277245003704074e+01 1.249974388771598832e+01 1.249474931818154921e+01
1.250589352233876994e+01 1.250589224925308507e+01 1.250588822374631803e+01 1.250587549882929395e+01 1.250583534997305257e+01 1.250571037798032492e+01 1.250534913544979254e+01 1.250448123932279287e+01 1.250276176213077406e+01 1.249973764846870061e+01 1.249474564032948543e+01
1.250582493689890917e+01 1.250582375881126040e+01 1.250582003283314947e+01 1.250580824605825114e+01 1.250577096680958000e+01 1.250565397912191656e+01 1.250530841937459492e+01 1.250445654301463705e+01 1.250274741911455223e+01 1.249972927199673833e+01 1.249474070546248150e+01
1.250574008005388293e+01 1.250573900071663935e+01 1.250573558633389126e+01 1.250572477788118775e+01 1.250569051572299806e+01 1.250558216532768618e+01 1.250525494097981394e+01 1.250442355447131249e+01 1.250272817843063322e+01 1.249971802611221250e+01 1.249473408241565053e+01
