4.976506117451047650e+00 4.506185034198399109e+00 4.016030462246588328e+00 3.519162878498632629e+00 3.020152092177136094e+00 2.520464580693579926e+00 2.020563357323714282e+00 1.520594588861524210e+00 1.020604464694129243e+00 5.206075876616312881e-01 2.060857522616039994e-02
4.978602939424029650e+00 4.506537813850747476e+00 4.016076154196899672e+00 3.519167960116911686e+00 3.020152619422552753e+00 2.520464633850249658e+00 2.020563362583897238e+00 1.520594589363750471e+00 1.020604464736628803e+00 5.206075876634326249e-01 2.060857522556585469e-02
4.980155477276058562e+00 4.506795005101386309e+00 4.016109298080333012e+00 3.519171641946575502e+00 3.020153001273933935e+00 2.520464672316695687e+00 2.020563366380524695e+00 1.520594589723073264e+00 1.020604464765984432e+00 5.206075876642838329e-01 2.060857522499191102e-02
4.981298761926534091e+00 4.506982195506575195e+00 4.016133331447281130e+00 3.519174309382567589e+00 3.020153277805491143e+00 2.520464700146859638e+00 2.020563369118948405e+00 1.520594589979539002e+00 1.020604464786031285e+00 5.206075876645145373e-01 2.060857522445364715e-02
4.982137153331318125e+00 4.507118268730176069e+00 4.016150754057818517e+00 3.519176241784413239e+00 3.020153478049517393e+00 2.520464720276822224e+00 2.020563371092527483e+00 1.520594590162059445e+00 1.020604464799515609e+00 5.206075876643527778e-01 2.060857522395998648e-02
4.982750013502888820e+00 4.507217093188201851e+00 4.016163381872957849e+00 3.519177641618382868e+00 3.020153623038047908e+00 2.520464734832912779e+00 2.020563372513527245e+00 1.520594590291496129e+00 1.020604464808400058e+00 5.206075876639559841e-01 2.060857522351359702e-02
4.983196948428987305e+00 4.507288817109540879e+00 4.016172533124350075e+00 3.519178655605062378e+00 3.020153728006892635e+00 2.520464745354924485e+00 2.020563373535503970e+00 1.520594590382891020e+00 1.020604464814083956e+00 5.206075876634300714e-01 2.060857522311493328e-02
4.983522306187905038e+00 4.507340846551368685e+00 4.016179164214868536e+00 3.519179390058608359e+00 3.020153803992618347e+00 2.520464752957810806e+00 2.020563374269511048e+00 1.520594590447079453e+00 1.020604464817560730e+00 5.206075876628466492e-01 2.060857522276225359e-02
4.983758850639567584e+00 4.507378575695878631e+00 4.016183968758009648e+00 3.519179922009331385e+00 3.020153858989625295e+00 2.520464758448822895e+00 2.020563374795840250e+00 1.520594590491857856e+00 1.020604464819533819e+00 5.206075876622513476e-01 2.060857522245206075e-02
4.983930660877836871e+00 4.507405927695669945e+00 4.016187449638100482e+00 3.519180307266819963e+00 3.020153898788460634e+00 2.520464762412360837e+00 2.020563375172520271e+00 1.520594590522830858e+00 1.020604464820498825e+00 5.206075876616730325e-01 2.060857522218086102e-02
4.984384174867460437e+00 4.507477903882645798e+00 4.016196595972425065e+00 3.519181317407774401e+00 3.020154002488719680e+00 2.520464772530909947e+00 2.020563376066715211e+00 1.520594590573798754e+00 1.020604464813396284e+00 5.206075876571036876e-01 2.060857522050353607e-02
