5.364511842020538879e+00 5.364511842020538879e+00 5.364511842020538879e+00 5.364511842020538879e+00 5.364511842020538879e+00 5.364511842020539767e+00 5.364511842020541543e+00 5.364511842020547761e+00 5.364511842020566412e+00 5.364511842020625032e+00 5.364511842020809773e+00
5.232226976427502230e+00 5.232226976427502230e+00 5.232226976427502230e+00 5.232226976427502230e+00 5.232226976427502230e+00 5.232226976427503118e+00 5.232226976427504006e+00 5.232226976427510223e+00 5.232226976427527099e+00 5.232226976427580389e+00 5.232226976427750031e+00
5.098711768262696786e+00 5.098711768262696786e+00 5.098711768262696786e+00 5.098711768262696786e+00 5.098711768262696786e+00 5.098711768262697674e+00 5.098711768262698563e+00 5.098711768262703892e+00 5.098711768262718991e+00 5.098711768262767841e+00 5.098711768262921495e+00
4.963549610937794121e+00 4.963549610937794121e+00 4.963549610937794121e+00 4.963549610937794121e+00 4.963549610937794121e+00 4.963549610937795009e+00 4.963549610937796785e+00 4.963549610937800338e+00 4.963549610937814549e+00 4.963549610937858070e+00 4.963549610937994849e+00
4.826185056884736646e+00 4.826185056884736646e+00 4.826185056884736646e+00 4.826185056884736646e+00 4.826185056884736646e+00 4.826185056884737534e+00 4.826185056884738422e+00 4.826185056884742863e+00 4.826185056884754410e+00 4.826185056884792601e+00 4.826185056884912505e+00
4.685880464823721780e+00 4.685880464823721780e+00 4.685880464823721780e+00 4.685880464823721780e+00 4.685880464823721780e+00 4.685880464823721780e+00 4.685880464823723557e+00 4.685880464823726221e+00 4.685880464823736880e+00 4.685880464823768854e+00 4.685880464823871883e+00
4.541659264417810427e+00 4.541659264417810427e+00 4.541659264417810427e+00 4.541659264417810427e+00 4.541659264417810427e+00 4.541659264417810427e+00 4.541659264417811315e+00 4.541659264417813979e+00 4.541659264417822861e+00 4.541659264417849506e+00 4.541659264417935660e+00
4.392235177637976662e+00 4.392235177637976662e+00 4.392235177637976662e+00 4.392235177637976662e+00 4.392235177637976662e+00 4.392235177637976662e+00 4.392235177637977550e+00 4.392235177637979326e+00 4.392235177637986432e+00 4.392235177638008636e+00 4.392235177638078802e+00
4.235925054180882832e+00 4.235925054180882832e+00 4.235925054180882832e+00 4.235925054180882832e+00 4.235925054180882832e+00 4.235925054180882832e+00 4.235925054180883720e+00 4.235925054180885496e+00 4.235925054180890825e+00 4.235925054180908589e+00 4.235925054180963656e+00
4.070540032420799648e+00 4.070540032420799648e+00 4.070540032420799648e+00 4.070540032420799648e+00 4.070540032420799648e+00 4.070540032420799648e+00 4.070540032420799648e+00 4.070540032420801424e+00 4.070540032420804977e+00 4.070540032420818299e+00 4.070540032420860044e+00
3.893259805759982761e+00 3.893259805759982761e+00 3.893259805759982761e+00 3.893259805759982761e+00 3.893259805759982761e+00 3.893259805759982761e+00 3.893259805759983649e+00 3.893259805759984538e+00 3.893259805759987202e+00 3.893259805759996528e+00 3.893259805760027170e+00
