3.115313111578158267e+00 3.115316241113947004e+00 3.115326137426637665e+00 3.115357430831068530e+00 3.115456374426910813e+00 3.115769113271497304e+00 3.116756600732245364e+00 3.119864614060773089e+00 3.129549133083087575e+00 3.158825834061817162e+00 3.240224788232771047e+00
2.986590228303059202e+00 2.986593353822425190e+00 2.986603237434454439e+00 2.986634490679697329e+00 2.986733307319323849e+00 2.987045645075589562e+00 2.988031867996576274e+00 2.991135920253605640e+00 3.000808279348865959e+00 3.030049859783115362e+00 3.111363264431317166e+00
2.857860564760608568e+00 2.857863685634414619e+00 2.857873554556335627e+00 2.857904761351790501e+00 2.858003431148415707e+00 2.858315304987159688e+00 2.859300065266429325e+00 2.862399535752042645e+00 2.872057827769082916e+00 2.901258760130024150e+00 2.982472897411959867e+00
2.729123279390226475e+00 2.729126394890067253e+00 2.729136246818527844e+00 2.729167399881033074e+00 2.729265899810043638e+00 2.729577236988630418e+00 2.730560305267422105e+00 2.733654475352950364e+00 2.743296492347062188e+00 2.772450379425669187e+00 2.853549420401567005e+00
2.600377285500532931e+00 2.600380394783985416e+00 2.600390227055086267e+00 2.600421317961435275e+00 2.600519621394128844e+00 2.600830337783282875e+00 2.601811448799699278e+00 2.604899487356975740e+00 2.614522675695366782e+00 2.643622119294734230e+00 2.724587787110605674e+00
2.471621241181643835e+00 2.471624343275232061e+00 2.471634152810661789e+00 2.471665171827281515e+00 2.471763247992404988e+00 2.472073246374866695e+00 2.473052093597957857e+00 2.476133040171438982e+00 2.485734448681823583e+00 2.514770898024022650e+00 2.595582081650096740e+00
2.342853484394183727e+00 2.342856578174125293e+00 2.342866361420279375e+00 2.342897297310717164e+00 2.342995110685849092e+00 2.343304278833350462e+00 2.344280508397811325e+00 2.347353254181248072e+00 2.356929475517348660e+00 2.385893055720814449e+00 2.466525373828807766e+00
2.214071847025240292e+00 2.214074931196480911e+00 2.214084684058152508e+00 2.214115523873419367e+00 2.214213033522137053e+00 2.214521242101022303e+00 2.215494446200980239e+00 2.218557713313247692e+00 2.228104820038177003e+00 2.256984144842909767e+00 2.337409468755798247e+00
2.085274056167399248e+00 2.085277129236373650e+00 2.085286846990634491e+00 2.085317575796879819e+00 2.085414734507822665e+00 2.085721834358705618e+00 2.086691542667009625e+00 2.089743857233248736e+00 2.099257318793793292e+00 2.128039247308869619e+00 2.208225082612631063e+00
1.956456818694631172e+00 1.956459878944722952e+00 1.956469556163309198e+00 1.956500156796412204e+00 1.956596910307398574e+00 1.956902729993424517e+00 1.957868401926643687e+00 1.960908069797420383e+00 1.970382677491934187e+00 1.999052093156030274e+00 2.078961010399466236e+00
1.827616489600531358e+00 1.827619535058559341e+00 1.827629165501900577e+00 1.827659618232377881e+00 1.827755904171012746e+00 1.828060246630248908e+00 1.829021260787448089e+00 1.832046334387788633e+00 1.841476098939926365e+00 1.870015607939217173e+00 1.949604467538758268e+00
