-2.085388145560854056e+01 -2.085279346631050146e+01 -2.084937266549626855e+01 -2.083874783198480785e+01 -2.080694393278622911e+01 -2.072103827742764892e+01 -2.053911430416379957e+01 -2.031379200308436950e+01 -2.033822781017184056e+01 -2.070733459490748984e+01 -2.118538213831138250e+01
-2.097956866487704986e+01 -2.097847158329672368e+01 -2.097502186282804715e+01 -2.096430390909380392e+01 -2.093218901333256099e+01 -2.084513961891853029e+01 -2.065815442492167620e+01 -2.040829405564561938e+01 -2.037354529510966117e+01 -2.071257951576514600e+01 -2.118594847127237912e+01
-2.110602868884593519e+01 -2.110492465820723140e+01 -2.110145283759163704e+01 -2.109066374648183739e+01 -2.105831146405493470e+01 -2.097038940235297844e+01 -2.077951412073588955e+01 -2.050967967447511597e+01 -2.041692230895876392e+01 -2.071953420059385920e+01 -2.118670906324923919e+01
-2.123308039609296927e+01 -2.123197104726710194e+01 -2.122848231685272680e+01 -2.121763883055053057e+01 -2.118510533506259108e+01 -2.109651901717492706e+01 -2.090267279602372241e+01 -2.061688494493141022e+01 -2.046916765760107637e+01 -2.072871380815659137e+01 -2.118772998175125721e+01
-2.136058517131871426e+01 -2.135947173056055703e+01 -2.135596999403781737e+01 -2.134508471492310733e+01 -2.131241239264478793e+01 -2.122332000010178277e+01 -2.102721436115351850e+01 -2.072888041805296311e+01 -2.053078457497283438e+01 -2.074075855550882252e+01 -2.118909932828137599e+01
-2.148843733191039362e+01 -2.148732071150761769e+01 -2.148380887408179873e+01 -2.147289119098018872e+01 -2.144011171385101733e+01 -2.135063218833841603e+01 -2.115281149810045491e+01 -2.084473220226078638e+01 -2.060189130185218787e+01 -2.075644368161875164e+01 -2.119093425402421360e+01
-2.161655788353485264e+01 -2.161543875209617127e+01 -2.161191894410421099e+01 -2.160097575274448900e+01 -2.156811248553873739e+01 -2.147833473752427835e+01 -2.127921184036221192e+01 -2.096363397206508239e+01 -2.068220156423894807e+01 -2.077667621194504122e+01 -2.119338989010680052e+01
-2.174488845509184287e+01 -2.174376729269379283e+01 -2.174024104508652755e+01 -2.172927731385964023e+01 -2.169634720879413337e+01 -2.160633642962708834e+01 -2.140622167590844427e+01 -2.108491419376332843e+01 -2.077107142852992538e+01 -2.080247055021170155e+01 -2.119667062277702740e+01
-2.187338649772683041e+01 -2.187226363854360045e+01 -2.186873201856133520e+01 -2.185775122618319699e+01 -2.182476629124213474e+01 -2.173456977572806537e+01 -2.153369442853616178e+01 -2.120802958699075802e+01 -2.086326722654990462e+01 -2.083489495367784983e+01 -2.120104381359566403e+01
-2.200202186324753484e+01 -2.200089752726317727e+01 -2.199736123942741273e+01 -2.198636570133982460e+01 -2.195333410118403705e+01 -2.186298534134322935e+01 -2.166151980557635426e+01 -2.133254960490986107e+01 -2.097073500764970788e+01 -2.087498603942576381e+01 -2.120685596199240663e+01
-2.213077410505889731e+01 -2.212964842135336241e+01 -2.212610788167750542e+01 -2.211509899041156402e+01 -2.208202586198157391e+01 -2.199154759341272936e+01 -2.178961624515074647e+01 -2.145813918821858479e+01 -2.107941287170705991e+01 -2.092363763310210700e+01 -2.121455053799806478e+01
