-2.926815090203869651e+00 -3.426815090057726554e+00 -3.926815090011511966e+00 -4.426815089996897434e+00 -4.926815089992276242e+00 -5.426815089990814300e+00 -5.926815089990352448e+00 -6.426815089990206786e+00 -6.926815089990160601e+00 -7.426815089990145502e+00 -7.926815089990141061e+00
-2.926815090203884751e+00 -3.426815090057731439e+00 -3.926815090011513298e+00 -4.426815089996898323e+00 -4.926815089992276242e+00 -5.426815089990815189e+00 -5.926815089990352448e+00 -6.426815089990206786e+00 -6.926815089990160601e+00 -7.426815089990145502e+00 -7.926815089990141061e+00
-2.926815090203902070e+00 -3.426815090057736768e+00 -3.926815090011515075e+00 -4.426815089996899211e+00 -4.926815089992276242e+00 -5.426815089990815189e+00 -5.926815089990352448e+00 -6.426815089990206786e+00 -6.926815089990160601e+00 -7.426815089990145502e+00 -7.926815089990141061e+00
-2.926815090203922498e+00 -3.426815090057743429e+00 -3.926815090011517295e+00 -4.426815089996900099e+00 -4.926815089992277130e+00 -5.426815089990815189e+00 -5.926815089990352448e+00 -6.426815089990206786e+00 -6.926815089990160601e+00 -7.426815089990145502e+00 -7.926815089990141061e+00
-2.926815090203946035e+00 -3.426815090057750979e+00 -3.926815090011519516e+00 -4.426815089996900099e+00 -4.926815089992277130e+00 -5.426815089990815189e+00 -5.926815089990352448e+00 -6.426815089990206786e+00 -6.926815089990160601e+00 -7.426815089990145502e+00 -7.926815089990141061e+00
-2.926815090203973568e+00 -3.426815090057759416e+00 -3.926815090011522180e+00 -4.426815089996900987e+00 -4.926815089992277130e+00 -5.426815089990815189e+00 -5.926815089990353336e+00 -6.426815089990206786e+00 -6.926815089990160601e+00 -7.426815089990145502e+00 -7.926815089990141061e+00
-2.926815090204005099e+00 -3.426815090057769631e+00 -3.926815090011525289e+00 -4.426815089996901875e+00 -4.926815089992278018e+00 -5.426815089990815189e+00 -5.926815089990353336e+00 -6.426815089990206786e+00 -6.926815089990160601e+00 -7.426815089990145502e+00 -7.926815089990141061e+00
-2.926815090204041958e+00 -3.426815090057781177e+00 -3.926815090011529286e+00 -4.426815089996903652e+00 -4.926815089992278018e+00 -5.426815089990815189e+00 -5.926815089990353336e+00 -6.426815089990206786e+00 -6.926815089990160601e+00 -7.426815089990145502e+00 -7.926815089990141061e+00
-2.926815090204085035e+00 -3.426815090057794500e+00 -3.926815090011533282e+00 -4.426815089996904540e+00 -4.926815089992278018e+00 -5.426815089990815189e+00 -5.926815089990353336e+00 -6.426815089990206786e+00 -6.926815089990160601e+00 -7.426815089990145502e+00 -7.926815089990141061e+00
-2.926815090204134773e+00 -3.426815090057810043e+00 -3.926815090011538167e+00 -4.426815089996906316e+00 -4.926815089992278907e+00 -5.426815089990815189e+00 -5.926815089990352448e+00 -6.426815089990206786e+00 -6.926815089990160601e+00 -7.426815089990145502e+00 -7.926815089990141061e+00
-2.926815090204192060e+00 -3.426815090057828250e+00 -3.926815090011543941e+00 -4.426815089996908092e+00 -4.926815089992279795e+00 -5.426815089990816077e+00 -5.926815089990353336e+00 -6.426815089990206786e+00 -6.926815089990160601e+00 -7.426815089990145502e+00 -7.926815089990141061e+00
