-2.176815091537342095e+00 -2.676815090717728829e+00 -3.176815090458548596e+00 -3.676815090376588380e+00 -4.176815090350670445e+00 -4.676815090342474335e+00 -5.176815090339882630e+00 -5.676815090339063730e+00 -6.176815090338804382e+00 -6.676815090338722669e+00 -7.176815090338696024e+00
-2.176815091537741775e+00 -2.676815090717856283e+00 -3.176815090458588564e+00 -3.676815090376601258e+00 -4.176815090350674886e+00 -4.676815090342476111e+00 -5.176815090339883518e+00 -5.676815090339063730e+00 -6.176815090338804382e+00 -6.676815090338722669e+00 -7.176815090338696024e+00
-2.176815091538082836e+00 -2.676815090717965084e+00 -3.176815090458623203e+00 -3.676815090376612361e+00 -4.176815090350678439e+00 -4.676815090342476999e+00 -5.176815090339883518e+00 -5.676815090339063730e+00 -6.176815090338804382e+00 -6.676815090338722669e+00 -7.176815090338696024e+00
-2.176815091538373714e+00 -2.676815090718057455e+00 -3.176815090458652513e+00 -3.676815090376621686e+00 -4.176815090350681103e+00 -4.676815090342477887e+00 -5.176815090339883518e+00 -5.676815090339063730e+00 -6.176815090338804382e+00 -6.676815090338722669e+00 -7.176815090338696024e+00
-2.176815091538621516e+00 -2.676815090718136503e+00 -3.176815090458677382e+00 -3.676815090376629236e+00 -4.176815090350683768e+00 -4.676815090342478776e+00 -5.176815090339884406e+00 -5.676815090339063730e+00 -6.176815090338804382e+00 -6.676815090338722669e+00 -7.176815090338696024e+00
-2.176815091538832903e+00 -2.676815090718204004e+00 -3.176815090458698698e+00 -3.676815090376636341e+00 -4.176815090350685544e+00 -4.676815090342479664e+00 -5.176815090339884406e+00 -5.676815090339063730e+00 -6.176815090338804382e+00 -6.676815090338722669e+00 -7.176815090338696024e+00
-2.176815091539012759e+00 -2.676815090718260848e+00 -3.176815090458716906e+00 -3.676815090376642114e+00 -4.176815090350687321e+00 -4.676815090342479664e+00 -5.176815090339884406e+00 -5.676815090339063730e+00 -6.176815090338804382e+00 -6.676815090338722669e+00 -7.176815090338696024e+00
-2.176815091539166414e+00 -2.676815090718309698e+00 -3.176815090458732449e+00 -3.676815090376646555e+00 -4.176815090350689097e+00 -4.676815090342480552e+00 -5.176815090339884406e+00 -5.676815090339063730e+00 -6.176815090338804382e+00 -6.676815090338722669e+00 -7.176815090338696024e+00
-2.176815091539296976e+00 -2.676815090718350998e+00 -3.176815090458745328e+00 -3.676815090376650996e+00 -4.176815090350689985e+00 -4.676815090342480552e+00 -5.176815090339885295e+00 -5.676815090339063730e+00 -6.176815090338804382e+00 -6.676815090338722669e+00 -7.176815090338696024e+00
-2.176815091539408442e+00 -2.676815090718386525e+00 -3.176815090458756874e+00 -3.676815090376654549e+00 -4.176815090350691762e+00 -4.676815090342481440e+00 -5.176815090339885295e+00 -5.676815090339063730e+00 -6.176815090338804382e+00 -6.676815090338722669e+00 -7.176815090338696024e+00
-2.176815091539503477e+00 -2.676815090718416723e+00 -3.176815090458766200e+00 -3.676815090376657658e+00 -4.176815090350692650e+00 -4.676815090342481440e+00 -5.176815090339885295e+00 -5.676815090339063730e+00 -6.176815090338804382e+00 -6.676815090338722669e+00 -7.176815090338696024e+00
