-4.147845745670319495e+00 -4.147845745670319495e+00 -4.147845745670319495e+00 -4.147845745670318607e+00 -4.147845745670318607e+00 -4.147845745670317719e+00 -4.147845745670315942e+00 -4.147845745670309725e+00 -4.147845745670288409e+00 -4.147845745670221795e+00 -4.147845745670013073e+00
-4.244391581962431381e+00 -4.244391581962431381e+00 -4.244391581962431381e+00 -4.244391581962431381e+00 -4.244391581962431381e+00 -4.244391581962430493e+00 -4.244391581962428717e+00 -4.244391581962420723e+00 -4.244391581962397630e+00 -4.244391581962325688e+00 -4.244391581962094762e+00
-4.346487876810531503e+00 -4.346487876810531503e+00 -4.346487876810531503e+00 -4.346487876810531503e+00 -4.346487876810531503e+00 -4.346487876810530615e+00 -4.346487876810527951e+00 -4.346487876810519957e+00 -4.346487876810495088e+00 -4.346487876810416928e+00 -4.346487876810170015e+00
-4.453512071675375772e+00 -4.453512071675375772e+00 -4.453512071675375772e+00 -4.453512071675375772e+00 -4.453512071675374884e+00 -4.453512071675373996e+00 -4.453512071675371331e+00 -4.453512071675363337e+00 -4.453512071675336692e+00 -4.453512071675254091e+00 -4.453512071674992079e+00
-4.564805527996445456e+00 -4.564805527996445456e+00 -4.564805527996445456e+00 -4.564805527996445456e+00 -4.564805527996444567e+00 -4.564805527996443679e+00 -4.564805527996441015e+00 -4.564805527996432133e+00 -4.564805527996405488e+00 -4.564805527996318446e+00 -4.564805527996044887e+00
-4.679712348448051173e+00 -4.679712348448051173e+00 -4.679712348448051173e+00 -4.679712348448051173e+00 -4.679712348448050285e+00 -4.679712348448049397e+00 -4.679712348448046733e+00 -4.679712348448037851e+00 -4.679712348448009429e+00 -4.679712348447920611e+00 -4.679712348447637282e+00
-4.797612063801469873e+00 -4.797612063801469873e+00 -4.797612063801469873e+00 -4.797612063801469873e+00 -4.797612063801468985e+00 -4.797612063801468985e+00 -4.797612063801465432e+00 -4.797612063801456550e+00 -4.797612063801427240e+00 -4.797612063801335758e+00 -4.797612063801045323e+00
-4.917943060306105174e+00 -4.917943060306105174e+00 -4.917943060306105174e+00 -4.917943060306105174e+00 -4.917943060306105174e+00 -4.917943060306104286e+00 -4.917943060306100733e+00 -4.917943060306091851e+00 -4.917943060306061653e+00 -4.917943060305968395e+00 -4.917943060305671743e+00
-5.040215938287279762e+00 -5.040215938287279762e+00 -5.040215938287279762e+00 -5.040215938287279762e+00 -5.040215938287279762e+00 -5.040215938287277986e+00 -5.040215938287275321e+00 -5.040215938287265551e+00 -5.040215938287235353e+00 -5.040215938287140318e+00 -5.040215938286840114e+00
-5.164017665219500230e+00 -5.164017665219500230e+00 -5.164017665219500230e+00 -5.164017665219500230e+00 -5.164017665219500230e+00 -5.164017665219499342e+00 -5.164017665219495790e+00 -5.164017665219486020e+00 -5.164017665219455822e+00 -5.164017665219359010e+00 -5.164017665219055253e+00
-5.289008939142616939e+00 -5.289008939142616939e+00 -5.289008939142616939e+00 -5.289008939142616939e+00 -5.289008939142616939e+00 -5.289008939142616050e+00 -5.289008939142612498e+00 -5.289008939142602728e+00 -5.289008939142572530e+00 -5.289008939142474830e+00 -5.289008939142168408e+00
