-5.534389890995706907e+01 -5.584379149330970193e+01 -5.634377861518037633e+01 -5.684377665226745080e+01 -5.734377624249888328e+01 -5.784377613401476026e+01 -5.834377610181868334e+01 -5.884377609184834768e+01 -5.934377608871655241e+01 -5.984377608772830115e+01 -6.034377608741599630e+01
-5.534386880391025443e+01 -5.584378839447951037e+01 -5.634377827761720425e+01 -5.684377660976100088e+01 -5.734377623548126479e+01 -5.784377613243800909e+01 -5.834377610138431436e+01 -5.884377609171741597e+01 -5.934377608867578857e+01 -5.984377608771546875e+01 -6.034377608741194621e+01
-5.534384686403694076e+01 -5.584378612216990234e+01 -5.634377802574153549e+01 -5.684377657678196272e+01 -5.734377622971951638e+01 -5.784377613108269856e+01 -5.834377610100239764e+01 -5.884377609160130618e+01 -5.934377608863953668e+01 -5.984377608770405743e+01 -6.034377608740834376e+01
-5.534383087242259336e+01 -5.584378445363997656e+01 -5.634377783702234410e+01 -5.684377655099649473e+01 -5.734377622495474469e+01 -5.784377612991487894e+01 -5.834377610066699305e+01 -5.884377609149863275e+01 -5.934377608860740594e+01 -5.984377608769393220e+01 -6.034377608740513921e+01
-5.534381921227051748e+01 -5.584378322634481151e+01 -5.634377769495502264e+01 -5.684377653067533487e+01 -5.734377622098909200e+01 -5.784377612890687459e+01 -5.834377610037283546e+01 -5.884377609140807408e+01 -5.934377608857901976e+01 -5.984377608768497936e+01 -6.034377608740231125e+01
-5.534381070581630269e+01 -5.584378232170813305e+01 -5.634377758744185627e+01 -5.684377651453295499e+01 -5.734377621767006161e+01 -5.784377612803586999e+01 -5.834377610011525661e+01 -5.884377609132840803e+01 -5.934377608855400155e+01 -5.984377608767708523e+01 -6.034377608739981724e+01
-5.534380449557406223e+01 -5.584378165323892773e+01 -5.634377750560606302e+01 -5.684377650160978135e+01 -5.734377621487896448e+01 -5.784377612728280127e+01 -5.834377609989007141e+01 -5.884377609125849062e+01 -5.934377608853202446e+01 -5.984377608767014323e+01 -6.034377608739762877e+01
-5.534379995748243886e+01 -5.584378115784288354e+01 -5.634377744292453372e+01 -5.684377649118599152e+01 -5.734377621252246371e+01 -5.784377612663158885e+01 -5.834377609969354239e+01 -5.884377609119728447e+01 -5.934377608851276165e+01 -5.984377608766406098e+01 -6.034377608739570320e+01
-5.534379663747369449e+01 -5.584378078947791124e+01 -5.634377739459441159e+01 -5.684377648271851768e+01 -5.734377621052639995e+01 -5.784377612606854058e+01 -5.834377609952230159e+01 -5.884377609114381613e+01 -5.934377608849592178e+01 -5.984377608765874612e+01 -6.034377608739402632e+01
-5.534379420520465231e+01 -5.584378051452632263e+01 -5.634377735707072787e+01 -5.684377647579493953e+01 -5.734377620883122262e+01 -5.784377612558190407e+01 -5.834377609937335762e+01 -5.884377609109721163e+01 -5.934377608848123486e+01 -5.984377608765410628e+01 -6.034377608739255550e+01
-5.534379242033965340e+01 -5.584378030842193397e+01 -5.634377732772918534e+01 -5.684377647009984003e+01 -5.734377620738862191e+01 -5.784377612516154699e+01 -5.834377609924401042e+01 -5.884377609105666806e+01 -5.934377608846844510e+01 -5.984377608765006329e+01 -6.034377608739127652e+01
