3.229669418024723182e+00 3.229671178137076826e+00 3.229676744054103210e+00 3.229694344559699726e+00 3.229749997551189189e+00 3.229925940839184051e+00 3.230481853697807715e+00 3.232235135648696023e+00 3.237733367835542442e+00 3.254675841843885920e+00 3.304276829700758533e+00
3.100948132504872667e+00 3.100949890393019714e+00 3.100955449276606490e+00 3.100973027541710003e+00 3.101028610214535242e+00 3.101204331254824975e+00 3.101759542496770994e+00 3.103510617598098875e+00 3.109001987649953058e+00 3.125923866229300074e+00 3.175469148325858804e+00
2.972219912824034527e+00 2.972221668140469841e+00 2.972227218891727585e+00 2.972244771441524325e+00 2.972300272809170529e+00 2.972475736877421060e+00 2.973030136875126850e+00 2.974778660247518580e+00 2.980262095158693114e+00 2.997160151125921601e+00 3.046640913825790165e+00
2.843484016520611224e+00 2.843485768862674234e+00 2.843491310208301481e+00 2.843508833016468618e+00 2.843564240348681160e+00 2.843739407209279424e+00 2.844292868936032281e+00 2.846038440968189587e+00 2.851512697500757643e+00 2.868383192460582709e+00 2.917789240573648968e+00
2.714739416532763183e+00 2.714741165434614523e+00 2.714746695901518070e+00 2.714764184309971462e+00 2.714819482879022861e+00 2.714994305983077005e+00 2.715546682480615814e+00 2.717288840858399279e+00 2.722752480700951327e+00 2.739591089922013278e+00 2.788910637529886660e+00
2.585984829600391333e+00 2.585986574523571058e+00 2.585992092409020504e+00 2.586009541033530645e+00 2.586064713815798388e+00 2.586239139357881633e+00 2.586790260757979354e+00 2.588528471089713179e+00 2.593979831642933664e+00 2.610781555744506210e+00 2.660000981163974210e+00
2.457218696078111719e+00 2.457220436400700869e+00 2.457225939738049370e+00 2.457243342359856531e+00 2.457298369693117213e+00 2.457472335528048113e+00 2.458022005632085172e+00 2.459755650682184047e+00 2.465192811503640336e+00 2.481951874999239749e+00 2.531055439680684138e+00
2.328438930293257769e+00 2.328440665298359136e+00 2.328446151820615651e+00 2.328463501271235359e+00 2.328518360490450689e+00 2.328691794982062024e+00 2.329239787625708491e+00 2.330968155870428049e+00 2.336388902992829752e+00 2.353098646286624795e+00 2.402068194308952354e+00
2.199643149673287112e+00 2.199644878534692261e+00 2.199650345629197812e+00 2.199667633647100384e+00 2.199722298631258788e+00 2.199895119220030004e+00 2.200441173750103729e+00 2.202163445137848452e+00 2.207565226666684755e+00 2.224217971619760537e+00 2.273032556678267202e+00
2.070828330379447912e+00 2.070830052146565681e+00 2.070835496807336806e+00 2.070852713887251895e+00 2.070907154582892762e+00 2.071079266279840514e+00 2.071623082798005999e+00 2.073338313772585817e+00 2.078718193156414706e+00 2.095305101345786181e+00 2.143940593243154780e+00
1.941990887442617719e+00 1.941992601022739517e+00 1.941998019794382246e+00 1.942015155009947147e+00 1.942069336870397844e+00 1.942240630484525443e+00 1.942781864249338630e+00 1.944488970120809457e+00 1.949843571124326713e+00 1.966354476744732738e+00 2.014783054873862778e+00
