1.142490589856698824e+00 1.142490589856698824e+00 1.142490589856698824e+00 1.142490589856698824e+00 1.142490589856698824e+00 1.142490589856698824e+00 1.142490589856698824e+00 1.142490589856698824e+00 1.142490589856698824e+00 1.142490589856699046e+00 1.142490589856699046e+00
1.013053194293163983e+00 1.013053194293163983e+00 1.013053194293163983e+00 1.013053194293163983e+00 1.013053194293163983e+00 1.013053194293163983e+00 1.013053194293163983e+00 1.013053194293163983e+00 1.013053194293163983e+00 1.013053194293163983e+00 1.013053194293163983e+00
8.834121892300872414e-01 8.834121892300872414e-01 8.834121892300872414e-01 8.834121892300872414e-01 8.834121892300872414e-01 8.834121892300872414e-01 8.834121892300872414e-01 8.834121892300872414e-01 8.834121892300872414e-01 8.834121892300872414e-01 8.834121892300872414e-01
7.535092995967692664e-01 7.535092995967692664e-01 7.535092995967692664e-01 7.535092995967692664e-01 7.535092995967692664e-01 7.535092995967692664e-01 7.535092995967692664e-01 7.535092995967692664e-01 7.535092995967692664e-01 7.535092995967692664e-01 7.535092995967693774e-01
6.232631348642085900e-01 6.232631348642085900e-01 6.232631348642085900e-01 6.232631348642085900e-01 6.232631348642085900e-01 6.232631348642085900e-01 6.232631348642085900e-01 6.232631348642085900e-01 6.232631348642085900e-01 6.232631348642087010e-01 6.232631348642088120e-01
4.925657479330474708e-01 4.925657479330474708e-01 4.925657479330474708e-01 4.925657479330474708e-01 4.925657479330474708e-01 4.925657479330474708e-01 4.925657479330474708e-01 4.925657479330474708e-01 4.925657479330475264e-01 4.925657479330475264e-01 4.925657479330476374e-01
3.612720313979858044e-01 3.612720313979858044e-01 3.612720313979858044e-01 3.612720313979858044e-01 3.612720313979858044e-01 3.612720313979858044e-01 3.612720313979858044e-01 3.612720313979858044e-01 3.612720313979858044e-01 3.612720313979858044e-01 3.612720313979858044e-01
2.291902615763860840e-01 2.291902615763860840e-01 2.291902615763860840e-01 2.291902615763860840e-01 2.291902615763860840e-01 2.291902615763860840e-01 2.291902615763860840e-01 2.291902615763860840e-01 2.291902615763860840e-01 2.291902615763860840e-01 2.291902615763861395e-01
9.605927804315016194e-02 9.605927804315016194e-02 9.605927804315016194e-02 9.605927804315016194e-02 9.605927804315016194e-02 9.605927804315016194e-02 9.605927804315016194e-02 9.605927804315016194e-02 9.605927804315016194e-02 9.605927804315016194e-02 9.605927804315032847e-02
-3.847142447428802264e-02 -3.847142447428802264e-02 -3.847142447428802264e-02 -3.847142447428802264e-02 -3.847142447428802264e-02 -3.847142447428802264e-02 -3.847142447428802264e-02 -3.847142447428802264e-02 -3.847142447428802264e-02 -3.847142447428791856e-02 -3.847142447428786999e-02
-1.748798218172008256e-01 -1.748798218172008256e-01 -1.748798218172008256e-01 -1.748798218172008256e-01 -1.748798218172008256e-01 -1.748798218172008256e-01 -1.748798218172008256e-01 -1.748798218172008256e-01 -1.748798218172008256e-01 -1.748798218172008256e-01 -1.748798218172007424e-01
