7.783061037726905163e+00 7.783061037726876741e+00 7.783061037726788811e+00 7.783061037726508147e+00 7.783061037725622633e+00 7.783061037722822206e+00 7.783061037713965291e+00 7.783061037685958361e+00 7.783061037597391874e+00 7.783061037317320796e+00 7.783061036431656809e+00
7.783054202635015351e+00 7.783054202634987817e+00 7.783054202634898999e+00 7.783054202634620111e+00 7.783054202633736374e+00 7.783054202630941276e+00 7.783054202622104789e+00 7.783054202594160031e+00 7.783054202505789831e+00 7.783054202226340479e+00 7.783054201342642919e+00
7.783045263311707096e+00 7.783045263311678674e+00 7.783045263311590745e+00 7.783045263311311857e+00 7.783045263310430784e+00 7.783045263307643680e+00 7.783045263298829397e+00 7.783045263270955694e+00 7.783045263182813756e+00 7.783045262904083827e+00 7.783045262022661781e+00
7.783033576792757202e+00 7.783033576792729669e+00 7.783033576792641739e+00 7.783033576792363739e+00 7.783033576791485331e+00 7.783033576788706220e+00 7.783033576779917695e+00 7.783033576752128369e+00 7.783033576664249331e+00 7.783033576386350738e+00 7.783033575507560364e+00
7.783018319800502738e+00 7.783018319800475204e+00 7.783018319800387275e+00 7.783018319800110163e+00 7.783018319799234419e+00 7.783018319796465079e+00 7.783018319787707640e+00 7.783018319760014236e+00 7.783018319672438956e+00 7.783018319395502260e+00 7.783018318519751233e+00
7.782998425108672791e+00 7.782998425108645257e+00 7.782998425108558216e+00 7.782998425108281992e+00 7.782998425107409801e+00 7.782998425104652007e+00 7.782998425095929207e+00 7.782998425068346826e+00 7.782998424981122376e+00 7.782998424705295015e+00 7.782998423833052293e+00
7.782972536887181825e+00 7.782972536887154291e+00 7.782972536887068138e+00 7.782972536886793691e+00 7.782972536885925052e+00 7.782972536883179693e+00 7.782972536874497749e+00 7.782972536847042377e+00 7.782972536760222937e+00 7.782972536485675441e+00 7.782972535617478371e+00
7.782938871129555736e+00 7.782938871129529090e+00 7.782938871129442049e+00 7.782938871129169378e+00 7.782938871128306069e+00 7.782938871125574920e+00 7.782938871116940049e+00 7.782938871089632116e+00 7.782938871003278081e+00 7.782938870730204073e+00 7.782938869866667275e+00
7.782895152025036012e+00 7.782895152025009367e+00 7.782895152024923213e+00 7.782895152024652319e+00 7.782895152023794338e+00 7.782895152021080065e+00 7.782895152012498485e+00 7.782895151985360194e+00 7.782895151899543507e+00 7.782895151628165031e+00 7.782895150769991055e+00
7.782838463527842698e+00 7.782838463527816053e+00 7.782838463527730788e+00 7.782838463527461670e+00 7.782838463526609019e+00 7.782838463523915173e+00 7.782838463515394878e+00 7.782838463488451985e+00 7.782838463403250806e+00 7.782838463133821882e+00 7.782838462281811864e+00
7.782765069489308019e+00 7.782765069489281373e+00 7.782765069489196108e+00 7.782765069488929655e+00 7.782765069488084109e+00 7.782765069485412468e+00 7.782765069476963227e+00 7.782765069450244155e+00 7.782765069365749966e+00 7.782765069098558364e+00 7.782765068253622687e+00
