-7.411955958735423167e+01 -7.411955958735423167e+01 -7.411955958735423167e+01 -7.411955958735423167e+01 -7.411955958735423167e+01 -7.411955958735423167e+01 -7.411955958735423167e+01 -7.411955958735423167e+01 -7.411955958735423167e+01 -7.411955958735423167e+01 -7.411955958735423167e+01
-7.411966571399888437e+01 -7.411966571399888437e+01 -7.411966571399888437e+01 -7.411966571399888437e+01 -7.411966571399888437e+01 -7.411966571399888437e+01 -7.411966571399888437e+01 -7.411966571399888437e+01 -7.411966571399888437e+01 -7.411966571399888437e+01 -7.411966571399888437e+01
-7.411980332331883403e+01 -7.411980332331883403e+01 -7.411980332331883403e+01 -7.411980332331883403e+01 -7.411980332331883403e+01 -7.411980332331883403e+01 -7.411980332331883403e+01 -7.411980332331883403e+01 -7.411980332331883403e+01 -7.411980332331883403e+01 -7.411980332331883403e+01
-7.411998309890979897e+01 -7.411998309890979897e+01 -7.411998309890979897e+01 -7.411998309890979897e+01 -7.411998309890979897e+01 -7.411998309890979897e+01 -7.411998309890979897e+01 -7.411998309890979897e+01 -7.411998309890979897e+01 -7.411998309890979897e+01 -7.411998309890979897e+01
-7.412021605379733558e+01 -7.412021605379733558e+01 -7.412021605379733558e+01 -7.412021605379733558e+01 -7.412021605379733558e+01 -7.412021605379733558e+01 -7.412021605379733558e+01 -7.412021605379733558e+01 -7.412021605379733558e+01 -7.412021605379733558e+01 -7.412021605379733558e+01
-7.412051706310172960e+01 -7.412051706310172960e+01 -7.412051706310172960e+01 -7.412051706310172960e+01 -7.412051706310172960e+01 -7.412051706310172960e+01 -7.412051706310172960e+01 -7.412051706310172960e+01 -7.412051706310172960e+01 -7.412051706310172960e+01 -7.412051706310172960e+01
-7.412090586017102112e+01 -7.412090586017102112e+01 -7.412090586017102112e+01 -7.412090586017102112e+01 -7.412090586017102112e+01 -7.412090586017102112e+01 -7.412090586017102112e+01 -7.412090586017102112e+01 -7.412090586017102112e+01 -7.412090586017102112e+01 -7.412090586017102112e+01
-7.412140577742808034e+01 -7.412140577742808034e+01 -7.412140577742808034e+01 -7.412140577742808034e+01 -7.412140577742808034e+01 -7.412140577742808034e+01 -7.412140577742808034e+01 -7.412140577742808034e+01 -7.412140577742808034e+01 -7.412140577742808034e+01 -7.412140577742808034e+01
-7.412204641544373374e+01 -7.412204641544373374e+01 -7.412204641544373374e+01 -7.412204641544373374e+01 -7.412204641544373374e+01 -7.412204641544373374e+01 -7.412204641544373374e+01 -7.412204641544373374e+01 -7.412204641544373374e+01 -7.412204641544373374e+01 -7.412204641544373374e+01
-7.412286527886547560e+01 -7.412286527886547560e+01 -7.412286527886547560e+01 -7.412286527886547560e+01 -7.412286527886547560e+01 -7.412286527886547560e+01 -7.412286527886547560e+01 -7.412286527886547560e+01 -7.412286527886547560e+01 -7.412286527886547560e+01 -7.412286527886547560e+01
-7.412391021616139142e+01 -7.412391021616139142e+01 -7.412391021616139142e+01 -7.412391021616139142e+01 -7.412391021616139142e+01 -7.412391021616139142e+01 -7.412391021616139142e+01 -7.412391021616139142e+01 -7.412391021616139142e+01 -7.412391021616139142e+01 -7.412391021616139142e+01
