-1.786649020330761450e+00 -2.286648576731189042e+00 -2.786648488430576887e+00 -3.286648465705312994e+00 -3.786648459038739034e+00 -4.286648456982562472e+00 -4.786648456337539770e+00 -5.286648456134085627e+00 -5.786648456069799273e+00 -6.286648456049475975e+00 -6.786648456043049116e+00
-1.786648950434798877e+00 -2.286648570143499981e+00 -2.786648487898920390e+00 -3.286648465692344701e+00 -3.786648459050153903e+00 -4.286648456987723677e+00 -4.786648456339326785e+00 -5.286648456134666496e+00 -5.786648456069984903e+00 -6.286648456049534595e+00 -6.786648456043067767e+00
-1.786648899333030727e+00 -2.286648565373823772e+00 -2.786648487529640228e+00 -3.286648465689470555e+00 -3.786648459060635297e+00 -4.286648456992177003e+00 -4.786648456340849123e+00 -5.286648456135158547e+00 -5.786648456070141222e+00 -6.286648456049584333e+00 -6.786648456043083755e+00
-1.786648862072231836e+00 -2.286648561936261537e+00 -2.786648487277128883e+00 -3.286648465693073895e+00 -3.786648459070120154e+00 -4.286648456996010381e+00 -4.786648456342144975e+00 -5.286648456135576879e+00 -5.786648456070274449e+00 -6.286648456049626077e+00 -6.786648456043097077e+00
-1.786648834972319522e+00 -2.286648559470793707e+00 -2.786648487107912242e+00 -3.286648465700606092e+00 -3.786648459078606699e+00 -4.286648456999304635e+00 -4.786648456343248093e+00 -5.286648456135931262e+00 -5.786648456070387248e+00 -6.286648456049661604e+00 -6.786648456043107736e+00
-1.786648815310675875e+00 -2.286648557711923768e+00 -2.786648486997580498e+00 -3.286648465710303668e+00 -3.786648459086131790e+00 -4.286648457002129931e+00 -4.786648456344186009e+00 -5.286648456136233243e+00 -5.786648456070483171e+00 -6.286648456049692690e+00 -6.786648456043117505e+00
-1.786648801080364279e+00 -2.286648556464676574e+00 -2.786648486928446022e+00 -3.286648465720969359e+00 -3.786648459092757157e+00 -4.286648457004551105e+00 -4.786648456344983593e+00 -5.286648456136488150e+00 -5.786648456070563995e+00 -6.286648456049718448e+00 -6.786648456043126387e+00
-1.786648790806667719e+00 -2.286648555586415998e+00 -2.786648486887774556e+00 -3.286648465731813573e+00 -3.786648459098556962e+00 -4.286648457006622337e+00 -4.786648456345662161e+00 -5.286648456136705754e+00 -5.786648456070633273e+00 -6.286648456049739764e+00 -6.786648456043132605e+00
-1.786648783408943064e+00 -2.286648554973165215e+00 -2.786648486866460050e+00 -3.286648465742334491e+00 -3.786648459103610254e+00 -4.286648457008392477e+00 -4.786648456346239477e+00 -5.286648456136889607e+00 -5.786648456070691893e+00 -6.286648456049758416e+00 -6.786648456043138822e+00
-1.786648778097258861e+00 -2.286648554549383316e+00 -2.786648486858041451e+00 -3.286648465752231907e+00 -3.786648459107996079e+00 -4.286648457009905044e+00 -4.786648456346730640e+00 -5.286648456137045926e+00 -5.786648456070741631e+00 -6.286648456049773515e+00 -6.786648456043144151e+00
-1.786648774295463538e+00 -2.286648554260375388e+00 -2.786648486857972173e+00 -3.286648465761341953e+00 -3.786648459111790377e+00 -4.286648457011196456e+00 -4.786648456347148084e+00 -5.286648456137179153e+00 -5.786648456070783375e+00 -6.286648456049787725e+00 -6.786648456043147704e+00
