1.058418558722519798e+01 1.058418558695724521e+01 1.058418558610990523e+01 1.058418558343038285e+01 1.058418557495698309e+01 1.058418554816168644e+01 1.058418546342697297e+01 1.058418519546684600e+01 1.058418434804818276e+01 1.058418166773220648e+01 1.058417318641591898e+01
1.058555246910082026e+01 1.058555246878662182e+01 1.058555246779303616e+01 1.058555246465104283e+01 1.058555245471518091e+01 1.058555242329517299e+01 1.058555232393586465e+01 1.058555200972892152e+01 1.058555101606715176e+01 1.058554787331166125e+01 1.058553792985748565e+01
1.058665675352483859e+01 1.058665675316385801e+01 1.058665675202233913e+01 1.058665674841253868e+01 1.058665673699734278e+01 1.058665670089927602e+01 1.058665658674671306e+01 1.058665622576002718e+01 1.058665508417410805e+01 1.058665147370551729e+01 1.058664005186145651e+01
1.058754366372138378e+01 1.058754366331398344e+01 1.058754366202567176e+01 1.058754365795167018e+01 1.058754364506854451e+01 1.058754360432849140e+01 1.058754347549678521e+01 1.058754306809170131e+01 1.058754177972914512e+01 1.058753770522467264e+01 1.058752481710505045e+01
1.058825194587812568e+01 1.058825194542546910e+01 1.058825194399404346e+01 1.058825193946747945e+01 1.058825192515322122e+01 1.058825187988754379e+01 1.058825173674472353e+01 1.058825128408557070e+01 1.058824985263357377e+01 1.058824532580573852e+01 1.058823100897566327e+01
1.058881449411976305e+01 1.058881449362368876e+01 1.058881449205496494e+01 1.058881448709422557e+01 1.058881447140699095e+01 1.058881442179959897e+01 1.058881426492728828e+01 1.058881376885386949e+01 1.058881220013584468e+01 1.058880723945440039e+01 1.058879155286618712e+01
1.058925897561791274e+01 1.058925897508078862e+01 1.058925897338225397e+01 1.058925896801101452e+01 1.058925895102566450e+01 1.058925889731330550e+01 1.058925872746022634e+01 1.058925819034073967e+01 1.058925649185102102e+01 1.058925112106945399e+01 1.058923414038207511e+01
1.058960844700336779e+01 1.058960844642793830e+01 1.058960844460827033e+01 1.058960843885397551e+01 1.058960842065730290e+01 1.058960836311443643e+01 1.058960818114855229e+01 1.058960760572827908e+01 1.058960578615343273e+01 1.058960003279343809e+01 1.058958184556192705e+01
1.058988195036107705e+01 1.058988194975032116e+01 1.058988194781893810e+01 1.058988194171137209e+01 1.058988192239755932e+01 1.058988186132202536e+01 1.058988166818523879e+01 1.058988105744321651e+01 1.058987912620869309e+01 1.058987302012513965e+01 1.058985372124870317e+01
1.059009507692225682e+01 1.059009507627925650e+01 1.059009507424591590e+01 1.059009506781593046e+01 1.059009504748254571e+01 1.059009498318287612e+01 1.059009477985089909e+01 1.059009413687305035e+01 1.059009210374185628e+01 1.059008567585274818e+01 1.059006536354901939e+01
1.059080302608068713e+01 1.059080302520509598e+01 1.059080302243624061e+01 1.059080301368037347e+01 1.059080298599217151e+01 1.059080289843717892e+01 1.059080262159178965e+01 1.059080174640473793e+01 1.059079898148047860e+01 1.059079026246949873e+01 1.059076289742160348e+01
