-1.463154019134548678e+00 -1.963145150152426632e+00 -2.463144263099838138e+00 -2.963144174390925478e+00 -3.463144165519330908e+00 -3.963144164631953181e+00 -4.463144164543146886e+00 -4.963144164534243785e+00 -5.463144164533346725e+00 -5.963144164533255243e+00 -6.463144164533245473e+00
-1.463154002935511011e+00 -1.963145148554620967e+00 -2.463144262947195795e+00 -2.963144174377919882e+00 -3.463144165518744266e+00 -3.963144164632120603e+00 -4.463144164543234815e+00 -4.963144164534275760e+00 -5.463144164533357383e+00 -5.963144164533257907e+00 -6.463144164533246361e+00
-1.463153962660228569e+00 -1.963145144582099766e+00 -2.463144262567710907e+00 -2.963144174345593740e+00 -3.463144165517289874e+00 -3.963144164632537159e+00 -4.463144164543454195e+00 -4.963144164534353919e+00 -5.463144164533383140e+00 -5.963144164533266789e+00 -6.463144164533249025e+00
-1.463153877298991823e+00 -1.963145136162869120e+00 -2.463144261763536846e+00 -2.963144174277121401e+00 -3.463144165514219885e+00 -3.963144164633424893e+00 -4.463144164543920489e+00 -4.963144164534520009e+00 -5.463144164533437319e+00 -5.963144164533283664e+00 -6.463144164533254354e+00
-1.463153719693184307e+00 -1.963145120619229633e+00 -2.463144260279205522e+00 -2.963144174150848631e+00 -3.463144165508600381e+00 -3.963144164635079125e+00 -4.463144164544787351e+00 -4.963144164534828207e+00 -5.463144164533538572e+00 -5.963144164533316527e+00 -6.463144164533265013e+00
-1.463153461569929537e+00 -1.963145095165412801e+00 -2.463144257849485541e+00 -2.963144173944474602e+00 -3.463144165499536520e+00 -3.963144164637832478e+00 -4.463144164546219983e+00 -4.963144164535337133e+00 -5.463144164533704661e+00 -5.963144164533369818e+00 -6.463144164533281888e+00
-1.463153080854177723e+00 -1.963145057630181878e+00 -2.463144254268834210e+00 -2.963144173641108825e+00 -3.463144165486498061e+00 -3.963144164641998479e+00 -4.463144164548365822e+00 -4.963144164536099190e+00 -5.463144164533954239e+00 -5.963144164533448865e+00 -6.463144164533306757e+00
-1.463152568627007266e+00 -1.963145007144187604e+00 -2.463144249457383861e+00 -2.963144173234998568e+00 -3.463144165469615565e+00 -3.963144164647813827e+00 -4.463144164551320792e+00 -4.963144164537144576e+00 -5.463144164534296188e+00 -5.963144164533558111e+00 -6.463144164533341396e+00
-1.463151932991884729e+00 -1.963144944521111546e+00 -2.463144243497307428e+00 -2.963144172734612614e+00 -3.463144165449815404e+00 -3.963144164655396207e+00 -4.463144164555102655e+00 -4.963144164538479508e+00 -5.463144164534731395e+00 -5.963144164533697555e+00 -6.463144164533385805e+00
-1.463151198419278431e+00 -1.963144872191119550e+00 -2.463144236625899541e+00 -2.963144172161868095e+00 -3.463144165428716725e+00 -3.963144164664726077e+00 -4.463144164559652793e+00 -4.963144164540078229e+00 -5.463144164535253644e+00 -5.963144164533864533e+00 -6.463144164533438207e+00
-1.463150401039894799e+00 -1.963144793733407223e+00 -2.463144229189950352e+00 -2.963144171547920092e+00 -3.463144165408320152e+00 -3.963144164675651115e+00 -4.463144164564845084e+00 -4.963144164541893666e+00 -5.463144164535845171e+00 -5.963144164534052827e+00 -6.463144164533498603e+00
