9.228595229955883994e+00 9.228595229955883994e+00 9.228595229955883994e+00 9.228595229955883994e+00 9.228595229955882218e+00 9.228595229955878665e+00 9.228595229955868007e+00 9.228595229955836032e+00 9.228595229955731227e+00 9.228595229955399049e+00 9.228595229954352774e+00
9.228222680491821706e+00 9.228222680491821706e+00 9.228222680491821706e+00 9.228222680491821706e+00 9.228222680491819929e+00 9.228222680491816377e+00 9.228222680491807495e+00 9.228222680491775520e+00 9.228222680491674268e+00 9.228222680491354524e+00 9.228222680490343777e+00
9.227750935909218910e+00 9.227750935909218910e+00 9.227750935909217134e+00 9.227750935909217134e+00 9.227750935909217134e+00 9.227750935909213581e+00 9.227750935909204699e+00 9.227750935909172725e+00 9.227750935909076802e+00 9.227750935908769492e+00 9.227750935907799601e+00
9.227155464958235243e+00 9.227155464958235243e+00 9.227155464958235243e+00 9.227155464958235243e+00 9.227155464958233466e+00 9.227155464958231690e+00 9.227155464958221032e+00 9.227155464958192610e+00 9.227155464958100239e+00 9.227155464957807141e+00 9.227155464956881659e+00
9.226406359661043055e+00 9.226406359661043055e+00 9.226406359661043055e+00 9.226406359661043055e+00 9.226406359661041279e+00 9.226406359661039502e+00 9.226406359661030621e+00 9.226406359661002199e+00 9.226406359660915157e+00 9.226406359660638046e+00 9.226406359659760525e+00
9.225467399074766206e+00 9.225467399074766206e+00 9.225467399074766206e+00 9.225467399074766206e+00 9.225467399074766206e+00 9.225467399074762653e+00 9.225467399074755548e+00 9.225467399074728903e+00 9.225467399074645414e+00 9.225467399074386066e+00 9.225467399073561836e+00
9.224295029964192594e+00 9.224295029964192594e+00 9.224295029964192594e+00 9.224295029964192594e+00 9.224295029964190817e+00 9.224295029964189041e+00 9.224295029964180159e+00 9.224295029964157067e+00 9.224295029964080683e+00 9.224295029963837322e+00 9.224295029963069936e+00
9.222837282154326743e+00 9.222837282154326743e+00 9.222837282154326743e+00 9.222837282154326743e+00 9.222837282154324967e+00 9.222837282154323191e+00 9.222837282154316085e+00 9.222837282154294769e+00 9.222837282154223715e+00 9.222837282153999894e+00 9.222837282153292904e+00
9.221032644318684746e+00 9.221032644318684746e+00 9.221032644318684746e+00 9.221032644318684746e+00 9.221032644318682969e+00 9.221032644318681193e+00 9.221032644318675864e+00 9.221032644318654548e+00 9.221032644318590599e+00 9.221032644318386318e+00 9.221032644317743276e+00
9.218808933542980810e+00 9.218808933542980810e+00 9.218808933542980810e+00 9.218808933542980810e+00 9.218808933542979034e+00 9.218808933542977258e+00 9.218808933542971928e+00 9.218808933542954165e+00 9.218808933542895545e+00 9.218808933542712580e+00 9.218808933542135264e+00
9.216082197849914337e+00 9.216082197849914337e+00 9.216082197849912561e+00 9.216082197849912561e+00 9.216082197849912561e+00 9.216082197849910784e+00 9.216082197849905455e+00 9.216082197849889468e+00 9.216082197849837954e+00 9.216082197849678082e+00 9.216082197849166491e+00
