8.843290415211518152e+00 8.843290415211749078e+00 8.843290415212479161e+00 8.843290415214788425e+00 8.843290415222092804e+00 8.843290415245185443e+00 8.843290415318215025e+00 8.843290415549155625e+00 8.843290416279449673e+00 8.843290418588841462e+00 8.843290425891783713e+00
8.895357959342595322e+00 8.895357959342836907e+00 8.895357959343602516e+00 8.895357959346018362e+00 8.895357959353663801e+00 8.895357959377834689e+00 8.895357959454271324e+00 8.895357959695983752e+00 8.895357960460346547e+00 8.895357962877472602e+00 8.895357970521100555e+00
8.941828055817977017e+00 8.941828055818227483e+00 8.941828055819014409e+00 8.941828055821504861e+00 8.941828055829379451e+00 8.941828055854283974e+00 8.941828055933036978e+00 8.941828056182078655e+00 8.941828056969614025e+00 8.941828059460021905e+00 8.941828067335377384e+00
8.983074628982491205e+00 8.983074628982741672e+00 8.983074628983535703e+00 8.983074628986045695e+00 8.983074628993980681e+00 8.983074629019071722e+00 8.983074629098419805e+00 8.983074629349337314e+00 8.983074630142811046e+00 8.983074632651995017e+00 8.983074640586725224e+00
9.019485822008405762e+00 9.019485822008650899e+00 9.019485822009425391e+00 9.019485822011873211e+00 9.019485822019619903e+00 9.019485822044112311e+00 9.019485822121563245e+00 9.019485822366487326e+00 9.019485823141007330e+00 9.019485825590251693e+00 9.019485833335439295e+00
9.051453491649560590e+00 9.051453491649787964e+00 9.051453491650510941e+00 9.051453491652793559e+00 9.051453491660012673e+00 9.051453491682838859e+00 9.051453491755028224e+00 9.051453491983306066e+00 9.051453492705187287e+00 9.051453494987974580e+00 9.051453502206776136e+00
9.079365147685759752e+00 9.079365147685956927e+00 9.079365147686583981e+00 9.079365147688562843e+00 9.079365147694822724e+00 9.079365147714620221e+00 9.079365147777220812e+00 9.079365147975181571e+00 9.079365148601191038e+00 9.079365150580805732e+00 9.079365156840891515e+00
9.103598035483189577e+00 9.103598035483340567e+00 9.103598035483818407e+00 9.103598035485326534e+00 9.103598035490099605e+00 9.103598035505189756e+00 9.103598035552908030e+00 9.103598035703811320e+00 9.103598036181004716e+00 9.103598037690025180e+00 9.103598042461953810e+00
9.124514975356451174e+00 9.124514975356534663e+00 9.124514975356801116e+00 9.124514975357643110e+00 9.124514975360305868e+00 9.124514975368729353e+00 9.124514975395364047e+00 9.124514975479590007e+00 9.124514975745938727e+00 9.124514976588201876e+00 9.124514979251658886e+00
9.142461551806983167e+00 9.142461551806979614e+00 9.142461551806965403e+00 9.142461551806920994e+00 9.142461551806778886e+00 9.142461551806334796e+00 9.142461551804926145e+00 9.142461551800471042e+00 9.142461551786382756e+00 9.142461551741831727e+00 9.142461551600931102e+00
9.157764272947606088e+00 9.157764272947490625e+00 9.157764272947121142e+00 9.157764272945952300e+00 9.157764272942261030e+00 9.157764272930585037e+00 9.157764272893663460e+00 9.157764272776907077e+00 9.157764272407687756e+00 9.157764271240113274e+00 9.157764267547896964e+00
