1.069268920605386519e+01 1.069268920592405436e+01 1.069268920551355784e+01 1.069268920421545666e+01 1.069268920011050206e+01 1.069268918712956484e+01 1.069268914608093191e+01 1.069268901628067781e+01 1.069268860588495684e+01 1.069268730877283069e+01 1.069268321330243587e+01
1.069268741831471736e+01 1.069268741818629387e+01 1.069268741778017784e+01 1.069268741649593224e+01 1.069268741243478971e+01 1.069268739959236569e+01 1.069268735898140044e+01 1.069268723056167403e+01 1.069268682449711250e+01 1.069268554075091693e+01 1.069268148461609158e+01
1.069268687404070306e+01 1.069268687391250516e+01 1.069268687350710678e+01 1.069268687222512249e+01 1.069268686817114045e+01 1.069268685535135255e+01 1.069268681481194960e+01 1.069268668661838717e+01 1.069268628126756049e+01 1.069268499976385201e+01 1.069268095057517343e+01
1.069268616400247751e+01 1.069268616387454074e+01 1.069268616346997014e+01 1.069268616219060597e+01 1.069268615814490353e+01 1.069268614535130268e+01 1.069268610489469928e+01 1.069268597696282086e+01 1.069268557243806050e+01 1.069268429353206606e+01 1.069268025241288278e+01
1.069268523811239646e+01 1.069268523798476345e+01 1.069268523758115030e+01 1.069268523630481482e+01 1.069268523226869050e+01 1.069268521950537298e+01 1.069268517914451877e+01 1.069268505151528537e+01 1.069268464794611795e+01 1.069268337204745123e+01 1.069267934029311107e+01
1.069268403136938161e+01 1.069268403124209676e+01 1.069268403083959207e+01 1.069268402956675601e+01 1.069268402554170017e+01 1.069268401281338754e+01 1.069268397256320924e+01 1.069268384528381510e+01 1.069268344281948835e+01 1.069268217040012026e+01 1.069267814950321771e+01
1.069268245951636231e+01 1.069268245938948247e+01 1.069268245898825498e+01 1.069268245771946368e+01 1.069268245370719583e+01 1.069268244101931842e+01 1.069268240089699518e+01 1.069268227402177018e+01 1.069268187283408622e+01 1.069268060443732260e+01 1.069267659611607613e+01
1.069268041347275577e+01 1.069268041334634312e+01 1.069268041294659355e+01 1.069268041168247052e+01 1.069268040768496597e+01 1.069268039504376944e+01 1.069268035506905612e+01 1.069268022866046763e+01 1.069267982894696978e+01 1.069267856519751447e+01 1.069267457142762190e+01
1.069267775221269012e+01 1.069267775208681570e+01 1.069267775168876966e+01 1.069267775043003255e+01 1.069267774644955793e+01 1.069267773386221876e+01 1.069267769405779767e+01 1.069267756818757498e+01 1.069267717017510044e+01 1.069267591179030141e+01 1.069267193484049017e+01
1.069267429367925892e+01 1.069267429355400623e+01 1.069267429315792306e+01 1.069267429190539254e+01 1.069267428794455199e+01 1.069267427541929116e+01 1.069267423581116816e+01 1.069267411056155481e+01 1.069267371451016935e+01 1.069267246231247448e+01 1.069266850478391540e+01
1.069266980322207239e+01 1.069266980309753379e+01 1.069266980270371015e+01 1.069266980145833124e+01 1.069266979752009661e+01 1.069266978506632881e+01 1.069266974568426676e+01 1.069266962114937769e+01 1.069266922735671521e+01 1.069266798228736448e+01 1.069266404715699892e+01
