7.006330625942858603e+00 7.006330625942464252e+00 7.006330625941218138e+00 7.006330625937278178e+00 7.006330625924819699e+00 7.006330625885420105e+00 7.006330625760827324e+00 7.006330625366832265e+00 7.006330624120910677e+00 7.006330620180960089e+00 7.006330607721745096e+00
6.994466482855931311e+00 6.994466482855669298e+00 6.994466482854838851e+00 6.994466482852214284e+00 6.994466482843915145e+00 6.994466482817668584e+00 6.994466482734671864e+00 6.994466482472211588e+00 6.994466481642239941e+00 6.994466479017640737e+00 6.994466470717928708e+00
6.991367611695339157e+00 6.991367611695092243e+00 6.991367611694312423e+00 6.991367611691846840e+00 6.991367611684048633e+00 6.991367611659390136e+00 6.991367611581412511e+00 6.991367611334825760e+00 6.991367610555050405e+00 6.991367608089182006e+00 6.991367600291424012e+00
6.987520742310517008e+00 6.987520742310286970e+00 6.987520742309561328e+00 6.987520742307266275e+00 6.987520742300009857e+00 6.987520742277061103e+00 6.987520742204491597e+00 6.987520741975006722e+00 6.987520741249309886e+00 6.987520738954456689e+00 6.987520731697492771e+00
6.982766709236403635e+00 6.982766709236192249e+00 6.982766709235524338e+00 6.982766709233412250e+00 6.982766709226733148e+00 6.982766709205610489e+00 6.982766709138815031e+00 6.982766708927590216e+00 6.982766708259639188e+00 6.982766706147391922e+00 6.982766699467878979e+00
6.976919534014387025e+00 6.976919534014195179e+00 6.976919534013588553e+00 6.976919534011669199e+00 6.976919534005600276e+00 6.976919533986408517e+00 6.976919533925718397e+00 6.976919533733800804e+00 6.976919533126904049e+00 6.976919531207728120e+00 6.976919525138761458e+00
6.969764094288007250e+00 6.969764094287835832e+00 6.969764094287292266e+00 6.969764094285575418e+00 6.969764094280145095e+00 6.969764094262973053e+00 6.969764094208668936e+00 6.969764094036945856e+00 6.969764093493908241e+00 6.969764091776672998e+00 6.969764086346299514e+00
6.961054257312559557e+00 6.961054257312408566e+00 6.961054257311931615e+00 6.961054257310423488e+00 6.961054257305653081e+00 6.961054257290568259e+00 6.961054257242865084e+00 6.961054257092015085e+00 6.961054256614985114e+00 6.961054255106485122e+00 6.961054250336188076e+00
6.950511705101253490e+00 6.950511705101123816e+00 6.950511705100714366e+00 6.950511705099418513e+00 6.950511705095322235e+00 6.950511705082366376e+00 6.950511705041399146e+00 6.950511704911848554e+00 6.950511704502173593e+00 6.950511703206668557e+00 6.950511699109919839e+00
6.937825704564561491e+00 6.937825704564454021e+00 6.937825704564112073e+00 6.937825704563030271e+00 6.937825704559611673e+00 6.937825704548799877e+00 6.937825704514609448e+00 6.937825704406491489e+00 6.937825704064592536e+00 6.937825702983411169e+00 6.937825699564416304e+00
6.922654082393172814e+00 6.922654082393085773e+00 6.922654082392811326e+00 6.922654082391942687e+00 6.922654082389195551e+00 6.922654082380507390e+00 6.922654082353035143e+00 6.922654082266159747e+00 6.922654081991436392e+00 6.922654081122685099e+00 6.922654078375452436e+00
