1.772492420734823604e+00 1.772492420734823604e+00 1.772492420734823604e+00 1.772492420734823604e+00 1.772492420734823604e+00 1.772492420734823826e+00 1.772492420734824048e+00 1.772492420734824714e+00 1.772492420734826934e+00 1.772492420734834040e+00 1.772492420734856688e+00
1.912421620476702389e+00 1.912421620476702389e+00 1.912421620476702389e+00 1.912421620476702389e+00 1.912421620476702611e+00 1.912421620476702611e+00 1.912421620476702833e+00 1.912421620476703499e+00 1.912421620476705941e+00 1.912421620476713047e+00 1.912421620476735473e+00
2.052355074077916619e+00 2.052355074077916619e+00 2.052355074077916619e+00 2.052355074077916619e+00 2.052355074077916619e+00 2.052355074077917063e+00 2.052355074077917063e+00 2.052355074077917951e+00 2.052355074077920172e+00 2.052355074077927277e+00 2.052355074077949926e+00
2.192291618834931732e+00 2.192291618834931732e+00 2.192291618834931732e+00 2.192291618834931732e+00 2.192291618834931732e+00 2.192291618834932176e+00 2.192291618834932176e+00 2.192291618834933065e+00 2.192291618834935285e+00 2.192291618834942390e+00 2.192291618834965039e+00
2.332230057651386801e+00 2.332230057651386801e+00 2.332230057651386801e+00 2.332230057651386801e+00 2.332230057651386801e+00 2.332230057651386801e+00 2.332230057651387245e+00 2.332230057651387689e+00 2.332230057651389910e+00 2.332230057651397015e+00 2.332230057651419664e+00
2.472169086938739824e+00 2.472169086938739824e+00 2.472169086938739824e+00 2.472169086938739824e+00 2.472169086938739824e+00 2.472169086938739824e+00 2.472169086938740268e+00 2.472169086938740712e+00 2.472169086938742932e+00 2.472169086938750482e+00 2.472169086938772686e+00
2.612107205520834530e+00 2.612107205520834530e+00 2.612107205520834530e+00 2.612107205520834530e+00 2.612107205520834530e+00 2.612107205520834974e+00 2.612107205520834974e+00 2.612107205520835862e+00 2.612107205520838082e+00 2.612107205520845188e+00 2.612107205520867392e+00
2.752042596221182968e+00 2.752042596221182968e+00 2.752042596221182968e+00 2.752042596221182968e+00 2.752042596221182968e+00 2.752042596221182968e+00 2.752042596221183413e+00 2.752042596221183857e+00 2.752042596221186077e+00 2.752042596221193627e+00 2.752042596221215831e+00
2.891972968883445017e+00 2.891972968883445017e+00 2.891972968883445017e+00 2.891972968883445017e+00 2.891972968883445017e+00 2.891972968883445017e+00 2.891972968883445017e+00 2.891972968883445905e+00 2.891972968883448125e+00 2.891972968883455231e+00 2.891972968883477879e+00
3.031895349394221117e+00 3.031895349394221117e+00 3.031895349394221117e+00 3.031895349394221117e+00 3.031895349394221117e+00 3.031895349394221117e+00 3.031895349394221117e+00 3.031895349394222006e+00 3.031895349394224226e+00 3.031895349394231332e+00 3.031895349394253980e+00
3.171805793811472984e+00 3.171805793811472984e+00 3.171805793811472984e+00 3.171805793811472984e+00 3.171805793811472984e+00 3.171805793811472984e+00 3.171805793811473428e+00 3.171805793811473873e+00 3.171805793811476093e+00 3.171805793811483198e+00 3.171805793811505847e+00
