9.659053080658987156e+00 9.659053080658987156e+00 9.659053080658987156e+00 9.659053080658987156e+00 9.659053080658987156e+00 9.659053080658987156e+00 9.659053080658987156e+00 9.659053080658987156e+00 9.659053080658987156e+00 9.659053080658987156e+00 9.659053080658985380e+00
9.659053031625202124e+00 9.659053031625202124e+00 9.659053031625202124e+00 9.659053031625202124e+00 9.659053031625202124e+00 9.659053031625202124e+00 9.659053031625202124e+00 9.659053031625202124e+00 9.659053031625202124e+00 9.659053031625202124e+00 9.659053031625200347e+00
9.659053016828032412e+00 9.659053016828032412e+00 9.659053016828032412e+00 9.659053016828032412e+00 9.659053016828032412e+00 9.659053016828032412e+00 9.659053016828032412e+00 9.659053016828032412e+00 9.659053016828032412e+00 9.659053016828032412e+00 9.659053016828030636e+00
9.659053003916387325e+00 9.659053003916387325e+00 9.659053003916387325e+00 9.659053003916387325e+00 9.659053003916387325e+00 9.659053003916387325e+00 9.659053003916387325e+00 9.659053003916387325e+00 9.659053003916387325e+00 9.659053003916385549e+00 9.659053003916385549e+00
9.659052987534673562e+00 9.659052987534673562e+00 9.659052987534673562e+00 9.659052987534673562e+00 9.659052987534673562e+00 9.659052987534673562e+00 9.659052987534673562e+00 9.659052987534673562e+00 9.659052987534673562e+00 9.659052987534673562e+00 9.659052987534671786e+00
9.659052966656281214e+00 9.659052966656281214e+00 9.659052966656281214e+00 9.659052966656281214e+00 9.659052966656281214e+00 9.659052966656281214e+00 9.659052966656281214e+00 9.659052966656281214e+00 9.659052966656281214e+00 9.659052966656279438e+00 9.659052966656279438e+00
9.659052939948058025e+00 9.659052939948058025e+00 9.659052939948058025e+00 9.659052939948058025e+00 9.659052939948058025e+00 9.659052939948058025e+00 9.659052939948058025e+00 9.659052939948058025e+00 9.659052939948058025e+00 9.659052939948058025e+00 9.659052939948056249e+00
9.659052905689751611e+00 9.659052905689751611e+00 9.659052905689751611e+00 9.659052905689751611e+00 9.659052905689751611e+00 9.659052905689751611e+00 9.659052905689751611e+00 9.659052905689751611e+00 9.659052905689751611e+00 9.659052905689751611e+00 9.659052905689749835e+00
9.659052861676915569e+00 9.659052861676915569e+00 9.659052861676915569e+00 9.659052861676915569e+00 9.659052861676915569e+00 9.659052861676915569e+00 9.659052861676915569e+00 9.659052861676915569e+00 9.659052861676915569e+00 9.659052861676913793e+00 9.659052861676913793e+00
9.659052805098703232e+00 9.659052805098703232e+00 9.659052805098703232e+00 9.659052805098703232e+00 9.659052805098703232e+00 9.659052805098703232e+00 9.659052805098703232e+00 9.659052805098703232e+00 9.659052805098703232e+00 9.659052805098703232e+00 9.659052805098701455e+00
9.659052732371407046e+00 9.659052732371407046e+00 9.659052732371407046e+00 9.659052732371407046e+00 9.659052732371407046e+00 9.659052732371407046e+00 9.659052732371407046e+00 9.659052732371407046e+00 9.659052732371407046e+00 9.659052732371407046e+00 9.659052732371405270e+00
