-1.179783118320262281e+00 -7.089717127000934038e-01 -3.880336403467938289e-01 -3.773031621220838128e-01 -6.375831066020249960e-01 -1.059825638089819444e+00 -1.544745277445640275e+00 -2.042856268658869823e+00 -2.542659424151460179e+00 -3.042639643107205139e+00 -3.542637663770972001e+00
-1.628422032307726752e+00 -1.139356604337754986e+00 -7.256618654854235517e-01 -5.681034810447500583e-01 -7.188645624562403080e-01 -1.081996879133261702e+00 -1.548257407230539950e+00 -2.043250248942644731e+00 -2.542699461167000408e+00 -3.042643653395010084e+00 -3.542638064773404594e+00
-2.142902086139570006e+00 -1.646317763263585920e+00 -1.177655050681967630e+00 -8.654278434090235672e-01 -8.653746523700573956e-01 -1.132953892232084980e+00 -1.558735113201417777e+00 -2.044593110929117330e+00 -2.542839976975748151e+00 -3.042657780061343686e+00 -3.542639478193733815e+00
-2.734693757469983666e+00 -2.235574343724541002e+00 -1.744174220480629200e+00 -1.314986812507359382e+00 -1.122782031031556160e+00 -1.244234743658031217e+00 -1.589929595253166461e+00 -2.049685985640185226e+00 -2.543419482927855135e+00 -3.042716834057352049e+00 -3.542645395639223871e+00
-3.417461813811588200e+00 -2.917644983267084324e+00 -2.419467509484617196e+00 -1.936842103859271580e+00 -1.560654543925429127e+00 -1.471843229739557612e+00 -1.676295897092833664e+00 -2.069714565368634407e+00 -2.546217930878545310e+00 -3.043017403766447693e+00 -3.542675727769689420e+00
-4.207010369967880692e+00 -3.707040120269399441e+00 -3.207337379875679240e+00 -2.710285942674812709e+00 -2.237635459918396297e+00 -1.908961852664161851e+00 -1.888439688829236962e+00 -2.141960334485605966e+00 -2.560875833641584887e+00 -3.044893812845795633e+00 -3.542872231568674479e+00
-5.121389419663859854e+00 -4.621393043298034797e+00 -4.121429276024719535e+00 -3.621791242348607387e+00 -3.125375365017313278e+00 -2.658130358108262037e+00 -2.351470842165376052e+00 -2.358062319607803659e+00 -2.630147278164390645e+00 -3.058084213070692226e+00 -3.544503326550228817e+00
-6.181186608939637672e+00 -5.681186924695895257e+00 -5.181190082231015737e+00 -4.681221654837277590e+00 -4.181537106778452362e+00 -3.684664581368191083e+00 -3.213551404600381023e+00 -2.891362308673979253e+00 -2.879068544794879614e+00 -3.138273504583885209e+00 -3.559990071302757020e+00
-7.409982259877741839e+00 -6.909982278522644350e+00 -6.409982464971577976e+00 -5.909984329451338780e+00 -5.410002973291796025e+00 -4.910189316057947728e+00 -4.412043256061513929e+00 -3.929703444972272752e+00 -3.555032630723481635e+00 -3.468667584193269260e+00 -3.674942133501705843e+00
-8.834919853366345777e+00 -8.334919854067223355e+00 -7.834919861075987590e+00 -7.334919931163622842e+00 -6.834920632038623545e+00 -6.334927640653361891e+00 -5.834997713278005982e+00 -5.335697091324610675e+00 -4.842559984395481187e+00 -4.401012949234643479e+00 -4.177261286061010992e+00
-1.048731133548371375e+01 -9.987311335499322595e+00 -9.487311335655416400e+00 -8.987311337216347340e+00 -8.487311352825667399e+00 -7.987311508918796932e+00 -7.487313069843377633e+00 -6.987328678417973116e+00 -6.487484697088129693e+00 -5.989038221054743261e+00 -5.503948709640931192e+00
