5.601248971760412587e+00 5.995801896045874102e+00 6.303090773047888007e+00 6.524130802982944566e+00 6.652467466803616780e+00 6.668375451886745964e+00 6.543423813418512758e+00 6.261132344921115589e+00 5.847828996150311376e+00 5.368267199895114139e+00 4.871184917334897335e+00
5.659791657184138458e+00 6.046371117052518507e+00 6.347553275058283262e+00 6.563119456377277672e+00 6.685453192972831360e+00 6.693955632995694849e+00 6.560087475731187112e+00 6.269045363650695535e+00 5.850091282523511182e+00 5.368623489285591077e+00 4.871221250353873877e+00
5.726915324671728591e+00 6.104463724011326420e+00 6.398664022093341508e+00 6.607879210380641410e+00 6.723178561954330945e+00 6.722979410552500035e+00 6.578711902234420705e+00 6.277663351593855801e+00 5.852466301487155853e+00 5.368985391677890462e+00 4.871257420891567769e+00
5.801892181309179719e+00 6.169486372388751860e+00 6.455904756714691217e+00 6.657923931927080652e+00 6.765165682722138030e+00 6.754975496002815660e+00 6.598891157943227448e+00 6.286714274981413553e+00 5.854857214883856464e+00 5.369336615530361456e+00 4.871291737466557414e+00
5.883900829503397212e+00 6.240732619148751326e+00 6.518650899466703841e+00 6.712668329354984920e+00 6.810846006452160317e+00 6.789397466058271213e+00 6.620146962619254616e+00 6.295918083312723290e+00 5.857175309303313426e+00 5.369663963561607467e+00 4.871322926398725883e+00
5.971979261823440410e+00 6.317446578566293880e+00 6.586226366085127459e+00 6.771476459462808961e+00 6.859603505339580742e+00 6.825662223017546992e+00 6.642007710527838782e+00 6.305009393090009517e+00 5.859347820406062723e+00 5.369958293343858990e+00 4.871350201236944955e+00
6.065259957493253751e+00 6.398870493742634835e+00 6.657945082192301633e+00 6.833698652966394782e+00 6.910807858127222758e+00 6.863180202247185946e+00 6.664011070625981858e+00 6.313754514018975250e+00 5.861322132969368326e+00 5.370214620827942653e+00 4.871373235370257682e+00
6.162895627500047269e+00 6.484277276285082436e+00 6.733139960124509216e+00 6.898697459087336448e+00 6.963838105518220800e+00 6.901377601925765326e+00 6.685728200390040676e+00 6.321962637871335389e+00 5.863066651453383571e+00 5.370431605323781277e+00 4.871392074726087706e+00
6.264110988632183741e+00 6.572990576005791397e+00 6.811181343644094888e+00 6.965864309915768438e+00 7.018098250518030490e+00 6.939712612748659915e+00 6.706777611110784854e+00 6.329491566186544738e+00 5.864569079623166203e+00 5.370610701570606160e+00 4.871407026945705709e+00
6.368215289868802031e+00 6.664395318097785292e+00 6.891487242186049578e+00 7.034628910235072752e+00 7.073026535926872249e+00 6.977688250651324253e+00 6.726834144844404229e+00 6.336248767242008917e+00 5.865833029099597695e+00 5.370755227400755949e+00 4.871418554019186331e+00
6.474605865872550936e+00 6.757941409290108226e+00 6.973527514611511435e+00 7.104463237697843603e+00 7.128100083480702231e+00 7.014841605634432931e+00 6.745634041548363768e+00 6.342188668364587834e+00 5.866873848585559159e+00 5.370869518196937697e+00 4.871427183712839337e+00
