-1.081184001923202409e+01 -1.131183962479978611e+01 -1.181183958535653566e+01 -1.231183958141220991e+01 -1.281183958101777698e+01 -1.331183958097833298e+01 -1.381183958097438946e+01 -1.431183958097399511e+01 -1.481183958097395603e+01 -1.531183958097395070e+01 -1.581183958097395070e+01
-1.081184074603120315e+01 -1.131183969747987739e+01 -1.181183959262454586e+01 -1.231183958213900986e+01 -1.281183958109045662e+01 -1.331183958098560183e+01 -1.381183958097511599e+01 -1.431183958097406794e+01 -1.481183958097396314e+01 -1.531183958097395248e+01 -1.581183958097395070e+01
-1.081184313123042529e+01 -1.131183993600147097e+01 -1.181183961647672120e+01 -1.231183958452422900e+01 -1.281183958132897871e+01 -1.331183958100945297e+01 -1.381183958097750164e+01 -1.431183958097430597e+01 -1.481183958097398623e+01 -1.531183958097395426e+01 -1.581183958097395070e+01
-1.081185231493736509e+01 -1.131184085439438647e+01 -1.181183970831623498e+01 -1.231183959370818215e+01 -1.281183958224737474e+01 -1.331183958110129240e+01 -1.381183958098668541e+01 -1.431183958097522435e+01 -1.481183958097407860e+01 -1.531183958097396314e+01 -1.581183958097395248e+01
-1.081189499846687241e+01 -1.131184512317955715e+01 -1.181184013519907516e+01 -1.231183963639650969e+01 -1.281183958651620713e+01 -1.331183958152817581e+01 -1.381183958102937304e+01 -1.431183958097949294e+01 -1.481183958097450493e+01 -1.531183958097400577e+01 -1.581183958097395603e+01
-1.081214242958042249e+01 -1.131186987945960176e+01 -1.181184261095891763e+01 -1.231183988397381235e+01 -1.281183961127395143e+01 -1.331183958400395184e+01 -1.381183958127695099e+01 -1.431183958100425180e+01 -1.481183958097698117e+01 -1.531183958097425446e+01 -1.581183958097398090e+01
-1.081399613028789908e+01 -1.131205592580128361e+01 -1.181186122241027192e+01 -1.231184174518717356e+01 -1.281183979739596879e+01 -1.331183960261616051e+01 -1.381183958313817151e+01 -1.431183958119037314e+01 -1.481183958099559383e+01 -1.531183958097611608e+01 -1.581183958097416742e+01
-1.083227154724058039e+01 -1.131394403737902365e+01 -1.181205068361152755e+01 -1.231186069785845305e+01 -1.281184169272865958e+01 -1.331183979215008506e+01 -1.381183960209157036e+01 -1.431183958308571391e+01 -1.481183958118512756e+01 -1.531183958099506803e+01 -1.581183958097606279e+01
-1.102707462154981499e+01 -1.134014552072255277e+01 -1.181478735731342056e+01 -1.231213564688031781e+01 -1.281186920058648049e+01 -1.331184254306556447e+01 -1.381183987718441664e+01 -1.431183961059501009e+01 -1.481183958393605771e+01 -1.531183958127016176e+01 -1.581183958100357145e+01
-1.195742385829522370e+01 -1.168162529035592101e+01 -1.186966703649096644e+01 -1.231810750174988200e+01 -1.281247218457912673e+01 -1.331190290077472405e+01 -1.381184591354981706e+01 -1.431184021423749719e+01 -1.481183964430036504e+01 -1.531183958730659356e+01 -1.581183958160721481e+01
-1.346584312114471871e+01 -1.297512436987095086e+01 -1.255758530201704026e+01 -1.248270219476463438e+01 -1.283316946252770840e+01 -1.331403934259913591e+01 -1.381206027537183090e+01 -1.431186165765415019e+01 -1.481184178871443358e+01 -1.531183980174872339e+01 -1.581183960305143543e+01
