-1.678848573139443801e+01 -1.678848573139443801e+01 -1.678848573139443801e+01 -1.678848573139443801e+01 -1.678848573139443801e+01 -1.678848573139443801e+01 -1.678848573139443801e+01 -1.678848573139443801e+01 -1.678848573139443801e+01 -1.678848573139443801e+01 -1.678848573139443801e+01
-1.752764635284309946e+01 -1.752764635284309946e+01 -1.752764635284309946e+01 -1.752764635284309946e+01 -1.752764635284309946e+01 -1.752764635284309946e+01 -1.752764635284309946e+01 -1.752764635284309946e+01 -1.752764635284309946e+01 -1.752764635284309946e+01 -1.752764635284309946e+01
-1.837729547829120946e+01 -1.837729547829120946e+01 -1.837729547829120946e+01 -1.837729547829120946e+01 -1.837729547829120946e+01 -1.837729547829120946e+01 -1.837729547829120946e+01 -1.837729547829120946e+01 -1.837729547829120946e+01 -1.837729547829120946e+01 -1.837729547829120591e+01
-1.942746749296549780e+01 -1.942746749296549780e+01 -1.942746749296549780e+01 -1.942746749296549780e+01 -1.942746749296549780e+01 -1.942746749296549780e+01 -1.942746749296549780e+01 -1.942746749296549780e+01 -1.942746749296549424e+01 -1.942746749296548714e+01 -1.942746749296546938e+01
-2.070168584813358237e+01 -2.070168584813358237e+01 -2.070168584813358237e+01 -2.070168584813358237e+01 -2.070168584813358237e+01 -2.070168584813358237e+01 -2.070168584813357882e+01 -2.070168584813357171e+01 -2.070168584813355039e+01 -2.070168584813347579e+01 -2.070168584813324131e+01
-2.225290294198284968e+01 -2.225290294198284968e+01 -2.225290294198284968e+01 -2.225290294198284613e+01 -2.225290294198284258e+01 -2.225290294198282481e+01 -2.225290294198277508e+01 -2.225290294198261165e+01 -2.225290294198209651e+01 -2.225290294198046581e+01 -2.225290294197531438e+01
-2.416405937439139961e+01 -2.416405937439139251e+01 -2.416405937439136764e+01 -2.416405937439128948e+01 -2.416405937439103724e+01 -2.416405937439024498e+01 -2.416405937438774032e+01 -2.416405937437981777e+01 -2.416405937435476758e+01 -2.416405937427554562e+01 -2.416405937402502602e+01
-2.659784713081939245e+01 -2.659784713081815966e+01 -2.659784713081426943e+01 -2.659784713080195928e+01 -2.659784713076303220e+01 -2.659784713063993422e+01 -2.659784713025066338e+01 -2.659784712901968007e+01 -2.659784712512697169e+01 -2.659784711281714564e+01 -2.659784707389006542e+01
-2.993886014599216949e+01 -2.993886014452293765e+01 -2.993886013987681238e+01 -2.993886012518448680e+01 -2.993886007872326971e+01 -2.993885993180003169e+01 -2.993885946718828350e+01 -2.993885799796021274e+01 -2.993885335188580754e+01 -2.993883866003561423e+01 -2.993879220359661275e+01
-3.435934642624037849e+01 -3.435932660905339020e+01 -3.435926394755615831e+01 -3.435906585398254265e+01 -3.435844002108331807e+01 -3.435646687806200816e+01 -3.435028560307401335e+01 -3.433129831836166801e+01 -3.427619701118653950e+01 -3.413732415723202251e+01 -3.386653898839755783e+01
-3.930972638310949208e+01 -3.884174384974545546e+01 -3.835238041635141570e+01 -3.785579894121460143e+01 -3.735688559704380651e+01 -3.685722979466871152e+01 -3.635738895240444890e+01 -3.585738903272191180e+01 -3.535738905812052479e+01 -3.485738906615227251e+01 -3.435738906869213594e+01
