-2.935738906986674834e+01 -2.885738906986675545e+01 -2.835738906986675900e+01 -2.785738906986675900e+01 -2.735738906986675900e+01 -2.685738906986675900e+01 -2.635738906986675900e+01 -2.585738906986675900e+01 -2.535738906986675900e+01 -2.485738906986675900e+01 -2.435738906986675900e+01
-2.971831927228698689e+01 -2.921831927228698689e+01 -2.871831927228698689e+01 -2.821831927228698689e+01 -2.771831927228698689e+01 -2.721831927228698689e+01 -2.671831927228698689e+01 -2.621831927228698689e+01 -2.571831927228698689e+01 -2.521831927228698689e+01 -2.471831927228698689e+01
-3.012573466889879725e+01 -2.962573466889879725e+01 -2.912573466889879725e+01 -2.862573466889879725e+01 -2.812573466889879725e+01 -2.762573466889879725e+01 -2.712573466889879725e+01 -2.662573466889879725e+01 -2.612573466889879725e+01 -2.562573466889879725e+01 -2.512573466889879725e+01
-3.058903183600440912e+01 -3.008903183600440912e+01 -2.958903183600440912e+01 -2.908903183600440912e+01 -2.858903183600440912e+01 -2.808903183600440912e+01 -2.758903183600440912e+01 -2.708903183600440912e+01 -2.658903183600440912e+01 -2.608903183600440912e+01 -2.558903183600440912e+01
-3.111917393812552746e+01 -3.061917393812552746e+01 -3.011917393812552746e+01 -2.961917393812552746e+01 -2.911917393812552746e+01 -2.861917393812552746e+01 -2.811917393812552746e+01 -2.761917393812552746e+01 -2.711917393812552746e+01 -2.661917393812552746e+01 -2.611917393812552746e+01
-3.172879674780727655e+01 -3.122879674780727655e+01 -3.072879674780727655e+01 -3.022879674780727655e+01 -2.972879674780727655e+01 -2.922879674780727655e+01 -2.872879674780727655e+01 -2.822879674780727655e+01 -2.772879674780727655e+01 -2.722879674780727655e+01 -2.672879674780727655e+01
-3.243232183253107337e+01 -3.193232183253107337e+01 -3.143232183253107337e+01 -3.093232183253107337e+01 -3.043232183253107337e+01 -2.993232183253107337e+01 -2.943232183253107337e+01 -2.893232183253107337e+01 -2.843232183253107337e+01 -2.793232183253107337e+01 -2.743232183253107337e+01
-3.324611969034999959e+01 -3.274611969034999959e+01 -3.224611969034999959e+01 -3.174611969034999959e+01 -3.124611969034999959e+01 -3.074611969034999959e+01 -3.024611969034999959e+01 -2.974611969034999959e+01 -2.924611969034999959e+01 -2.874611969034999959e+01 -2.824611969034999959e+01
-3.418876808251109622e+01 -3.368876808251109622e+01 -3.318876808251109622e+01 -3.268876808251109622e+01 -3.218876808251109622e+01 -3.168876808251109978e+01 -3.118876808251109978e+01 -3.068876808251109978e+01 -3.018876808251109978e+01 -2.968876808251109978e+01 -2.918876808251109978e+01
-3.528142913446227169e+01 -3.478142913446227169e+01 -3.428142913446227169e+01 -3.378142913446227169e+01 -3.328142913446227169e+01 -3.278142913446227169e+01 -3.228142913446227169e+01 -3.178142913446227169e+01 -3.128142913446227169e+01 -3.078142913446227169e+01 -3.028142913446227169e+01
-3.654831720190571787e+01 -3.604831720190571787e+01 -3.554831720190571787e+01 -3.504831720190571787e+01 -3.454831720190571787e+01 -3.404831720190571787e+01 -3.354831720190571787e+01 -3.304831720190571787e+01 -3.254831720190571787e+01 -3.204831720190571787e+01 -3.154831720190571787e+01
