3.475640000155101328e-01 3.475640018772365725e-01 3.475640077645326120e-01 3.475640263817965647e-01 3.475640852547496329e-01 3.475642714273213252e-01 3.475648601561599493e-01 3.475667218749608489e-01 3.475726090942002355e-01 3.475912255907591675e-01 3.476500908693856973e-01
4.838945233593292539e-01 4.838945252169405409e-01 4.838945310912233788e-01 4.838945496673361379e-01 4.838946084101572453e-01 4.838947941712157808e-01 4.838953815987382390e-01 4.838972392024388780e-01 4.839031134088157549e-01 4.839216887573649650e-01 4.839804239373004524e-01
6.206451355845301610e-01 6.206451374390932196e-01 6.206451433037368792e-01 6.206451618493676881e-01 6.206452204957961793e-01 6.206454059520352118e-01 6.206459924156350061e-01 6.206478469711609325e-01 6.206537115385289960e-01 6.206722564075085602e-01 6.207308952191136209e-01
7.577760974433784824e-01 7.577760992956923403e-01 7.577761051532225789e-01 7.577761236763598252e-01 7.577761822516572154e-01 7.577763674829598450e-01 7.577769532352497395e-01 7.577788055414281798e-01 7.577846629958524538e-01 7.578031853729089162e-01 7.578617530706027727e-01
8.952473243637544265e-01 8.952473262144098332e-01 8.952473320666958223e-01 8.952473505732484460e-01 8.952474090961013431e-01 8.952475941615598565e-01 8.952481793894053741e-01 8.952500300371534214e-01 8.952558822472418409e-01 8.952743880410676258e-01 8.953329033061377951e-01
1.033019086001455866e+00 1.033019087850882034e+00 1.033019093699280022e+00 1.033019112193538369e+00 1.033019170677513143e+00 1.033019355620027557e+00 1.033019940459090513e+00 1.033021789877405450e+00 1.033027638199738307e+00 1.033046131699933534e+00 1.033104608094446153e+00
1.171052296185637775e+00 1.171052298034135797e+00 1.171052303879599688e+00 1.171052322364579457e+00 1.171052380819213035e+00 1.171052565668942336e+00 1.171053150214593774e+00 1.171054998705062467e+00 1.171060844093318343e+00 1.171079328315451029e+00 1.171137775373187750e+00
1.309308421622396690e+00 1.309308423470166183e+00 1.309308429313325917e+00 1.309308447791019736e+00 1.309308506222612856e+00 1.309308690999481772e+00 1.309309275314728183e+00 1.309311123076593697e+00 1.309316966160815054e+00 1.309335443097062068e+00 1.309393867115910659e+00
1.447749015331238898e+00 1.447749017178393771e+00 1.447749023019610171e+00 1.447749041491157795e+00 1.447749099903314685e+00 1.447749284618721877e+00 1.447749868739608647e+00 1.447751715886854917e+00 1.447757557027472552e+00 1.447776027817439859e+00 1.447834432399397686e+00
1.586334854324054522e+00 1.586334856170633634e+00 1.586334862010029045e+00 1.586334880475817943e+00 1.586334938869765177e+00 1.586335123527587543e+00 1.586335707466374867e+00 1.586337554037769992e+00 1.586343393357361853e+00 1.586361858388500412e+00 1.586420244757040798e+00
1.725024629774260854e+00 1.725024631620230897e+00 1.725024637457700960e+00 1.725024655917401617e+00 1.725024714292095362e+00 1.725024898889033320e+00 1.725025482635287322e+00 1.725027328597832810e+00 1.725033165992031492e+00 1.725051624934108130e+00 1.725109992043011520e+00
