3.354653771667759354e+00 2.937005426608630287e+00 2.456735708619917080e+00 1.961492677115723726e+00 1.462789703152065801e+00 9.631765659078707076e-01 4.632964831792673044e-01 -3.666584054182253638e-02 -5.366539508395331559e-01 -1.036650193245711948e+00 -1.536649005300037896e+00
3.370125281409204643e+00 2.939720586483514086e+00 2.457080227783415172e+00 1.961529828360096372e+00 1.462793423023035277e+00 9.631769107112990724e-01 4.632965081449917921e-01 -3.666584108314671631e-02 -5.366539518552537746e-01 -1.036650193651393881e+00 -1.536649005436774962e+00
3.382106037236878748e+00 2.941730586187551566e+00 2.457330866034339589e+00 1.961556720923113506e+00 1.462796102257751585e+00 9.631771550904586476e-01 4.632965244764805646e-01 -3.666584203453626678e-02 -5.366539527683632516e-01 -1.036650194001390801e+00 -1.536649005553579084e+00
3.391267071949941592e+00 2.943210876359647621e+00 2.457512965608616984e+00 1.961576175809109923e+00 1.462798029467935912e+00 9.631773274819478425e-01 4.632965348101188985e-01 -3.666584320013262926e-02 -5.366539535807789418e-01 -1.036650194302696670e+00 -1.536649005653300870e+00
3.398194584755597436e+00 2.944296586007405736e+00 2.457645131662449689e+00 1.961590241437484172e+00 1.462799413640945456e+00 9.631774483884506521e-01 4.632965410190656441e-01 -3.666584445023649691e-02 -5.366539542978017163e-01 -1.036650194561621108e+00 -1.536649005738398355e+00
3.403383886774687728e+00 2.945090346429966033e+00 2.457740976641264563e+00 1.961600404127508135e+00 1.462800406023792243e+00 9.631775325735908444e-01 4.632965444284558587e-01 -3.666584570131865839e-02 -5.366539549266053921e-01 -1.036650194783791834e+00 -1.536649005810987623e+00
3.407240997015156481e+00 2.945669233085750349e+00 2.457810434270900846e+00 1.961607741688191631e+00 1.462801116013656477e+00 9.631775906529831399e-01 4.632965459707958922e-01 -3.666584690177948636e-02 -5.366539554752278729e-01 -1.036650194974187755e+00 -1.536649005872886997e+00
3.410090081223471348e+00 2.946090616931056783e+00 2.457860739527078398e+00 1.961613035294922369e+00 1.462801622689616110e+00 9.631776302468367801e-01 4.632965462980228044e-01 -3.666584802184429809e-02 -5.366539559519113434e-01 -1.036650195137181374e+00 -1.536649005925655453e+00
3.412184301295707822e+00 2.946396909217623428e+00 2.457897154027588016e+00 1.961616850872772710e+00 1.462801983176964526e+00 9.631776568143941564e-01 4.632965458621938204e-01 -3.666584904643051951e-02 -5.366539563646871569e-01 -1.036650195276592967e+00 -1.536649005970629478e+00
3.413717857564215752e+00 2.946619298326342840e+00 2.457923499979108861e+00 1.961619598237243745e+00 1.462802238711355507e+00 9.631776742576260153e-01 4.632965449734909869e-01 -3.666584997014140507e-02 -5.366539567211281447e-01 -1.036650195395745211e+00 -1.536649006008952600e+00
3.414837627261392061e+00 2.946780629056584999e+00 2.457942551569804568e+00 1.961621574037478499e+00 1.462802419033490064e+00 9.631776853576843322e-01 4.632965438418391591e-01 -3.666585079377859824e-02 -5.366539570282138349e-01 -1.036650195497518911e+00 -1.536649006041602483e+00
