-2.327868371843791362e+00 -1.828550210482802418e+00 -1.328766086238575728e+00 -8.288347392158218474e-01 -3.288600987108618590e-01 1.710954127407425807e-01 6.707170206319275074e-01 1.166990100766750249e+00 1.632871547805772705e+00 1.930162216800818342e+00 1.897943637379960746e+00
-2.324899209534573963e+00 -1.827290226049353539e+00 -1.328049116173726008e+00 -8.282897396724228090e-01 -3.283695104487739380e-01 1.715687527354305686e-01 6.711845149407961175e-01 1.167451918299100555e+00 1.633299550144264423e+00 1.930459784669763090e+00 1.898088956666919458e+00
-2.317012180817965561e+00 -1.823919609941065723e+00 -1.326127030891683711e+00 -8.268277863633405333e-01 -3.270532819855133111e-01 1.728387723309029733e-01 6.724388686069689980e-01 1.168691026247498987e+00 1.634447782805329430e+00 1.931257823585951883e+00 1.898478582587173502e+00
-2.299522799227734726e+00 -1.816322137688848759e+00 -1.321772737474761650e+00 -8.235110715608058296e-01 -3.240659181494894847e-01 1.757216228279872283e-01 6.752862590785072561e-01 1.171503732026378586e+00 1.637053418869315546e+00 1.933067332579140984e+00 1.899361488231800177e+00
-2.266615793155379421e+00 -1.801564780351172068e+00 -1.313228755226345301e+00 -8.169837624693507827e-01 -3.181817225606483057e-01 1.814014291247549593e-01 6.808966071416645560e-01 1.177045423039810412e+00 1.642183916385406395e+00 1.936624385426048311e+00 1.901094840384756957e+00
-2.213355116284032587e+00 -1.776392823044363745e+00 -1.298394488999867091e+00 -8.055909499544700036e-01 -3.078955330618504127e-01 1.913349592189267367e-01 6.907099356230551601e-01 1.186737627226350122e+00 1.651146596745806550e+00 1.942819678480755652e+00 1.904106756072774242e+00
-2.137999428453795314e+00 -1.738054110588643564e+00 -1.275178133549670134e+00 -7.876108036520463873e-01 -2.916215600005200304e-01 2.070628107534618900e-01 7.062507147232079951e-01 1.202083790693743826e+00 1.665310252978603911e+00 1.952561690839360153e+00 1.908824787295844816e+00
-2.042759577257414527e+00 -1.685074299227620642e+00 -1.241887025971004865e+00 -7.615183384084913687e-01 -2.679198086443556615e-01 2.299943894351755835e-01 7.289164120131860214e-01 1.224459117808708308e+00 1.685899676897074206e+00 1.966618026513454076e+00 1.915592933489521865e+00
-1.932405581047696108e+00 -1.617567422360303819e+00 -1.197509431290615378e+00 -7.261926765060312539e-01 -2.356765341144237413e-01 2.612360392950554000e-01 7.598082800695985517e-01 1.254941680203292664e+00 1.713827070723361601e+00 1.985485023781411007e+00 1.924603942512622679e+00
-1.812111404957889693e+00 -1.536961733610112235e+00 -1.141801085336034749e+00 -6.810171214850047061e-01 -1.941982455658596007e-01 3.014998263895127262e-01 7.996409526613043051e-01 1.294220937670302662e+00 1.749596013636956826e+00 2.009316945060497961e+00 1.935864565272948479e+00
-1.686042943436531383e+00 -1.445387522686082837e+00 -1.075185291062715764e+00 -6.258705820622764149e-01 -1.432186475803590431e-01 3.510931015118343157e-01 8.487308067680893187e-01 1.342583613226811856e+00 1.793279639282450155e+00 2.037920025442003791e+00 1.949197324502428552e+00
