2.743079725392449042e+00 3.224752294437163602e+00 3.625313198910745882e+00 3.884008647901782574e+00 4.011753962206832114e+00 4.007407614391279793e+00 3.850886668398938006e+00 3.535989281767405235e+00 3.101898262780418580e+00 2.615528136204032350e+00 2.117294614495178084e+00
2.743079725392454371e+00 3.224752294437168487e+00 3.625313198910750323e+00 3.884008647901786127e+00 4.011753962206835666e+00 4.007407614391282458e+00 3.850886668398938895e+00 3.535989281767406123e+00 3.101898262780419024e+00 2.615528136204032350e+00 2.117294614495178084e+00
2.743079725393139601e+00 3.224752294437826627e+00 3.625313198911320978e+00 3.884008647902260414e+00 4.011753962207222912e+00 4.007407614391572892e+00 3.850886668399119195e+00 3.535989281767484727e+00 3.101898262780439008e+00 2.615528136204035459e+00 2.117294614495178084e+00
2.743079725436090133e+00 3.224752294479061199e+00 3.625313198947083038e+00 3.884008647931981084e+00 4.011753962231501269e+00 4.007407614409772556e+00 3.850886668410396840e+00 3.535989281772422110e+00 3.101898262781707327e+00 2.615528136204221976e+00 2.117294614495198513e+00
2.743079726880411684e+00 3.224752295865687124e+00 3.625313200149683723e+00 3.884008648931419838e+00 4.011753963047923754e+00 4.007407615021779002e+00 3.850886668789643696e+00 3.535989281938442641e+00 3.101898262824352326e+00 2.615528136210492960e+00 2.117294614495878857e+00
2.743079755396296449e+00 3.224752323242453311e+00 3.625313223893157133e+00 3.884008668663772035e+00 4.011753979166908124e+00 4.007407627104895731e+00 3.850886676277284870e+00 3.535989285216268652e+00 3.101898263666317046e+00 2.615528136334303699e+00 2.117294614509310335e+00
2.743080112293854178e+00 3.224752665883086955e+00 3.625313521060418154e+00 3.884008915628864411e+00 4.011754180908004841e+00 4.007407778334097337e+00 3.850886769990681913e+00 3.535989326240691621e+00 3.101898274204126338e+00 2.615528137883889048e+00 2.117294614677415421e+00
2.743083135435390396e+00 3.224755568259388916e+00 3.625316038248944661e+00 3.884011007574298180e+00 4.011755889778393147e+00 4.007409059337577517e+00 3.850887563799906044e+00 3.535989673742137018e+00 3.101898363465594333e+00 2.615528151009780533e+00 2.117294616101364824e+00
2.743101465166899011e+00 3.224773165761630977e+00 3.625331300289199810e+00 3.884023691310156678e+00 4.011766250875654194e+00 4.007416826212756966e+00 3.850892376745536527e+00 3.535991780668533924e+00 3.101898904660886913e+00 2.615528230592110148e+00 2.117294624734757491e+00
2.743184929773549108e+00 3.224853295879614112e+00 3.625400795545571597e+00 3.884081446323473408e+00 4.011813429714110590e+00 4.007452192128702961e+00 3.850914291863515082e+00 3.536001374064601244e+00 3.101901368792137514e+00 2.615528592932103713e+00 2.117294664042455477e+00
2.743482398634944364e+00 3.225138876905019547e+00 3.625648469619210612e+00 3.884287279237107704e+00 4.011981568774031892e+00 4.007578228355621164e+00 3.850992388595606108e+00 3.536035558197909712e+00 3.101910148229757969e+00 2.615529883797482302e+00 2.117294804075049441e+00
