3.038082810958287805e+00 3.039445837100955394e+00 3.043728164526886548e+00 3.056998688451025181e+00 3.096478835983214495e+00 3.201915980983134791e+00 3.427613641971954284e+00 3.785383815774424843e+00 4.223417661523496847e+00 4.660910253654328095e+00 4.992602808537270676e+00
3.177985233961705180e+00 3.179336269788433977e+00 3.183581167858757777e+00 3.196737995837418023e+00 3.235899527721288749e+00 3.340613347506192543e+00 3.565228708099028143e+00 3.921930465195418325e+00 4.357623221775747346e+00 4.783829002726252888e+00 5.095554854125301958e+00
3.317891063049544620e+00 3.319231980142547833e+00 3.323445287826552796e+00 3.336506124230866899e+00 3.375398385271581869e+00 3.479499142220369823e+00 3.703186849185754692e+00 4.058880448529801122e+00 4.491665392297250925e+00 4.904726329453496625e+00 5.196413483727077676e+00
3.457801013242176147e+00 3.459133381156088483e+00 3.463319996044164295e+00 3.476299698986016207e+00 3.514964161657772479e+00 3.618544747467717482e+00 3.841433423789141877e+00 4.196135452903179797e+00 4.625259827286017256e+00 5.023370254608017227e+00 5.295158470491688973e+00
3.597715170539505625e+00 3.599040308765556251e+00 3.603204348764240450e+00 3.616115416422140516e+00 3.654587003968380987e+00 3.757725698200962583e+00 3.979920835469952234e+00 4.333597941104490481e+00 4.758096812397017317e+00 5.139607272212277422e+00 5.391775223733152878e+00
3.737633155684038311e+00 3.738952176017180662e+00 3.743097111245575537e+00 3.755950079138496989e+00 3.794258250310119429e+00 3.897020986435510981e+00 4.118607005383362996e+00 4.471166509787440901e+00 4.889846129654907614e+00 5.253354197062304110e+00 5.486249330377376943e+00
3.877554217097511469e+00 3.878868058428513788e+00 3.882996819574380254e+00 3.895800587293217987e+00 3.933970230495954734e+00 4.036412452267014395e+00 4.257453915355808860e+00 4.608730756077803470e+00 5.020169319740031888e+00 5.364583889065963618e+00 5.578562830376769810e+00
4.017477265711540291e+00 4.018786722810777867e+00 4.022901790799646271e+00 4.035663892585375834e+00 4.073716066744131226e+00 4.175884237898370266e+00 4.396426150521199006e+00 4.746165691182921975e+00 5.148738789353056511e+00 5.473308818178782786e+00 5.668691782307867300e+00
4.157400858011411238e+00 4.158706605537956236e+00 4.162810086339095328e+00 4.175536916862830239e+00 4.213489468455738240e+00 4.315422282080497496e+00 4.535489363639507054e+00 4.883325971175334956e+00 5.275260548666921068e+00 5.579565501298440644e+00 5.756604668871410091e+00
4.297323127897739958e+00 4.298625740624308023e+00 4.302719428265199930e+00 4.315416432736481234e+00 4.353284512529346451e+00 4.455013831731220897e+00 4.674608573665454792e+00 5.020040588483245081e+00 5.399495209312164867e+00 5.683401632647815838e+00 5.842261409917165693e+00
4.437241662381071095e+00 4.438541632450743180e+00 4.442627062770207580e+00 4.455298898883097714e+00 4.493095397426866811e+00 4.594646945161677820e+00 4.813746200818151522e+00 5.156109171307051042e+00 5.521271681125017317e+00 5.784866345633256302e+00 5.925612736671296510e+00
