9.865301261764782836e+00 9.865301261764782836e+00 9.865301261764782836e+00 9.865301261764782836e+00 9.865301261764782836e+00 9.865301261764782836e+00 9.865301261764782836e+00 9.865301261764782836e+00 9.865301261764782836e+00 9.865301261764782836e+00 9.865301261764782836e+00
9.864297478732590108e+00 9.864297478732590108e+00 9.864297478732590108e+00 9.864297478732590108e+00 9.864297478732590108e+00 9.864297478732590108e+00 9.864297478732590108e+00 9.864297478732590108e+00 9.864297478732590108e+00 9.864297478732590108e+00 9.864297478732590108e+00
9.863057706268209657e+00 9.863057706268209657e+00 9.863057706268209657e+00 9.863057706268209657e+00 9.863057706268209657e+00 9.863057706268209657e+00 9.863057706268209657e+00 9.863057706268209657e+00 9.863057706268209657e+00 9.863057706268209657e+00 9.863057706268209657e+00
9.861533612263695403e+00 9.861533612263695403e+00 9.861533612263695403e+00 9.861533612263695403e+00 9.861533612263695403e+00 9.861533612263695403e+00 9.861533612263695403e+00 9.861533612263695403e+00 9.861533612263695403e+00 9.861533612263695403e+00 9.861533612263695403e+00
9.859669130608507359e+00 9.859669130608507359e+00 9.859669130608507359e+00 9.859669130608507359e+00 9.859669130608507359e+00 9.859669130608507359e+00 9.859669130608507359e+00 9.859669130608507359e+00 9.859669130608507359e+00 9.859669130608507359e+00 9.859669130608507359e+00
9.857399778820676417e+00 9.857399778820676417e+00 9.857399778820676417e+00 9.857399778820676417e+00 9.857399778820676417e+00 9.857399778820676417e+00 9.857399778820676417e+00 9.857399778820676417e+00 9.857399778820676417e+00 9.857399778820676417e+00 9.857399778820676417e+00
9.854652020624456554e+00 9.854652020624456554e+00 9.854652020624456554e+00 9.854652020624456554e+00 9.854652020624456554e+00 9.854652020624456554e+00 9.854652020624456554e+00 9.854652020624456554e+00 9.854652020624456554e+00 9.854652020624456554e+00 9.854652020624456554e+00
9.851342680033576826e+00 9.851342680033576826e+00 9.851342680033576826e+00 9.851342680033576826e+00 9.851342680033576826e+00 9.851342680033576826e+00 9.851342680033576826e+00 9.851342680033576826e+00 9.851342680033576826e+00 9.851342680033576826e+00 9.851342680033576826e+00
9.847378404345848324e+00 9.847378404345848324e+00 9.847378404345848324e+00 9.847378404345848324e+00 9.847378404345848324e+00 9.847378404345848324e+00 9.847378404345848324e+00 9.847378404345848324e+00 9.847378404345848324e+00 9.847378404345848324e+00 9.847378404345848324e+00
9.842655163603820867e+00 9.842655163603820867e+00 9.842655163603820867e+00 9.842655163603820867e+00 9.842655163603820867e+00 9.842655163603820867e+00 9.842655163603820867e+00 9.842655163603820867e+00 9.842655163603820867e+00 9.842655163603820867e+00 9.842655163603820867e+00
9.837057765579238833e+00 9.837057765579238833e+00 9.837057765579238833e+00 9.837057765579238833e+00 9.837057765579238833e+00 9.837057765579238833e+00 9.837057765579238833e+00 9.837057765579238833e+00 9.837057765579238833e+00 9.837057765579238833e+00 9.837057765579238833e+00
