6.275308595160938196e+00 6.025704782808880999e+00 5.670146296178258716e+00 5.243006161282286470e+00 4.774575535311224250e+00 4.286489970388879023e+00 3.790576949416645025e+00 3.291910696453966167e+00 2.792337077851835936e+00 2.292472391858213498e+00 1.792515230597893749e+00
6.301544002116648002e+00 6.036050240904997644e+00 5.673358785310288255e+00 5.243760171291336647e+00 4.774707364905291129e+00 4.286507849833898653e+00 3.790578996277774060e+00 3.291910910952699609e+00 2.792337099334492034e+00 2.292472393907341477e+00 1.792515230767842915e+00
6.321924735260243899e+00 6.043839925346890851e+00 5.675729578432689770e+00 5.244310389633533021e+00 4.774803074604861308e+00 4.286520807470951766e+00 3.790580478687366028e+00 3.291911066151868681e+00 2.792337114833231215e+00 2.292472395371220273e+00 1.792515230884418775e+00
6.337513363728756843e+00 6.049649911644117140e+00 5.677470826954247762e+00 5.244711119196536764e+00 4.774872519545743543e+00 4.286530196725240494e+00 3.790581552198472259e+00 3.291911178418713391e+00 2.792337126006371850e+00 2.292472396414169999e+00 1.792515230963301454e+00
6.349285655111926552e+00 6.053951528999260034e+00 5.678745091431728120e+00 5.245002557210856509e+00 4.774922885247040227e+00 4.286536999453385732e+00 3.790582329518834559e+00 3.291911259606997930e+00 2.792337134053913150e+00 2.292472397154781572e+00 1.792515231015705313e+00
6.358086028296781045e+00 6.057118512425872403e+00 5.679675106682924302e+00 5.245214287962946642e+00 4.774959401679466531e+00 4.286541927679214936e+00 3.790582892305417673e+00 3.291911318301012468e+00 2.792337139844020655e+00 2.292472397678583906e+00 1.792515231049631952e+00
6.364612876415787213e+00 6.059440284090547024e+00 5.680352524139709480e+00 5.245367992373247468e+00 4.774985870637745045e+00 4.286545497602529231e+00 3.790583299714719967e+00 3.291911360716819335e+00 2.792337144004627181e+00 2.292472398047209037e+00 1.792515231070772597e+00
6.369424329426775166e+00 6.061137045524175981e+00 5.680845228884587428e+00 5.245479509829742426e+00 4.775005053178660752e+00 4.286548083376999330e+00 3.790583594600085870e+00 3.291911391355159644e+00 2.792337146989773533e+00 2.292472398305026360e+00 1.792515231083162686e+00
6.372955065364015681e+00 6.062374149584204730e+00 5.681203202265963981e+00 5.245560385693341487e+00 4.775018953165869107e+00 4.286549956155369046e+00 3.790583808002927046e+00 3.291911413474427395e+00 2.792337149127651852e+00 2.292472398483941021e+00 1.792515231089647498e+00
6.375537167461319932e+00 6.063274567074877552e+00 5.681463082612415505e+00 5.245619021394347214e+00 4.775029024204993533e+00 4.286551312421186033e+00 3.790583962407203522e+00 3.291911429433290071e+00 2.792337150655386235e+00 2.292472398606863138e+00 1.792515231092225658e+00
6.382426331901990046e+00 6.065658988756308823e+00 5.682148490074278691e+00 5.245773314171034762e+00 4.775055481929049606e+00 4.286554866489511895e+00 3.790584364177322918e+00 3.291911470021851915e+00 2.792337154233981433e+00 2.292472398791018051e+00 1.792515231054989666e+00
