-2.557710874951023339e+00 -2.057710885844478810e+00 -1.557710994778831681e+00 -1.057712084120016272e+00 -5.577229771370982858e-01 -5.783186785361073279e-02 4.410831481046731950e-01 9.306047260587185788e-01 1.350262348619191810e+00 1.547518304772564468e+00 1.479369050767867177e+00
-2.557710874950984703e+00 -2.057710885844445503e+00 -1.557710994778799929e+00 -1.057712084119985407e+00 -5.577229771370674216e-01 -5.783186785358005594e-02 4.410831481047040037e-01 9.306047260587486658e-01 1.350262348619217789e+00 1.547518304772581565e+00 1.479369050767876947e+00
-2.557710874947145552e+00 -2.057710885841130377e+00 -1.557710994775650670e+00 -1.057712084116888551e+00 -5.577229771339872189e-01 -5.783186785050575124e-02 4.410831481077689409e-01 9.306047260617416050e-01 1.350262348621777742e+00 1.547518304774294418e+00 1.479369050768846838e+00
-2.557710874755020569e+00 -2.057710885675238188e+00 -1.557710994618054512e+00 -1.057712083961916072e+00 -5.577229769798482950e-01 -5.783186769666764926e-02 4.410831482611415333e-01 9.306047262115173524e-01 1.350262348749882602e+00 1.547518304860005411e+00 1.479369050817379350e+00
-2.557710869425684486e+00 -2.057710881073584464e+00 -1.557710990246514493e+00 -1.057712079663155169e+00 -5.577229727042055663e-01 -5.783186342937075841e-02 4.410831525155244903e-01 9.306047303661245662e-01 1.350262352303374103e+00 1.547518307237536250e+00 1.479369052163614029e+00
-2.557710780188458433e+00 -2.057710804021048112e+00 -1.557710917047132826e+00 -1.057712007682421129e+00 -5.577229011105765411e-01 -5.783179197548826006e-02 4.410832237531685518e-01 9.306047999330726572e-01 1.350262411804915130e+00 1.547518347048171705e+00 1.479369074705683351e+00
-2.557709810276094675e+00 -2.057709966543009639e+00 -1.557710121448704133e+00 -1.057711225329374782e+00 -5.577221229649411693e-01 -5.783101534874454663e-02 4.410839980296297758e-01 9.306055560508513791e-01 1.350263058522504167e+00 1.547518779746812845e+00 1.479369319713628173e+00
-2.557702529687436055e+00 -2.057703680058643680e+00 -1.557704149329745436e+00 -1.057705352635702090e+00 -5.577162818538352607e-01 -5.782518563908478626e-02 4.410898100969184443e-01 9.306112318099523106e-01 1.350267913071021564e+00 1.547522027772254782e+00 1.479371158849354329e+00
-2.557662726750003834e+00 -2.057669311697051917e+00 -1.557671499559759143e+00 -1.057673246411494627e+00 -5.576843482878485192e-01 -5.779331440404805731e-02 4.411215848775351112e-01 9.306422613591435189e-01 1.350294452921263266e+00 1.547539784683942488e+00 1.479381213343133439e+00
-2.557496853898647782e+00 -2.057526083236749237e+00 -1.557535432305321654e+00 -1.057539444090598302e+00 -5.575512654309294769e-01 -5.766049128951758473e-02 4.412540059656002156e-01 9.307715761623410744e-01 1.350405054923515147e+00 1.547613783526113895e+00 1.479423113030457371e+00
-2.556948862931257782e+00 -2.057052863144805954e+00 -1.557085861720472586e+00 -1.057097353680491070e+00 -5.571115511708717438e-01 -5.722163499074606891e-02 4.416915333291589474e-01 9.311988339732374387e-01 1.350770461277777779e+00 1.547858246802251037e+00 1.479561525580575410e+00
