-6.611589784820133708e+00 -6.611589784820115945e+00 -6.611589784820060878e+00 -6.611589784819885907e+00 -6.611589784819332571e+00 -6.611589784817582860e+00 -6.611589784812050397e+00 -6.611589784794554170e+00 -6.611589784739227760e+00 -6.611589784564269934e+00 -6.611589784011004944e+00
-7.907688727566158704e+00 -7.907688727566040576e+00 -7.907688727565664877e+00 -7.907688727564476494e+00 -7.907688727560719499e+00 -7.907688727548839225e+00 -7.907688727511269278e+00 -7.907688727392462980e+00 -7.907688727016765284e+00 -7.907688725828705856e+00 -7.907688722071729792e+00
-9.983451738907930917e+00 -9.983451738903767136e+00 -9.983451738890604332e+00 -9.983451738848975410e+00 -9.983451738717334933e+00 -9.983451738301051037e+00 -9.983451736984646274e+00 -9.983451732821809088e+00 -9.983451719657761458e+00 -9.983451678029391374e+00 -9.983451546388954156e+00
-1.319865818592073303e+01 -1.319865818424692705e+01 -1.319865817895388993e+01 -1.319865816221583898e+01 -1.319865810928547845e+01 -1.319865794190502406e+01 -1.319865741260197289e+01 -1.319865573880300680e+01 -1.319865044582838465e+01 -1.319863370839750338e+01 -1.319858078423850323e+01
-1.938477457969439754e+01 -1.938426811518478488e+01 -1.938267040975035371e+01 -1.937765635966826139e+01 -1.936217110257178220e+01 -1.931654772572114709e+01 -1.919750681040540741e+01 -1.895245301793909221e+01 -1.857887360844247837e+01 -1.812794938968436753e+01 -1.764469818754382047e+01
-2.346821653682087927e+01 -2.296821649242553320e+01 -2.246821652279703940e+01 -2.196821653240135319e+01 -2.146821653543850417e+01 -2.096821653639893768e+01 -2.046821653670265206e+01 -1.996821653679869257e+01 -1.946821653682906472e+01 -1.896821653683867126e+01 -1.846821653684170883e+01
-2.441290958745371142e+01 -2.391290958745371142e+01 -2.341290958745371142e+01 -2.291290958745371142e+01 -2.241290958745371142e+01 -2.191290958745371142e+01 -2.141290958745371142e+01 -2.091290958745371142e+01 -2.041290958745371142e+01 -1.991290958745371142e+01 -1.941290958745371142e+01
-2.550796149726866346e+01 -2.500796149726866346e+01 -2.450796149726866346e+01 -2.400796149726866346e+01 -2.350796149726866346e+01 -2.300796149726866346e+01 -2.250796149726866346e+01 -2.200796149726866346e+01 -2.150796149726866346e+01 -2.100796149726866346e+01 -2.050796149726866346e+01
-2.677769137295535629e+01 -2.627769137295535629e+01 -2.577769137295535629e+01 -2.527769137295535629e+01 -2.477769137295535629e+01 -2.427769137295535629e+01 -2.377769137295535629e+01 -2.327769137295535629e+01 -2.277769137295535629e+01 -2.227769137295535629e+01 -2.177769137295535629e+01
-2.825012045885329570e+01 -2.775012045885329570e+01 -2.725012045885329570e+01 -2.675012045885329570e+01 -2.625012045885329570e+01 -2.575012045885329570e+01 -2.525012045885329570e+01 -2.475012045885329570e+01 -2.425012045885329570e+01 -2.375012045885329570e+01 -2.325012045885329570e+01
-2.995759217221866422e+01 -2.945759217221866422e+01 -2.895759217221866422e+01 -2.845759217221866422e+01 -2.795759217221866422e+01 -2.745759217221866422e+01 -2.695759217221866422e+01 -2.645759217221866422e+01 -2.595759217221866422e+01 -2.545759217221866422e+01 -2.495759217221866422e+01
