-1.494771752815456445e+01 -1.444771752817370114e+01 -1.394771752817975141e+01 -1.344771752818166632e+01 -1.294771752818227029e+01 -1.244771752818246213e+01 -1.194771752818252253e+01 -1.144771752818254207e+01 -1.094771752818255095e+01 -1.044771752818258292e+01 -9.947717528182883129e+00
-1.494771751991196673e+01 -1.444771752556715860e+01 -1.394771752735548631e+01 -1.344771752792100550e+01 -1.294771752809983845e+01 -1.244771752815639054e+01 -1.194771752817427313e+01 -1.144771752817992905e+01 -1.094771752818172139e+01 -1.044771752818231647e+01 -9.947717528182794311e+00
-1.494771648004235054e+01 -1.444771719673068411e+01 -1.394771742336768128e+01 -1.344771749503661695e+01 -1.294771751770032786e+01 -1.244771752486722249e+01 -1.194771752713359270e+01 -1.144771752785028163e+01 -1.094771752807692344e+01 -1.044771752814862253e+01 -9.947717528171585499e+00
-1.494765291832219312e+01 -1.444769709567709803e+01 -1.394771106671862348e+01 -1.344771548484341217e+01 -1.294771688198649784e+01 -1.244771732380286977e+01 -1.194771746351756647e+01 -1.144771750769924346e+01 -1.094771752167071988e+01 -1.044771752608891902e+01 -9.947717527486364730e+00
-1.494556587003125792e+01 -1.444703595977795096e+01 -1.394750188051500395e+01 -1.344764932167532834e+01 -1.294769595708327792e+01 -1.244771070553640513e+01 -1.194771536951102675e+01 -1.144771684439972503e+01 -1.094771731080152932e+01 -1.044771745829086385e+01 -9.947717504931386401e+00
-1.490697105670627032e+01 -1.443441437188352161e+01 -1.394346645778687233e+01 -1.344636869483330344e+01 -1.294729051379246876e+01 -1.244758242621367650e+01 -1.194767477787544507e+01 -1.144770398612262241e+01 -1.094771322299020966e+01 -1.044771614398512760e+01 -9.947717067689202608e+00
-1.459570024590790993e+01 -1.430313873914647260e+01 -1.389659770950400386e+01 -1.343089205352718096e+01 -1.294232575399673202e+01 -1.244600496342290441e+01 -1.194717494836894645e+01 -1.144754558701758995e+01 -1.094766285910917247e+01 -1.044769995039202115e+01 -9.947711680345120655e+00
-1.387337233122920033e+01 -1.380067805163608519e+01 -1.362825350575828764e+01 -1.331942924056263955e+01 -1.290291149146121441e+01 -1.243304023324251695e+01 -1.194301982308506105e+01 -1.144622397525558277e+01 -1.094724215671764611e+01 -1.044756463138482694e+01 -9.947666656680816288e+00
-1.310562161442250506e+01 -1.309231846399768706e+01 -1.305274684045566502e+01 -1.294710042028562924e+01 -1.272105816331145434e+01 -1.236252491798732578e+01 -1.191891408585407142e+01 -1.143838536854256738e+01 -1.094472894979315747e+01 -1.044675440429440627e+01 -9.947396880149733889e+00
-1.242986582092551195e+01 -1.242702441168546734e+01 -1.241815951112337757e+01 -1.239126087709220414e+01 -1.231574386136266597e+01 -1.213828867702582137e+01 -1.182427326580005023e+01 -1.140469498361188094e+01 -1.093357273763537307e+01 -1.044311929595355792e+01 -9.946182384114745645e+00
-1.185123334472799606e+01 -1.185048127565800868e+01 -1.184811155938525751e+01 -1.184070183757763850e+01 -1.181806911476801858e+01 -1.175339488736766391e+01 -1.159577699311601684e+01 -1.130297104733850944e+01 -1.089627553902126067e+01 -1.043050434222884881e+01 -9.941915017912636543e+00
