1.341935820808225488e+00 8.419391565822715862e-01 3.419398152640558131e-01 -1.580600160679294652e-01 -6.580599666945514681e-01 -1.158059951477140803e+00 -1.658059946704794285e+00 -2.158059945199547247e+00 -2.658059944723942358e+00 -3.158059944573582634e+00 -3.658059944526038887e+00
1.341936347644218985e+00 8.419392048727961653e-01 3.419398187012906432e-01 -1.580600161643863910e-01 -6.580599668433957383e-01 -1.158059951536043686e+00 -1.658059946724604439e+00 -2.158059945205930141e+00 -2.658059944725972734e+00 -3.158059944574225675e+00 -3.658059944526242280e+00
1.341936731795235760e+00 8.419392395150817610e-01 3.419398209708336966e-01 -1.580600163152576509e-01 -6.580599669779626515e-01 -1.158059951587283365e+00 -1.658059946741676116e+00 -2.158059945211415531e+00 -2.658059944727716228e+00 -3.158059944574778122e+00 -3.658059944526416807e+00
1.341937011027570792e+00 8.419392642027988538e-01 3.419398224154198696e-01 -1.580600164946977804e-01 -6.580599670983331428e-01 -1.158059951631710272e+00 -1.658059946756361702e+00 -2.158059945216122877e+00 -2.658059944729211033e+00 -3.158059944575251521e+00 -3.658059944526566909e+00
1.341937213371482640e+00 8.419392816657215173e-01 3.419398232846312391e-01 -1.580600166851500454e-01 -6.580599672050918558e-01 -1.158059951670123544e+00 -1.658059946768974502e+00 -2.158059945220158315e+00 -2.658059944730491786e+00 -3.158059944575656974e+00 -3.658059944526694807e+00
1.341937359541607311e+00 8.419392939110841301e-01 3.419398237587442657e-01 -1.580600168750545820e-01 -6.580599672991285232e-01 -1.158059951703259038e+00 -1.658059946779792293e+00 -2.158059945223612885e+00 -2.658059944731587798e+00 -3.158059944576003808e+00 -3.658059944526804497e+00
1.341937464789013656e+00 8.419393024079779853e-01 3.419398239668737793e-01 -1.580600170571286878e-01 -6.580599673814947481e-01 -1.158059951731784443e+00 -1.658059946789060657e+00 -2.158059945226568743e+00 -2.658059944732524826e+00 -3.158059944576300460e+00 -3.658059944526898644e+00
1.341937540305300658e+00 8.419393082269189810e-01 3.419398240006387146e-01 -1.580600172270914816e-01 -6.580599674533059718e-01 -1.158059951756299499e+00 -1.658059946796993867e+00 -2.158059945229095611e+00 -2.658059944733325963e+00 -3.158059944576553590e+00 -3.658059944526978580e+00
1.341937594279013934e+00 8.419393121446603345e-01 3.419398239243697235e-01 -1.580600173827307608e-01 -6.580599675156755257e-01 -1.158059951777337782e+00 -1.658059946803778217e+00 -2.158059945231253884e+00 -2.658059944734009861e+00 -3.158059944576770306e+00 -3.658059944527047413e+00
1.341937632685466841e+00 8.419393147223948048e-01 3.419398237826749010e-01 -1.580600175232259874e-01 -6.580599675696729989e-01 -1.158059951795370246e+00 -1.658059946809576024e+00 -2.158059945233097299e+00 -2.658059944734593394e+00 -3.158059944576955047e+00 -3.658059944527105589e+00
1.341937659874137934e+00 8.419393163637757249e-01 3.419398236060106622e-01 -1.580600176486658126e-01 -6.580599676162979250e-01 -1.158059951810810118e+00 -1.658059946814528285e+00 -2.158059945234669819e+00 -2.658059944735091662e+00 -3.158059944577112699e+00 -3.658059944527155327e+00
