1.628320928461155948e+00 1.766514421090762621e+00 2.032323988710452944e+00 2.384841490695046584e+00 2.605626760572402389e+00 2.447822458227364439e+00 2.037016556675637080e+00 1.552318089633179188e+00 1.054690582100195728e+00 5.551445637252430121e-01 5.525723116469818258e-02
1.767530161933523303e+00 1.905452621105051980e+00 2.169385527368466793e+00 2.508363272269027888e+00 2.677921170868729384e+00 2.469224281919971897e+00 2.040632797836636314e+00 1.552743426837345897e+00 1.054734596114446532e+00 5.551489807659889530e-01 5.525766766689945569e-02
1.906559801462956782e+00 2.044105283776166182e+00 2.305469440517879942e+00 2.626908527263203563e+00 2.740887441175538175e+00 2.486274023571232394e+00 2.043334998965208094e+00 1.553053335303034466e+00 1.054766510025542336e+00 5.551521793058071808e-01 5.525798296416122024e-02
2.045327967943916025e+00 2.182351749301612021e+00 2.440215030122248052e+00 2.739348725106808491e+00 2.794856727363313809e+00 2.499686056960652714e+00 2.045341238892976587e+00 1.553278811814172489e+00 1.054789643120085829e+00 5.551544948018805048e-01 5.525821054776864499e-02
2.183725637285650834e+00 2.320030242735751536e+00 2.573147821306305261e+00 2.844528031795177103e+00 2.840385826686069759e+00 2.510109315361923166e+00 2.046822770247566758e+00 1.553442676684079427e+00 1.054806406923122664e+00 5.551561705187775253e-01 5.525837468354052179e-02
2.321607464449630509e+00 2.456924115653730478e+00 2.703652787846156258e+00 2.941364917411465996e+00 2.878194663133732956e+00 2.518118052890202740e+00 2.047912021346583344e+00 1.553561664414487398e+00 1.054818552272997589e+00 5.551573828180380588e-01 5.525849294700201780e-02
2.458780323680478386e+00 2.592744671079007190e+00 2.830949242228154361e+00 3.028965627558248386e+00 2.909105937072936854e+00 2.524207678085343076e+00 2.048710043434994965e+00 1.553648009518512119e+00 1.054827349669500425e+00 5.551582595272239740e-01 5.525857806348024454e-02
2.594989518836367193e+00 2.727110574321889302e+00 2.954074382103836882e+00 3.106725328275607101e+00 2.933991730786939200e+00 2.528795156424685331e+00 2.049293083601178012e+00 1.553710635976601528e+00 1.054833720680499853e+00 5.551588932757782757e-01 5.525863924319304732e-02
2.729903070347691418e+00 2.859524654345192207e+00 3.071886275203991268e+00 3.174394356343186452e+00 2.953728190325263014e+00 2.532223241998844632e+00 2.049718143570071760e+00 1.553756041708382218e+00 1.054838333559324326e+00 5.551593511729475683e-01 5.525868314959736516e-02
2.863095240789305773e+00 2.989350298677583950e+00 3.183099833627898168e+00 3.232097660922814253e+00 2.969158102867832216e+00 2.534767592207174847e+00 2.050027521363242400e+00 1.553788951937767893e+00 1.054841672749371684e+00 5.551596818288002666e-01 5.525871460152488590e-02
2.994031526595382076e+00 3.115791745528702972e+00 3.286368037372508155e+00 3.280308670177948471e+00 2.981061431227058467e+00 2.536645503324499007e+00 2.050252420430171529e+00 1.553812799441029791e+00 1.054844089368205395e+00 5.551599204463265602e-01 5.525873708214740221e-02
