-1.021612184849390204e+01 -9.716122006671914946e+00 -9.216122056692205078e+00 -8.716122072510012586e+00 -8.216122077512041599e+00 -7.716122079093821640e+00 -7.216122079594025074e+00 -6.716122079752203433e+00 -6.216122079802222977e+00 -5.716122079818041435e+00 -5.216122079823043656e+00
-1.021607977089385422e+01 -9.716108700120775765e+00 -9.216117848746634422e+00 -8.716120741836260066e+00 -8.216121656715539956e+00 -7.716121946026171408e+00 -7.216122037514266729e+00 -6.716122066445346483e+00 -6.216122075594157970e+00 -5.716122078487265945e+00 -5.216122079402146561e+00
-1.021257223666320968e+01 -9.714996380703505352e+00 -9.215765786942760940e+00 -8.716009378512325156e+00 -8.216086437373084195e+00 -7.716110808370271634e+00 -7.216118515440894221e+00 -6.716120952659084153e+00 -6.216121723377994179e+00 -5.716121967100997736e+00 -5.216122044173007843e+00
-1.008341389899849538e+01 -9.669619058374474108e+00 -9.200871286567934959e+00 -8.711241207524802022e+00 -8.214572673573901085e+00 -7.715631516411995072e+00 -7.215966889885057967e+00 -6.716072998210071532e+00 -6.216106558004664606e+00 -5.716117171083262782e+00 -5.216120527287374742e+00
-9.221570234761021112e+00 -9.135581706913031397e+00 -8.940227403051427046e+00 -8.608687298130661247e+00 -8.179192566493220795e+00 -7.704100958666580290e+00 -7.212284566179080869e+00 -6.714904875231354708e+00 -6.215736790742443674e+00 -5.716000197518399162e+00 -5.216083527314079760e+00
-8.077363921399426161e+00 -8.070594544888006538e+00 -8.049856952974410618e+00 -7.990122964458048926e+00 -7.842026015333620315e+00 -7.560146470748638770e+00 -7.160497386714691714e+00 -6.697749906223291916e+00 -6.210227734988450266e+00 -5.714249365218882382e+00 -5.215528905955143735e+00
-7.069534712385493691e+00 -7.068865174688236941e+00 -7.066754678204717699e+00 -7.060147409195743684e+00 -7.039891341286990567e+00 -6.981425065491724702e+00 -6.835823117947072980e+00 -6.556893536408216150e+00 -6.159197622092573710e+00 -5.697300781245250967e+00 -5.210080641596782414e+00
-6.209528776265932137e+00 -6.209436292251832690e+00 -6.209143961666225842e+00 -6.208220824048207298e+00 -6.205314453618547610e+00 -6.196249651937538516e+00 -6.168769369038892059e+00 -6.091802815744144617e+00 -5.911799288177223666e+00 -5.595200300417681127e+00 -5.174120310457328564e+00
-5.477287405003731457e+00 -5.477270269025058980e+00 -5.477216084751828085e+00 -5.477044783511597181e+00 -5.476503525668612760e+00 -5.474796344029580375e+00 -5.469441507091766574e+00 -5.452929889648504336e+00 -5.404499309959728492e+00 -5.279443944060620453e+00 -5.026298348337865818e+00
-4.853862915182732607e+00 -4.853858835077130784e+00 -4.853845932902594917e+00 -4.853805135166675555e+00 -4.853676146614553488e+00 -4.853268500941917196e+00 -4.851981924536694635e+00 -4.847938316227819122e+00 -4.835393584427729152e+00 -4.797952444933129890e+00 -4.697167345926396287e+00
-4.322812341364005384e+00 -4.322811138575933576e+00 -4.322807335048005406e+00 -4.322795307455828073e+00 -4.322757275061802851e+00 -4.322637027986296232e+00 -4.322256992309521983e+00 -4.321057397909413567e+00 -4.317285607857909824e+00 -4.305569276523547373e+00 -4.270471501735209507e+00
