-3.102102079894918596e+00 -3.102102079894918596e+00 -3.102102079894918596e+00 -3.102102079894918152e+00 -3.102102079894916375e+00 -3.102102079894910602e+00 -3.102102079894893283e+00 -3.102102079894836884e+00 -3.102102079894660580e+00 -3.102102079894102360e+00 -3.102102079892337994e+00
-3.247577334728245724e+00 -3.247577334728245724e+00 -3.247577334728245280e+00 -3.247577334728245280e+00 -3.247577334728243059e+00 -3.247577334728237286e+00 -3.247577334728219522e+00 -3.247577334728163123e+00 -3.247577334727984599e+00 -3.247577334727420162e+00 -3.247577334725635367e+00
-3.396616779295055011e+00 -3.396616779295055011e+00 -3.396616779295055011e+00 -3.396616779295054567e+00 -3.396616779295052790e+00 -3.396616779295047017e+00 -3.396616779295028810e+00 -3.396616779294971522e+00 -3.396616779294790334e+00 -3.396616779294217459e+00 -3.396616779292406019e+00
-3.550079790537190583e+00 -3.550079790537190583e+00 -3.550079790537190139e+00 -3.550079790537189695e+00 -3.550079790537187918e+00 -3.550079790537182145e+00 -3.550079790537163493e+00 -3.550079790537104873e+00 -3.550079790536920576e+00 -3.550079790536336155e+00 -3.550079790534487856e+00
-3.708980122440610927e+00 -3.708980122440610927e+00 -3.708980122440610927e+00 -3.708980122440610039e+00 -3.708980122440608262e+00 -3.708980122440602489e+00 -3.708980122440583393e+00 -3.708980122440523441e+00 -3.708980122440333815e+00 -3.708980122439733851e+00 -3.708980122437836702e+00
-3.874758129632916770e+00 -3.874758129632916770e+00 -3.874758129632916770e+00 -3.874758129632915882e+00 -3.874758129632914105e+00 -3.874758129632907888e+00 -3.874758129632888348e+00 -3.874758129632826176e+00 -3.874758129632629888e+00 -3.874758129632008608e+00 -3.874758129630044845e+00
-4.049178652604512152e+00 -4.049178652604512152e+00 -4.049178652604512152e+00 -4.049178652604511264e+00 -4.049178652604509487e+00 -4.049178652604503270e+00 -4.049178652604482842e+00 -4.049178652604417117e+00 -4.049178652604211948e+00 -4.049178652603561801e+00 -4.049178652601504780e+00
-4.234294986449835818e+00 -4.234294986449835818e+00 -4.234294986449835818e+00 -4.234294986449834930e+00 -4.234294986449833154e+00 -4.234294986449826048e+00 -4.234294986449804732e+00 -4.234294986449735454e+00 -4.234294986449516962e+00 -4.234294986448825959e+00 -4.234294986446641040e+00
-4.432287601703944091e+00 -4.432287601703944091e+00 -4.432287601703943203e+00 -4.432287601703943203e+00 -4.432287601703940538e+00 -4.432287601703933433e+00 -4.432287601703909452e+00 -4.432287601703834845e+00 -4.432287601703598590e+00 -4.432287601702851632e+00 -4.432287601700489077e+00
-4.649596162999097615e+00 -4.649596162999097615e+00 -4.649596162999097615e+00 -4.649596162999096727e+00 -4.649596162999094062e+00 -4.649596162999086069e+00 -4.649596162999059423e+00 -4.649596162998975934e+00 -4.649596162998713034e+00 -4.649596162997879922e+00 -4.649596162995246473e+00
-4.888856117243685517e+00 -4.888856117243685517e+00 -4.888856117243685517e+00 -4.888856117243684629e+00 -4.888856117243681076e+00 -4.888856117243672195e+00 -4.888856117243641108e+00 -4.888856117243545185e+00 -4.888856117243241428e+00 -4.888856117242281307e+00 -4.888856117239245513e+00
