6.290645248725481586e+00 6.290645248725481586e+00 6.290645248725481586e+00 6.290645248725481586e+00 6.290645248725481586e+00 6.290645248725481586e+00 6.290645248725481586e+00 6.290645248725481586e+00 6.290645248725481586e+00 6.290645248725481586e+00 6.290645248725481586e+00
6.262767217107102269e+00 6.262767217107102269e+00 6.262767217107102269e+00 6.262767217107102269e+00 6.262767217107102269e+00 6.262767217107102269e+00 6.262767217107102269e+00 6.262767217107102269e+00 6.262767217107102269e+00 6.262767217107102269e+00 6.262767217107102269e+00
6.230388668310145484e+00 6.230388668310145484e+00 6.230388668310145484e+00 6.230388668310145484e+00 6.230388668310145484e+00 6.230388668310145484e+00 6.230388668310145484e+00 6.230388668310145484e+00 6.230388668310145484e+00 6.230388668310145484e+00 6.230388668310145484e+00
6.193066348268431831e+00 6.193066348268431831e+00 6.193066348268431831e+00 6.193066348268431831e+00 6.193066348268431831e+00 6.193066348268431831e+00 6.193066348268431831e+00 6.193066348268431831e+00 6.193066348268431831e+00 6.193066348268431831e+00 6.193066348268431831e+00
6.150379236845488151e+00 6.150379236845488151e+00 6.150379236845488151e+00 6.150379236845488151e+00 6.150379236845488151e+00 6.150379236845488151e+00 6.150379236845488151e+00 6.150379236845488151e+00 6.150379236845488151e+00 6.150379236845488151e+00 6.150379236845488151e+00
6.101945381780419453e+00 6.101945381780419453e+00 6.101945381780419453e+00 6.101945381780419453e+00 6.101945381780419453e+00 6.101945381780419453e+00 6.101945381780419453e+00 6.101945381780419453e+00 6.101945381780419453e+00 6.101945381780419453e+00 6.101945381780419453e+00
6.047439853419940725e+00 6.047439853419940725e+00 6.047439853419940725e+00 6.047439853419940725e+00 6.047439853419940725e+00 6.047439853419940725e+00 6.047439853419940725e+00 6.047439853419940725e+00 6.047439853419940725e+00 6.047439853419940725e+00 6.047439853419940725e+00
5.986612824766853080e+00 5.986612824766853080e+00 5.986612824766853080e+00 5.986612824766853080e+00 5.986612824766853080e+00 5.986612824766853080e+00 5.986612824766853080e+00 5.986612824766853080e+00 5.986612824766853080e+00 5.986612824766853080e+00 5.986612824766853080e+00
5.919306475253595323e+00 5.919306475253595323e+00 5.919306475253595323e+00 5.919306475253595323e+00 5.919306475253595323e+00 5.919306475253595323e+00 5.919306475253595323e+00 5.919306475253595323e+00 5.919306475253595323e+00 5.919306475253595323e+00 5.919306475253595323e+00
5.845469148992335384e+00 5.845469148992335384e+00 5.845469148992335384e+00 5.845469148992335384e+00 5.845469148992335384e+00 5.845469148992335384e+00 5.845469148992335384e+00 5.845469148992335384e+00 5.845469148992335384e+00 5.845469148992335384e+00 5.845469148992335384e+00
5.765165048896007782e+00 5.765165048896007782e+00 5.765165048896007782e+00 5.765165048896007782e+00 5.765165048896007782e+00 5.765165048896007782e+00 5.765165048896007782e+00 5.765165048896007782e+00 5.765165048896007782e+00 5.765165048896007782e+00 5.765165048896007782e+00
