-7.731914847090946452e+00 -7.731914844984254742e+00 -7.731914838322310857e+00 -7.731914817255396422e+00 -7.731914750635970002e+00 -7.731914539966913580e+00 -7.731913873773533119e+00 -7.731911767091816934e+00 -7.731905105246541510e+00 -7.731884039314545376e+00 -7.731817429712389611e+00
-9.390150979218606864e+00 -9.390150944213814910e+00 -9.390150833518958962e+00 -9.390150483471279230e+00 -9.390149376525178226e+00 -9.390145876072816478e+00 -9.390134806856190508e+00 -9.390099804776360415e+00 -9.389989137043006195e+00 -9.389639360418529535e+00 -9.388535119926560313e+00
-1.155704279852273153e+01 -1.155704117133487330e+01 -1.155703602575518296e+01 -1.155701975440468843e+01 -1.155696830388818164e+01 -1.155680564317164816e+01 -1.155629166539781671e+01 -1.155467031661868660e+01 -1.154958263760108750e+01 -1.153387535575779488e+01 -1.148764261458345715e+01
-1.510813770643095388e+01 -1.510659453310655564e+01 -1.510175036713179431e+01 -1.508677796526978199e+01 -1.504256663311072906e+01 -1.492659774794416272e+01 -1.468578023005875899e+01 -1.431545240876084435e+01 -1.386607698124544719e+01 -1.338339709685439161e+01 -1.288902113958512174e+01
-1.855182587279566420e+01 -1.805221012551826831e+01 -1.755233170768634920e+01 -1.705237016242846693e+01 -1.655238769585753644e+01 -1.605238786823018771e+01 -1.555238792273922144e+01 -1.505238793997656899e+01 -1.455238778817856726e+01 -1.405238789742467098e+01 -1.355238793197140623e+01
-1.931601997006985272e+01 -1.881601997006985272e+01 -1.831601997006985272e+01 -1.781601997006985272e+01 -1.731601997006985272e+01 -1.681601997006985272e+01 -1.631601997006985272e+01 -1.581601997006985272e+01 -1.531601997006985272e+01 -1.481601997006985272e+01 -1.431601997006985094e+01
-2.020012165517682945e+01 -1.970012165517682945e+01 -1.920012165517682945e+01 -1.870012165517682945e+01 -1.820012165517682945e+01 -1.770012165517682945e+01 -1.720012165517682945e+01 -1.670012165517682945e+01 -1.620012165517682945e+01 -1.570012165517683123e+01 -1.520012165517683123e+01
-2.122468129075907939e+01 -2.072468129075907939e+01 -2.022468129075907939e+01 -1.972468129075907939e+01 -1.922468129075907939e+01 -1.872468129075907939e+01 -1.822468129075907939e+01 -1.772468129075907939e+01 -1.722468129075907939e+01 -1.672468129075907939e+01 -1.622468129075907939e+01
-2.241255005604899964e+01 -2.191255005604899964e+01 -2.141255005604899964e+01 -2.091255005604899964e+01 -2.041255005604899964e+01 -1.991255005604899964e+01 -1.941255005604899964e+01 -1.891255005604899964e+01 -1.841255005604899964e+01 -1.791255005604899964e+01 -1.741255005604899964e+01
-2.378999876326062690e+01 -2.328999876326062690e+01 -2.278999876326062690e+01 -2.228999876326062690e+01 -2.178999876326062690e+01 -2.128999876326062690e+01 -2.078999876326062690e+01 -2.028999876326062690e+01 -1.978999876326062690e+01 -1.928999876326062690e+01 -1.878999876326062690e+01
-2.538731082788758187e+01 -2.488731082788758187e+01 -2.438731082788758187e+01 -2.388731082788758187e+01 -2.338731082788758187e+01 -2.288731082788758187e+01 -2.238731082788758187e+01 -2.188731082788758187e+01 -2.138731082788758187e+01 -2.088731082788758187e+01 -2.038731082788758187e+01
