1.164598267040101476e+01 1.161414321883875012e+01 1.156868958309691209e+01 1.150528605145318117e+01 1.141861028257989830e+01 1.130212606052032598e+01 1.114794866414213814e+01 1.094716485202155809e+01 1.069111390396032846e+01 1.037396041886092668e+01 9.996098796677230780e+00
1.164598088025337219e+01 1.161414206222440804e+01 1.156868880413028400e+01 1.150528550160037966e+01 1.141860987646450809e+01 1.130212574996796349e+01 1.114794842287185439e+01 1.094716466639986052e+01 1.069111376692391957e+01 1.037396032532989310e+01 9.996098740044464748e+00
1.164597852421615087e+01 1.161414055693204439e+01 1.156868780503458005e+01 1.150528480841959755e+01 1.141860937373531648e+01 1.130212537211616208e+01 1.114794813362587966e+01 1.094716444643365172e+01 1.069111360589162274e+01 1.037396021604184249e+01 9.996098674105608595e+00
1.164597541536665837e+01 1.161413859073118893e+01 1.156868651763992517e+01 1.150528392987404125e+01 1.141860874801011150e+01 1.130212491011099729e+01 1.114794778548494314e+01 1.094716418501680621e+01 1.069111341630312140e+01 1.037396008819750470e+01 9.996098597284166942e+00
1.164597130364913902e+01 1.161413601396978734e+01 1.156868485150391734e+01 1.150528281061004598e+01 1.141860796491582875e+01 1.130212434230096541e+01 1.114794736466243741e+01 1.094716387334915453e+01 1.069111319261867443e+01 1.037395993845300346e+01 9.996098507720718729e+00
1.164596585432875564e+01 1.161413262687671022e+01 1.156868268642869246e+01 1.150528137755305380e+01 1.141860697950961168e+01 1.130212364074446896e+01 1.114794685365901294e+01 1.094716350047307785e+01 1.069111292807606617e+01 1.037395976279922394e+01 9.996098403216997497e+00
1.164595861906297181e+01 1.161412816252122404e+01 1.156867986242965607e+01 1.150527953401501868e+01 1.141860573283870117e+01 1.130212276922845405e+01 1.114794623014850039e+01 1.094716305266959111e+01 1.069111261437888949e+01 1.037395955641032153e+01 9.996098281167325794e+00
1.164594899706180797e+01 1.161412226393984426e+01 1.156867616628276174e+01 1.150527715180488109e+01 1.141860414734676965e+01 1.130212168063374101e+01 1.114794546550620780e+01 1.094716251266850904e+01 1.069111224129485649e+01 1.037395931345242239e+01 9.996098138474115657e+00
1.164593618294691169e+01 1.161411445343030557e+01 1.156867131347753741e+01 1.150527406065930514e+01 1.141860212073414438e+01 1.130212031342657042e+01 1.114794452286045434e+01 1.094716185861216751e+01 1.069111179613592455e+01 1.037395902684078486e+01 9.996097971443173691e+00
1.164591909676894055e+01 1.161410409132779975e+01 1.156866492400049751e+01 1.150527003407654902e+01 1.141859951774493886e+01 1.130211858698057448e+01 1.114794335450787521e+01 1.094716106269185474e+01 1.069111126308272830e+01 1.037395868792994058e+01 9.996097775653272066e+00
1.164589629011047300e+01 1.161409032066191926e+01 1.156865648983356287e+01 1.150526477032171258e+01 1.141859615917348414e+01 1.130211639533239953e+01 1.114794189847879480e+01 1.094716008934888585e+01 1.069111062230338227e+01 1.037395828611638038e+01 9.996097545792753891e+00
