9.996090915776020935e+00 9.566419128963147500e+00 9.100511302703832683e+00 8.614483027472996213e+00 8.119513499941941603e+00 7.621192222624032730e+00 7.121733471520887981e+00 6.621905737948818427e+00 6.121960326739515956e+00 5.621977600650602369e+00 5.121983064285573484e+00
9.996089316728689056e+00 9.566418436251975521e+00 9.100511031762168912e+00 8.614482931119489706e+00 8.119513467832911502e+00 7.621192212268132593e+00 7.121733468224061170e+00 6.621905736904002637e+00 6.121960326408887099e+00 5.621977600546025577e+00 5.121983064252501272e+00
9.996087364156915456e+00 9.566417608463963163e+00 9.100510712948054248e+00 8.614482818711605816e+00 8.119513430516185792e+00 7.621192200249717885e+00 7.121733464399808256e+00 6.621905735692226180e+00 6.121960326025442711e+00 5.621977600424744814e+00 5.121983064214146175e+00
9.996084967749744976e+00 9.566416615593791306e+00 9.100510337028451247e+00 8.614482687455458532e+00 8.119513387132537119e+00 7.621192186300288718e+00 7.121733459963578206e+00 6.621905734286787748e+00 6.121960325580744211e+00 5.621977600284092880e+00 5.121983064169665312e+00
9.996082011098872400e+00 9.566415419935424325e+00 9.100509892748089413e+00 8.614482534031626670e+00 8.119513336676002169e+00 7.621192170107434549e+00 7.121733454817209541e+00 6.621905732656713006e+00 6.121960325065001207e+00 5.621977600120973584e+00 5.121983064118079909e+00
9.996078343505431008e+00 9.566413973848987951e+00 9.100509366317544035e+00 8.614482354483856241e+00 8.119513277967181253e+00 7.621192151307459639e+00 7.121733448846715220e+00 6.621905730766060927e+00 6.121960324466861003e+00 5.621977599931798686e+00 5.121983064058254875e+00
9.996073769090896732e+00 9.566412216825032289e+00 9.100508740754390757e+00 8.614482144080522374e+00 8.119513209621118222e+00 7.621192129476717980e+00 7.121733441919705143e+00 6.621905728573129757e+00 6.121960323773151025e+00 5.621977599712403517e+00 5.121983063988873930e+00
9.996068032303906392e+00 9.566410071614594557e+00 9.100507995031451358e+00 8.614481897141274658e+00 8.119513130008531476e+00 7.621192104121390365e+00 7.121733433882377895e+00 6.621905726029527095e+00 6.121960322968593715e+00 5.621977599457959940e+00 5.121983063908410294e+00
9.996060798605586939e+00 9.566407439115531375e+00 9.100507102971040041e+00 8.614481606818888082e+00 8.119513037208818673e+00 7.621192074665409599e+00 7.121733424556008885e+00 6.621905723079090755e+00 6.121960322035464586e+00 5.621977599162867101e+00 5.121983063815092052e+00
9.996051628701501102e+00 9.566404191600780038e+00 9.100506031804011187e+00 8.614481264823282913e+00 8.119512928952781650e+00 7.621192040436159054e+00 7.121733413732845186e+00 6.621905719656635547e+00 6.121960320953203194e+00 5.621977598820627087e+00 5.121983063706866623e+00
9.996039944132620647e+00 9.566400163733920436e+00 9.100504740285238370e+00 8.614480861070511253e+00 8.119512802552497632e+00 7.621192000647481812e+00 7.121733401171303157e+00 6.621905715686492222e+00 6.121960319697953068e+00 5.621977598423704592e+00 5.121983063581351026e+00
