3.097944866756607851e+00 3.097944866756606075e+00 3.097944866756599414e+00 3.097944866756579430e+00 3.097944866756515925e+00 3.097944866756315196e+00 3.097944866755680149e+00 3.097944866753671977e+00 3.097944866747321058e+00 3.097944866727237567e+00 3.097944866663728813e+00
3.097895840465274997e+00 3.097895840465273221e+00 3.097895840465267003e+00 3.097895840465247019e+00 3.097895840465184403e+00 3.097895840464985895e+00 3.097895840464358841e+00 3.097895840462375538e+00 3.097895840456102778e+00 3.097895840436268422e+00 3.097895840373545706e+00
3.097880470297528444e+00 3.097880470297526223e+00 3.097880470297520006e+00 3.097880470297500466e+00 3.097880470297437849e+00 3.097880470297239786e+00 3.097880470296614064e+00 3.097880470294634758e+00 3.097880470288375321e+00 3.097880470268582265e+00 3.097880470205990999e+00
3.097860393300915227e+00 3.097860393300913007e+00 3.097860393300906789e+00 3.097860393300887250e+00 3.097860393300824633e+00 3.097860393300627457e+00 3.097860393300003068e+00 3.097860393298028203e+00 3.097860393291784309e+00 3.097860393272038770e+00 3.097860393209597607e+00
3.097834206385339684e+00 3.097834206385337907e+00 3.097834206385331690e+00 3.097834206385312150e+00 3.097834206385249534e+00 3.097834206385052802e+00 3.097834206384430189e+00 3.097834206382461097e+00 3.097834206376234523e+00 3.097834206356543607e+00 3.097834206294276527e+00
3.097800093375495223e+00 3.097800093375493002e+00 3.097800093375486785e+00 3.097800093375467245e+00 3.097800093375405517e+00 3.097800093375208785e+00 3.097800093374588393e+00 3.097800093372625518e+00 3.097800093366418928e+00 3.097800093346791517e+00 3.097800093284725165e+00
3.097755713080923012e+00 3.097755713080921236e+00 3.097755713080915019e+00 3.097755713080895035e+00 3.097755713080833306e+00 3.097755713080637907e+00 3.097755713080019735e+00 3.097755713078064410e+00 3.097755713071880468e+00 3.097755713052326776e+00 3.097755712990491350e+00
3.097698052771693078e+00 3.097698052771691302e+00 3.097698052771684640e+00 3.097698052771665544e+00 3.097698052771603816e+00 3.097698052771409305e+00 3.097698052770793353e+00 3.097698052768846466e+00 3.097698052762689613e+00 3.097698052743219854e+00 3.097698052681651326e+00
3.097623242893847273e+00 3.097623242893845497e+00 3.097623242893839279e+00 3.097623242893819739e+00 3.097623242893758455e+00 3.097623242893564832e+00 3.097623242892951989e+00 3.097623242891014872e+00 3.097623242884888661e+00 3.097623242865515714e+00 3.097623242804253163e+00
3.097526318544240986e+00 3.097526318544238766e+00 3.097526318544232993e+00 3.097526318544213453e+00 3.097526318544152613e+00 3.097526318543960322e+00 3.097526318543351032e+00 3.097526318541425017e+00 3.097526318535333889e+00 3.097526318516072408e+00 3.097526318455162020e+00
3.097400968357835627e+00 3.097400968357833406e+00 3.097400968357827633e+00 3.097400968357808537e+00 3.097400968357747697e+00 3.097400968357556739e+00 3.097400968356951445e+00 3.097400968355038309e+00 3.097400968348987593e+00 3.097400968329854010e+00 3.097400968269347743e+00
