3.032072116111717897e+00 3.032063537735326886e+00 3.032036408787929460e+00 3.031950602164766639e+00 3.031679085310349908e+00 3.030818783440810460e+00 3.028082448755997635e+00 3.019303623558961203e+00 2.991119823453084248e+00 2.909281886333304090e+00 2.729490115056026678e+00
3.017024721167012036e+00 3.017017231623994711e+00 3.016993545570498370e+00 3.016918623332688565e+00 3.016681495739565122e+00 3.015929634872792864e+00 3.013532978050870614e+00 3.005791139069691642e+00 2.980426003117432110e+00 2.903495692118426508e+00 2.727494741003057221e+00
2.999006801178192738e+00 2.999000435714409996e+00 2.998980304091603433e+00 2.998916619745971790e+00 2.998715007285745138e+00 2.998075228190629105e+00 2.996030584097261418e+00 2.989373315366112394e+00 2.967057387427811666e+00 2.895927069314495839e+00 2.724827220470208200e+00
2.977571919621110119e+00 2.977566702188600978e+00 2.977550200814144787e+00 2.977497994864440667e+00 2.977332665568706904e+00 2.976807472495171858e+00 2.975123533200751513e+00 2.969586477463210805e+00 2.950514307636630917e+00 2.886100558802159988e+00 2.721268358992638525e+00
2.952245935154880208e+00 2.952241876773848972e+00 2.952229040564918527e+00 2.952188424111833243e+00 2.952059736159548198e+00 2.951650330833562652e+00 2.950331604844968592e+00 2.945936565620549175e+00 2.930257303214107711e+00 2.873455301911682636e+00 2.716532971948277364e+00
2.922536585516664509e+00 2.922533682982223269e+00 2.922524501864527835e+00 2.922495443655464875e+00 2.922403304286286030e+00 2.922109454625823499e+00 2.921155837681467471e+00 2.917909256583965050e+00 2.905718781928348537e+00 2.857349600067223605e+00 2.710254082806975440e+00
2.887946551883058710e+00 2.887944786949577569e+00 2.887939203276956412e+00 2.887921521535151914e+00 2.887865361101239703e+00 2.887685318054182382e+00 2.887091818664649701e+00 2.884983772203395525e+00 2.876318952639704385e+00 2.837074744398573767e+00 2.701966257976495367e+00
2.847990052755977608e+00 2.847989391919608870e+00 2.847987299785556647e+00 2.847980660025371424e+00 2.847959425006866940e+00 2.847889899696584237e+00 2.847646558865908784e+00 2.846650408197543225e+00 2.841486009892514986e+00 2.811879300435797369e+00 2.691090290627937698e+00
2.802212737579905077e+00 2.802213132552860309e+00 2.802214379289976964e+00 2.802218299055062811e+00 2.802230467008224313e+00 2.802266677644634996e+00 2.802358713378136912e+00 2.802431510633628164e+00 2.800680168734969833e+00 2.781003599470773580e+00 2.676922988900571454e+00
2.750214245409331681e+00 2.750215634334991943e+00 2.750220024357589832e+00 2.750233885373228215e+00 2.750277503368874665e+00 2.750413296891330628e+00 2.750821489606418702e+00 2.751905195762947898e+00 2.753420652648856048e+00 2.743722542968150435e+00 2.658637524555372167e+00
2.691672179497853534e+00 2.691674488894290285e+00 2.691681789844894812e+00 2.691704857460438749e+00 2.691777603621223314e+00 2.692005650843996900e+00 2.692706965886340509e+00 2.694730468911823884e+00 2.699314040406882498e+00 2.699393208364001318e+00 2.635301031120483195e+00
