7.064318001163474303e-01 7.064318001164643368e-01 7.064318001168342631e-01 7.064318001180045492e-01 7.064318001217050336e-01 7.064318001334068953e-01 7.064318001704115169e-01 7.064318002874302449e-01 7.064318006574756836e-01 7.064318018276625200e-01 7.064318055281182396e-01
5.776676874545798590e-01 5.776676874546968765e-01 5.776676874550668028e-01 5.776676874562368669e-01 5.776676874599365741e-01 5.776676874716365484e-01 5.776676875086346197e-01 5.776676876256331417e-01 5.776676879956146315e-01 5.776676891655990742e-01 5.776676928654146392e-01
4.488915129826341333e-01 4.488915129827509842e-01 4.488915129831211326e-01 4.488915129842908636e-01 4.488915129879898491e-01 4.488915129996872699e-01 4.488915130366780692e-01 4.488915131536528880e-01 4.488915135235602150e-01 4.488915146933095679e-01 4.488915183923817831e-01
3.201009906894192181e-01 3.201009906895361246e-01 3.201009906899060509e-01 3.201009906910754488e-01 3.201009906947737682e-01 3.201009907064686355e-01 3.201009907434504975e-01 3.201009908603983378e-01 3.201009912302198446e-01 3.201009923996975259e-01 3.201009960979112612e-01
1.912941005422151008e-01 1.912941005423321739e-01 1.912941005427018504e-01 1.912941005438708320e-01 1.912941005475681799e-01 1.912941005592598831e-01 1.912941005962318641e-01 1.912941007131483684e-01 1.912941010828701494e-01 1.912941022520334988e-01 1.912941059492527518e-01
6.246823615864371265e-02 6.246823615876063301e-02 6.246823615913017769e-02 6.246823616029903437e-02 6.246823616399508478e-02 6.246823617568312420e-02 6.246823621264382953e-02 6.246823632952362010e-02 6.246823669913049298e-02 6.246823786792995298e-02 6.246824156399781447e-02
-6.637990514544267473e-02 -6.637990514532576825e-02 -6.637990514495628602e-02 -6.637990514378787343e-02 -6.637990514009325937e-02 -6.637990512840941104e-02 -6.637990509146207696e-02 -6.637990497462419037e-02 -6.637990460515043323e-02 -6.637990343677177552e-02 -6.637989974203414856e-02
-1.952537645304982805e-01 -1.952537645303814295e-01 -1.952537645300120861e-01 -1.952537645288441315e-01 -1.952537645251508636e-01 -1.952537645134720945e-01 -1.952537644765400537e-01 -1.952537643597510031e-01 -1.952537639904310673e-01 -1.952537628225389510e-01 -1.952537591293398989e-01
-3.241578277434573607e-01 -3.241578277433407873e-01 -3.241578277429715271e-01 -3.241578277418041831e-01 -3.241578277381127471e-01 -3.241578277264394736e-01 -3.241578276895252242e-01 -3.241578275727922120e-01 -3.241578272036499397e-01 -3.241578260363197628e-01 -3.241578223448977614e-01
-4.530970467305242000e-01 -4.530970467304074045e-01 -4.530970467300385329e-01 -4.530970467288718551e-01 -4.530970467251823619e-01 -4.530970467135154722e-01 -4.530970466766219840e-01 -4.530970465599538644e-01 -4.530970461910167058e-01 -4.530970450243355097e-01 -4.530970413349653114e-01
-5.820772980563274634e-01 -5.820772980562105570e-01 -5.820772980558419629e-01 -5.820772980546761177e-01 -5.820772980509889560e-01 -5.820772980393297269e-01 -5.820772980024596643e-01 -5.820772978858664848e-01 -5.820772975171664143e-01 -5.820772963512337306e-01 -5.820772926642316936e-01
