-7.529050482754005458e+00 -7.029050482754208851e+00 -6.529050482754275464e+00 -6.029050482754318985e+00 -5.529050482754563234e+00 -5.029050482756940887e+00 -4.529050482780696107e+00 -4.029050483018238538e+00 -3.529050485393662839e+00 -3.029050509147907189e+00 -2.529050746690200580e+00
-7.529050482699963354e+00 -7.029050482737051020e+00 -6.529050482748781192e+00 -6.029050482752514206e+00 -5.529050482753924634e+00 -5.029050482756670881e+00 -4.529050482780542453e+00 -4.029050483018121298e+00 -3.529050485393558034e+00 -3.029050509147805492e+00 -2.529050746690100215e+00
-7.529050478176563921e+00 -7.029050481300920694e+00 -6.529050482288931256e+00 -6.029050482601390648e+00 -5.529050482700429647e+00 -5.029050482734048977e+00 -4.529050482767682517e+00 -4.029050483008349559e+00 -3.529050485384761959e+00 -3.029050509139318503e+00 -2.529050746681710926e+00
-7.529050283409096878e+00 -7.029050419464366151e+00 -6.529050462488831030e+00 -6.029050476094385047e+00 -5.529050480397069478e+00 -5.029050481759997915e+00 -4.529050482213996531e+00 -4.029050482587594573e+00 -3.529050485006043569e+00 -3.029050508773893036e+00 -2.529050746320489207e+00
-7.529045532444728295e+00 -7.029048911078928263e+00 -6.529049979502346446e+00 -6.029050317368066736e+00 -5.529050424210873338e+00 -5.029050457999841406e+00 -4.529050468707854549e+00 -4.029050472324056997e+00 -3.529050475767907535e+00 -3.029050499860017620e+00 -2.529050737509158875e+00
-7.528974274256572841e+00 -7.029026285939127483e+00 -6.529042734773734757e+00 -6.029047936481635617e+00 -5.529049581419300807e+00 -5.029050101597861477e+00 -4.529050266115898005e+00 -4.029050318371113271e+00 -3.529050337195972276e+00 -3.029050366151991636e+00 -2.529050605339305591e+00
-7.528270047212578753e+00 -7.028802551005785659e+00 -6.528971079463500082e+00 -6.029024386454250539e+00 -5.529041244966880875e+00 -5.029046576235165489e+00 -4.529048262166847749e+00 -4.029048795536651184e+00 -3.529048966503443463e+00 -3.029049043571049538e+00 -2.529049297973274602e+00
-7.523424690127635373e+00 -7.027256446893189512e+00 -6.528475224500226659e+00 -6.028861348721425983e+00 -5.528983523400945899e+00 -5.029022165583160842e+00 -4.529034386052704697e+00 -4.029038250806089572e+00 -3.529039475255938640e+00 -3.029039885465320214e+00 -2.529040245221074734e+00
-7.499509988838440222e+00 -7.019452222591978874e+00 -6.525953966958761399e+00 -6.028030422475032069e+00 -5.528689126904474449e+00 -5.028897635629490992e+00 -4.528963592739891020e+00 -4.028984452524482229e+00 -3.528991051476690455e+00 -3.028993161275533197e+00 -2.528994058515065646e+00
-7.416534549932485731e+00 -6.990075892821798753e+00 -6.516186122604563202e+00 -6.024780637819711515e+00 -5.527534243851066620e+00 -5.028408656575564351e+00 -4.528685536977999249e+00 -4.028773131228810200e+00 -3.528800836941814456e+00 -3.028809621641032290e+00 -2.528812629799910727e+00
-7.227068345758863366e+00 -6.908844411857616663e+00 -6.486827120986806250e+00 -6.014716777642900247e+00 -5.523922488810999454e+00 -5.026874673931538418e+00 -4.527812428782554299e+00 -4.028109395031155060e+00 -3.528203348584993293e+00 -3.028233086583708822e+00 -2.528242721445256525e+00
