1.635267667082351162e+00 1.635267668978029443e+00 1.635267674972689766e+00 1.635267693929470578e+00 1.635267753876068930e+00 1.635267943443803773e+00 1.635268542909072087e+00 1.635270438579252250e+00 1.635276433160259391e+00 1.635295389145332123e+00 1.635355327788886814e+00
1.775194774164134071e+00 1.775194776044712874e+00 1.775194781991624504e+00 1.775194800797410322e+00 1.775194860266521291e+00 1.775195048324308411e+00 1.775195643014711555e+00 1.775197523585529513e+00 1.775203470419024265e+00 1.775222275421845630e+00 1.775281736703978153e+00
1.915123514608884081e+00 1.915123516476707755e+00 1.915123522383284982e+00 1.915123541061521495e+00 1.915123600127285775e+00 1.915123786909580295e+00 1.915124377566528757e+00 1.915126245382515080e+00 1.915132151882415368e+00 1.915150829346455641e+00 1.915209887387979482e+00
2.055054830488065143e+00 2.055054832345102334e+00 2.055054838217569291e+00 2.055054856787939865e+00 2.055054915512603664e+00 2.055055101216242797e+00 2.055055688462189778e+00 2.055057545491703053e+00 2.055063417882390109e+00 2.055081987489715711e+00 2.055140704519224926e+00
2.194989193635234148e+00 2.194989195483140421e+00 2.194989201326734030e+00 2.194989219805797642e+00 2.194989278241724406e+00 2.194989463032297472e+00 2.194990047390880772e+00 2.194991895289799544e+00 2.194997738807524357e+00 2.195016217115651536e+00 2.195074645482991027e+00
2.334926763531710581e+00 2.334926765371882151e+00 2.334926771191014439e+00 2.334926789592726148e+00 2.334926847784042803e+00 2.334927031801092845e+00 2.334927613713585703e+00 2.334929453877331085e+00 2.334935272934721251e+00 2.334953673896801085e+00 2.335011857717677941e+00
2.474867496877314554e+00 2.474867498710928260e+00 2.474867504509323801e+00 2.474867522845459966e+00 2.474867580829409164e+00 2.474867764190705977e+00 2.474868344029528267e+00 2.474870177635788870e+00 2.474875975956955187e+00 2.474894311348987408e+00 2.474952287855658906e+00
2.614811222461648654e+00 2.614811224289700142e+00 2.614811230070506198e+00 2.614811248351019302e+00 2.614811306159072757e+00 2.614811488964138508e+00 2.614812067044007815e+00 2.614813895087998663e+00 2.614819675820034828e+00 2.614837955593439123e+00 2.614895756249413949e+00
2.754757691061253233e+00 2.754757692884584497e+00 2.754757698650463382e+00 2.754757716883773355e+00 2.754757774542556881e+00 2.754757956875589109e+00 2.754758533462760450e+00 2.754760356786452480e+00 2.754766122591854050e+00 2.754784355165705634e+00 2.754842006589690140e+00
2.894706606943461047e+00 2.894706608762784850e+00 2.894706614515991649e+00 2.894706632709228789e+00 2.894706690241290570e+00 2.894706872173594459e+00 2.894707447493553687e+00 2.894709266809991632e+00 2.894715019943562950e+00 2.894733212447780257e+00 2.894790737182556750e+00
3.034657647459071406e+00 3.034657649274992597e+00 3.034657655017438227e+00 3.034657673176647030e+00 3.034657730601101111e+00 3.034657912193119422e+00 3.034658486437002978e+00 3.034660302350610461e+00 3.034666044723673739e+00 3.034684203202048458e+00 3.034741620356385283e+00
