9.537009689118141509e+00 9.537009689118001177e+00 9.537009689117555311e+00 9.537009689116143107e+00 9.537009689111677346e+00 9.537009689097557086e+00 9.537009689052906580e+00 9.537009688911705751e+00 9.537009688465193591e+00 9.537009687053195961e+00 9.537009682588065473e+00
9.540311082868322856e+00 9.540311082868155879e+00 9.540311082867626524e+00 9.540311082865954972e+00 9.540311082860664982e+00 9.540311082843938806e+00 9.540311082791047781e+00 9.540311082623791350e+00 9.540311082094881101e+00 9.540311080422318568e+00 9.540311075133208973e+00
9.542980102619807781e+00 9.542980102619614158e+00 9.542980102619003091e+00 9.542980102617068638e+00 9.542980102610949089e+00 9.542980102591602787e+00 9.542980102530419728e+00 9.542980102336942494e+00 9.542980101725115460e+00 9.542980099790346671e+00 9.542980093672071007e+00
9.545124660979876552e+00 9.545124660979658060e+00 9.545124660978963504e+00 9.545124660976769704e+00 9.545124660969833030e+00 9.545124660947896800e+00 9.545124660878528289e+00 9.545124660659165983e+00 9.545124659965482650e+00 9.545124657771861365e+00 9.545124650835022706e+00
9.546837678688655515e+00 9.546837678688412154e+00 9.546837678687637663e+00 9.546837678685193396e+00 9.546837678677462691e+00 9.546837678653014692e+00 9.546837678575705866e+00 9.546837678331231203e+00 9.546837677558134061e+00 9.546837675113387434e+00 9.546837667382421344e+00
9.548198324193705844e+00 9.548198324193437614e+00 9.548198324192588515e+00 9.548198324189904440e+00 9.548198324181415231e+00 9.548198324154569150e+00 9.548198324069677057e+00 9.548198323801219800e+00 9.548198322952288208e+00 9.548198320267726302e+00 9.548198311778401504e+00
9.549273349831056024e+00 9.549273349830764701e+00 9.549273349829844548e+00 9.549273349826934876e+00 9.549273349817731571e+00 9.549273349788627741e+00 9.549273349696594693e+00 9.549273349405559941e+00 9.549273348485229462e+00 9.549273345574887273e+00 9.549273336371575382e+00
9.550118474457484297e+00 9.550118474457173434e+00 9.550118474456185780e+00 9.550118474453066497e+00 9.550118474443198835e+00 9.550118474411997127e+00 9.550118474313325834e+00 9.550118474001303426e+00 9.550118473014601150e+00 9.550118469894373519e+00 9.550118460027348988e+00
9.550779761771115872e+00 9.550779761770785470e+00 9.550779761769737419e+00 9.550779761766424514e+00 9.550779761755947561e+00 9.550779761722816730e+00 9.550779761618045427e+00 9.550779761286731784e+00 9.550779760239025862e+00 9.550779756925887654e+00 9.550779746448830210e+00
9.551294949166996062e+00 9.551294949166646120e+00 9.551294949165544779e+00 9.551294949162056014e+00 9.551294949151023062e+00 9.551294949116135413e+00 9.551294949005814772e+00 9.551294948656947170e+00 9.551294947553731873e+00 9.551294944065055859e+00 9.551294933032899337e+00
9.551694691460188125e+00 9.551694691459823972e+00 9.551694691458671116e+00 9.551694691455024255e+00 9.551694691443490370e+00 9.551694691407021764e+00 9.551694691291693573e+00 9.551694690926993303e+00 9.551694689773711389e+00 9.551694686126715794e+00 9.551694674593901979e+00
