-1.878184941820286280e+00 -1.878184926050942005e+00 -1.878184876183900176e+00 -1.878184718490506278e+00 -1.878184219820586032e+00 -1.878182642891605081e+00 -1.878177656242000060e+00 -1.878161887448164480e+00 -1.878112025911381266e+00 -1.877954387551505455e+00 -1.877456267519853395e+00
-1.743158316208334613e+00 -1.743158300954272599e+00 -1.743158252716695999e+00 -1.743158100176120717e+00 -1.743157617800820125e+00 -1.743156092399708923e+00 -1.743151268693111877e+00 -1.743136015146088624e+00 -1.743087782720602830e+00 -1.742935293642349892e+00 -1.742453432901211352e+00
-1.607933435702928460e+00 -1.607933420860088614e+00 -1.607933373922911580e+00 -1.607933225494558638e+00 -1.607932756123227724e+00 -1.607931271844091903e+00 -1.607926578174723620e+00 -1.607911735822770583e+00 -1.607864803522762287e+00 -1.607716423928115645e+00 -1.607247539802756808e+00
-1.472429947811153772e+00 -1.472429933298341265e+00 -1.472429887404801629e+00 -1.472429742276718301e+00 -1.472429283341741391e+00 -1.472427832065108300e+00 -1.472423242757348927e+00 -1.472408730411099542e+00 -1.472362841533977562e+00 -1.472217760065135606e+00 -1.471759290880703785e+00
-1.336600235802718917e+00 -1.336600221556091039e+00 -1.336600176504300963e+00 -1.336600034038061935e+00 -1.336599583520564849e+00 -1.336598158862223773e+00 -1.336593653727735198e+00 -1.336579407549140175e+00 -1.336534360252064735e+00 -1.336391938933739976e+00 -1.335941870308410495e+00
-1.200421019242087661e+00 -1.200421005211113057e+00 -1.200420960841277918e+00 -1.200420820531569621e+00 -1.200420376833611247e+00 -1.200418973740453366e+00 -1.200414536800137322e+00 -1.200400506261210198e+00 -1.200356140784250458e+00 -1.200215874646979985e+00 -1.199772612081336121e+00
-1.063886729305561607e+00 -1.063886715450012455e+00 -1.063886671634922010e+00 -1.063886533079469565e+00 -1.063886094928948367e+00 -1.063884709378252413e+00 -1.063880327911330470e+00 -1.063866472787265982e+00 -1.063822661946691062e+00 -1.063684148982850797e+00 -1.063246423040807853e+00
-9.270043192476378202e-01 -9.270043055353252015e-01 -9.270042621731878763e-01 -9.270041250500987706e-01 -9.270036914291018837e-01 -9.270023202019598285e-01 -9.269979840294944040e-01 -9.269842721330939783e-01 -9.269409141583379030e-01 -9.268038326839825869e-01 -9.263706275378901234e-01
-7.897892391710999993e-01 -7.897892255761470581e-01 -7.897891825851336423e-01 -7.897890466356407568e-01 -7.897886167258761914e-01 -7.897872572346330555e-01 -7.897829581738522453e-01 -7.897693636300477937e-01 -7.897263767082304264e-01 -7.895904681209787723e-01 -7.891609671232424628e-01
-6.522623544168957288e-01 -6.522623409184120646e-01 -6.522622982324611796e-01 -6.522621632476601761e-01 -6.522617363885154784e-01 -6.522603865441397586e-01 -6.522561179890364880e-01 -6.522426199086933662e-01 -6.521999379915283113e-01 -6.520649935178735035e-01 -6.516385373625338540e-01
-5.144476250313706478e-01 -5.144476116124246934e-01 -5.144475691779945015e-01 -5.144474349885705955e-01 -5.144470106446261681e-01 -5.144456687539795681e-01 -5.144414253504513423e-01 -5.144280068031293895e-01 -5.143855763590244878e-01 -5.142514267888004253e-01 -5.138274811012274457e-01
