7.081834120413117439e+00 6.606548157419855016e+00 6.116028371354520488e+00 5.619305217765667493e+00 5.120377809971292216e+00 4.620721064912705067e+00 4.120830036067855140e+00 3.620864538810658395e+00 3.120875453859184301e+00 2.620878905933542224e+00 2.120879997618618784e+00
7.081679906781418232e+00 6.606521928987538317e+00 6.116024844137252003e+00 5.619304802208607619e+00 5.120377761208259493e+00 4.620721058285605309e+00 4.120830034870154535e+00 3.620864538522322817e+00 3.120875453777065545e+00 2.620878905908480494e+00 2.120879997610784162e+00
7.081473104465393575e+00 6.606486715431747925e+00 6.116020114271258912e+00 5.619304247762325843e+00 5.120377697055492838e+00 4.620721049827667848e+00 4.120830033403521497e+00 3.620864538180158299e+00 3.120875453681052125e+00 2.620878905879338028e+00 2.120879997601690548e+00
7.081195995644066876e+00 6.606439443200964767e+00 6.116013769581043036e+00 5.619303507234974404e+00 5.120377612432767123e+00 4.620721038980021511e+00 4.120830031598218035e+00 3.620864537772884084e+00 3.120875453568657587e+00 2.620878905845436702e+00 2.120879997591134103e+00
7.080825072354270056e+00 6.606375995313708671e+00 6.116005256482512031e+00 5.619302517275138520e+00 5.120377500543825455e+00 4.620721025002599625e+00 4.120830029364123348e+00 3.620864537286490492e+00 3.120875453436903424e+00 2.620878905805979819e+00 2.120879997578877241e+00
7.080329283851642508e+00 6.606290864127970508e+00 6.115993831604061626e+00 5.619301192820479685e+00 5.120377352290173434e+00 4.620721006913474760e+00 4.120830026584292760e+00 3.620864536703485737e+00 3.120875453282210721e+00 2.620878905760030353e+00 2.120879997564644182e+00
7.079667858599667518e+00 6.606176694168957475e+00 6.115978497006101300e+00 5.619299419638394077e+00 5.120377155483573084e+00 4.620720983407557547e+00 4.120830023106381468e+00 3.620864536001909162e+00 3.120875453100262931e+00 2.620878905706487405e+00 2.120879997548111628e+00
7.078787675315786565e+00 6.606023684568004484e+00 6.115957913565162940e+00 5.619297044304413014e+00 5.120376893787888406e+00 4.620720952747567445e+00 4.120830018731219013e+00 3.620864535154037167e+00 3.120875452885826462e+00 2.620878905644048462e+00 2.120879997528904326e+00
7.077620217929298185e+00 6.605818815584696857e+00 6.115930285390224874e+00 5.619293860741400692e+00 5.120376545297129489e+00 4.620720912617779064e+00 4.120830013197564590e+00 3.620864534124687228e+00 3.120875452632528635e+00 2.620878905571174755e+00 2.120879997506581738e+00
7.076078255306066822e+00 6.605544860427535525e+00 6.115893205989845427e+00 5.619289592145448431e+00 5.120376080624372328e+00 4.620720859927723190e+00 4.120830006161746439e+00 3.620864532868978802e+00 3.120875452332570799e+00 2.620878905486039745e+00 2.120879997480632273e+00
7.074052546072428171e+00 6.605179144699030225e+00 6.115843454253917066e+00 5.619283866729094967e+00 5.120375460333135287e+00 4.620720790548661583e+00 4.120829997170443626e+00 3.620864531329374802e+00 3.120875451976358406e+00 2.620878905386470059e+00 2.120879997450453303e+00
