2.120879997450453303e+00 1.620880342791388706e+00 1.120880451997779303e+00 6.208804865318721111e-01 1.208804974525110598e-01 -3.791194990700856304e-01 -8.791194980009161553e-01 -1.379119497655575399e+00 -1.879119497546368756e+00 -2.379119497511835046e+00 -2.879119497500914004e+00
2.120879997415340501e+00 1.620880342780461003e+00 1.120880451994341165e+00 6.208804865307866461e-01 1.208804974521677927e-01 -3.791194990701941547e-01 -8.791194980009505722e-01 -1.379119497655586279e+00 -1.879119497546372308e+00 -2.379119497511835934e+00 -2.879119497500914449e+00
2.120879997374466086e+00 1.620880342767771820e+00 1.120880451990352356e+00 6.208804865295274311e-01 1.208804974517698472e-01 -3.791194990703199430e-01 -8.791194980009902071e-01 -1.379119497655598714e+00 -1.879119497546376305e+00 -2.379119497511837267e+00 -2.879119497500914893e+00
2.120879997326857502e+00 1.620880342753035164e+00 1.120880451985724058e+00 6.208804865280669327e-01 1.208804974513085495e-01 -3.791194990704658263e-01 -8.791194980010363924e-01 -1.379119497655613369e+00 -1.879119497546380746e+00 -2.379119497511838599e+00 -2.879119497500915337e+00
2.120879997271367667e+00 1.620880342735915747e+00 1.120880451980353243e+00 6.208804865263731765e-01 1.208804974507731306e-01 -3.791194990706350243e-01 -8.791194980010899052e-01 -1.379119497655630244e+00 -1.879119497546386075e+00 -2.379119497511840375e+00 -2.879119497500915781e+00
2.120879997206641665e+00 1.620880342716023659e+00 1.120880451974120229e+00 6.208804865244077487e-01 1.208804974501521690e-01 -3.791194990708313117e-01 -8.791194980011521887e-01 -1.379119497655650006e+00 -1.879119497546392514e+00 -2.379119497511842596e+00 -2.879119497500916225e+00
2.120879997131075445e+00 1.620880342692902154e+00 1.120880451966886238e+00 6.208804865221277947e-01 1.208804974494320644e-01 -3.791194990710590740e-01 -8.791194980012240201e-01 -1.379119497655672655e+00 -1.879119497546399620e+00 -2.379119497511844816e+00 -2.879119497500917113e+00
2.120879997042763865e+00 1.620880342666017881e+00 1.120880451958488733e+00 6.208804865194829103e-01 1.208804974485967604e-01 -3.791194990713230850e-01 -8.791194980013076199e-01 -1.379119497655699300e+00 -1.879119497546408057e+00 -2.379119497511847481e+00 -2.879119497500918001e+00
2.120879996939436740e+00 1.620880342634745119e+00 1.120880451948739642e+00 6.208804865164136988e-01 1.208804974476275634e-01 -3.791194990716295066e-01 -8.791194980014043203e-01 -1.379119497655729942e+00 -1.879119497546417605e+00 -2.379119497511850589e+00 -2.879119497500918889e+00
2.120879996818381130e+00 1.620880342598350232e+00 1.120880451937419142e+00 6.208804865128528805e-01 1.208804974465034487e-01 -3.791194990719847224e-01 -8.791194980015167859e-01 -1.379119497655765247e+00 -1.879119497546429152e+00 -2.379119497511854142e+00 -2.879119497500920222e+00
2.120879996676342305e+00 1.620880342555971687e+00 1.120880451924271881e+00 6.208804865087205194e-01 1.208804974451991726e-01 -3.791194990723968927e-01 -8.791194980016467930e-01 -1.379119497655806326e+00 -1.879119497546442030e+00 -2.379119497511857695e+00 -2.879119497500921554e+00
