-5.750965245301971507e+00 -5.750965245285803995e+00 -5.750965245234676004e+00 -5.750965245072993781e+00 -5.750965244561712986e+00 -5.750965242944900524e+00 -5.750965237832090793e+00 -5.750965221663966176e+00 -5.750965170535870641e+00 -5.750965008854675098e+00 -5.750964497574240220e+00
-5.881961564602343095e+00 -5.881961564586112523e+00 -5.881961564534788245e+00 -5.881961564372485185e+00 -5.881961563859239739e+00 -5.881961562236213581e+00 -5.881961557103754679e+00 -5.881961540873493988e+00 -5.881961489548908517e+00 -5.881961327246359339e+00 -5.881960814001031324e+00
-6.013360789160019593e+00 -6.013360789143715301e+00 -6.013360789092158321e+00 -6.013360788929118961e+00 -6.013360788413544711e+00 -6.013360786783153777e+00 -6.013360781627405061e+00 -6.013360765323496615e+00 -6.013360713766014776e+00 -6.013360550726982723e+00 -6.013360035152697236e+00
-6.145237211794745136e+00 -6.145237211778353803e+00 -6.145237211726518822e+00 -6.145237211562604607e+00 -6.145237211044262793e+00 -6.145237209405122414e+00 -6.145237204221703387e+00 -6.145237187830295156e+00 -6.145237135996114652e+00 -6.145236972082083859e+00 -6.145236453740815286e+00
-6.277681470607520353e+00 -6.277681470591025104e+00 -6.277681470538860609e+00 -6.277681470373903672e+00 -6.277681469852264051e+00 -6.277681468202693793e+00 -6.277681462986296701e+00 -6.277681446490598560e+00 -6.277681394326626751e+00 -6.277681229369705740e+00 -6.277680707730532106e+00
-6.410791878256238085e+00 -6.410791878239617603e+00 -6.410791878187061421e+00 -6.410791878020861034e+00 -6.410791877495290336e+00 -6.410791875833290021e+00 -6.410791870577582152e+00 -6.410791853957578112e+00 -6.410791801400512746e+00 -6.410791635200520311e+00 -6.410791109630417317e+00
-6.544702724161273188e+00 -6.544702724144504380e+00 -6.544702724091475687e+00 -6.544702723923786714e+00 -6.544702723393505117e+00 -6.544702721716609162e+00 -6.544702716413796750e+00 -6.544702699644833643e+00 -6.544702646616721076e+00 -6.544702478927145073e+00 -6.544701948646573619e+00
-6.679562328389812009e+00 -6.679562328372864677e+00 -6.679562328319270215e+00 -6.679562328149792449e+00 -6.679562327613854045e+00 -6.679562325919070176e+00 -6.679562320559693234e+00 -6.679562303611854546e+00 -6.679562250018087788e+00 -6.679562080539760416e+00 -6.679561544602666601e+00
-6.815553045519610720e+00 -6.815553045502447560e+00 -6.815553045448171865e+00 -6.815553045276538491e+00 -6.815553044733784205e+00 -6.815553043017445134e+00 -6.815553037589904939e+00 -6.815553020426514230e+00 -6.815552966151113168e+00 -6.815552794517270918e+00 -6.815552251763850933e+00
-6.952891821489886937e+00 -6.952891821472462652e+00 -6.952891821417363616e+00 -6.952891821243122550e+00 -6.952891820692125968e+00 -6.952891818949721525e+00 -6.952891813439753932e+00 -6.952891796015706838e+00 -6.952891740916037122e+00 -6.952891566675626578e+00 -6.952891015679530717e+00
-7.091844740258391511e+00 -7.091844740240651035e+00 -7.091844740184549245e+00 -7.091844740007142711e+00 -7.091844739446131030e+00 -7.091844737672059473e+00 -7.091844732061949763e+00 -7.091844714321227983e+00 -7.091844658220142428e+00 -7.091844480812983242e+00 -7.091843919802762741e+00
