-1.058200288607723216e+01 -1.008200288608420436e+01 -9.582002886153926369e+00 -9.082002886851137546e+00 -8.582002893823265310e+00 -8.082002963544523411e+00 -7.582003660756391206e+00 -7.082010632803696026e+00 -6.582080346139742133e+00 -6.082776766857114659e+00 -5.589670748628480901e+00
-1.058200288607716644e+01 -1.008200288608417772e+01 -9.582002886153912158e+00 -9.082002886851128665e+00 -8.582002893823256429e+00 -8.082002963544514529e+00 -7.582003660756383212e+00 -7.082010632803688033e+00 -6.582080346139734139e+00 -6.082776766857106665e+00 -5.589670748628472907e+00
-1.058200288606918527e+01 -1.008200288608099982e+01 -9.582002886152251264e+00 -9.082002886849949164e+00 -8.582002893822227918e+00 -8.082002963543535756e+00 -7.582003660755418650e+00 -7.082010632802727912e+00 -6.582080346138775795e+00 -6.082776766856150985e+00 -5.589670748627531438e+00
-1.058200288559329394e+01 -1.008200288589147142e+01 -9.582002886053279767e+00 -9.082002886779614315e+00 -8.582002893760948936e+00 -8.082002963485118485e+00 -7.582003660697908209e+00 -7.082010632745505241e+00 -6.582080346081652600e+00 -6.082776766799147694e+00 -5.589670748571434089e+00
-1.058200287026001440e+01 -1.008200287978485754e+01 -9.582002882864394167e+00 -9.082002884513393326e+00 -8.582002891786501664e+00 -8.082002961602938740e+00 -7.582003658844909566e+00 -7.082010630901762305e+00 -6.582080344241123093e+00 -6.082776764962487981e+00 -5.589670746763943043e+00
-1.058200257840306513e+01 -1.008200276355022851e+01 -9.582002822166437284e+00 -9.082002841377676106e+00 -8.582002854204452191e+00 -8.082002925777118207e+00 -7.582003623574512297e+00 -7.082010595807551212e+00 -6.582080309208073743e+00 -6.082776730003101484e+00 -5.589670712359762206e+00
-1.058199903826047183e+01 -1.008200135365319383e+01 -9.582002085914748335e+00 -9.082002318151605635e+00 -8.582002398343030691e+00 -8.082002491218339912e+00 -7.582003195752887947e+00 -7.082010170123023585e+00 -6.582079884265427339e+00 -6.082776305953967011e+00 -5.589670295045146453e+00
-1.058196984592175838e+01 -1.008198972725089071e+01 -9.581996014536121820e+00 -9.081998003444399004e+00 -8.581998639146030783e+00 -8.081998907689840195e+00 -7.581999667781158081e+00 -7.082006659774494395e+00 -6.582076380034693308e+00 -6.082772809091477662e+00 -5.589666853718173734e+00
-1.058179690465208012e+01 -1.008192084049867177e+01 -9.581960039883792746e+00 -9.081972437229360651e+00 -8.581976364439965366e+00 -8.081977673860798461e+00 -7.581978763139610500e+00 -7.081985859554809082e+00 -6.582055616064656611e+00 -6.082752088781896660e+00 -5.589646462487586120e+00
-1.058102548455021719e+01 -1.008161336457600399e+01 -9.581799434365764867e+00 -9.081858292069805216e+00 -8.581876912923849687e+00 -8.081882869056219221e+00 -7.581885427915502795e+00 -7.081892990499284224e+00 -6.581962908841483717e+00 -6.082659576508308241e+00 -5.589555419673965631e+00
-1.057833135819106651e+01 -1.008053695885065260e+01 -9.581236768698895290e+00 -9.081458303566211754e+00 -8.581528389325965733e+00 -8.081550622330020417e+00 -7.581558329116654171e+00 -7.081567524705882910e+00 -6.581638010000706807e+00 -6.082335361060510870e+00 -5.589236356425308472e+00
