-7.020323275814631669e-01 -7.020323275814631669e-01 -7.020323275814631669e-01 -7.020323275814631669e-01 -7.020323275814631669e-01 -7.020323275814631669e-01 -7.020323275814631669e-01 -7.020323275814631669e-01 -7.020323275814631669e-01 -7.020323275814631669e-01 -7.020323275814631669e-01
-5.641136847374397245e-01 -5.641136847374397245e-01 -5.641136847374397245e-01 -5.641136847374397245e-01 -5.641136847374397245e-01 -5.641136847374397245e-01 -5.641136847374397245e-01 -5.641136847374397245e-01 -5.641136847374397245e-01 -5.641136847374397245e-01 -5.641136847374397245e-01
-4.261829091960359639e-01 -4.261829091960359639e-01 -4.261829091960359639e-01 -4.261829091960359639e-01 -4.261829091960359639e-01 -4.261829091960359639e-01 -4.261829091960359639e-01 -4.261829091960359639e-01 -4.261829091960359639e-01 -4.261829091960359639e-01 -4.261829091960359639e-01
-2.881731817179684629e-01 -2.881731817179684629e-01 -2.881731817179684629e-01 -2.881731817179684629e-01 -2.881731817179684629e-01 -2.881731817179684629e-01 -2.881731817179684629e-01 -2.881731817179684629e-01 -2.881731817179684629e-01 -2.881731817179684629e-01 -2.881731817179684629e-01
-1.500431959664046133e-01 -1.500431959664046133e-01 -1.500431959664046133e-01 -1.500431959664046133e-01 -1.500431959664046133e-01 -1.500431959664046133e-01 -1.500431959664046133e-01 -1.500431959664046133e-01 -1.500431959664046133e-01 -1.500431959664046133e-01 -1.500431959664046133e-01
-1.176996891166681193e-02 -1.176996891166681193e-02 -1.176996891166681193e-02 -1.176996891166681193e-02 -1.176996891166681193e-02 -1.176996891166681193e-02 -1.176996891166681193e-02 -1.176996891166681193e-02 -1.176996891166681193e-02 -1.176996891166681193e-02 -1.176996891166681193e-02
1.266565719140449187e-01 1.266565719140449187e-01 1.266565719140449187e-01 1.266565719140449187e-01 1.266565719140449187e-01 1.266565719140449187e-01 1.266565719140449187e-01 1.266565719140449187e-01 1.266565719140449187e-01 1.266565719140449187e-01 1.266565719140449187e-01
2.652376304062548651e-01 2.652376304062548651e-01 2.652376304062548651e-01 2.652376304062548651e-01 2.652376304062548651e-01 2.652376304062548651e-01 2.652376304062548651e-01 2.652376304062548651e-01 2.652376304062548651e-01 2.652376304062548651e-01 2.652376304062548651e-01
4.039685301533023076e-01 4.039685301533023076e-01 4.039685301533023076e-01 4.039685301533023076e-01 4.039685301533023076e-01 4.039685301533023076e-01 4.039685301533023076e-01 4.039685301533023076e-01 4.039685301533023076e-01 4.039685301533023076e-01 4.039685301533023076e-01
5.428408967452210687e-01 5.428408967452210687e-01 5.428408967452210687e-01 5.428408967452210687e-01 5.428408967452210687e-01 5.428408967452210687e-01 5.428408967452210687e-01 5.428408967452210687e-01 5.428408967452210687e-01 5.428408967452210687e-01 5.428408967452210687e-01
6.818442275727383262e-01 6.818442275727383262e-01 6.818442275727383262e-01 6.818442275727383262e-01 6.818442275727383262e-01 6.818442275727383262e-01 6.818442275727383262e-01 6.818442275727383262e-01 6.818442275727383262e-01 6.818442275727383262e-01 6.818442275727383262e-01
