5.016266162059374700e+00 5.016266162064179746e+00 5.016266162079372926e+00 5.016266162127418049e+00 5.016266162279349849e+00 5.016266162759801972e+00 5.016266164279124418e+00 5.016266169083642978e+00 5.016266184276862994e+00 5.016266232322042384e+00 5.016266384254204347e+00
5.157226315979261067e+00 5.157226315983842291e+00 5.157226315998328481e+00 5.157226316044139836e+00 5.157226316189006177e+00 5.157226316647112618e+00 5.157226318095774253e+00 5.157226322676843999e+00 5.157226337163457686e+00 5.157226382974149814e+00 5.157226527840247599e+00
5.297905471006271405e+00 5.297905471010670553e+00 5.297905471024582091e+00 5.297905471068573569e+00 5.297905471207685402e+00 5.297905471647597508e+00 5.297905473038721169e+00 5.297905477437839572e+00 5.297905491349075291e+00 5.297905535340260208e+00 5.297905674452573876e+00
5.438379936633268130e+00 5.438379936637518064e+00 5.438379936650957980e+00 5.438379936693457317e+00 5.438379936827854699e+00 5.438379937252854290e+00 5.438379938596820118e+00 5.438379942846815140e+00 5.438379956286479633e+00 5.438379998786425418e+00 5.438380133183027709e+00
5.578704394924028698e+00 5.578704394928156063e+00 5.578704394941206957e+00 5.578704394982477943e+00 5.578704395112988657e+00 5.578704395525699411e+00 5.578704396830805656e+00 5.578704400957912313e+00 5.578704414008971213e+00 5.578704455280041330e+00 5.578704585790598358e+00
5.718917604542640198e+00 5.718917604546666311e+00 5.718917604559394796e+00 5.718917604599648818e+00 5.718917604726942550e+00 5.718917605129480997e+00 5.718917606402418308e+00 5.718917610427799225e+00 5.718917623157172336e+00 5.718917663410980623e+00 5.718917790704674431e+00
5.859046461378125237e+00 5.859046461382066084e+00 5.859046461394528116e+00 5.859046461433936592e+00 5.859046461558557795e+00 5.859046461952644336e+00 5.859046463198854582e+00 5.859046467139719105e+00 5.859046479601824231e+00 5.859046519010459697e+00 5.859046643631482532e+00
5.999108828008591132e+00 5.999108828012461814e+00 5.999108828024701801e+00 5.999108828063405952e+00 5.999108828185800490e+00 5.999108828572844665e+00 5.999108829796787390e+00 5.999108833667235352e+00 5.999108845906664378e+00 5.999108884611135117e+00 5.999109007005395178e+00
6.139115422122138455e+00 6.139115422125949628e+00 6.139115422138003098e+00 6.139115422176120163e+00 6.139115422296655744e+00 6.139115422677822842e+00 6.139115423883178657e+00 6.139115427694847860e+00 6.139115439748405123e+00 6.139115477865097148e+00 6.139115598400637808e+00
6.279070959565692611e+00 6.279070959569454935e+00 6.279070959581353861e+00 6.279070959618979764e+00 6.279070959737961921e+00 6.279070960114219169e+00 6.279070961304047849e+00 6.279070965066618548e+00 6.279070976964908901e+00 6.279071014590605238e+00 6.279071133573483010e+00
6.418974672740606735e+00 6.418974672744328203e+00 6.418974672756097455e+00 6.418974672793313019e+00 6.418974672911000212e+00 6.418974673283158516e+00 6.418974674460027785e+00 6.418974678181613491e+00 6.418974689950302626e+00 6.418974727166162353e+00 6.418974844853023498e+00
