1.285469922520905328e+01 1.285469922520905328e+01 1.285469922520905328e+01 1.285469922520905328e+01 1.285469922520905683e+01 1.285469922520906572e+01 1.285469922520909769e+01 1.285469922520919361e+01 1.285469922520949559e+01 1.285469922521045483e+01 1.285469922521348884e+01
1.284680685114457965e+01 1.284680685114457965e+01 1.284680685114457965e+01 1.284680685114457965e+01 1.284680685114458321e+01 1.284680685114459209e+01 1.284680685114461873e+01 1.284680685114470400e+01 1.284680685114497223e+01 1.284680685114582133e+01 1.284680685114850540e+01
1.283789349568538363e+01 1.283789349568538363e+01 1.283789349568538363e+01 1.283789349568538540e+01 1.283789349568538718e+01 1.283789349568539429e+01 1.283789349568541915e+01 1.283789349568549376e+01 1.283789349568573002e+01 1.283789349568647786e+01 1.283789349568884219e+01
1.282764241030269226e+01 1.282764241030269226e+01 1.282764241030269226e+01 1.282764241030269403e+01 1.282764241030269581e+01 1.282764241030270291e+01 1.282764241030272245e+01 1.282764241030278818e+01 1.282764241030299601e+01 1.282764241030365149e+01 1.282764241030572627e+01
1.281598380221432620e+01 1.281598380221432620e+01 1.281598380221432620e+01 1.281598380221432798e+01 1.281598380221432976e+01 1.281598380221433509e+01 1.281598380221435285e+01 1.281598380221440969e+01 1.281598380221459088e+01 1.281598380221516464e+01 1.281598380221698008e+01
1.280274521814478206e+01 1.280274521814478206e+01 1.280274521814478206e+01 1.280274521814478206e+01 1.280274521814478383e+01 1.280274521814478916e+01 1.280274521814480515e+01 1.280274521814485489e+01 1.280274521814501298e+01 1.280274521814551392e+01 1.280274521814709487e+01
1.278773758481796818e+01 1.278773758481796818e+01 1.278773758481796818e+01 1.278773758481796818e+01 1.278773758481796996e+01 1.278773758481797351e+01 1.278773758481798772e+01 1.278773758481803036e+01 1.278773758481816891e+01 1.278773758481860412e+01 1.278773758481997902e+01
1.277075465108286068e+01 1.277075465108286068e+01 1.277075465108286068e+01 1.277075465108286068e+01 1.277075465108286245e+01 1.277075465108286600e+01 1.277075465108287844e+01 1.277075465108291574e+01 1.277075465108303476e+01 1.277075465108341312e+01 1.277075465108460683e+01
1.275157270446324986e+01 1.275157270446324986e+01 1.275157270446324986e+01 1.275157270446324986e+01 1.275157270446325164e+01 1.275157270446325342e+01 1.275157270446326407e+01 1.275157270446329782e+01 1.275157270446340085e+01 1.275157270446372770e+01 1.275157270446476510e+01
1.272995066077053217e+01 1.272995066077053217e+01 1.272995066077053217e+01 1.272995066077053394e+01 1.272995066077053394e+01 1.272995066077053750e+01 1.272995066077054638e+01 1.272995066077057480e+01 1.272995066077066362e+01 1.272995066077094783e+01 1.272995066077184489e+01
1.270563064543480891e+01 1.270563064543480891e+01 1.270563064543480891e+01 1.270563064543480891e+01 1.270563064543481069e+01 1.270563064543481246e+01 1.270563064543482135e+01 1.270563064543484444e+01 1.270563064543492260e+01 1.270563064543516951e+01 1.270563064543594578e+01
