6.463538387780844996e-01 6.463538387782554739e-01 6.463538387787963746e-01 6.463538387805064511e-01 6.463538387859150136e-01 6.463538388030176662e-01 6.463538388571011817e-01 6.463538390281281520e-01 6.463538395689634175e-01 6.463538412792336763e-01 6.463538466875839994e-01
5.176405745873382536e-01 5.176405745875093389e-01 5.176405745880501286e-01 5.176405745897604271e-01 5.176405745951687676e-01 5.176405746122716423e-01 5.176405746663550467e-01 5.176405748373823501e-01 5.176405753782182817e-01 5.176405770884914270e-01 5.176405824968501879e-01
3.889199932181640618e-01 3.889199932183352026e-01 3.889199932188759923e-01 3.889199932205860133e-01 3.889199932259944648e-01 3.889199932430973394e-01 3.889199932971808549e-01 3.889199934682078807e-01 3.889199940090430907e-01 3.889199957193144042e-01 3.889200011276665592e-01
2.601921011370474934e-01 2.601921011372185788e-01 2.601921011377593684e-01 2.601921011394697780e-01 2.601921011448780074e-01 2.601921011619805491e-01 2.601921012160639535e-01 2.601921013870904242e-01 2.601921019279234693e-01 2.601921036381875663e-01 2.601921090465175723e-01
1.314562025495252251e-01 1.314562025496965048e-01 1.314562025502373499e-01 1.314562025519475097e-01 1.314562025573557391e-01 1.314562025744583640e-01 1.314562026285414076e-01 1.314562027995666571e-01 1.314562033403961216e-01 1.314562050506493385e-01 1.314562104589447333e-01
2.711468594314322446e-03 2.711468594485287684e-03 2.711468595026070814e-03 2.711468596736394537e-03 2.711468602144608778e-03 2.711468619246886706e-03 2.711468673329414224e-03 2.711468844353342317e-03 2.711469385178329541e-03 2.711471095417028899e-03 2.711476503666653513e-03
-1.260431618866335313e-01 -1.260431618864624737e-01 -1.260431618859216563e-01 -1.260431618842115242e-01 -1.260431618788033503e-01 -1.260431618617010863e-01 -1.260431618076191251e-01 -1.260431616365969842e-01 -1.260431610957778448e-01 -1.260431593855569354e-01 -1.260431539773638476e-01
-2.548087049164944884e-01 -2.548087049163234585e-01 -2.548087049157826134e-01 -2.548087049140723703e-01 -2.548087049086643074e-01 -2.548087048915623209e-01 -2.548087048374811370e-01 -2.548087046664612720e-01 -2.548087041256490992e-01 -2.548087024154508939e-01 -2.548086970073291102e-01
-3.835871383576838212e-01 -3.835871383575128468e-01 -3.835871383569718907e-01 -3.835871383552618141e-01 -3.835871383498536402e-01 -3.835871383327520423e-01 -3.835871382786715800e-01 -3.835871381076543796e-01 -3.835871375668503669e-01 -3.835871358566780298e-01 -3.835871304486382360e-01
-5.123802360864209149e-01 -5.123802360862498295e-01 -5.123802360857089289e-01 -5.123802360839988523e-01 -5.123802360785909560e-01 -5.123802360614896356e-01 -5.123802360074100060e-01 -5.123802358363958032e-01 -5.123802352956013939e-01 -5.123802335854590329e-01 -5.123802281775142742e-01
-6.411900468927997920e-01 -6.411900468926288177e-01 -6.411900468920879170e-01 -6.411900468903779515e-01 -6.411900468849700552e-01 -6.411900468678689569e-01 -6.411900468137906595e-01 -6.411900466427798984e-01 -6.411900461019967024e-01 -6.411900443918898684e-01 -6.411900389840567982e-01
