1.038550043165630044e+01 1.038550043165630044e+01 1.038550043165630044e+01 1.038550043165630044e+01 1.038550043165630044e+01 1.038550043165630044e+01 1.038550043165630044e+01 1.038550043165630044e+01 1.038550043165630044e+01 1.038550043165630044e+01 1.038550043165630044e+01
1.041382658609575707e+01 1.041382658609575707e+01 1.041382658609575707e+01 1.041382658609575707e+01 1.041382658609575707e+01 1.041382658609575707e+01 1.041382658609575707e+01 1.041382658609575707e+01 1.041382658609575707e+01 1.041382658609575707e+01 1.041382658609575707e+01
1.043874159538344593e+01 1.043874159538344593e+01 1.043874159538344593e+01 1.043874159538344593e+01 1.043874159538344593e+01 1.043874159538344593e+01 1.043874159538344593e+01 1.043874159538344593e+01 1.043874159538344593e+01 1.043874159538344593e+01 1.043874159538344593e+01
1.046058642002202177e+01 1.046058642002202177e+01 1.046058642002202177e+01 1.046058642002202177e+01 1.046058642002202177e+01 1.046058642002202177e+01 1.046058642002202177e+01 1.046058642002202177e+01 1.046058642002202177e+01 1.046058642002202177e+01 1.046058642002202177e+01
1.047967918042663982e+01 1.047967918042663982e+01 1.047967918042663982e+01 1.047967918042663982e+01 1.047967918042663982e+01 1.047967918042663982e+01 1.047967918042663982e+01 1.047967918042663982e+01 1.047967918042663982e+01 1.047967918042663982e+01 1.047967918042663982e+01
1.049631399662591313e+01 1.049631399662591313e+01 1.049631399662591313e+01 1.049631399662591313e+01 1.049631399662591313e+01 1.049631399662591313e+01 1.049631399662591313e+01 1.049631399662591313e+01 1.049631399662591313e+01 1.049631399662591313e+01 1.049631399662591313e+01
1.051076075588227887e+01 1.051076075588227887e+01 1.051076075588227887e+01 1.051076075588227887e+01 1.051076075588227887e+01 1.051076075588227887e+01 1.051076075588227887e+01 1.051076075588227887e+01 1.051076075588227887e+01 1.051076075588227887e+01 1.051076075588227887e+01
1.052326557816211761e+01 1.052326557816211761e+01 1.052326557816211761e+01 1.052326557816211761e+01 1.052326557816211761e+01 1.052326557816211761e+01 1.052326557816211761e+01 1.052326557816211761e+01 1.052326557816211761e+01 1.052326557816211761e+01 1.052326557816211761e+01
1.053405178554040056e+01 1.053405178554040056e+01 1.053405178554040056e+01 1.053405178554040056e+01 1.053405178554040056e+01 1.053405178554040056e+01 1.053405178554040056e+01 1.053405178554040056e+01 1.053405178554040056e+01 1.053405178554040056e+01 1.053405178554040056e+01
1.054332121371644782e+01 1.054332121371644782e+01 1.054332121371644782e+01 1.054332121371644782e+01 1.054332121371644782e+01 1.054332121371644782e+01 1.054332121371644782e+01 1.054332121371644782e+01 1.054332121371644782e+01 1.054332121371644782e+01 1.054332121371644782e+01
1.055125573104771064e+01 1.055125573104771064e+01 1.055125573104771064e+01 1.055125573104771064e+01 1.055125573104771064e+01 1.055125573104771064e+01 1.055125573104771064e+01 1.055125573104771064e+01 1.055125573104771064e+01 1.055125573104771064e+01 1.055125573104771064e+01
