7.338779900262109024e+00 7.338779900261001465e+00 7.338779900257499378e+00 7.338779900246426457e+00 7.338779900211410023e+00 7.338779900100679043e+00 7.338779899750516478e+00 7.338779898643204902e+00 7.338779895141577470e+00 7.338779884068464376e+00 7.338779849052238013e+00
7.324447829734807236e+00 7.324447829734131332e+00 7.324447829731995263e+00 7.324447829725238890e+00 7.324447829703874646e+00 7.324447829636313578e+00 7.324447829422668477e+00 7.324447828747064015e+00 7.324447826610612999e+00 7.324447819854562169e+00 7.324447798490054673e+00
7.320768267566922560e+00 7.320768267566296394e+00 7.320768267564315757e+00 7.320768267558053211e+00 7.320768267538249496e+00 7.320768267475623148e+00 7.320768267277583341e+00 7.320768266651325185e+00 7.320768264670922676e+00 7.320768258408339335e+00 7.320768238604313360e+00
7.316222925650977871e+00 7.316222925650404108e+00 7.316222925648589559e+00 7.316222925642851926e+00 7.316222925624707329e+00 7.316222925567328339e+00 7.316222925385880593e+00 7.316222924812090689e+00 7.316222922997610567e+00 7.316222917259718628e+00 7.316222899114911193e+00
7.310634975382908962e+00 7.310634975382390266e+00 7.310634975380750689e+00 7.310634975375564615e+00 7.310634975359165288e+00 7.310634975307307215e+00 7.310634975143317504e+00 7.310634974624734106e+00 7.310634972984830782e+00 7.310634967799001238e+00 7.310634951399967107e+00
7.303800067421697406e+00 7.303800067421236442e+00 7.303800067419778053e+00 7.303800067415166630e+00 7.303800067400583629e+00 7.303800067354466741e+00 7.303800067208634061e+00 7.303800066747471398e+00 7.303800065289144605e+00 7.303800060677512640e+00 7.303800046094250042e+00
7.295484597666765936e+00 7.295484597666363591e+00 7.295484597665091719e+00 7.295484597661070048e+00 7.295484597648351333e+00 7.295484597608131949e+00 7.295484597480948352e+00 7.295484597078758071e+00 7.295484595806919437e+00 7.295484591785013073e+00 7.295484579066628505e+00
7.285424610879168483e+00 7.285424610878825646e+00 7.285424610877742957e+00 7.285424610874318141e+00 7.285424610863489470e+00 7.285424610829243974e+00 7.285424610720951044e+00 7.285424610378500532e+00 7.285424609295574783e+00 7.285424605871063441e+00 7.285424595041806839e+00
7.273325560745862894e+00 7.273325560745580454e+00 7.273325560744686058e+00 7.273325560741857210e+00 7.273325560732913253e+00 7.273325560704630099e+00 7.273325560615190533e+00 7.273325560332358108e+00 7.273325559437963328e+00 7.273325556609639087e+00 7.273325547665691282e+00
7.258863142334994301e+00 7.258863142334769591e+00 7.258863142334060825e+00 7.258863142331818175e+00 7.258863142324725182e+00 7.258863142302296012e+00 7.258863142231370524e+00 7.258863142007082381e+00 7.258863141297823063e+00 7.258863139054946068e+00 7.258863131962344895e+00
7.241685408595976980e+00 7.241685408595809115e+00 7.241685408595278872e+00 7.241685408593601103e+00 7.241685408588295125e+00 7.241685408571515659e+00 7.241685408518456768e+00 7.241685408350667430e+00 7.241685407820073195e+00 7.241685406142184256e+00 7.241685400836233910e+00
