-6.187465704878918338e+00 -6.187465704734571581e+00 -6.187465704278109158e+00 -6.187465702834648695e+00 -6.187465698270023573e+00 -6.187465683835415398e+00 -6.187465638189175721e+00 -6.187465493843125941e+00 -6.187465037381153721e+00 -6.187463593924810823e+00 -6.187459029346639383e+00
-5.740374441260163607e+00 -5.740374441208415668e+00 -5.740374441044774123e+00 -5.740374440527295619e+00 -5.740374438890881059e+00 -5.740374433716086244e+00 -5.740374417351948644e+00 -5.740374365604004936e+00 -5.740374201962679557e+00 -5.740373684483778050e+00 -5.740372048075866651e+00
-5.357840222985028156e+00 -5.357840222963410781e+00 -5.357840222895051241e+00 -5.357840222678877495e+00 -5.357840221995275876e+00 -5.357840219833540196e+00 -5.357840212997531992e+00 -5.357840191380174311e+00 -5.357840123020096712e+00 -5.357839906846618483e+00 -5.357839223246768867e+00
-5.028809668367585139e+00 -5.028809668357297369e+00 -5.028809668324763393e+00 -5.028809668221883911e+00 -5.028809667896548596e+00 -5.028809666867748440e+00 -5.028809663614397074e+00 -5.028809653326395512e+00 -5.028809620792880075e+00 -5.028809517912886662e+00 -5.028809192577942788e+00
-4.743481420064768805e+00 -4.743481420059296738e+00 -4.743481420041992358e+00 -4.743481419987271686e+00 -4.743481419814228772e+00 -4.743481419267017607e+00 -4.743481417536584921e+00 -4.743481412064475045e+00 -4.743481394760146408e+00 -4.743481340039058303e+00 -4.743481166995829668e+00
-4.493272455759130146e+00 -4.493272455755930039e+00 -4.493272455745810134e+00 -4.493272455713806401e+00 -4.493272455612602911e+00 -4.493272455292568246e+00 -4.493272454280529793e+00 -4.493272451080183139e+00 -4.493272440959800385e+00 -4.493272408956340946e+00 -4.493272307752530281e+00
-4.270822095876045665e+00 -4.270822095874016178e+00 -4.270822095867598200e+00 -4.270822095847300659e+00 -4.270822095783116445e+00 -4.270822095580149025e+00 -4.270822094938308666e+00 -4.270822092908630907e+00 -4.270822086490226432e+00 -4.270822066193450617e+00 -4.270822002009414753e+00
-4.069972058509879531e+00 -4.069972058508500190e+00 -4.069972058504137458e+00 -4.069972058490344047e+00 -4.069972058446722940e+00 -4.069972058308782614e+00 -4.069972057872575988e+00 -4.069972056493169177e+00 -4.069972052131103801e+00 -4.069972038337040132e+00 -4.069971994716384600e+00
-3.885695029327819849e+00 -3.885695029326825090e+00 -3.885695029323680494e+00 -3.885695029313736004e+00 -3.885695029282289159e+00 -3.885695029182845150e+00 -3.885695028868376255e+00 -3.885695027873937502e+00 -3.885695024729245883e+00 -3.885695014784858792e+00 -3.885694983337946606e+00
-3.713976001631041690e+00 -3.713976001630288071e+00 -3.713976001627903756e+00 -3.713976001620365341e+00 -3.713976001596525744e+00 -3.713976001521138937e+00 -3.713976001282744743e+00 -3.713976000528875776e+00 -3.713975998144932955e+00 -3.713975990606244171e+00 -3.713975966766819070e+00
-3.551666621026914772e+00 -3.551666621026318360e+00 -3.551666621024432313e+00 -3.551666621018467307e+00 -3.551666620999605062e+00 -3.551666620939957664e+00 -3.551666620751336101e+00 -3.551666620154862564e+00 -3.551666618268647380e+00 -3.551666612303910675e+00 -3.551666593441757502e+00
