2.615622414697341025e+00 2.618645461944644204e+00 2.626522875316980254e+00 2.637522314420334357e+00 2.600010012671979620e+00 2.398765129400675100e+00 2.036078521186697188e+00 1.588986777712960263e+00 1.107412843528720270e+00 6.134751700039569045e-01 1.154195711966465865e-01
2.542587094785259794e+00 2.546363833245252728e+00 2.556743743460121898e+00 2.576317256506552855e+00 2.562240894827920279e+00 2.386620565514268488e+00 2.033687792760711766e+00 1.588640251457484664e+00 1.107371660566338178e+00 6.134707642438480546e-01 1.154191201851089560e-01
2.462706736470109181e+00 2.467144854434212942e+00 2.479733499938280961e+00 2.507068702913434866e+00 2.516386143455898505e+00 2.370814192549195898e+00 2.030500252617925216e+00 1.588175093955968231e+00 1.107316290468055131e+00 6.134648391157251357e-01 1.154185136158677044e-01
2.376188720734616844e+00 2.381196543088248685e+00 2.395696868982159611e+00 2.429892669134047445e+00 2.461783074532764903e+00 2.350438649924480039e+00 2.026262250844681478e+00 1.587551095081307206e+00 1.107241853908847773e+00 6.134568707597434223e-01 1.154176978369131912e-01
2.283379290859047561e+00 2.288868960055385759e+00 2.304992491649775932e+00 2.345115135989607857e+00 2.398066736429051549e+00 2.324481823996000784e+00 2.020648099365670358e+00 1.586714730468799850e+00 1.107141799853059716e+00 6.134461547818502725e-01 1.154166006923689203e-01
2.184745896645793106e+00 2.190635961953603772e+00 2.208112620811554017e+00 2.253245858331797802e+00 2.325220255447130402e+00 2.291881159243591259e+00 2.013245634091130221e+00 1.585594994539234692e+00 1.107007337936737779e+00 6.134317441079726319e-01 1.154151251415037327e-01
2.080849456997373004e+00 2.087066711058935820e+00 2.105651955503639705e+00 2.154936954688368100e+00 2.243575748118835644e+00 2.251609404682049842e+00 2.003542828895489514e+00 1.584098109211238725e+00 1.106826682176264010e+00 6.134123654996979091e-01 1.154131406769933338e-01
1.972309752636876246e+00 1.978790261725927202e+00 1.998269331352914513e+00 2.050932154184899492e+00 2.153766063849806844e+00 2.202784850260749661e+00 1.990918308574329165e+00 1.582100934314278895e+00 1.106584046485640016e+00 6.133863074539332993e-01 1.154104717849175343e-01
1.859768451764173269e+00 1.866457832231707359e+00 1.886647265748772506e+00 1.942013853676871626e+00 2.056641047023975322e+00 2.144786925178041148e+00 1.974639697449034559e+00 1.579442972159052161e+00 1.106258316211321535e+00 6.133512697772833810e-01 1.154068824328542964e-01
1.743854594483639442e+00 1.750707669852605397e+00 1.771454565491366706e+00 1.828954883492733163e+00 1.953169363069023445e+00 2.077348982274232814e+00 1.953874402584494963e+00 1.575917000277911262e+00 1.105821300797885876e+00 6.133041618298163966e-01 1.154020552042602787e-01
1.625156459072990112e+00 1.632136477654721141e+00 1.653316131518017151e+00 1.712480105131837016e+00 1.844346212381227534e+00 2.000601051632286076e+00 1.927717104081599686e+00 1.571258612091616991e+00 1.105235452556736275e+00 6.132408322546571977e-01 1.153955632547224025e-01
