1.380636354982024372e+01 1.380636354982024372e+01 1.380636354982024372e+01 1.380636354982024372e+01 1.380636354982024372e+01 1.380636354982024372e+01 1.380636354982024372e+01 1.380636354982024372e+01 1.380636354982024372e+01 1.380636354982024372e+01 1.380636354982024194e+01
1.380659127957927801e+01 1.380659127957927801e+01 1.380659127957927801e+01 1.380659127957927801e+01 1.380659127957927801e+01 1.380659127957927801e+01 1.380659127957927801e+01 1.380659127957927801e+01 1.380659127957927801e+01 1.380659127957927801e+01 1.380659127957927623e+01
1.380678252784075077e+01 1.380678252784075077e+01 1.380678252784075077e+01 1.380678252784075077e+01 1.380678252784075077e+01 1.380678252784075077e+01 1.380678252784075077e+01 1.380678252784075077e+01 1.380678252784075077e+01 1.380678252784074900e+01 1.380678252784074900e+01
1.380694259886220543e+01 1.380694259886220543e+01 1.380694259886220543e+01 1.380694259886220543e+01 1.380694259886220543e+01 1.380694259886220543e+01 1.380694259886220543e+01 1.380694259886220543e+01 1.380694259886220543e+01 1.380694259886220543e+01 1.380694259886220365e+01
1.380707606977005319e+01 1.380707606977005319e+01 1.380707606977005319e+01 1.380707606977005319e+01 1.380707606977005319e+01 1.380707606977005319e+01 1.380707606977005319e+01 1.380707606977005319e+01 1.380707606977005319e+01 1.380707606977005319e+01 1.380707606977005142e+01
1.380718689679894773e+01 1.380718689679894773e+01 1.380718689679894773e+01 1.380718689679894773e+01 1.380718689679894773e+01 1.380718689679894773e+01 1.380718689679894773e+01 1.380718689679894773e+01 1.380718689679894595e+01 1.380718689679894595e+01 1.380718689679894418e+01
1.380727850395375178e+01 1.380727850395375178e+01 1.380727850395375178e+01 1.380727850395375178e+01 1.380727850395375178e+01 1.380727850395375178e+01 1.380727850395375000e+01 1.380727850395375000e+01 1.380727850395375000e+01 1.380727850395375000e+01 1.380727850395374645e+01
1.380735385639730595e+01 1.380735385639730595e+01 1.380735385639730595e+01 1.380735385639730595e+01 1.380735385639730595e+01 1.380735385639730595e+01 1.380735385639730595e+01 1.380735385639730595e+01 1.380735385639730595e+01 1.380735385639730417e+01 1.380735385639730062e+01
1.380741552092241875e+01 1.380741552092241875e+01 1.380741552092241875e+01 1.380741552092241875e+01 1.380741552092241875e+01 1.380741552092241875e+01 1.380741552092241875e+01 1.380741552092241875e+01 1.380741552092241875e+01 1.380741552092241697e+01 1.380741552092241164e+01
1.380746571587661897e+01 1.380746571587661897e+01 1.380746571587661897e+01 1.380746571587661897e+01 1.380746571587661897e+01 1.380746571587661897e+01 1.380746571587661897e+01 1.380746571587661897e+01 1.380746571587661897e+01 1.380746571587661720e+01 1.380746571587661187e+01
1.380766057646192380e+01 1.380766057646192380e+01 1.380766057646192380e+01 1.380766057646192380e+01 1.380766057646192380e+01 1.380766057646192380e+01 1.380766057646192380e+01 1.380766057646192380e+01 1.380766057646192202e+01 1.380766057646191669e+01 1.380766057646190248e+01
