1.702838032037039984e+00 2.134399046684579471e+00 2.610085711608536752e+00 3.099942885676689297e+00 3.577973526554034223e+00 3.981122181245895675e+00 4.264603955278451153e+00 4.438875723954319952e+00 4.501380458111674088e+00 4.429971868041341132e+00 4.202233411562057874e+00
1.829451081688653113e+00 2.258575391235916996e+00 2.733234649669929350e+00 3.222053743942647763e+00 3.694762027149131711e+00 4.083765589199698454e+00 4.353103906517673316e+00 4.514274566601341299e+00 4.561772261390436789e+00 4.472064222045047721e+00 4.224795391025815583e+00
1.958051515960582911e+00 2.385043422719752559e+00 2.858763788376408765e+00 3.346341796099756571e+00 3.812508965166829800e+00 4.186542028488039691e+00 4.441736157871875257e+00 4.589447490495967230e+00 4.621244921419886076e+00 4.512505907280496942e+00 4.245534093862951330e+00
2.088344632366706310e+00 2.513476569687810525e+00 2.986327208788515986e+00 3.472379446568670147e+00 3.930639012341006655e+00 4.289107493754898748e+00 4.530179880979487983e+00 4.664055468426790974e+00 4.679459736646266244e+00 4.551031221757613210e+00 4.264361753090232909e+00
2.220078735879880583e+00 2.643591661762220379e+00 3.115618688957244142e+00 3.599756972596524829e+00 4.048639410994983479e+00 4.391180489220007921e+00 4.618153593875773844e+00 4.737793176991131006e+00 4.736114147642357608e+00 4.587421636650057089e+00 4.281242980972132628e+00
2.353039129541977470e+00 2.775143676034130369e+00 3.246365694323617213e+00 3.728073870721632765e+00 4.166071059473606120e+00 4.492530665414538049e+00 4.705408978829453304e+00 4.810384698969818906e+00 4.790939047063778489e+00 4.621504507629039971e+00 4.296190047057756978e+00
2.487042810086696587e+00 2.907920768289256053e+00 3.378323117213092974e+00 3.856931850708928078e+00 4.282574802815118709e+00 4.592968434934989297e+00 4.791725332351543187e+00 4.881579663021381243e+00 4.843696944872728061e+00 4.653151766543142109e+00 4.309257315567007751e+00
2.621933838701915320e+00 3.041739650009593454e+00 3.511266778085829987e+00 3.985931146005184722e+00 4.397871035889143521e+00 4.692336007239928719e+00 4.876904578563721060e+00 4.951149918912751247e+00 4.894180393376606375e+00 4.682278573272015798e+00 4.320534940371998367e+00
2.757579329182908712e+00 3.176441313448778114e+00 3.644986652212517608e+00 4.114671873787041356e+00 4.511752839656783642e+00 4.790499932607830580e+00 4.960767031378374270e+00 5.018886793119935241e+00 4.942210911777799254e+00 4.708841850733232803e+00 4.330141960001741452e+00
2.893865984055946416e+00 3.311887066499003662e+00 3.779279791648757048e+00 4.242761575774244065e+00 4.624074596110092195e+00 4.887345044373764047e+00 5.043147750896212145e+00 5.084598934723207009e+00 4.987638357064366090e+00 4.732838587008227016e+00 4.338218999032983803e+00
3.030697106475425784e+00 3.447954809577286728e+00 3.913942996288152898e+00 4.369828563855703507e+00 4.734738681759956158e+00 4.982769603340966746e+00 5.123893511308071247e+00 5.148110776982604442e+00 5.030340690176026364e+00 4.754303767138688741e+00 4.344920849651074057e+00
