-1.003338117851545341e+01 -1.003338117851545341e+01 -1.003338117851545341e+01 -1.003338117851545341e+01 -1.003338117851544986e+01 -1.003338117851543920e+01 -1.003338117851540545e+01 -1.003338117851529887e+01 -1.003338117851495959e+01 -1.003338117851389022e+01 -1.003338117851051159e+01
-1.016457543427179466e+01 -1.016457543427179466e+01 -1.016457543427179466e+01 -1.016457543427179289e+01 -1.016457543427178933e+01 -1.016457543427177868e+01 -1.016457543427174492e+01 -1.016457543427163657e+01 -1.016457543427129728e+01 -1.016457543427022259e+01 -1.016457543426682619e+01
-1.029621848688011809e+01 -1.029621848688011809e+01 -1.029621848688011632e+01 -1.029621848688011632e+01 -1.029621848688011276e+01 -1.029621848688010211e+01 -1.029621848688006835e+01 -1.029621848687996000e+01 -1.029621848687961716e+01 -1.029621848687853713e+01 -1.029621848687511942e+01
-1.042838928030421997e+01 -1.042838928030421997e+01 -1.042838928030421997e+01 -1.042838928030421819e+01 -1.042838928030421464e+01 -1.042838928030420398e+01 -1.042838928030417023e+01 -1.042838928030406009e+01 -1.042838928030371726e+01 -1.042838928030262835e+01 -1.042838928029918577e+01
-1.056118306287559605e+01 -1.056118306287559605e+01 -1.056118306287559605e+01 -1.056118306287559427e+01 -1.056118306287559250e+01 -1.056118306287558006e+01 -1.056118306287554631e+01 -1.056118306287543618e+01 -1.056118306287508979e+01 -1.056118306287399200e+01 -1.056118306287052100e+01
-1.069471092328675255e+01 -1.069471092328675255e+01 -1.069471092328675255e+01 -1.069471092328675255e+01 -1.069471092328674899e+01 -1.069471092328673656e+01 -1.069471092328670281e+01 -1.069471092328659090e+01 -1.069471092328624096e+01 -1.069471092328513251e+01 -1.069471092328162776e+01
-1.082911334438333562e+01 -1.082911334438333562e+01 -1.082911334438333562e+01 -1.082911334438333384e+01 -1.082911334438333029e+01 -1.082911334438331963e+01 -1.082911334438328410e+01 -1.082911334438317219e+01 -1.082911334438281692e+01 -1.082911334438169604e+01 -1.082911334437815043e+01
-1.096454917910472560e+01 -1.096454917910472560e+01 -1.096454917910472382e+01 -1.096454917910472382e+01 -1.096454917910472027e+01 -1.096454917910470783e+01 -1.096454917910467231e+01 -1.096454917910455862e+01 -1.096454917910419979e+01 -1.096454917910306293e+01 -1.096454917909946758e+01
-1.110122104096455686e+01 -1.110122104096455686e+01 -1.110122104096455686e+01 -1.110122104096455509e+01 -1.110122104096455153e+01 -1.110122104096454088e+01 -1.110122104096450357e+01 -1.110122104096438811e+01 -1.110122104096402396e+01 -1.110122104096286755e+01 -1.110122104095921358e+01
-1.123934394180207264e+01 -1.123934394180207264e+01 -1.123934394180207086e+01 -1.123934394180207086e+01 -1.123934394180206731e+01 -1.123934394180205487e+01 -1.123934394180201757e+01 -1.123934394180190033e+01 -1.123934394180152729e+01 -1.123934394180034957e+01 -1.123934394179662455e+01
-1.137922021346680523e+01 -1.137922021346680523e+01 -1.137922021346680523e+01 -1.137922021346680346e+01 -1.137922021346679990e+01 -1.137922021346678747e+01 -1.137922021346675017e+01 -1.137922021346662937e+01 -1.137922021346624923e+01 -1.137922021346504309e+01 -1.137922021346123280e+01
