1.099504892664183764e+01 1.099504892664172573e+01 1.099504892664137223e+01 1.099504892664025846e+01 1.099504892663673417e+01 1.099504892662558930e+01 1.099504892659034283e+01 1.099504892647888887e+01 1.099504892612643658e+01 1.099504892501188458e+01 1.099504892148736168e+01
1.099451547938411267e+01 1.099451547938401319e+01 1.099451547938369700e+01 1.099451547938269513e+01 1.099451547937952789e+01 1.099451547936951457e+01 1.099451547933784745e+01 1.099451547923770534e+01 1.099451547892103065e+01 1.099451547791961481e+01 1.099451547475286262e+01
1.099386220214531207e+01 1.099386220214522325e+01 1.099386220214494259e+01 1.099386220214405618e+01 1.099386220214124954e+01 1.099386220213237841e+01 1.099386220210432086e+01 1.099386220201559894e+01 1.099386220173503759e+01 1.099386220084781840e+01 1.099386219804218712e+01
1.099306604273917642e+01 1.099306604273909826e+01 1.099306604273885490e+01 1.099306604273808041e+01 1.099306604273563437e+01 1.099306604272789656e+01 1.099306604270342724e+01 1.099306604262605092e+01 1.099306604238136487e+01 1.099306604160759804e+01 1.099306603916073222e+01
1.099210052943118399e+01 1.099210052943111826e+01 1.099210052943090865e+01 1.099210052943024607e+01 1.099210052942814997e+01 1.099210052942151883e+01 1.099210052940055604e+01 1.099210052933425885e+01 1.099210052912461322e+01 1.099210052846165731e+01 1.099210052636520096e+01
1.099093546055427417e+01 1.099093546055421733e+01 1.099093546055404147e+01 1.099093546055348547e+01 1.099093546055172510e+01 1.099093546054615800e+01 1.099093546052855430e+01 1.099093546047288683e+01 1.099093546029684987e+01 1.099093545974017516e+01 1.099093545797981086e+01
1.098953657791767391e+01 1.098953657791762772e+01 1.098953657791748384e+01 1.098953657791702732e+01 1.098953657791558314e+01 1.098953657791101612e+01 1.098953657789657434e+01 1.098953657785090599e+01 1.098953657770649173e+01 1.098953657724980992e+01 1.098953657580565668e+01
1.098786521349889078e+01 1.098786521349885525e+01 1.098786521349873979e+01 1.098786521349837386e+01 1.098786521349722278e+01 1.098786521349357770e+01 1.098786521348205092e+01 1.098786521344560185e+01 1.098786521333033761e+01 1.098786521296584340e+01 1.098786521181320808e+01
1.098587789605942433e+01 1.098587789605939591e+01 1.098587789605930709e+01 1.098587789605902465e+01 1.098587789605813647e+01 1.098587789605532272e+01 1.098587789604642673e+01 1.098587789601829634e+01 1.098587789592933817e+01 1.098587789564802719e+01 1.098587789475844723e+01
1.098352590275700180e+01 1.098352590275698226e+01 1.098352590275691654e+01 1.098352590275670693e+01 1.098352590275604967e+01 1.098352590275397134e+01 1.098352590274739526e+01 1.098352590272660301e+01 1.098352590266085294e+01 1.098352590245292859e+01 1.098352590179541899e+01
1.098075474123331929e+01 1.098075474123330508e+01 1.098075474123326067e+01 1.098075474123311501e+01 1.098075474123265671e+01 1.098075474123121076e+01 1.098075474122663486e+01 1.098075474121216288e+01 1.098075474116640216e+01 1.098075474102169302e+01 1.098075474056408396e+01
