1.100051325155660109e+01 1.073266109855941686e+01 1.040311271303922958e+01 1.001390363362441427e+01 9.575602958334734183e+00 9.104477200860468855e+00 8.615960798231393269e+00 8.120015696716180287e+00 7.621355979490396670e+00 7.121786484205401280e+00 6.621923324852518000e+00
1.100055926752150270e+01 1.073267553525012552e+01 1.040311392681361191e+01 1.001390129126976269e+01 9.575600916838991949e+00 9.104476150621664488e+00 8.615960381424695669e+00 8.120015552160685601e+00 7.621355932239389119e+00 7.121786469097838967e+00 6.621923320058116680e+00
1.100059043287832239e+01 1.073268431693493419e+01 1.040311364412189121e+01 1.001389889610022088e+01 9.575599084476202449e+00 9.104475239806246734e+00 8.615960024302218301e+00 8.120015428841062644e+00 7.621355891989370690e+00 7.121786456234923790e+00 6.621923315976688151e+00
1.100061116022507157e+01 1.073268925079612934e+01 1.040311245010258467e+01 1.001389656655001659e+01 9.575597456206271119e+00 9.104474452313924715e+00 8.615959718628102948e+00 8.120015323673424490e+00 7.621355857707025727e+00 7.121786445283633249e+00 6.621923312502279835e+00
1.100062459976430773e+01 1.073269160928200527e+01 1.040311074300753624e+01 1.001389437297311247e+01 9.575596020555103394e+00 9.104473773160064454e+00 8.615959457214099615e+00 8.120015234011756178e+00 7.621355828510447239e+00 7.121786435960221873e+00 6.621923309544663461e+00
1.100063299351283774e+01 1.073269228279269960e+01 1.040310878948826279e+01 1.001389235318458226e+01 9.575594762550409200e+00 9.104473188662213445e+00 8.615959233812684914e+00 8.120015157588550636e+00 7.621355803647259286e+00 7.121786428022963911e+00 6.621923307027009820e+00
1.100063793123119105e+01 1.073269188956069442e+01 1.040310676409680468e+01 1.001389052338077335e+01 9.575593665675986799e+00 9.104472686501829060e+00 8.615959043012598073e+00 8.120015092462695705e+00 7.621355782475811580e+00 7.121786421265958289e+00 6.621923304883899242e+00
1.100064053512685547e+01 1.073269085460061945e+01 1.040310477742696094e+01 1.001388888576101266e+01 9.575592713140423484e+00 9.104472255706463457e+00 8.615958880140144771e+00 8.120015036973937228e+00 7.621355764449044834e+00 7.121786415513835955e+00 6.621923303059632282e+00
1.100064159299572175e+01 1.073268946633313092e+01 1.040310289609365668e+01 1.001388743380219637e+01 9.575591888670890839e+00 9.104471886583620943e+00 8.615958741168087798e+00 8.120014989703298269e+00 7.621355749100662713e+00 7.121786410617251484e+00 6.621923301506787318e+00
1.100064165407388295e+01 1.073268791711173975e+01 1.040310115685843506e+01 1.001388615586944653e+01 9.575591176981477659e+00 9.104471570627509891e+00 8.615958622632970076e+00 8.120014949438772334e+00 7.621355736033291528e+00 7.121786406449026607e+00 6.621923300184992200e+00
1.100064109794638512e+01 1.073268633215746348e+01 1.040309957656508288e+01 1.001388503765248217e+01 9.575590564021572604e+00 9.104471300412885881e+00 8.615958521561005057e+00 8.120014915145675971e+00 7.621355724908355000e+00 7.121786402900869284e+00 6.621923299059876200e+00
