-2.945442434326479564e+00 -2.945442196653504485e+00 -2.945441445066422581e+00 -2.945439068347944112e+00 -2.945431552589794943e+00 -2.945407786531662353e+00 -2.945332640215172937e+00 -2.945095092235244572e+00 -2.944344753549735128e+00 -2.941980470284425664e+00 -2.934587549008746077e+00
-2.811725271719333286e+00 -2.811725033029355725e+00 -2.811724278226234830e+00 -2.811721891337821688e+00 -2.811714343420250284e+00 -2.811690475672443235e+00 -2.811615007858427440e+00 -2.811376443948073067e+00 -2.810622899930715679e+00 -2.808248553174549134e+00 -2.800824517533614166e+00
-2.677335479033384757e+00 -2.677335239336022799e+00 -2.677334481347279027e+00 -2.677332084385115163e+00 -2.677324504612278666e+00 -2.677300536136590470e+00 -2.677224749866145892e+00 -2.676985179638577517e+00 -2.676228460653154784e+00 -2.673844146066743477e+00 -2.666389295001748039e+00
-2.542321495534127784e+00 -2.542321254864994717e+00 -2.542320493803248205e+00 -2.542318087123468295e+00 -2.542310476621538307e+00 -2.542286410979011535e+00 -2.542210317510891660e+00 -2.541969776546895154e+00 -2.541209994885053280e+00 -2.538816065334239980e+00 -2.531331492862368471e+00
-2.406734109164867075e+00 -2.406733867577129260e+00 -2.406733103610505964e+00 -2.406730687744766506e+00 -2.406723048194956860e+00 -2.406698890701698179e+00 -2.406622506843353548e+00 -2.406381048257221877e+00 -2.405618371526608179e+00 -2.403215353514032149e+00 -2.395702690183642236e+00
-2.270624689677626762e+00 -2.270624447235424892e+00 -2.270623680566757674e+00 -2.270621256156467371e+00 -2.270613589587044512e+00 -2.270589346656558316e+00 -2.270512692684881983e+00 -2.270270380553939482e+00 -2.269505010947470147e+00 -2.267093539522061274e+00 -2.259554751127884842e+00
-2.134043833759110775e+00 -2.134043590532547441e+00 -2.134042821383518085e+00 -2.134040389129689963e+00 -2.134032697757404673e+00 -2.134008376399186613e+00 -2.133931474475299517e+00 -2.133688378830698174e+00 -2.132920537322799959e+00 -2.130501306468554290e+00 -2.122938540727281609e+00
-1.997040377685874502e+00 -1.997040133747294277e+00 -1.997039362346673563e+00 -1.997036922972742712e+00 -1.997029209085245061e+00 -1.997004816532978566e+00 -1.996927689526765137e+00 -1.996683882639161078e+00 -1.995913797268290102e+00 -1.993487523130414107e+00 -1.985902996125275877e+00
-1.859660730980023269e+00 -1.859660486401357060e+00 -1.859659712976610590e+00 -1.859657267201880515e+00 -1.859649533073759020e+00 -1.859625076519823228e+00 -1.859547747170587018e+00 -1.859303300898038636e+00 -1.858531198401217388e+00 -1.856098593042878386e+00 -1.848494508290955629e+00
-1.721948485972110143e+00 -1.721948240823083731e+00 -1.721947465594705351e+00 -1.721945014116432304e+00 -1.721937261952557252e+00 -1.721912748368883639e+00 -1.721835238718998795e+00 -1.721590222717576557e+00 -1.720816322887477545e+00 -1.718378076600380666e+00 -1.710756570626984718e+00
-1.583944262721684870e+00 -1.583944017068725341e+00 -1.583943240246773687e+00 -1.583940783729219204e+00 -1.583933015630123675e+00 -1.583908451658731620e+00 -1.583830782707602802e+00 -1.583585263338246563e+00 -1.582809775577656453e+00 -1.580366546098346925e+00 -1.572729655430143314e+00
