5.031617592791748805e+00 5.031617592791748805e+00 5.031617592791748805e+00 5.031617592791748805e+00 5.031617592791748805e+00 5.031617592791748805e+00 5.031617592791748805e+00 5.031617592791748805e+00 5.031617592791748805e+00 5.031617592791749694e+00 5.031617592791751470e+00
5.169146516763984067e+00 5.169146516763984067e+00 5.169146516763984067e+00 5.169146516763984067e+00 5.169146516763984067e+00 5.169146516763984067e+00 5.169146516763984067e+00 5.169146516763984067e+00 5.169146516763984067e+00 5.169146516763984955e+00 5.169146516763986732e+00
5.305881137891553578e+00 5.305881137891553578e+00 5.305881137891553578e+00 5.305881137891553578e+00 5.305881137891553578e+00 5.305881137891553578e+00 5.305881137891554467e+00 5.305881137891554467e+00 5.305881137891554467e+00 5.305881137891555355e+00 5.305881137891557131e+00
5.441550257979960392e+00 5.441550257979960392e+00 5.441550257979960392e+00 5.441550257979960392e+00 5.441550257979960392e+00 5.441550257979960392e+00 5.441550257979960392e+00 5.441550257979960392e+00 5.441550257979960392e+00 5.441550257979961280e+00 5.441550257979963057e+00
5.575811923861788699e+00 5.575811923861788699e+00 5.575811923861788699e+00 5.575811923861788699e+00 5.575811923861788699e+00 5.575811923861788699e+00 5.575811923861788699e+00 5.575811923861788699e+00 5.575811923861788699e+00 5.575811923861788699e+00 5.575811923861790476e+00
5.708244965550367311e+00 5.708244965550367311e+00 5.708244965550367311e+00 5.708244965550367311e+00 5.708244965550367311e+00 5.708244965550367311e+00 5.708244965550367311e+00 5.708244965550367311e+00 5.708244965550367311e+00 5.708244965550368200e+00 5.708244965550369976e+00
5.838345324816375026e+00 5.838345324816375026e+00 5.838345324816375026e+00 5.838345324816375026e+00 5.838345324816375026e+00 5.838345324816375026e+00 5.838345324816375026e+00 5.838345324816375026e+00 5.838345324816375026e+00 5.838345324816375914e+00 5.838345324816377691e+00
5.965529876769942064e+00 5.965529876769942064e+00 5.965529876769942064e+00 5.965529876769942064e+00 5.965529876769942064e+00 5.965529876769942064e+00 5.965529876769942064e+00 5.965529876769942064e+00 5.965529876769942064e+00 5.965529876769942952e+00 5.965529876769944728e+00
6.089149884742291796e+00 6.089149884742291796e+00 6.089149884742291796e+00 6.089149884742291796e+00 6.089149884742291796e+00 6.089149884742291796e+00 6.089149884742291796e+00 6.089149884742291796e+00 6.089149884742292684e+00 6.089149884742292684e+00 6.089149884742294461e+00
6.208514782057564574e+00 6.208514782057564574e+00 6.208514782057564574e+00 6.208514782057564574e+00 6.208514782057564574e+00 6.208514782057564574e+00 6.208514782057564574e+00 6.208514782057564574e+00 6.208514782057565462e+00 6.208514782057565462e+00 6.208514782057567238e+00
6.322924886494567076e+00 6.322924886494567076e+00 6.322924886494567076e+00 6.322924886494567076e+00 6.322924886494567076e+00 6.322924886494567076e+00 6.322924886494567076e+00 6.322924886494567076e+00 6.322924886494567076e+00 6.322924886494567964e+00 6.322924886494569741e+00
