6.861178072621012092e+00 6.368086741448323096e+00 5.870432965168721040e+00 5.371194922902531310e+00 4.871438059292387379e+00 4.371515171082547724e+00 3.871539578736022502e+00 3.371547299397728903e+00 2.871549741113970100e+00 2.371550513275313854e+00 1.871550757456457825e+00
6.861178071305809034e+00 6.368086740991578232e+00 5.870432965018910210e+00 5.371194922854553688e+00 4.871438059277152455e+00 4.371515171077723139e+00 3.871539578734496612e+00 3.371547299397246178e+00 2.871549741113817333e+00 2.371550513275265448e+00 1.871550757456442504e+00
6.861178069777975175e+00 6.368086740461565753e+00 5.870432964845138102e+00 5.371194922798909310e+00 4.871438059259483921e+00 4.371515171072129391e+00 3.871539578732726472e+00 3.371547299396686626e+00 2.871549741113640586e+00 2.371550513275209049e+00 1.871550757456424963e+00
6.861178068002657504e+00 6.368086739846474664e+00 5.870432964643567786e+00 5.371194922734373378e+00 4.871438059238993645e+00 4.371515171065641248e+00 3.871539578730673892e+00 3.371547299396037367e+00 2.871549741113434973e+00 2.371550513275144212e+00 1.871550757456404313e+00
6.861178065939131265e+00 6.368086739132565732e+00 5.870432964409741494e+00 5.371194922659525695e+00 4.871438059215229543e+00 4.371515171058116600e+00 3.871539578728293574e+00 3.371547299395284636e+00 2.871549741113196941e+00 2.371550513275069161e+00 1.871550757456380332e+00
6.861178063539750127e+00 6.368086738303856187e+00 5.870432964138486476e+00 5.371194922572715136e+00 4.871438059187670255e+00 4.371515171049390247e+00 3.871539578725533115e+00 3.371547299394411557e+00 2.871549741112921161e+00 2.371550513274981675e+00 1.871550757456353020e+00
6.861178060748700958e+00 6.368086737341739578e+00 5.870432963823795980e+00 5.371194922472028566e+00 4.871438059155708267e+00 4.371515171039271230e+00 3.871539578722331676e+00 3.371547299393399033e+00 2.871549741112600529e+00 2.371550513274880423e+00 1.871550757456320824e+00
6.861178057500508132e+00 6.368086736224542577e+00 5.870432963458691589e+00 5.371194922355246426e+00 4.871438059118640140e+00 4.371515171027534841e+00 3.871539578718619090e+00 3.371547299392224861e+00 2.871549741112229270e+00 2.371550513274763183e+00 1.871550757456283742e+00
6.861178053718227865e+00 6.368086734927008052e+00 5.870432963035069562e+00 5.371194922219793000e+00 4.871438059075650528e+00 4.371515171013924395e+00 3.871539578714313645e+00 3.371547299390862840e+00 2.871549741111798504e+00 2.371550513274626848e+00 1.871550757456240444e+00
6.861178049311271288e+00 6.368086733419670686e+00 5.870432962543511657e+00 5.371194922062677790e+00 4.871438059025791745e+00 4.371515170998140576e+00 3.871539578709320306e+00 3.371547299389284102e+00 2.871549741111299348e+00 2.371550513274469196e+00 1.871550757456190706e+00
6.861178044172756785e+00 6.368086731668134881e+00 5.870432961973069297e+00 5.371194921880432460e+00 4.871438058967966889e+00 4.371515170979835219e+00 3.871539578703529827e+00 3.371547299387452234e+00 2.871549741110720255e+00 2.371550513274285787e+00 1.871550757456132752e+00
