9.656713678156119585e+00 9.656713678156119585e+00 9.656713678156119585e+00 9.656713678156119585e+00 9.656713678156119585e+00 9.656713678156119585e+00 9.656713678156119585e+00 9.656713678156119585e+00 9.656713678156119585e+00 9.656713678156119585e+00 9.656713678156119585e+00
9.656086355281399136e+00 9.656086355281399136e+00 9.656086355281399136e+00 9.656086355281399136e+00 9.656086355281399136e+00 9.656086355281399136e+00 9.656086355281399136e+00 9.656086355281399136e+00 9.656086355281399136e+00 9.656086355281399136e+00 9.656086355281399136e+00
9.655301825181521025e+00 9.655301825181521025e+00 9.655301825181521025e+00 9.655301825181521025e+00 9.655301825181521025e+00 9.655301825181521025e+00 9.655301825181521025e+00 9.655301825181521025e+00 9.655301825181521025e+00 9.655301825181521025e+00 9.655301825181521025e+00
9.654324634615827350e+00 9.654324634615827350e+00 9.654324634615827350e+00 9.654324634615827350e+00 9.654324634615827350e+00 9.654324634615827350e+00 9.654324634615827350e+00 9.654324634615827350e+00 9.654324634615827350e+00 9.654324634615827350e+00 9.654324634615827350e+00
9.653112665256562863e+00 9.653112665256562863e+00 9.653112665256562863e+00 9.653112665256562863e+00 9.653112665256562863e+00 9.653112665256562863e+00 9.653112665256562863e+00 9.653112665256562863e+00 9.653112665256562863e+00 9.653112665256562863e+00 9.653112665256562863e+00
9.651616288990519266e+00 9.651616288990519266e+00 9.651616288990519266e+00 9.651616288990519266e+00 9.651616288990519266e+00 9.651616288990519266e+00 9.651616288990519266e+00 9.651616288990519266e+00 9.651616288990519266e+00 9.651616288990519266e+00 9.651616288990519266e+00
9.649777524567252129e+00 9.649777524567252129e+00 9.649777524567252129e+00 9.649777524567252129e+00 9.649777524567252129e+00 9.649777524567252129e+00 9.649777524567252129e+00 9.649777524567252129e+00 9.649777524567252129e+00 9.649777524567250353e+00 9.649777524567250353e+00
9.647529220948346307e+00 9.647529220948346307e+00 9.647529220948346307e+00 9.647529220948346307e+00 9.647529220948346307e+00 9.647529220948346307e+00 9.647529220948346307e+00 9.647529220948346307e+00 9.647529220948346307e+00 9.647529220948346307e+00 9.647529220948346307e+00
9.644794291009208820e+00 9.644794291009208820e+00 9.644794291009208820e+00 9.644794291009208820e+00 9.644794291009208820e+00 9.644794291009208820e+00 9.644794291009208820e+00 9.644794291009208820e+00 9.644794291009208820e+00 9.644794291009208820e+00 9.644794291009208820e+00
9.641485015024731098e+00 9.641485015024731098e+00 9.641485015024731098e+00 9.641485015024731098e+00 9.641485015024731098e+00 9.641485015024731098e+00 9.641485015024731098e+00 9.641485015024731098e+00 9.641485015024731098e+00 9.641485015024731098e+00 9.641485015024731098e+00
9.637502424952407054e+00 9.637502424952407054e+00 9.637502424952407054e+00 9.637502424952407054e+00 9.637502424952407054e+00 9.637502424952407054e+00 9.637502424952407054e+00 9.637502424952407054e+00 9.637502424952407054e+00 9.637502424952407054e+00 9.637502424952407054e+00
