-1.028035269151564890e+01 -9.780383164513118288e+00 -9.280392801366035727e+00 -8.780395848851009433e+00 -8.280396812554824848e+00 -7.780397117305174248e+00 -7.280397213675740886e+00 -6.780397244150794478e+00 -6.280397253787852740e+00 -5.780397256835358100e+00 -5.280397257799063659e+00
-1.027015719889597634e+01 -9.777132888407502165e+00 -9.279362318677295107e+00 -8.780069714898418809e+00 -8.280293653233993467e+00 -7.780364492791421505e+00 -7.280386896631367399e+00 -6.780393981588155761e+00 -6.280396222072267776e+00 -5.780396930577959225e+00 -5.280397154627372025e+00
-9.740666109019093355e+00 -9.530081727691403159e+00 -9.184697216769787786e+00 -8.747795746098027792e+00 -8.269820769996307774e+00 -7.777024749209004995e+00 -7.279327943141036705e+00 -6.780058826382445503e+00 -6.280290208175684619e+00 -5.780363403185880600e+00 -5.280386552047991344e+00
-8.170721193722471298e+00 -8.163486876829527006e+00 -8.141372173393570222e+00 -8.078040615882850162e+00 -7.922979106231552215e+00 -7.633056674998123903e+00 -7.228192547278815994e+00 -6.763200493945427993e+00 -6.274885192785594867e+00 -5.778646613972196810e+00 -5.279842892503393337e+00
-6.714716315849365458e+00 -6.714461111996923748e+00 -6.713655072082862496e+00 -6.711115951001173308e+00 -6.703182869959750434e+00 -6.679009421890798492e+00 -6.610375453832100234e+00 -6.445349796029294254e+00 -6.144387793501518757e+00 -5.732618085302633837e+00 -5.264712376793164950e+00
-5.472737814453936700e+00 -5.472723191702899115e+00 -5.472676953743919270e+00 -5.472530768868455020e+00 -5.472068815270022313e+00 -5.470611215153931894e+00 -5.466033812821067706e+00 -5.451868361415173503e+00 -5.409891545180419037e+00 -5.298849655249436630e+00 -5.064978059294233503e+00
-4.415513937522922205e+00 -4.415512655745575721e+00 -4.415508602434605301e+00 -4.415495784988832106e+00 -4.415455255155767311e+00 -4.415327113456801733e+00 -4.414922142472831545e+00 -4.413643991351923646e+00 -4.409626702186590030e+00 -4.397162089591488687e+00 -4.359946843611215428e+00
-3.515627320556803159e+00 -3.515627159146239578e+00 -3.515626648721615677e+00 -3.515625034621178369e+00 -3.515619930426903128e+00 -3.515603789942157498e+00 -3.515552753195215985e+00 -3.515391400290610591e+00 -3.514881551768641366e+00 -3.513273197041756557e+00 -3.508225981418300332e+00
-2.749645284339959694e+00 -2.749645256671820359e+00 -2.749645169177493909e+00 -2.749644892496255988e+00 -2.749644017554517816e+00 -2.749641250757405064e+00 -2.749632501492708325e+00 -2.749604835048362617e+00 -2.749517357666745987e+00 -2.749240845800115629e+00 -2.748367595332259938e+00
-2.097564002973038910e+00 -2.097563996806736775e+00 -2.097563977307177918e+00 -2.097563915644164112e+00 -2.097563720648651486e+00 -2.097563104019274149e+00 -2.097561154071732048e+00 -2.097554987853798458e+00 -2.097535489136733489e+00 -2.097473834540137361e+00 -2.097278923170054821e+00
-1.542219763138938493e+00 -1.542219761420631441e+00 -1.542219755986867336e+00 -1.542219738803796591e+00 -1.542219684466160423e+00 -1.542219512635512269e+00 -1.542218969259739891e+00 -1.542217250959148078e+00 -1.542211817260314533e+00 -1.542194634843279566e+00 -1.542140303743199770e+00
