1.042292515913969098e+01 1.042292515913969098e+01 1.042292515913969098e+01 1.042292515913969098e+01 1.042292515913969275e+01 1.042292515913969275e+01 1.042292515913969275e+01 1.042292515913969631e+01 1.042292515913970341e+01 1.042292515913973006e+01 1.042292515913980999e+01
1.041163392322085102e+01 1.041163392322085279e+01 1.041163392322085279e+01 1.041163392322085279e+01 1.041163392322085279e+01 1.041163392322085279e+01 1.041163392322085279e+01 1.041163392322085635e+01 1.041163392322086700e+01 1.041163392322089720e+01 1.041163392322099135e+01
1.039872027935813925e+01 1.039872027935813925e+01 1.039872027935813925e+01 1.039872027935813925e+01 1.039872027935813925e+01 1.039872027935814103e+01 1.039872027935814103e+01 1.039872027935814458e+01 1.039872027935815524e+01 1.039872027935818721e+01 1.039872027935829202e+01
1.038399559801484884e+01 1.038399559801484884e+01 1.038399559801484884e+01 1.038399559801484884e+01 1.038399559801484884e+01 1.038399559801484884e+01 1.038399559801485061e+01 1.038399559801485417e+01 1.038399559801486483e+01 1.038399559801489858e+01 1.038399559801500516e+01
1.036725453129851893e+01 1.036725453129851893e+01 1.036725453129851893e+01 1.036725453129851893e+01 1.036725453129851893e+01 1.036725453129851893e+01 1.036725453129852070e+01 1.036725453129852426e+01 1.036725453129853491e+01 1.036725453129856866e+01 1.036725453129867347e+01
1.034827460080607686e+01 1.034827460080607686e+01 1.034827460080607686e+01 1.034827460080607686e+01 1.034827460080607686e+01 1.034827460080607686e+01 1.034827460080607864e+01 1.034827460080608219e+01 1.034827460080609285e+01 1.034827460080612482e+01 1.034827460080622608e+01
1.032681617188767298e+01 1.032681617188767298e+01 1.032681617188767298e+01 1.032681617188767298e+01 1.032681617188767298e+01 1.032681617188767476e+01 1.032681617188767476e+01 1.032681617188767831e+01 1.032681617188768719e+01 1.032681617188771739e+01 1.032681617188781509e+01
1.030262293779520988e+01 1.030262293779520988e+01 1.030262293779520988e+01 1.030262293779520988e+01 1.030262293779520988e+01 1.030262293779520988e+01 1.030262293779521166e+01 1.030262293779521343e+01 1.030262293779522409e+01 1.030262293779525251e+01 1.030262293779534311e+01
1.027542305572056947e+01 1.027542305572056947e+01 1.027542305572056947e+01 1.027542305572056947e+01 1.027542305572056947e+01 1.027542305572056947e+01 1.027542305572057124e+01 1.027542305572057302e+01 1.027542305572058190e+01 1.027542305572060855e+01 1.027542305572069203e+01
1.024493109416712677e+01 1.024493109416712677e+01 1.024493109416712677e+01 1.024493109416712855e+01 1.024493109416712855e+01 1.024493109416712855e+01 1.024493109416712855e+01 1.024493109416713210e+01 1.024493109416713921e+01 1.024493109416716230e+01 1.024493109416723868e+01
1.021085096582258522e+01 1.021085096582258522e+01 1.021085096582258522e+01 1.021085096582258522e+01 1.021085096582258522e+01 1.021085096582258522e+01 1.021085096582258700e+01 1.021085096582258878e+01 1.021085096582259588e+01 1.021085096582261720e+01 1.021085096582268648e+01
