3.052510637875183175e+00 3.052510637879262578e+00 3.052510637892162482e+00 3.052510637932955628e+00 3.052510638061955106e+00 3.052510638469887905e+00 3.052510639759884015e+00 3.052510643839209781e+00 3.052510656739170880e+00 3.052510697532426320e+00 3.052510826532001342e+00
2.923401273399564904e+00 2.923401273403533285e+00 2.923401273416083246e+00 2.923401273455769278e+00 2.923401273581266668e+00 2.923401273978125214e+00 2.923401275233101337e+00 2.923401279201684133e+00 2.923401291751445807e+00 2.923401331437273321e+00 2.923401456934856313e+00
2.794154596117470302e+00 2.794154596121313894e+00 2.794154596133469948e+00 2.794154596171908977e+00 2.794154596293464632e+00 2.794154596677857150e+00 2.794154597893413250e+00 2.794154601737339760e+00 2.794154613892902095e+00 2.794154652332162758e+00 2.794154773887755461e+00
2.664723622215369847e+00 2.664723622219073995e+00 2.664723622230788180e+00 2.664723622267830994e+00 2.664723622384970625e+00 2.664723622755398758e+00 2.664723623926794627e+00 2.664723627631075065e+00 2.664723639345037309e+00 2.664723676387835916e+00 2.664723793527431273e+00
2.535046457443102863e+00 2.535046457446651580e+00 2.535046457457873270e+00 2.535046457493360439e+00 2.535046457605580450e+00 2.535046457960449917e+00 2.535046459082647807e+00 2.535046462631347808e+00 2.535046473853322713e+00 2.535046509340320942e+00 2.535046621560043789e+00
2.405039746320869476e+00 2.405039746324245886e+00 2.405039746334923123e+00 2.405039746368688114e+00 2.405039746475461371e+00 2.405039746813108614e+00 2.405039747880843404e+00 2.405039751257317171e+00 2.405039761934664178e+00 2.405039795699397853e+00 2.405039902472844826e+00
2.274591587359582778e+00 2.274591587362770451e+00 2.274591587372849055e+00 2.274591587404721338e+00 2.274591587505510493e+00 2.274591587824233763e+00 2.274591588832123978e+00 2.274591592019354014e+00 2.274591602098260168e+00 2.274591633970556970e+00 2.274591734759594974e+00
2.143551908800452654e+00 2.143551908803433825e+00 2.143551908812860951e+00 2.143551908842671327e+00 2.143551908936940809e+00 2.143551909235048125e+00 2.143551910177744713e+00 2.143551913158814326e+00 2.143551922585783753e+00 2.143551952396477223e+00 2.143552046666153732e+00
2.011719283942627001e+00 2.011719283945385683e+00 2.011719283954109372e+00 2.011719283981696194e+00 2.011719284068934854e+00 2.011719284344805736e+00 2.011719285217187014e+00 2.011719287975898052e+00 2.011719296699709059e+00 2.011719324286819877e+00 2.011719411524912182e+00
1.878824634319205433e+00 1.878824634321726972e+00 1.878824634329701038e+00 1.878824634354917533e+00 1.878824634434658858e+00 1.878824634686822259e+00 1.878824635484233729e+00 1.878824638005870185e+00 1.878824645979984220e+00 1.878824671196345886e+00 1.878824750937474919e+00
1.744504589227235725e+00 1.744504589229507685e+00 1.744504589236693493e+00 1.744504589259415761e+00 1.744504589331270727e+00 1.744504589558495633e+00 1.744504590277043965e+00 1.744504592549293909e+00 1.744504599734777894e+00 1.744504622457272669e+00 1.744504694312103199e+00
