1.097894454461385472e+01 1.097894454461385294e+01 1.097894454461385294e+01 1.097894454461385294e+01 1.097894454461385116e+01 1.097894454461384406e+01 1.097894454461382452e+01 1.097894454461376057e+01 1.097894454461355984e+01 1.097894454461292213e+01 1.097894454461090952e+01
1.097538672970836160e+01 1.097538672970836160e+01 1.097538672970836160e+01 1.097538672970836160e+01 1.097538672970835982e+01 1.097538672970835627e+01 1.097538672970834384e+01 1.097538672970830653e+01 1.097538672970819107e+01 1.097538672970781981e+01 1.097538672970665097e+01
1.097123833230441292e+01 1.097123833230441292e+01 1.097123833230441292e+01 1.097123833230441292e+01 1.097123833230441292e+01 1.097123833230441114e+01 1.097123833230440582e+01 1.097123833230439161e+01 1.097123833230434187e+01 1.097123833230418555e+01 1.097123833230369527e+01
1.096641867210083099e+01 1.096641867210083099e+01 1.096641867210083099e+01 1.096641867210083099e+01 1.096641867210083099e+01 1.096641867210083099e+01 1.096641867210083277e+01 1.096641867210083277e+01 1.096641867210083632e+01 1.096641867210084698e+01 1.096641867210088250e+01
1.096083781380122524e+01 1.096083781380122524e+01 1.096083781380122524e+01 1.096083781380122524e+01 1.096083781380122701e+01 1.096083781380122701e+01 1.096083781380123234e+01 1.096083781380124478e+01 1.096083781380128741e+01 1.096083781380142241e+01 1.096083781380185052e+01
1.095439557430759692e+01 1.095439557430759692e+01 1.095439557430759692e+01 1.095439557430759692e+01 1.095439557430759692e+01 1.095439557430759869e+01 1.095439557430760757e+01 1.095439557430762889e+01 1.095439557430769995e+01 1.095439557430792377e+01 1.095439557430862898e+01
1.094698047457554146e+01 1.094698047457554146e+01 1.094698047457554146e+01 1.094698047457554146e+01 1.094698047457554324e+01 1.094698047457554502e+01 1.094698047457555390e+01 1.094698047457558232e+01 1.094698047457567114e+01 1.094698047457595358e+01 1.094698047457684353e+01
1.093846865967493009e+01 1.093846865967493009e+01 1.093846865967493009e+01 1.093846865967493009e+01 1.093846865967493187e+01 1.093846865967493542e+01 1.093846865967494431e+01 1.093846865967497628e+01 1.093846865967507576e+01 1.093846865967539195e+01 1.093846865967639026e+01
1.092872281501384180e+01 1.092872281501384357e+01 1.092872281501384357e+01 1.092872281501384357e+01 1.092872281501384357e+01 1.092872281501384712e+01 1.092872281501385778e+01 1.092872281501389153e+01 1.092872281501399634e+01 1.092872281501432674e+01 1.092872281501537302e+01
1.091759111313786335e+01 1.091759111313786335e+01 1.091759111313786335e+01 1.091759111313786512e+01 1.091759111313786512e+01 1.091759111313786867e+01 1.091759111313787933e+01 1.091759111313791308e+01 1.091759111313801789e+01 1.091759111313835007e+01 1.091759111313939989e+01
1.090490623264976655e+01 1.090490623264976655e+01 1.090490623264976655e+01 1.090490623264976655e+01 1.090490623264976833e+01 1.090490623264977010e+01 1.090490623264978076e+01 1.090490623264981274e+01 1.090490623264991576e+01 1.090490623265023906e+01 1.090490623265126047e+01
