1.290682248528764475e+01 1.290682248528757015e+01 1.290682248528733567e+01 1.290682248528659670e+01 1.290682248528425902e+01 1.290682248527686760e+01 1.290682248525349074e+01 1.290682248517956587e+01 1.290682248494579731e+01 1.290682248420655753e+01 1.290682248186887726e+01
1.290680850641676081e+01 1.290680850641668975e+01 1.290680850641646593e+01 1.290680850641575539e+01 1.290680850641350830e+01 1.290680850640640642e+01 1.290680850638394261e+01 1.290680850631291143e+01 1.290680850608828933e+01 1.290680850537797042e+01 1.290680850313174588e+01
1.290679088027082244e+01 1.290679088027075316e+01 1.290679088027053822e+01 1.290679088026985966e+01 1.290679088026771382e+01 1.290679088026092813e+01 1.290679088023946619e+01 1.290679088017159870e+01 1.290679087995698104e+01 1.290679087927830082e+01 1.290679087713212603e+01
1.290676872877561010e+01 1.290676872877554615e+01 1.290676872877534187e+01 1.290676872877469705e+01 1.290676872877265957e+01 1.290676872876621673e+01 1.290676872874584014e+01 1.290676872868140634e+01 1.290676872847764578e+01 1.290676872783329898e+01 1.290676872579569867e+01
1.290674098833632399e+01 1.290674098833626360e+01 1.290674098833606998e+01 1.290674098833546424e+01 1.290674098833354222e+01 1.290674098832746886e+01 1.290674098830825933e+01 1.290674098824751859e+01 1.290674098805543402e+01 1.290674098744801412e+01 1.290674098552718263e+01
1.290670637894110584e+01 1.290670637894104900e+01 1.290670637894086958e+01 1.290670637894030115e+01 1.290670637893850525e+01 1.290670637893282446e+01 1.290670637891486017e+01 1.290670637885804872e+01 1.290670637867840043e+01 1.290670637811030197e+01 1.290670637631381368e+01
1.290666337038317657e+01 1.290666337038312328e+01 1.290666337038295808e+01 1.290666337038243050e+01 1.290666337038076428e+01 1.290666337037549738e+01 1.290666337035884226e+01 1.290666337030617505e+01 1.290666337013962206e+01 1.290666336961293759e+01 1.290666336794741653e+01
1.290661014576274468e+01 1.290661014576269672e+01 1.290661014576254395e+01 1.290661014576205901e+01 1.290661014576053134e+01 1.290661014575569432e+01 1.290661014574040166e+01 1.290661014569204390e+01 1.290661014553912089e+01 1.290661014505553794e+01 1.290661014352631142e+01
1.290654456240671166e+01 1.290654456240666725e+01 1.290654456240652870e+01 1.290654456240608994e+01 1.290654456240470083e+01 1.290654456240030790e+01 1.290654456238641501e+01 1.290654456234248393e+01 1.290654456220356217e+01 1.290654456176425136e+01 1.290654456037502662e+01
1.290646411021943685e+01 1.290646411021939777e+01 1.290646411021927342e+01 1.290646411021887907e+01 1.290646411021763029e+01 1.290646411021368678e+01 1.290646411020121143e+01 1.290646411016176565e+01 1.290646411003702276e+01 1.290646410964255075e+01 1.290646410839512370e+01
1.290636586724894386e+01 1.290636586724890833e+01 1.290636586724879820e+01 1.290636586724844825e+01 1.290636586724734158e+01 1.290636586724384394e+01 1.290636586723278434e+01 1.290636586719781143e+01 1.290636586708721367e+01 1.290636586673747566e+01 1.290636586563150345e+01
