-3.443260287346033621e+00 -3.443260287346033621e+00 -3.443260287346033621e+00 -3.443260287346033621e+00 -3.443260287346033621e+00 -3.443260287346033621e+00 -3.443260287346033621e+00 -3.443260287346033621e+00 -3.443260287346033621e+00 -3.443260287346033621e+00 -3.443260287346033621e+00
-3.572922055199247104e+00 -3.572922055199247104e+00 -3.572922055199247104e+00 -3.572922055199247104e+00 -3.572922055199247104e+00 -3.572922055199247104e+00 -3.572922055199247104e+00 -3.572922055199247104e+00 -3.572922055199247104e+00 -3.572922055199247104e+00 -3.572922055199247104e+00
-3.702820107243431025e+00 -3.702820107243431025e+00 -3.702820107243431025e+00 -3.702820107243431025e+00 -3.702820107243431025e+00 -3.702820107243431025e+00 -3.702820107243431025e+00 -3.702820107243431025e+00 -3.702820107243431025e+00 -3.702820107243431025e+00 -3.702820107243431025e+00
-3.832976830081214370e+00 -3.832976830081214370e+00 -3.832976830081214370e+00 -3.832976830081214370e+00 -3.832976830081214370e+00 -3.832976830081214370e+00 -3.832976830081214370e+00 -3.832976830081214370e+00 -3.832976830081214370e+00 -3.832976830081214370e+00 -3.832976830081214370e+00
-3.963424981407864145e+00 -3.963424981407864145e+00 -3.963424981407864145e+00 -3.963424981407864145e+00 -3.963424981407864145e+00 -3.963424981407864145e+00 -3.963424981407864145e+00 -3.963424981407864145e+00 -3.963424981407864145e+00 -3.963424981407864145e+00 -3.963424981407864145e+00
-4.094206543719616676e+00 -4.094206543719616676e+00 -4.094206543719616676e+00 -4.094206543719616676e+00 -4.094206543719616676e+00 -4.094206543719616676e+00 -4.094206543719616676e+00 -4.094206543719616676e+00 -4.094206543719616676e+00 -4.094206543719616676e+00 -4.094206543719616676e+00
-4.225373338257599976e+00 -4.225373338257599976e+00 -4.225373338257599976e+00 -4.225373338257599976e+00 -4.225373338257599976e+00 -4.225373338257599976e+00 -4.225373338257599976e+00 -4.225373338257599976e+00 -4.225373338257599976e+00 -4.225373338257599976e+00 -4.225373338257599976e+00
-4.356992509491360188e+00 -4.356992509491360188e+00 -4.356992509491360188e+00 -4.356992509491360188e+00 -4.356992509491360188e+00 -4.356992509491360188e+00 -4.356992509491360188e+00 -4.356992509491360188e+00 -4.356992509491360188e+00 -4.356992509491360188e+00 -4.356992509491360188e+00
-4.489137720254220199e+00 -4.489137720254220199e+00 -4.489137720254220199e+00 -4.489137720254220199e+00 -4.489137720254220199e+00 -4.489137720254220199e+00 -4.489137720254220199e+00 -4.489137720254220199e+00 -4.489137720254220199e+00 -4.489137720254220199e+00 -4.489137720254220199e+00
-4.621909696290831704e+00 -4.621909696290831704e+00 -4.621909696290831704e+00 -4.621909696290831704e+00 -4.621909696290831704e+00 -4.621909696290831704e+00 -4.621909696290831704e+00 -4.621909696290831704e+00 -4.621909696290831704e+00 -4.621909696290831704e+00 -4.621909696290831704e+00
-4.755420468982629600e+00 -4.755420468982629600e+00 -4.755420468982629600e+00 -4.755420468982629600e+00 -4.755420468982629600e+00 -4.755420468982629600e+00 -4.755420468982629600e+00 -4.755420468982629600e+00 -4.755420468982629600e+00 -4.755420468982629600e+00 -4.755420468982629600e+00
