-2.677529907517238073e+01 -2.677494684414329740e+01 -2.677383486817528890e+01 -2.677033711241579539e+01 -2.675945806430631890e+01 -2.672674628404941188e+01 -2.663703941126768981e+01 -2.643560230031287617e+01 -2.609842129697089419e+01 -2.566586485365283465e+01 -2.518957306201371438e+01
-2.394768881742510303e+01 -2.394768829335037097e+01 -2.394768663608472181e+01 -2.394768139539220542e+01 -2.394766482328350676e+01 -2.394761242183572136e+01 -2.394744675550631285e+01 -2.394692328808331183e+01 -2.394527207893622034e+01 -2.394009143379699367e+01 -2.392410403254363871e+01
-2.154077395377501958e+01 -2.154077395172159370e+01 -2.154077394522809641e+01 -2.154077392469385899e+01 -2.154077385975890380e+01 -2.154077365441660419e+01 -2.154077300506787651e+01 -2.154077095165328970e+01 -2.154076445825011987e+01 -2.154074392494525014e+01 -2.154067899932225671e+01
-1.949208040605988401e+01 -1.949208040604153069e+01 -1.949208040598348290e+01 -1.949208040579991774e+01 -1.949208040521944341e+01 -1.949208040338381309e+01 -1.949208039757904132e+01 -1.949208037922274528e+01 -1.949208032117504530e+01 -1.949208013761215241e+01 -1.949207955713582763e+01
-1.774829424276371626e+01 -1.774829424276338585e+01 -1.774829424276233780e+01 -1.774829424275902667e+01 -1.774829424274855683e+01 -1.774829424271544198e+01 -1.774829424261072930e+01 -1.774829424227959862e+01 -1.774829424123247534e+01 -1.774829423792117211e+01 -1.774829422744991092e+01
-1.626403604831523353e+01 -1.626403604831522287e+01 -1.626403604831519090e+01 -1.626403604831508076e+01 -1.626403604831473615e+01 -1.626403604831365257e+01 -1.626403604831021710e+01 -1.626403604829936000e+01 -1.626403604826502658e+01 -1.626403604815644854e+01 -1.626403604781309653e+01
-1.500068019922976603e+01 -1.500068019922976603e+01 -1.500068019922976426e+01 -1.500068019922975893e+01 -1.500068019922973939e+01 -1.500068019922968077e+01 -1.500068019922949247e+01 -1.500068019922890095e+01 -1.500068019922702867e+01 -1.500068019922110807e+01 -1.500068019920238527e+01
-1.392534938827050084e+01 -1.392534938827050084e+01 -1.392534938827050084e+01 -1.392534938827049906e+01 -1.392534938827049729e+01 -1.392534938827049373e+01 -1.392534938827047775e+01 -1.392534938827042801e+01 -1.392534938827026991e+01 -1.392534938826977253e+01 -1.392534938826819868e+01
-1.301005709237903929e+01 -1.301005709237903929e+01 -1.301005709237903929e+01 -1.301005709237903751e+01 -1.301005709237903751e+01 -1.301005709237903751e+01 -1.301005709237903574e+01 -1.301005709237903041e+01 -1.301005709237901087e+01 -1.301005709237895047e+01 -1.301005709237875863e+01
-1.223097080632396150e+01 -1.223097080632396150e+01 -1.223097080632396150e+01 -1.223097080632396150e+01 -1.223097080632396150e+01 -1.223097080632396150e+01 -1.223097080632396150e+01 -1.223097080632395972e+01 -1.223097080632395794e+01 -1.223097080632394729e+01 -1.223097080632391531e+01
-1.156776632781717851e+01 -1.156776632781717851e+01 -1.156776632781717851e+01 -1.156776632781717851e+01 -1.156776632781717851e+01 -1.156776632781717851e+01 -1.156776632781717851e+01 -1.156776632781717851e+01 -1.156776632781717851e+01 -1.156776632781717673e+01 -1.156776632781716962e+01
