2.539763468034107685e+00 2.777979138045606256e+00 2.667474996814368726e+00 2.279388091557364326e+00 1.800647733157845209e+00 1.304275996798108794e+00 8.050262737150383208e-01 3.052211503003172677e-01 -1.947215363375342234e-01 -6.947038456332211842e-01 -1.194698294745274891e+00
2.420657550399238467e+00 2.695863077758360316e+00 2.638469434486760967e+00 2.273739416497976062e+00 1.799927364447002631e+00 1.304199456895970277e+00 8.050185098815402229e-01 3.052203705776194154e-01 -1.947216145324891790e-01 -6.947038534985821023e-01 -1.194698295545556954e+00
2.299254415248687788e+00 2.606209959185576075e+00 2.603772138188244600e+00 2.266495496613652350e+00 1.798968650705819572e+00 1.304096660882000824e+00 8.050080699673372031e-01 3.052193220333191959e-01 -1.947217196625356528e-01 -6.947038640652749564e-01 -1.194698296618180278e+00
2.176073565776885488e+00 2.509654135913932382e+00 2.562761550284052614e+00 2.257286022882334375e+00 1.797696496723293569e+00 1.303958665374542303e+00 8.049940321692933276e-01 3.052179119670375140e-01 -1.947218610130892202e-01 -6.947038782632682929e-01 -1.194698298056497299e+00
2.051529800400511583e+00 2.406969139649197231e+00 2.514872454433431770e+00 2.245686007084113367e+00 1.796014512122077411e+00 1.303773529719913560e+00 8.049751577000392455e-01 3.052160157102313254e-01 -1.947220510721449915e-01 -6.947038973431345354e-01 -1.194698299985994749e+00
1.925948548612246958e+00 2.298999405015943243e+00 2.459633248008642248e+00 2.231217199441402954e+00 1.793800291049868267e+00 1.303525348122503980e+00 8.049497822409170666e-01 3.052134656065205731e-01 -1.947223066344816456e-01 -6.947039229864327980e-01 -1.194698302575304849e+00
1.799581716467176573e+00 2.186593825845781325e+00 2.396707020507274244e+00 2.213352146666278220e+00 1.790900276844726857e+00 1.303192995247152819e+00 8.049156705722656513e-01 3.052100361919335425e-01 -1.947226502880460564e-01 -6.947039574545499363e-01 -1.194698306051131809e+00
1.672622289539222651e+00 2.070552110296279835e+00 2.325931710758323945e+00 2.191521216863685506e+00 1.787124441754537774e+00 1.302748517927315941e+00 8.048698221992512947e-01 3.052054242746779500e-01 -1.947231124124730595e-01 -6.947040037886615949e-01 -1.194698310718249834e+00
1.545216945909318129e+00 1.951589406710118491e+00 2.247351699308681727e+00 2.165123029848208258e+00 1.782241103357460998e+00 1.302155100461270587e+00 8.048082119439989857e-01 3.051992221587432330e-01 -1.947237338678513285e-01 -6.947040660788896815e-01 -1.194698316986457121e+00
1.417476468730972439e+00 1.830319107158068226e+00 2.161231806329663385e+00 2.133538951386576787e+00 1.775972273372673049e+00 1.301364532386867001e+00 8.047254446481050261e-01 3.051908816649621659e-01 -1.947245696107680890e-01 -6.947041498261763426e-01 -1.194698325406769346e+00
1.289484090882438982e+00 1.707250148109032750e+00 2.068046571224565700e+00 2.096152556456968075e+00 1.767989974853553026e+00 1.300314119263864532e+00 8.046142970875788114e-01 3.051796658012736474e-01 -1.947256935580828630e-01 -6.947042624290276081e-01 -1.194698336720083187e+00
