9.338528089525686582e+00 9.338528089525686582e+00 9.338528089525686582e+00 9.338528089525686582e+00 9.338528089525686582e+00 9.338528089525686582e+00 9.338528089525686582e+00 9.338528089525686582e+00 9.338528089525686582e+00 9.338528089525686582e+00 9.338528089525686582e+00
9.338523312073517602e+00 9.338523312073517602e+00 9.338523312073517602e+00 9.338523312073517602e+00 9.338523312073517602e+00 9.338523312073517602e+00 9.338523312073517602e+00 9.338523312073517602e+00 9.338523312073517602e+00 9.338523312073517602e+00 9.338523312073517602e+00
9.338517095605991969e+00 9.338517095605991969e+00 9.338517095605991969e+00 9.338517095605991969e+00 9.338517095605991969e+00 9.338517095605991969e+00 9.338517095605991969e+00 9.338517095605991969e+00 9.338517095605991969e+00 9.338517095605991969e+00 9.338517095605991969e+00
9.338509013542280357e+00 9.338509013542280357e+00 9.338509013542280357e+00 9.338509013542280357e+00 9.338509013542280357e+00 9.338509013542280357e+00 9.338509013542280357e+00 9.338509013542280357e+00 9.338509013542280357e+00 9.338509013542280357e+00 9.338509013542280357e+00
9.338498514202678180e+00 9.338498514202678180e+00 9.338498514202678180e+00 9.338498514202678180e+00 9.338498514202678180e+00 9.338498514202678180e+00 9.338498514202678180e+00 9.338498514202678180e+00 9.338498514202678180e+00 9.338498514202678180e+00 9.338498514202678180e+00
9.338484885794196444e+00 9.338484885794196444e+00 9.338484885794196444e+00 9.338484885794196444e+00 9.338484885794196444e+00 9.338484885794196444e+00 9.338484885794196444e+00 9.338484885794196444e+00 9.338484885794196444e+00 9.338484885794196444e+00 9.338484885794196444e+00
9.338467213379272991e+00 9.338467213379272991e+00 9.338467213379272991e+00 9.338467213379272991e+00 9.338467213379272991e+00 9.338467213379272991e+00 9.338467213379272991e+00 9.338467213379272991e+00 9.338467213379272991e+00 9.338467213379272991e+00 9.338467213379272991e+00
9.338444321552055172e+00 9.338444321552055172e+00 9.338444321552055172e+00 9.338444321552055172e+00 9.338444321552055172e+00 9.338444321552055172e+00 9.338444321552055172e+00 9.338444321552055172e+00 9.338444321552055172e+00 9.338444321552055172e+00 9.338444321552055172e+00
9.338414705720783360e+00 9.338414705720783360e+00 9.338414705720783360e+00 9.338414705720783360e+00 9.338414705720783360e+00 9.338414705720783360e+00 9.338414705720783360e+00 9.338414705720783360e+00 9.338414705720783360e+00 9.338414705720783360e+00 9.338414705720783360e+00
9.338376438315902917e+00 9.338376438315902917e+00 9.338376438315902917e+00 9.338376438315902917e+00 9.338376438315902917e+00 9.338376438315902917e+00 9.338376438315902917e+00 9.338376438315902917e+00 9.338376438315902917e+00 9.338376438315902917e+00 9.338376438315902917e+00
9.338327061558127085e+00 9.338327061558127085e+00 9.338327061558127085e+00 9.338327061558127085e+00 9.338327061558127085e+00 9.338327061558127085e+00 9.338327061558127085e+00 9.338327061558127085e+00 9.338327061558127085e+00 9.338327061558127085e+00 9.338327061558127085e+00
