3.116137592613943852e+00 2.618852693978620305e+00 2.119144765181308010e+00 1.619174250686994831e+00 1.119177202243067049e+00 6.191774974532952003e-01 1.191775269825794958e-01 -3.808224700619698977e-01 -8.808224697656280577e-01 -1.380822469735741853e+00 -1.880822469732673641e+00
3.116142841169192490e+00 2.618853283660266928e+00 2.119144824352874323e+00 1.619174256361210817e+00 1.119177202730376797e+00 6.191774974766603989e-01 1.191775269768941409e-01 -3.808224700650750805e-01 -8.808224697667407233e-01 -1.380822469736106894e+00 -1.880822469732790214e+00
3.116155654347303017e+00 2.618854722816772451e+00 2.119144968754593350e+00 1.619174270207433874e+00 1.119177203919178298e+00 6.191774975335375686e-01 1.191775269629744005e-01 -3.808224700726675627e-01 -8.808224697694606586e-01 -1.380822469736998848e+00 -1.880822469733075764e+00
3.116182399068740949e+00 2.618857724821180177e+00 2.119145269921578478e+00 1.619174299080418544e+00 1.119177206396613888e+00 6.191774976515079798e-01 1.191775269337317505e-01 -3.808224700885696756e-01 -8.808224697751549925e-01 -1.380822469738866021e+00 -1.880822469733672841e+00
3.116231167356958043e+00 2.618863192190703959e+00 2.119145818253455715e+00 1.619174351631704978e+00 1.119177210900374586e+00 6.191774978639872362e-01 1.191775268797477388e-01 -3.808224701177587157e-01 -8.808224697855970842e-01 -1.380822469742289282e+00 -1.880822469734767299e+00
3.116310271018460032e+00 2.618872041932420291e+00 2.119146705352427773e+00 1.619174436600834044e+00 1.119177218167273447e+00 6.191774982012486772e-01 1.191775267903213698e-01 -3.808224701656455768e-01 -8.808224698027010691e-01 -1.380822469747894132e+00 -1.880822469736559421e+00
3.116426149120600897e+00 2.618884964208164412e+00 2.119147999652386094e+00 1.619174560459384793e+00 1.119177228724986373e+00 6.191774986782571100e-01 1.191775266549950779e-01 -3.808224702370563985e-01 -8.808224698281448273e-01 -1.380822469756226356e+00 -1.880822469739222846e+00
3.116581431143608416e+00 2.618902202283509340e+00 2.119149724274926427e+00 1.619174725274578508e+00 1.119177242704370689e+00 6.191774992841234670e-01 1.191775264650988819e-01 -3.808224703352557361e-01 -8.808224698630130467e-01 -1.380822469767634120e+00 -1.880822469742868597e+00
3.116773878024652333e+00 2.618923439701288380e+00 2.119151845849627236e+00 1.619174927642308859e+00 1.119177259749047915e+00 6.191774999782113653e-01 1.191775262149886161e-01 -3.808224704613076828e-01 -8.808224699075700714e-01 -1.380822469782194029e+00 -1.880822469747519543e+00
3.116996552441670065e+00 2.618947834945863917e+00 2.119154278353316379e+00 1.619175159083713345e+00 1.119177279057864016e+00 6.191775006952587868e-01 1.191775259028359235e-01 -3.808224706139093363e-01 -8.808224699612160480e-01 -1.380822469799697139e+00 -1.880822469753108628e+00
3.117239082254675164e+00 2.618974183072158457e+00 2.119156899780442416e+00 1.619175407688805191e+00 1.119177299539841464e+00 6.191775013578769693e-01 1.191775255309298620e-01 -3.808224707896608607e-01 -8.808224700226080506e-01 -1.380822469819692477e+00 -1.880822469759489746e+00
