9.837623194152115502e+00 9.837626432875458349e+00 9.837636660415972401e+00 9.837668860435014651e+00 9.837769254057107560e+00 9.838072157931783579e+00 9.838879048860988519e+00 9.839980763517852225e+00 9.835940132609275466e+00 9.814858904482091972e+00 9.768120844156126026e+00
9.858430875352382827e+00 9.858433916473250846e+00 9.858443512422800481e+00 9.858473647925904970e+00 9.858566838241317853e+00 9.858840172383155576e+00 9.859486897536839933e+00 9.859613983017000649e+00 9.852279030298603857e+00 9.826435389198858061e+00 9.775490787092916634e+00
9.876496042062226977e+00 9.876498680297121524e+00 9.876506992864793943e+00 9.876532976479577286e+00 9.876612102077839239e+00 9.876831642989573723e+00 9.877220984568966244e+00 9.876050321079128835e+00 9.865265321261206921e+00 9.835250616784517064e+00 9.780966040672739226e+00
9.892111068879358982e+00 9.892113045823641926e+00 9.892119254581325904e+00 9.892138459223490443e+00 9.892194890984061573e+00 9.892330339510076342e+00 9.892345955060537932e+00 9.889579140955833125e+00 9.875405549883787160e+00 9.841885212056514121e+00 9.785007591784996350e+00
9.905545828604841674e+00 9.905546832376110444e+00 9.905549947187834547e+00 9.905559203338153651e+00 9.905582545465838606e+00 9.905597728706631244e+00 9.905109593073937901e+00 9.900516235221044070e+00 9.883200192106199822e+00 9.846832229433701400e+00 9.787976312947375135e+00
9.917048332379950537e+00 9.917048001579823691e+00 9.917046875328297872e+00 9.917042513402286374e+00 9.917020763228793001e+00 9.916874543716714285e+00 9.915748652436354504e+00 9.909200295268556502e+00 9.889112657581490495e+00 9.850494191185036996e+00 9.790149007460607677e+00
9.926845714094076456e+00 9.926843646747999017e+00 9.926837003984289254e+00 9.926814948922414672e+00 9.926734842148022153e+00 9.926382850653357792e+00 9.924494460567281351e+00 9.915979032467376442e+00 9.893548925370888369e+00 9.853189861593055099e+00 9.791734791811103733e+00
9.935145378939923333e+00 9.935141146477011631e+00 9.935127628205819406e+00 9.935083547111048574e+00 9.934931092215181891e+00 9.934328273490852013e+00 9.931576475666597403e+00 9.921190248055610894e+00 9.896848932079450378e+00 9.855165900109708943e+00 9.792889879196932768e+00
9.942136180642153320e+00 9.942129346216280084e+00 9.942107568583896438e+00 9.942037064086147069e+00 9.941798238985352754e+00 9.940902024290654282e+00 9.937222376948879443e+00 9.925144279618084653e+00 9.899287296206132680e+00 9.856609881093918446e+00 9.793730000262099722e+00
9.947989537696537710e+00 9.947979677372394747e+00 9.947948299518097670e+00 9.947847133117297957e+00 9.947508684696074965e+00 9.946282421371430260e+00 9.941654439213703398e+00 9.928112160683916443e+00 9.901079797954624340e+00 9.857662612581572503e+00 9.794340374759119783e+00
9.973438272946980376e+00 9.973360835582033346e+00 9.973122575922559463e+00 9.972414935289792837e+00 9.970452702616364959e+00 9.965595625323880213e+00 9.955254804338562025e+00 9.936383626003095770e+00 9.905901686638767245e+00 9.860457130556055105e+00 9.795951706531207392e+00
