1.871407914858168375e+00 1.371682376138541049e+00 8.717104002754000325e-01 3.717133101506279180e-01 -1.282863656842842537e-01 -6.282863227849061483e-01 -1.128286315167917220e+00 -1.628286313359142090e+00 -2.128286312846768613e+00 -2.628286312690703230e+00 -3.128286312641946676e+00
1.870785528697303857e+00 1.371617850929396143e+00 8.717038136129161563e-01 3.717126158766947408e-01 -1.282864463005531364e-01 -6.282863343839916181e-01 -1.128286317446458797e+00 -1.628286313940738861e+00 -2.128286313016791720e+00 -2.628286312743079556e+00 -3.128286312658370871e+00
1.868502755023926598e+00 1.371367877204203722e+00 8.716782899542289131e-01 3.717099864905495932e-01 -1.282867326339125758e-01 -6.282863704052932263e-01 -1.128286323384746881e+00 -1.628286315273324680e+00 -2.128286313383665362e+00 -2.628286312853642670e+00 -3.128286312692788673e+00
1.859522182431075255e+00 1.370224600615527200e+00 8.715583367893744438e-01 3.716977621261844389e-01 -1.282880085925825475e-01 -6.282865147279617091e-01 -1.128286343104287326e+00 -1.628286318917241626e+00 -2.128286314276778057e+00 -2.628286313110150374e+00 -3.128286312771311639e+00
1.825662251039276596e+00 1.364309527261253541e+00 8.708627884872969238e-01 3.716260256181557753e-01 -1.282953294640857000e-01 -6.282872872098762551e-01 -1.128286433051286286e+00 -1.628286331927746966e+00 -2.128286316847729065e+00 -2.628286313768822602e+00 -3.128286312964168925e+00
1.718913316507352240e+00 1.334582229293120870e+00 8.660773597695214931e-01 3.710827614764800608e-01 -1.283509435816386768e-01 -6.282929450778217406e-01 -1.128287026622493361e+00 -1.628286399981382582e+00 -2.128286326402777373e+00 -2.628286315593849398e+00 -3.128286313421638098e+00
1.458249156679229941e+00 1.217935617421920691e+00 8.342564316569449634e-01 3.660179791176277342e-01 -1.289235239492864948e-01 -6.283512917819135124e-01 -1.128292884539764840e+00 -1.628286989677119045e+00 -2.128286386570247490e+00 -2.628286321989008911e+00 -3.128286314180813932e+00
9.601535506492246963e-01 8.998359147792880375e-01 6.858234388644144364e-01 3.227692974118825386e-01 -1.362859596211089819e-01 -6.292109438326290993e-01 -1.128380950884239509e+00 -1.628295801846163071e+00 -2.128287262045586381e+00 -2.628286407644582212e+00 -3.128286322147311616e+00
1.674753839523353549e-01 2.735646055222569206e-01 2.617341571870526740e-01 1.035194657827170073e-01 -2.108489202125048700e-01 -6.442042339462774603e-01 -1.130308313935569853e+00 -1.628498222710409005e+00 -2.128307625203284648e+00 -2.628288445135881446e+00 -3.128286525883761104e+00
-9.692108716843660376e-01 -7.196501138322368707e-01 -5.576140204449726578e-01 -4.990736559806311923e-01 -5.710661371988947632e-01 -7.979602907748724050e-01 -1.171304557442111705e+00 -1.635068835903204176e+00 -2.129056842374918102e+00 -2.628364892539355235e+00 -3.128294187589526043e+00
-2.547306002523579416e+00 -2.143846939858139233e+00 -1.826339992579028682e+00 -1.592108348047685418e+00 -1.447383740228186388e+00 -1.410415829434708668e+00 -1.509341524832343850e+00 -1.765043074177531812e+00 -2.160076977825826638e+00 -2.632927552595451193e+00 -3.128796407495072707e+00
