4.501888392638657699e+00 4.501888392639336267e+00 4.501888392641480330e+00 4.501888392648261572e+00 4.501888392669704864e+00 4.501888392737515510e+00 4.501888392951951978e+00 4.501888393630058438e+00 4.501888395774418683e+00 4.501888402555480617e+00 4.501888423999083066e+00
4.641877783301714189e+00 4.641877783302386540e+00 4.641877783304511951e+00 4.641877783311235461e+00 4.641877783332494900e+00 4.641877783399722901e+00 4.641877783612318176e+00 4.641877784284602626e+00 4.641877786410551820e+00 4.641877793133393659e+00 4.641877814392886492e+00
4.781857973583143462e+00 4.781857973583810484e+00 4.781857973585920796e+00 4.781857973592594568e+00 4.781857973613698576e+00 4.781857973680435414e+00 4.781857973891477265e+00 4.781857974558846536e+00 4.781857976669257049e+00 4.781857983342958640e+00 4.781858004447056665e+00
4.921830903894279352e+00 4.921830903894942821e+00 4.921830903897039811e+00 4.921830903903671839e+00 4.921830903924645284e+00 4.921830903990967343e+00 4.921830904200694690e+00 4.921830904863913503e+00 4.921830906961194962e+00 4.921830913593382206e+00 4.921830934566196802e+00
5.061797660536933030e+00 5.061797660537592058e+00 5.061797660539678390e+00 5.061797660546275779e+00 5.061797660567138202e+00 5.061797660633108542e+00 5.061797660841727442e+00 5.061797661501436174e+00 5.061797663587619844e+00 5.061797670184712494e+00 5.061797691046550085e+00
5.201758602952200050e+00 5.201758602952856414e+00 5.201758602954933863e+00 5.201758602961501055e+00 5.201758602982269331e+00 5.201758603047943019e+00 5.201758603255623115e+00 5.201758603912365331e+00 5.201758605989166284e+00 5.201758612556586669e+00 5.201758633324594427e+00
5.341713412932906024e+00 5.341713412933560612e+00 5.341713412935629179e+00 5.341713412942171502e+00 5.341713412962860730e+00 5.341713413028283952e+00 5.341713413235170904e+00 5.341713413889404904e+00 5.341713415958275313e+00 5.341713422500618869e+00 5.341713443189322952e+00
5.481661071309613220e+00 5.481661071310265143e+00 5.481661071312327493e+00 5.481661071318848499e+00 5.481661071339470226e+00 5.481661071404682062e+00 5.481661071610899327e+00 5.481661072263016798e+00 5.481661074325193006e+00 5.481661080846365941e+00 5.481661101468125352e+00
5.621599760079155850e+00 5.621599760079805996e+00 5.621599760081863018e+00 5.621599760088366260e+00 5.621599760108931143e+00 5.621599760173965343e+00 5.621599760379618616e+00 5.621599761029953513e+00 5.621599763086491564e+00 5.621599769589836981e+00 5.621599790155220155e+00
5.761526680272358369e+00 5.761526680273007628e+00 5.761526680275059320e+00 5.761526680281547463e+00 5.761526680302066161e+00 5.761526680366950259e+00 5.761526680572131021e+00 5.761526681220971113e+00 5.761526683272783167e+00 5.761526689761182318e+00 5.761526710279300190e+00
5.901437767315457883e+00 5.901437767316105365e+00 5.901437767318153504e+00 5.901437767324629213e+00 5.901437767345107943e+00 5.901437767409867696e+00 5.901437767614655883e+00 5.901437768262252526e+00 5.901437770310132613e+00 5.901437776786098155e+00 5.901437797264898144e+00
