-2.212046623744127771e+01 -2.212046623744127771e+01 -2.212046623744127771e+01 -2.212046623744127771e+01 -2.212046623744127771e+01 -2.212046623744127771e+01 -2.212046623744127771e+01 -2.212046623744127771e+01 -2.212046623744127416e+01 -2.212046623744127416e+01 -2.212046623744126705e+01
-2.200350328518150889e+01 -2.200350328518150889e+01 -2.200350328518150889e+01 -2.200350328518150889e+01 -2.200350328518150889e+01 -2.200350328518150889e+01 -2.200350328518150889e+01 -2.200350328518150889e+01 -2.200350328518150889e+01 -2.200350328518150533e+01 -2.200350328518149823e+01
-2.188670755165801296e+01 -2.188670755165801296e+01 -2.188670755165801296e+01 -2.188670755165801296e+01 -2.188670755165801296e+01 -2.188670755165801296e+01 -2.188670755165801296e+01 -2.188670755165801296e+01 -2.188670755165801296e+01 -2.188670755165800941e+01 -2.188670755165800230e+01
-2.176983013421002866e+01 -2.176983013421002866e+01 -2.176983013421002866e+01 -2.176983013421002866e+01 -2.176983013421002866e+01 -2.176983013421002866e+01 -2.176983013421002866e+01 -2.176983013421002511e+01 -2.176983013421002511e+01 -2.176983013421002511e+01 -2.176983013421001800e+01
-2.165265604170064861e+01 -2.165265604170064861e+01 -2.165265604170064861e+01 -2.165265604170064861e+01 -2.165265604170064861e+01 -2.165265604170064861e+01 -2.165265604170064861e+01 -2.165265604170064861e+01 -2.165265604170064861e+01 -2.165265604170064506e+01 -2.165265604170063796e+01
-2.153499913440878899e+01 -2.153499913440878899e+01 -2.153499913440878899e+01 -2.153499913440878899e+01 -2.153499913440878899e+01 -2.153499913440878899e+01 -2.153499913440878899e+01 -2.153499913440878899e+01 -2.153499913440878899e+01 -2.153499913440878544e+01 -2.153499913440877833e+01
-2.141669880128539560e+01 -2.141669880128539560e+01 -2.141669880128539560e+01 -2.141669880128539560e+01 -2.141669880128539560e+01 -2.141669880128539560e+01 -2.141669880128539560e+01 -2.141669880128539560e+01 -2.141669880128539560e+01 -2.141669880128539205e+01 -2.141669880128538495e+01
-2.129761789112680859e+01 -2.129761789112680859e+01 -2.129761789112680859e+01 -2.129761789112680859e+01 -2.129761789112680859e+01 -2.129761789112680859e+01 -2.129761789112680859e+01 -2.129761789112680859e+01 -2.129761789112680503e+01 -2.129761789112680503e+01 -2.129761789112679793e+01
-2.117764149018908171e+01 -2.117764149018908171e+01 -2.117764149018908171e+01 -2.117764149018908171e+01 -2.117764149018908171e+01 -2.117764149018908171e+01 -2.117764149018908171e+01 -2.117764149018908171e+01 -2.117764149018908171e+01 -2.117764149018907816e+01 -2.117764149018907105e+01
-2.105667620054604683e+01 -2.105667620054604683e+01 -2.105667620054604683e+01 -2.105667620054604683e+01 -2.105667620054604683e+01 -2.105667620054604683e+01 -2.105667620054604683e+01 -2.105667620054604683e+01 -2.105667620054604683e+01 -2.105667620054604328e+01 -2.105667620054603617e+01
-2.093464962996921841e+01 -2.093464962996921841e+01 -2.093464962996921841e+01 -2.093464962996921841e+01 -2.093464962996921841e+01 -2.093464962996921841e+01 -2.093464962996921841e+01 -2.093464962996921841e+01 -2.093464962996921841e+01 -2.093464962996921486e+01 -2.093464962996920775e+01
