1.022970023605678414e+01 1.022980675372327042e+01 1.023014328443675502e+01 1.023120203505816761e+01 1.023445716203669065e+01 1.024386697768444954e+01 1.026846324194465865e+01 1.032300168383264882e+01 1.041783333537533096e+01 1.054043356597500392e+01 1.065491702133577689e+01
1.036489935727257539e+01 1.036500671906152782e+01 1.036534586373843858e+01 1.036641151519879678e+01 1.036966986450893558e+01 1.037900061030364540e+01 1.040307129077307380e+01 1.045548264993946930e+01 1.054465532489266444e+01 1.065696767419548685e+01 1.075693561848603430e+01
1.049852173195746019e+01 1.049863030855943968e+01 1.049897321697274144e+01 1.050004893670344863e+01 1.050331739891513116e+01 1.051258360817325688e+01 1.053614562726821191e+01 1.058642637245952223e+01 1.066987772965843284e+01 1.077166783323386490e+01 1.085650255382889107e+01
1.063013292003568111e+01 1.063024318179006045e+01 1.063059130938273000e+01 1.063168108739723294e+01 1.063496884306437096e+01 1.064418989037114827e+01 1.066726682305946206e+01 1.071541597085252029e+01 1.079306579564154234e+01 1.088403714048071080e+01 1.095301317860101697e+01
1.075922715303841848e+01 1.075933969436973037e+01 1.075969487521003742e+01 1.076080371702215821e+01 1.076412270325887732e+01 1.077332327108528887e+01 1.079594442680827271e+01 1.084195649714939158e+01 1.091368743845146483e+01 1.099345284822602942e+01 1.104572611645538949e+01
1.088523795731250665e+01 1.088535352385309452e+01 1.088571804996320580e+01 1.088685218004496669e+01 1.089021749040185405e+01 1.089942764486065840e+01 1.092162541449513213e+01 1.096547872863002837e+01 1.103110985643743014e+01 1.109916019477737059e+01 1.113377410108493315e+01
1.100755789588368927e+01 1.100767741421065615e+01 1.100805411996883976e+01 1.100922118687961060e+01 1.101265135477584600e+01 1.102190601172271123e+01 1.104371082754046540e+01 1.108535014909305261e+01 1.114460381830668823e+01 1.120028027673311044e+01 1.121620300801648540e+01
1.112556645316060511e+01 1.112569106334522040e+01 1.112608341400381917e+01 1.112729268645852621e+01 1.113080979488726463e+01 1.114014730984567159e+01 1.116157950327503379e+01 1.120089238448290736e+01 1.125335702735600307e+01 1.129583808778552623e+01 1.129204586520549647e+01
1.123866316238517982e+01 1.123879425393362119e+01 1.123920643777822370e+01 1.124046897879556184e+01 1.124409852501966611e+01 1.125355807750632664e+01 1.127461588459917330e+01 1.131140283672714375e+01 1.135649754577949189e+01 1.138481618663991135e+01 1.136043013972336269e+01
1.134630169815480727e+01 1.134644095026354726e+01 1.134687797402839138e+01 1.134820677608518835e+01 1.135197719162428243e+01 1.136159454141694347e+01 1.138223753233379476e+01 1.141617750402543585e+01 1.145312847912208376e+01 1.146623645560974580e+01 1.142070263624355597e+01
1.144802032857003660e+01 1.144816975574642548e+01 1.144863754192353156e+01 1.145004759691276774e+01 1.145398927172031023e+01 1.146379033578522488e+01 1.148391773670479843e+01 1.151453265076679067e+01 1.154237587600788828e+01 1.153926566150026467e+01 1.147254191681733282e+01
