1.005887897564492839e+01 1.014074164406187961e+01 1.009915646932043742e+01 9.906631013001588215e+00 9.561644724750005153e+00 9.111489985681014758e+00 8.620736511102860433e+00 8.121861444372045824e+00 7.621977834310149191e+00 7.121989529032837218e+00 6.621990702271497220e+00
1.005952394599428779e+01 1.014127193791185277e+01 1.009954428475318622e+01 9.906857499640494780e+00 9.561733779274046441e+00 9.111509530073261587e+00 8.620738856653238358e+00 8.121861595016266477e+00 7.621977818215755818e+00 7.121989517523836355e+00 6.621990697989979857e+00
1.006104581887336558e+01 1.014252304212892319e+01 1.010045898590599833e+01 9.907391414541987018e+00 9.561943535549364270e+00 9.111555515064321042e+00 8.620744370432829484e+00 8.121861948555402222e+00 7.621977780168625927e+00 7.121989490399194267e+00 6.621990687902867379e+00
1.006414319263546631e+01 1.014506856370579690e+01 1.010231893145006410e+01 9.908475873475042661e+00 9.562368805928114668e+00 9.111648534728393756e+00 8.620755502573638651e+00 8.121862659808886775e+00 7.621977702430617896e+00 7.121989435332976015e+00 6.621990667440579514e+00
1.006970737355943868e+01 1.014963876933062892e+01 1.010565446395760247e+01 9.910416645883707076e+00 9.563127277726124476e+00 9.111813726752554743e+00 8.620775201356691397e+00 8.121863909956868355e+00 7.621977561785994837e+00 7.121989336878749910e+00 6.621990630907879094e+00
1.007870963998881741e+01 1.015702570714940123e+01 1.011103538531669876e+01 9.913536514294650104e+00 9.564339514677319798e+00 9.112075850424405488e+00 8.620806271803040488e+00 8.121865859153400535e+00 7.621977331652773024e+00 7.121989178862325076e+00 6.621990572413034570e+00
1.009205828034900776e+01 1.016796257794452174e+01 1.011897838917828274e+01 9.918116787106972865e+00 9.566103336836423665e+00 9.112453041816781507e+00 8.620850572124908240e+00 8.121868587946972085e+00 7.621976984951694511e+00 7.121988947446389773e+00 6.621990487052697993e+00
1.011047305110066041e+01 1.018301720524293685e+01 1.012986468101707338e+01 9.924344946462664296e+00 9.568471071520209037e+00 9.112951450890934169e+00 8.620908350323229996e+00 8.121872051085668787e+00 7.621976497130422246e+00 7.121988633862044615e+00 6.621990371953220489e+00
1.013440863784060397e+01 1.020252650872964928e+01 1.014388894382676121e+01 9.932282546463230943e+00 9.571436511907133848e+00 9.113562640698098960e+00 8.620977983170693193e+00 8.121876064794189887e+00 7.621975849109709600e+00 7.121988236036337128e+00 6.621990226854929773e+00
1.016403379336945889e+01 1.022657817760146060e+01 1.016104529128531375e+01 9.941857925706562682e+00 9.574934190344883689e+00 9.114264476332971654e+00 8.621056209317183416e+00 8.121880334411477165e+00 7.621975030023945052e+00 7.121987758844653627e+00 6.621990054130543868e+00
1.019925450094268449e+01 1.025503016057569639e+01 1.018114362221810865e+01 9.952880099474457509e+00 9.578849418097767909e+00 9.115024951249374396e+00 8.621138750716431431e+00 8.121884512011209978e+00 7.621974039390275735e+00 7.121987213170725362e+00 6.621989858325370015e+00
