-1.090806512384138927e+01 -1.090790951500970962e+01 -1.090741780328857580e+01 -1.090586652805228240e+01 -1.090099711660523418e+01 -1.088594845134019451e+01 -1.084152674660520255e+01 -1.072509816212483891e+01 -1.048364217739297644e+01 -1.011282069720349419e+01 -9.663209026778455168e+00
-1.040542617480907239e+01 -1.040537716872754359e+01 -1.040522223427359449e+01 -1.040473265195271857e+01 -1.040318807893722131e+01 -1.039833955140134414e+01 -1.038335397253632308e+01 -1.033910628169431689e+01 -1.022305789600292414e+01 -9.982129845977976146e+00 -9.611716469720406053e+00
-9.976534776152716333e+00 -9.976516438832112144e+00 -9.976458456227808469e+00 -9.976275150063186103e+00 -9.975695993729187805e+00 -9.973869606965644508e+00 -9.968144099584639761e+00 -9.950519777985157077e+00 -9.899073606096797207e+00 -9.767691029514269374e+00 -9.506309232334942294e+00
-9.609490347715439640e+00 -9.609482396792818903e+00 -9.609457254725766617e+00 -9.609377758106409928e+00 -9.609126463446775901e+00 -9.608332755545546888e+00 -9.605832334763086067e+00 -9.598018740874838528e+00 -9.574196408284246118e+00 -9.506460421005987982e+00 -9.343097745819429534e+00
-9.293762416271858839e+00 -9.293758505187312835e+00 -9.293746137483823944e+00 -9.293707029689111110e+00 -9.293583383154720323e+00 -9.293192609996124176e+00 -9.291959185710529923e+00 -9.288081650777511911e+00 -9.276042799115913340e+00 -9.240030649065623436e+00 -9.142550530664083297e+00
-9.020075932260912310e+00 -9.020073788345399635e+00 -9.020067008758919869e+00 -9.020045570520522915e+00 -9.019977783821913064e+00 -9.019763493064209214e+00 -9.019086541213964026e+00 -9.016952749545948720e+00 -9.010273286613649901e+00 -8.989802685787221748e+00 -8.930770976425497665e+00
-8.780368886464962941e+00 -8.780367596534723873e+00 -8.780363517442355104e+00 -8.780350618471819857e+00 -8.780309830866590559e+00 -8.780180874337998986e+00 -8.779773329807621707e+00 -8.778487071997162161e+00 -8.774444458885396259e+00 -8.761902756249437374e+00 -8.724470154490227003e+00
-8.567768090551272309e+00 -8.567767249627003423e+00 -8.567764590401690583e+00 -8.567756181300048013e+00 -8.567729590457290101e+00 -8.567645513542389679e+00 -8.567379746061991597e+00 -8.566540384236121852e+00 -8.563896715134081461e+00 -8.555641059586253760e+00 -8.530521615841490046e+00
-8.376538232944827911e+00 -8.376537645521723974e+00 -8.376535787931992161e+00 -8.376529913769770630e+00 -8.376511338560678865e+00 -8.376452603819972254e+00 -8.376266920520844650e+00 -8.375680260298681290e+00 -8.373830276075111101e+00 -8.368031441527621794e+00 -8.350187451030565811e+00
-8.201988615101541313e+00 -8.201988179622327735e+00 -8.201986802519012798e+00 -8.201982447764700979e+00 -8.201968677109789496e+00 -8.201925133348771269e+00 -8.201787464611216549e+00 -8.201352404817814801e+00 -8.199979486190640543e+00 -8.195666280878704413e+00 -8.182301986570688968e+00
-8.040345980652386260e+00 -8.040345640897038848e+00 -8.040344566498045964e+00 -8.040341168967605867e+00 -8.040330425207912413e+00 -8.040296452205698330e+00 -8.040189037626200630e+00 -8.039849537636538201e+00 -8.038777687688440921e+00 -8.035405505776511248e+00 -8.024910852347526102e+00
