8.901412017592782888e+00 8.901412017592782888e+00 8.901412017592782888e+00 8.901412017592782888e+00 8.901412017592782888e+00 8.901412017592782888e+00 8.901412017592782888e+00 8.901412017592784665e+00 8.901412017592786441e+00 8.901412017592795323e+00 8.901412017592823744e+00
8.999494767616623037e+00 8.999494767616623037e+00 8.999494767616623037e+00 8.999494767616623037e+00 8.999494767616623037e+00 8.999494767616623037e+00 8.999494767616623037e+00 8.999494767616624813e+00 8.999494767616628366e+00 8.999494767616637247e+00 8.999494767616665669e+00
9.091134003942574537e+00 9.091134003942574537e+00 9.091134003942574537e+00 9.091134003942574537e+00 9.091134003942574537e+00 9.091134003942574537e+00 9.091134003942574537e+00 9.091134003942576314e+00 9.091134003942579866e+00 9.091134003942588748e+00 9.091134003942620723e+00
9.176163009591682851e+00 9.176163009591682851e+00 9.176163009591682851e+00 9.176163009591682851e+00 9.176163009591682851e+00 9.176163009591682851e+00 9.176163009591682851e+00 9.176163009591684627e+00 9.176163009591688180e+00 9.176163009591698838e+00 9.176163009591732589e+00
9.254536832165236149e+00 9.254536832165236149e+00 9.254536832165236149e+00 9.254536832165236149e+00 9.254536832165236149e+00 9.254536832165236149e+00 9.254536832165236149e+00 9.254536832165237925e+00 9.254536832165241478e+00 9.254536832165252136e+00 9.254536832165289439e+00
9.326322708408881113e+00 9.326322708408881113e+00 9.326322708408881113e+00 9.326322708408881113e+00 9.326322708408881113e+00 9.326322708408881113e+00 9.326322708408882889e+00 9.326322708408882889e+00 9.326322708408888218e+00 9.326322708408900652e+00 9.326322708408941509e+00
9.391685124507899829e+00 9.391685124507899829e+00 9.391685124507899829e+00 9.391685124507899829e+00 9.391685124507899829e+00 9.391685124507899829e+00 9.391685124507899829e+00 9.391685124507901605e+00 9.391685124507906934e+00 9.391685124507921145e+00 9.391685124507965554e+00
9.450867939841318233e+00 9.450867939841318233e+00 9.450867939841318233e+00 9.450867939841318233e+00 9.450867939841318233e+00 9.450867939841318233e+00 9.450867939841320009e+00 9.450867939841320009e+00 9.450867939841325338e+00 9.450867939841341325e+00 9.450867939841391063e+00
9.504175676725166610e+00 9.504175676725166610e+00 9.504175676725166610e+00 9.504175676725166610e+00 9.504175676725166610e+00 9.504175676725166610e+00 9.504175676725168387e+00 9.504175676725170163e+00 9.504175676725175492e+00 9.504175676725191479e+00 9.504175676725246547e+00
9.551955569403896007e+00 9.551955569403896007e+00 9.551955569403896007e+00 9.551955569403896007e+00 9.551955569403896007e+00 9.551955569403896007e+00 9.551955569403897783e+00 9.551955569403899560e+00 9.551955569403904889e+00 9.551955569403924429e+00 9.551955569403983048e+00
9.594581424204552178e+00 9.594581424204552178e+00 9.594581424204552178e+00 9.594581424204552178e+00 9.594581424204552178e+00 9.594581424204552178e+00 9.594581424204553954e+00 9.594581424204555731e+00 9.594581424204562836e+00 9.594581424204582376e+00 9.594581424204644549e+00
