8.045040360907941945e+00 8.045039863549968473e+00 8.045038290772769329e+00 8.045033317282699770e+00 8.045017590408718888e+00 8.044967864529484203e+00 8.044810687300694596e+00 8.044314383868526264e+00 8.042753361992508232e+00 8.037928103302167671e+00 8.024085392119726379e+00
8.046822608306865021e+00 8.046822079760042712e+00 8.046820408359295129e+00 8.046815123036651585e+00 8.046798410486299957e+00 8.046745571877792713e+00 8.046578594017811170e+00 8.046051729585588674e+00 8.044398487959822930e+00 8.039326339403970678e+00 8.025034097917997045e+00
8.048214893839894302e+00 8.048214336968579019e+00 8.048212576002612195e+00 8.048207007496833043e+00 8.048189399912505593e+00 8.048133735660140786e+00 8.047957869499983374e+00 8.047403373776532476e+00 8.045667605338682193e+00 8.040382055017321505e+00 8.025731021134598464e+00
8.049298009990650371e+00 8.049297427609111821e+00 8.049295585977827017e+00 8.049289762436874440e+00 8.049271348870224330e+00 8.049213140979869507e+00 8.049029282293245657e+00 8.048450027562944697e+00 8.046641185239936434e+00 8.041173975218772085e+00 8.026241217429232577e+00
8.050137360005667375e+00 8.050136754816387352e+00 8.050134841066141078e+00 8.050128789519471084e+00 8.050109655480220283e+00 8.050049174707876176e+00 8.049858183198052686e+00 8.049256922596333297e+00 8.047384022323150532e+00 8.041764480783267999e+00 8.026613713112046966e+00
8.050785486763569310e+00 8.050784861313770691e+00 8.050782883499881137e+00 8.050776629423683772e+00 8.050756855504962672e+00 8.050694357011717983e+00 8.050497042591375774e+00 8.049876366899356483e+00 8.047947850553633486e+00 8.042202448901912604e+00 8.026885111985308185e+00
8.051284308049575955e+00 8.051283664703445808e+00 8.051281630302403514e+00 8.051275197342011580e+00 8.051254858342884901e+00 8.051190578923511865e+00 8.050987692984850952e+00 8.050350003330676074e+00 8.048373652446006332e+00 8.042525763224213975e+00 8.027082541708622898e+00
8.051667052874503128e+00 8.051666393798338817e+00 8.051664309660786500e+00 8.051657719482035347e+00 8.051636883937897338e+00 8.051571040540064672e+00 8.051363271314214032e+00 8.050710764867504921e+00 8.048693655189362417e+00 8.042763484119069162e+00 8.027225991776189673e+00
8.051959910085763283e+00 8.051959237243188738e+00 8.051957109578843585e+00 8.051950381820432767e+00 8.051929111852803800e+00 8.051861901106688535e+00 8.051649872221567250e+00 8.050984538010617086e+00 8.048933025326357793e+00 8.042937688615111824e+00 8.027330127164905349e+00
8.052183411192768148e+00 8.052182726347515640e+00 8.052180560733939174e+00 8.052173713035220004e+00 8.052152064440084800e+00 8.052083662942349562e+00 8.051867934365779078e+00 8.051191556603351174e+00 8.049111285398685922e+00 8.043065000983130375e+00 8.027405670923975833e+00
8.052880485872242033e+00 8.052879726992445697e+00 8.052877327526044127e+00 8.052869742906652917e+00 8.052845788170936103e+00 8.052770301969154332e+00 8.052533767928968800e+00 8.051802455920494594e+00 8.049607784048056658e+00 8.043404345385605225e+00 8.027604229789472967e+00
