9.784283482202342341e+00 9.784283482202635440e+00 9.784283482203564475e+00 9.784283482206500793e+00 9.784283482215785810e+00 9.784283482245145436e+00 9.784283482337992055e+00 9.784283482631595419e+00 9.784283483560052730e+00 9.784283486496089921e+00 9.784283495780654150e+00
9.687580962705972354e+00 9.687580962706249466e+00 9.687580962707125209e+00 9.687580962709894550e+00 9.687580962718653765e+00 9.687580962746348945e+00 9.687580962833932219e+00 9.687580963110891119e+00 9.687580963986713201e+00 9.687580966756305756e+00 9.687580975514524795e+00
9.586083916723808329e+00 9.586083916724071230e+00 9.586083916724904341e+00 9.586083916727536902e+00 9.586083916735862687e+00 9.586083916762188295e+00 9.586083916845442587e+00 9.586083917108712882e+00 9.586083917941245147e+00 9.586083920573948092e+00 9.586083928899281403e+00
9.480186655439673871e+00 9.480186655439926113e+00 9.480186655440721921e+00 9.480186655443244348e+00 9.480186655451214861e+00 9.480186655476423141e+00 9.480186655556138930e+00 9.480186655808219953e+00 9.480186656605372519e+00 9.480186659126188076e+00 9.480186667097710185e+00
9.370333751122100097e+00 9.370333751122343457e+00 9.370333751123112620e+00 9.370333751125542676e+00 9.370333751133225419e+00 9.370333751157524205e+00 9.370333751234364073e+00 9.370333751477350148e+00 9.370333752245741721e+00 9.370333754675606031e+00 9.370333762359514651e+00
9.256998731815590631e+00 9.256998731815826886e+00 9.256998731816571180e+00 9.256998731818928405e+00 9.256998731826378446e+00 9.256998731849941819e+00 9.256998731924451107e+00 9.256998732160074184e+00 9.256998732905177718e+00 9.256998735261403155e+00 9.256998742712440276e+00
9.140661682124788356e+00 9.140661682125017506e+00 9.140661682125744036e+00 9.140661682128040866e+00 9.140661682135302613e+00 9.140661682158270906e+00 9.140661682230897256e+00 9.140661682460567761e+00 9.140661683186845465e+00 9.140661685483538079e+00 9.140661692746320455e+00
9.021788299132555977e+00 9.021788299132779798e+00 9.021788299133490341e+00 9.021788299135739209e+00 9.021788299142849965e+00 9.021788299165335090e+00 9.021788299236437325e+00 9.021788299461283245e+00 9.021788300172310926e+00 9.021788302420773675e+00 9.021788309531041605e+00
8.900812609175885015e+00 8.900812609176107060e+00 8.900812609176805168e+00 8.900812609179014956e+00 8.900812609185999591e+00 8.900812609208090365e+00 8.900812609277949150e+00 8.900812609498858663e+00 8.900812610197439412e+00 8.900812612406545199e+00 8.900812619392347358e+00
8.778124737763533858e+00 8.778124737763750574e+00 8.778124737764439800e+00 8.778124737766615837e+00 8.778124737773499220e+00 8.778124737795264920e+00 8.778124737864091642e+00 8.778124738081745093e+00 8.778124738770024749e+00 8.778124740946553928e+00 8.778124747829343377e+00
8.654064139676906464e+00 8.654064139677121403e+00 8.654064139677799972e+00 8.654064139679949363e+00 8.654064139686745705e+00 8.654064139708236070e+00 8.654064139776192377e+00 8.654064139991087146e+00 8.654064140670650218e+00 8.654064142819617445e+00 8.654064149615244617e+00
