7.117093755977919045e+00 7.118353976338211986e+00 7.122314962267857652e+00 7.134599829471254040e+00 7.171082936257786145e+00 7.265759837265195920e+00 7.451046222326732860e+00 7.711798236418429653e+00 7.991940539417881517e+00 8.240380982732395054e+00 8.425783058007590753e+00
6.988413438005076195e+00 6.989665464238779435e+00 6.993600922081486537e+00 7.005810210866419752e+00 7.042136915044805434e+00 7.137223681523001240e+00 7.325652548728019298e+00 7.592858676069545787e+00 7.881816671236897776e+00 8.140511550233037852e+00 8.337506279851670143e+00
6.859716585832966729e+00 6.860959210239210293e+00 6.864865344245940193e+00 6.876986898854566377e+00 6.913108824943654085e+00 7.008378519252837613e+00 7.199590799167758348e+00 7.472922920619255116e+00 7.770416277283485051e+00 8.039142059162056597e+00 8.247469105897046404e+00
6.731002919054936307e+00 6.732234753729568588e+00 6.736107209049571942e+00 6.748127305322260128e+00 6.783994670408776351e+00 6.879220619898291922e+00 7.072819259352594479e+00 7.351933757840002137e+00 7.657676223777143854e+00 7.936214832884218140e+00 8.155638944447852978e+00
6.602270730055382231e+00 6.603490187623094698e+00 6.607323988374813162e+00 6.619227104590853727e+00 6.654787434664450885e+00 6.749744573263114944e+00 6.945291014325371215e+00 7.229824821231258802e+00 7.543523412670970707e+00 7.831660140214310672e+00 8.061968252357294418e+00
6.473516739343859960e+00 6.474722012293357309e+00 6.478511495486111826e+00 6.490280078443211309e+00 6.525476977427892677e+00 6.619941758664233511e+00 6.816954004351874374e+00 7.106518796320183462e+00 7.427872858593572936e+00 7.725394514806339430e+00 7.966393038635988688e+00
6.344735814239726324e+00 6.345924853473033700e+00 6.349663600572418964e+00 6.361277829937138861e+00 6.396049818486080341e+00 6.489798660647344342e+00 6.687751224808960337e+00 6.981925352132632767e+00 7.310625307579964094e+00 7.617318607106106754e+00 7.868830903090899831e+00
6.215920525090605331e+00 6.217091018541084146e+00 6.220771787251213603e+00 6.232209344034436604e+00 6.266488779271042198e+00 6.359295257429270265e+00 6.557620948957903373e+00 6.855938805254047530e+00 7.191664519297677138e+00 7.507314501547078578e+00 7.769178552379544911e+00
6.087060501176671856e+00 6.088209853671541438e+00 6.091824513524898954e+00 6.103060361992940663e+00 6.136772451984005450e+00 6.228403614087647533e+00 6.426496712485158191e+00 6.728435539634546103e+00 7.070853549800931503e+00 7.395242410055326232e+00 7.667308689630763396e+00
5.958141529047250806e+00 5.959266845011343072e+00 5.962806321686562327e+00 5.973812518390193560e+00 6.006874455018179404e+00 6.097086693483116271e+00 6.294306681583845098e+00 6.599271232805461906e+00 6.948031145491696314e+00 7.280936627353870705e+00 7.563066156892630509e+00
5.829144314159784734e+00 5.830242385277576211e+00 5.833696620207838635e+00 5.844442169114928198e+00 5.876762418360597096e+00 5.965297304700430736e+00 6.160972022119882041e+00 6.468277979877973038e+00 6.823006456804258768e+00 7.164200602525930606e+00 7.456263174070965505e+00
