1.255123331946984777e+01 1.227167204390277000e+01 1.192988208546166895e+01 1.152978236876299789e+01 1.108350928882640751e+01 1.060778324791152905e+01 1.011716664804916022e+01 9.620422782241217163e+00 9.121490339468905972e+00 8.621832183996181342e+00 8.121940728593600056e+00
1.255145859427272192e+01 1.227174259273428092e+01 1.192988917258244008e+01 1.152977293227932343e+01 1.108350108237712206e+01 1.060777914395933585e+01 1.011716505581937930e+01 9.620422236684859740e+00 9.121490162026383075e+00 8.621832127361583886e+00 8.121940710630866533e+00
1.255161212103520363e+01 1.227178629840106083e+01 1.192988929552317501e+01 1.152976317764010261e+01 1.108349371209421363e+01 1.060777558527318476e+01 1.011716369159552187e+01 9.620421771206048689e+00 9.121490010841680984e+00 8.621832079129706727e+00 8.121940695335437610e+00
1.255171505382987895e+01 1.227181164692736282e+01 1.192988511650211692e+01 1.152975362625780598e+01 1.108348715952207186e+01 1.060777250872416921e+01 1.011716252390873372e+01 9.620421374194132014e+00 9.121489882048365416e+00 8.621832038057183567e+00 8.121940682312013493e+00
1.255178253866148808e+01 1.227182462986033862e+01 1.192987845474314845e+01 1.152974459156639320e+01 1.108348137980451398e+01 1.060776985562487873e+01 1.011716152529633561e+01 9.620421035682046096e+00 9.121489772344030911e+00 8.621832003083717666e+00 8.121940671223669028e+00
1.255182538269230896e+01 1.227182945198649300e+01 1.192987053448917578e+01 1.152973624579204603e+01 1.108347631362243035e+01 1.060776757242876833e+01 1.011716067189147239e+01 9.620420747124878602e+00 9.121489678909492582e+00 8.621831973305374319e+00 8.121940661783284554e+00
1.255185126768856030e+01 1.227182904238960681e+01 1.192986216259799193e+01 1.152972866696436682e+01 1.108347189515727749e+01 1.060776561095235948e+01 1.011715994302291222e+01 9.620420501205016350e+00 9.121489599339142273e+00 8.621831947951710262e+00 8.121940653746232641e+00
1.255186562968183495e+01 1.227182542262046638e+01 1.192985385530889886e+01 1.152972187179420160e+01 1.108346805727365236e+01 1.060776392829344594e+01 1.011715932083737535e+01 9.620420291661703871e+00 9.121489531581046251e+00 8.621831926366194665e+00 8.121940646904119987e+00
1.255187229517783898e+01 1.227181997131273050e+01 1.192984592840232771e+01 1.152971583847645043e+01 1.108346473477229921e+01 1.060776248656472021e+01 1.011715878995120477e+01 9.620420113142596819e+00 9.121489473885503685e+00 8.621831907989454535e+00 8.121940641079437029e+00
1.255187394034253145e+01 1.227181361391249581e+01 1.192983856105455764e+01 1.152971052233877636e+01 1.108346186631858110e+01 1.060776125252430191e+01 1.011715833713436297e+01 9.620419961075002746e+00 9.121489424760927278e+00 8.621831892344975046e+00 8.121940636121003365e+00
1.255187242177762563e+01 1.227180695835655122e+01 1.192983184083520953e+01 1.152970586643357365e+01 1.108345939547434789e+01 1.060776019715764384e+01 1.011715795102729487e+01 9.620419831554489321e+00 9.121489382936072587e+00 8.621831879026869316e+00 8.121940631900070429e+00
