1.337701315073412189e+01 1.336989558076105489e+01 1.335569787367828098e+01 1.333212465348147191e+01 1.329641685275807461e+01 1.324501345129914220e+01 1.317338796991674421e+01 1.307586995524918017e+01 1.294544973756554995e+01 1.277378837066814832e+01 1.255187242177762563e+01
1.337992149117072493e+01 1.337189359156247548e+01 1.335694766059484984e+01 1.333286855561125606e+01 1.329684645098975437e+01 1.324525438939269328e+01 1.317351733426582960e+01 1.307593404669409942e+01 1.294547641796502724e+01 1.277379469023811609e+01 1.255186901433030933e+01
1.338217178408356389e+01 1.337338408490944630e+01 1.335786184296736323e+01 1.333340695776517748e+01 1.329715489212101964e+01 1.324542569901772637e+01 1.317360783958430837e+01 1.307597745243940679e+01 1.294549299904133122e+01 1.277379687660319263e+01 1.255186458171170649e+01
1.338388810924470285e+01 1.337448687395806957e+01 1.335852768579042227e+01 1.333379555025541663e+01 1.329737571703640064e+01 1.324554698139037789e+01 1.317367065386807568e+01 1.307600631788606727e+01 1.294550267128240684e+01 1.277379642429954920e+01 1.255185969862772488e+01
1.338518125802840508e+01 1.337529749439025117e+01 1.335901095628922697e+01 1.333407528931911479e+01 1.329753332273764421e+01 1.324563240642445194e+01 1.317371380764194555e+01 1.307602503102975788e+01 1.294550768597273738e+01 1.277379436327042583e+01 1.255185473797236995e+01
1.338614579020483575e+01 1.337589027358689187e+01 1.335936067605748612e+01 1.333427614698670638e+01 1.329764541011376267e+01 1.324569219886438809e+01 1.317374306345592849e+01 1.307603671517209420e+01 1.294550962264487204e+01 1.277379139466629354e+01 1.255184993288629691e+01
1.338685938967596556e+01 1.337632196008274654e+01 1.335961308453607721e+01 1.333441997474190011e+01 1.329772479476530833e+01 1.324573372354913126e+01 1.317376254694669591e+01 1.307604358511877862e+01 1.294550958168358079e+01 1.277378798810203975e+01 1.255184542076360188e+01
1.338738393738084120e+01 1.337663526862587915e+01 1.335979480711162104e+01 1.333452265728230479e+01 1.329778073825385754e+01 1.324576227563625963e+01 1.317377520409244873e+01 1.307604720434695622e+01 1.294550832281223052e+01 1.277378445114197270e+01 1.255184127431860119e+01
1.338776754757824961e+01 1.337686200920813029e+01 1.335992531506253300e+01 1.333459571487619577e+01 1.329781992232116927e+01 1.324578165472078339e+01 1.317378313206849505e+01 1.307604867043284536e+01 1.294550636449504211e+01 1.277378097880133723e+01 1.255183752339729786e+01
1.338804694144995366e+01 1.337702568266055003e+01 1.336001879756513233e+01 1.333464748623183560e+01 1.329784715942746054e+01 1.324579458122047093e+01 1.317378781834499968e+01 1.307604874857143074e+01 1.294550405514468849e+01 1.277377768869091668e+01 1.255183417018620240e+01
1.338824975287831975e+01 1.337714354776599812e+01 1.336008556619273335e+01 1.333468399678415039e+01 1.329786590966386228e+01 1.324580299793164428e+01 1.317379031326881211e+01 1.307604796757775212e+01 1.294550162401486482e+01 1.277377464586513689e+01 1.255183119972550010e+01
