1.158224536668871707e+01 1.158224536756183731e+01 1.158224537031945367e+01 1.158224537900549755e+01 1.158224540613007214e+01 1.158224548847347535e+01 1.158224571451554930e+01 1.158224608493325114e+01 1.158224379186489728e+01 1.158220197048507139e+01 1.158177671242114926e+01
1.157859598107710042e+01 1.157859598479570984e+01 1.157859599655255778e+01 1.157859603370671309e+01 1.157859615095582839e+01 1.157859651930275291e+01 1.157859765981591949e+01 1.157860102254352164e+01 1.157860919379696263e+01 1.157861004409830130e+01 1.157838280793901475e+01
1.157438015308572155e+01 1.157438015876392967e+01 1.157438017671831432e+01 1.157438023347819112e+01 1.157438041279995744e+01 1.157438097817720468e+01 1.157438274915420884e+01 1.157438817973441303e+01 1.157440363471684641e+01 1.157443487383346969e+01 1.157436111258172495e+01
1.156952102607378841e+01 1.156952103299622969e+01 1.156952105488575455e+01 1.156952112409495825e+01 1.156952134283814537e+01 1.156952203340897611e+01 1.156952420561006889e+01 1.156953095842841606e+01 1.156955113409192926e+01 1.156960274822652757e+01 1.156964122763924685e+01
1.156393228111867977e+01 1.156393228872412315e+01 1.156393231277386668e+01 1.156393238881803676e+01 1.156393262921280041e+01 1.156393338862728015e+01 1.156393578228980523e+01 1.156394327317785020e+01 1.156396616486943962e+01 1.156403028209052941e+01 1.156414564224437136e+01
1.155751715176992001e+01 1.155751715963156201e+01 1.155751718449174348e+01 1.155751726310133520e+01 1.155751751163466778e+01 1.155751829704560762e+01 1.155752077552056534e+01 1.155752856077574364e+01 1.155755264864377274e+01 1.155762329159523283e+01 1.155778701523905738e+01
1.155016740544115805e+01 1.155016741324578078e+01 1.155016743792582368e+01 1.155016751596753899e+01 1.155016776272281120e+01 1.155016854268831494e+01 1.155017100571891220e+01 1.155017875997794974e+01 1.155020293089766881e+01 1.155027571861662317e+01 1.155046600780520549e+01
1.154176230673911085e+01 1.154176231426672317e+01 1.154176233807089780e+01 1.154176241334407216e+01 1.154176265135635404e+01 1.154176340379322951e+01 1.154176578096391559e+01 1.154177327570122991e+01 1.154179674765559938e+01 1.154186859359767148e+01 1.154206958163522501e+01
1.153216758310525769e+01 1.153216759021033155e+01 1.153216761267840340e+01 1.153216768372723777e+01 1.153216790838888173e+01 1.153216861868638254e+01 1.153217086339236808e+01 1.153217794719467548e+01 1.153220020039258564e+01 1.153226903444961771e+01 1.153246972023684513e+01
1.152123441812950055e+01 1.152123442472439585e+01 1.152123444557919640e+01 1.152123451152693612e+01 1.152123472006268834e+01 1.152123537941750442e+01 1.152123746354796907e+01 1.152124404478396613e+01 1.152126476166134061e+01 1.152132928942549128e+01 1.152152245424468546e+01
1.150879850832580864e+01 1.150879851436665646e+01 1.150879853346943094e+01 1.150879859387711690e+01 1.150879878489704922e+01 1.150879938889567100e+01 1.150880129831187837e+01 1.150880733044188453e+01 1.150882634525238757e+01 1.150888584849805341e+01 1.150906709232921976e+01
