-3.967028063985392805e+01 -4.017027985697725256e+01 -4.067027960940951203e+01 -4.117027953112167893e+01 -4.167027950636489209e+01 -4.217027949853610380e+01 -4.267027949606042370e+01 -4.317027949527754771e+01 -4.367027949502998041e+01 -4.417027949495169281e+01 -4.467027949492693750e+01
-3.967028063984137276e+01 -4.017027985697327352e+01 -4.067027960940825437e+01 -4.117027953112128102e+01 -4.167027950636476419e+01 -4.217027949853606827e+01 -4.267027949606041659e+01 -4.317027949527754060e+01 -4.367027949502998041e+01 -4.417027949495169281e+01 -4.467027949492693750e+01
-3.967028063982680663e+01 -4.017027985696865500e+01 -4.067027960940679066e+01 -4.117027953112081917e+01 -4.167027950636461497e+01 -4.217027949853601854e+01 -4.267027949606040238e+01 -4.317027949527754060e+01 -4.367027949502998041e+01 -4.417027949495169281e+01 -4.467027949492693750e+01
-3.967028063980993124e+01 -4.017027985696329750e+01 -4.067027960940509956e+01 -4.117027953112028626e+01 -4.167027950636445155e+01 -4.217027949853596880e+01 -4.267027949606038106e+01 -4.317027949527753350e+01 -4.367027949502997330e+01 -4.417027949495169281e+01 -4.467027949492693750e+01
-3.967028063979039132e+01 -4.017027985695709447e+01 -4.067027960940313136e+01 -4.117027953111966099e+01 -4.167027950636425260e+01 -4.217027949853590485e+01 -4.267027949606035975e+01 -4.317027949527752639e+01 -4.367027949502997330e+01 -4.417027949495169281e+01 -4.467027949492693750e+01
-3.967028063976773922e+01 -4.017027985694990377e+01 -4.067027960940085762e+01 -4.117027953111894334e+01 -4.167027950636402522e+01 -4.217027949853583380e+01 -4.267027949606033843e+01 -4.317027949527751929e+01 -4.367027949502997330e+01 -4.417027949495169281e+01 -4.467027949492693750e+01
-3.967028063974149177e+01 -4.017027985694156200e+01 -4.067027960939821440e+01 -4.117027953111810490e+01 -4.167027950636376232e+01 -4.217027949853574853e+01 -4.267027949606031001e+01 -4.317027949527751218e+01 -4.367027949502996620e+01 -4.417027949495168571e+01 -4.467027949492693750e+01
-3.967028063971108054e+01 -4.017027985693189152e+01 -4.067027960939515197e+01 -4.117027953111713856e+01 -4.167027950636345679e+01 -4.217027949853564905e+01 -4.267027949606028159e+01 -4.317027949527750508e+01 -4.367027949502996620e+01 -4.417027949495168571e+01 -4.467027949492693750e+01
-3.967028063967584472e+01 -4.017027985692067205e+01 -4.067027960939159215e+01 -4.117027953111600880e+01 -4.167027950636309441e+01 -4.217027949853553537e+01 -4.267027949606024606e+01 -4.317027949527749087e+01 -4.367027949502995909e+01 -4.417027949495168571e+01 -4.467027949492693040e+01
-3.967028063963500273e+01 -4.017027985690765490e+01 -4.067027960938746389e+01 -4.117027953111470850e+01 -4.167027950636268230e+01 -4.217027949853540747e+01 -4.267027949606020343e+01 -4.317027949527747666e+01 -4.367027949502995909e+01 -4.417027949495168571e+01 -4.467027949492693040e+01
-3.967028063958775164e+01 -4.017027985689257719e+01 -4.067027960938268194e+01 -4.117027953111319505e+01 -4.167027950636220623e+01 -4.217027949853525826e+01 -4.267027949606016080e+01 -4.317027949527746244e+01 -4.367027949502995199e+01 -4.417027949495168571e+01 -4.467027949492693040e+01
