-1.676639505624822135e+01 -1.676639505624822135e+01 -1.676639505624822135e+01 -1.676639505624822135e+01 -1.676639505624822135e+01 -1.676639505624822135e+01 -1.676639505624822135e+01 -1.676639505624822135e+01 -1.676639505624822135e+01 -1.676639505624822135e+01 -1.676639505624822135e+01
-1.684868484365223296e+01 -1.684868484365223296e+01 -1.684868484365223296e+01 -1.684868484365223296e+01 -1.684868484365223296e+01 -1.684868484365223296e+01 -1.684868484365223296e+01 -1.684868484365223296e+01 -1.684868484365223296e+01 -1.684868484365223296e+01 -1.684868484365223296e+01
-1.693767090827862276e+01 -1.693767090827862276e+01 -1.693767090827862276e+01 -1.693767090827862276e+01 -1.693767090827862276e+01 -1.693767090827862276e+01 -1.693767090827862276e+01 -1.693767090827862276e+01 -1.693767090827862276e+01 -1.693767090827862276e+01 -1.693767090827862276e+01
-1.703294857985707011e+01 -1.703294857985707011e+01 -1.703294857985707011e+01 -1.703294857985707011e+01 -1.703294857985707011e+01 -1.703294857985707011e+01 -1.703294857985707011e+01 -1.703294857985707011e+01 -1.703294857985707011e+01 -1.703294857985707011e+01 -1.703294857985707011e+01
-1.713399162394046371e+01 -1.713399162394046371e+01 -1.713399162394046371e+01 -1.713399162394046371e+01 -1.713399162394046371e+01 -1.713399162394046371e+01 -1.713399162394046371e+01 -1.713399162394046371e+01 -1.713399162394046371e+01 -1.713399162394046371e+01 -1.713399162394046371e+01
-1.724018684667278833e+01 -1.724018684667278833e+01 -1.724018684667278833e+01 -1.724018684667278833e+01 -1.724018684667278833e+01 -1.724018684667278833e+01 -1.724018684667278833e+01 -1.724018684667278833e+01 -1.724018684667278833e+01 -1.724018684667278833e+01 -1.724018684667278833e+01
-1.735087613332227718e+01 -1.735087613332227718e+01 -1.735087613332227718e+01 -1.735087613332227718e+01 -1.735087613332227718e+01 -1.735087613332227718e+01 -1.735087613332227718e+01 -1.735087613332227718e+01 -1.735087613332227718e+01 -1.735087613332227718e+01 -1.735087613332227718e+01
-1.746539686842703887e+01 -1.746539686842703887e+01 -1.746539686842703887e+01 -1.746539686842703887e+01 -1.746539686842703887e+01 -1.746539686842703887e+01 -1.746539686842703887e+01 -1.746539686842703887e+01 -1.746539686842703887e+01 -1.746539686842703887e+01 -1.746539686842703887e+01
-1.758311820375903523e+01 -1.758311820375903523e+01 -1.758311820375903523e+01 -1.758311820375903523e+01 -1.758311820375903523e+01 -1.758311820375903523e+01 -1.758311820375903523e+01 -1.758311820375903523e+01 -1.758311820375903523e+01 -1.758311820375903523e+01 -1.758311820375903523e+01
-1.770346694415788491e+01 -1.770346694415788491e+01 -1.770346694415788491e+01 -1.770346694415788491e+01 -1.770346694415788491e+01 -1.770346694415788491e+01 -1.770346694415788491e+01 -1.770346694415788491e+01 -1.770346694415788491e+01 -1.770346694415788491e+01 -1.770346694415788491e+01
-1.782594416644612423e+01 -1.782594416644612423e+01 -1.782594416644612423e+01 -1.782594416644612423e+01 -1.782594416644612423e+01 -1.782594416644612423e+01 -1.782594416644612423e+01 -1.782594416644612423e+01 -1.782594416644612423e+01 -1.782594416644612423e+01 -1.782594416644612423e+01
