-1.782594416644612423e+01 -1.782594416644612423e+01 -1.782594416644612423e+01 -1.782594416644612423e+01 -1.782594416644612423e+01 -1.782594416644612423e+01 -1.782594416644612423e+01 -1.782594416644612423e+01 -1.782594416644612423e+01 -1.782594416644612423e+01 -1.782594416644612423e+01
-1.795013075829925953e+01 -1.795013075829925953e+01 -1.795013075829925953e+01 -1.795013075829925953e+01 -1.795013075829925953e+01 -1.795013075829925953e+01 -1.795013075829925953e+01 -1.795013075829925953e+01 -1.795013075829925953e+01 -1.795013075829925953e+01 -1.795013075829925953e+01
-1.807568585306318099e+01 -1.807568585306318099e+01 -1.807568585306318099e+01 -1.807568585306318099e+01 -1.807568585306318099e+01 -1.807568585306318099e+01 -1.807568585306318099e+01 -1.807568585306318099e+01 -1.807568585306318099e+01 -1.807568585306318099e+01 -1.807568585306318099e+01
-1.820234112331133502e+01 -1.820234112331133502e+01 -1.820234112331133502e+01 -1.820234112331133502e+01 -1.820234112331133502e+01 -1.820234112331133502e+01 -1.820234112331133502e+01 -1.820234112331133502e+01 -1.820234112331133502e+01 -1.820234112331133502e+01 -1.820234112331133502e+01
-1.832989219497961741e+01 -1.832989219497961741e+01 -1.832989219497961741e+01 -1.832989219497961741e+01 -1.832989219497961741e+01 -1.832989219497961741e+01 -1.832989219497961741e+01 -1.832989219497961741e+01 -1.832989219497961741e+01 -1.832989219497961741e+01 -1.832989219497961741e+01
-1.845818872055702187e+01 -1.845818872055702187e+01 -1.845818872055702187e+01 -1.845818872055702187e+01 -1.845818872055702187e+01 -1.845818872055702187e+01 -1.845818872055702187e+01 -1.845818872055702187e+01 -1.845818872055702187e+01 -1.845818872055702187e+01 -1.845818872055702187e+01
-1.858712593047150463e+01 -1.858712593047150463e+01 -1.858712593047150463e+01 -1.858712593047150463e+01 -1.858712593047150463e+01 -1.858712593047150463e+01 -1.858712593047150463e+01 -1.858712593047150463e+01 -1.858712593047150463e+01 -1.858712593047150463e+01 -1.858712593047150463e+01
-1.871663770525886505e+01 -1.871663770525886505e+01 -1.871663770525886505e+01 -1.871663770525886505e+01 -1.871663770525886505e+01 -1.871663770525886505e+01 -1.871663770525886505e+01 -1.871663770525886505e+01 -1.871663770525886505e+01 -1.871663770525886505e+01 -1.871663770525886505e+01
-1.884668982961945360e+01 -1.884668982961945360e+01 -1.884668982961945360e+01 -1.884668982961945360e+01 -1.884668982961945360e+01 -1.884668982961945360e+01 -1.884668982961945360e+01 -1.884668982961945360e+01 -1.884668982961945360e+01 -1.884668982961945360e+01 -1.884668982961945360e+01
-1.897727650644051423e+01 -1.897727650644051423e+01 -1.897727650644051423e+01 -1.897727650644051423e+01 -1.897727650644051423e+01 -1.897727650644051423e+01 -1.897727650644051423e+01 -1.897727650644051423e+01 -1.897727650644051423e+01 -1.897727650644051423e+01 -1.897727650644051423e+01
-1.910841716170161320e+01 -1.910841716170161320e+01 -1.910841716170161320e+01 -1.910841716170161320e+01 -1.910841716170161320e+01 -1.910841716170161320e+01 -1.910841716170161320e+01 -1.910841716170161320e+01 -1.910841716170161320e+01 -1.910841716170161320e+01 -1.910841716170161320e+01
