3.287574060340309856e+00 3.287574060340309856e+00 3.287574060340309856e+00 3.287574060340309856e+00 3.287574060340309856e+00 3.287574060340309856e+00 3.287574060340309856e+00 3.287574060340309856e+00 3.287574060340309856e+00 3.287574060340309856e+00 3.287574060340309856e+00
3.162492469384173166e+00 3.162492469384173166e+00 3.162492469384173166e+00 3.162492469384173166e+00 3.162492469384173166e+00 3.162492469384173166e+00 3.162492469384173166e+00 3.162492469384173166e+00 3.162492469384173166e+00 3.162492469384173166e+00 3.162492469384173166e+00
3.036529363962921391e+00 3.036529363962921391e+00 3.036529363962921391e+00 3.036529363962921391e+00 3.036529363962921391e+00 3.036529363962921391e+00 3.036529363962921391e+00 3.036529363962921391e+00 3.036529363962921391e+00 3.036529363962921391e+00 3.036529363962921391e+00
2.909890861504285109e+00 2.909890861504285109e+00 2.909890861504285109e+00 2.909890861504285109e+00 2.909890861504285109e+00 2.909890861504285109e+00 2.909890861504285109e+00 2.909890861504285109e+00 2.909890861504285109e+00 2.909890861504285109e+00 2.909890861504285109e+00
2.782738233425892105e+00 2.782738233425892105e+00 2.782738233425892105e+00 2.782738233425892105e+00 2.782738233425892105e+00 2.782738233425892105e+00 2.782738233425892105e+00 2.782738233425892105e+00 2.782738233425892105e+00 2.782738233425892105e+00 2.782738233425892105e+00
2.655196172116185860e+00 2.655196172116185860e+00 2.655196172116185860e+00 2.655196172116185860e+00 2.655196172116185860e+00 2.655196172116185860e+00 2.655196172116185860e+00 2.655196172116185860e+00 2.655196172116185860e+00 2.655196172116185860e+00 2.655196172116185860e+00
2.527360124485817927e+00 2.527360124485817927e+00 2.527360124485817927e+00 2.527360124485817927e+00 2.527360124485817927e+00 2.527360124485817927e+00 2.527360124485817927e+00 2.527360124485817927e+00 2.527360124485817927e+00 2.527360124485817927e+00 2.527360124485818371e+00
2.399302612341814189e+00 2.399302612341814189e+00 2.399302612341814189e+00 2.399302612341814189e+00 2.399302612341814189e+00 2.399302612341814189e+00 2.399302612341814189e+00 2.399302612341814189e+00 2.399302612341814189e+00 2.399302612341814189e+00 2.399302612341814189e+00
2.271078389707609890e+00 2.271078389707609890e+00 2.271078389707609890e+00 2.271078389707609890e+00 2.271078389707609890e+00 2.271078389707609890e+00 2.271078389707609890e+00 2.271078389707609890e+00 2.271078389707609890e+00 2.271078389707609890e+00 2.271078389707609890e+00
2.142728591453233022e+00 2.142728591453233022e+00 2.142728591453233022e+00 2.142728591453233022e+00 2.142728591453233022e+00 2.142728591453233022e+00 2.142728591453233022e+00 2.142728591453233022e+00 2.142728591453233022e+00 2.142728591453233022e+00 2.142728591453233022e+00
2.014283915396286595e+00 2.014283915396286595e+00 2.014283915396286595e+00 2.014283915396286595e+00 2.014283915396286595e+00 2.014283915396286595e+00 2.014283915396286595e+00 2.014283915396286595e+00 2.014283915396286595e+00 2.014283915396286595e+00 2.014283915396286595e+00
