-3.829915125064577985e-01 -3.829915125064577985e-01 -3.829915125064577985e-01 -3.829915125064577985e-01 -3.829915125064577985e-01 -3.829915125064577985e-01 -3.829915125064577985e-01 -3.829915125064577985e-01 -3.829915125064577985e-01 -3.829915125064577985e-01 -3.829915125064577985e-01
-3.639834162286829100e-01 -3.639834162286829100e-01 -3.639834162286829100e-01 -3.639834162286829100e-01 -3.639834162286829100e-01 -3.639834162286829100e-01 -3.639834162286829100e-01 -3.639834162286829100e-01 -3.639834162286829100e-01 -3.639834162286829100e-01 -3.639834162286829100e-01
-3.483973471986205883e-01 -3.483973471986205883e-01 -3.483973471986205883e-01 -3.483973471986205883e-01 -3.483973471986205883e-01 -3.483973471986205883e-01 -3.483973471986205883e-01 -3.483973471986205883e-01 -3.483973471986205883e-01 -3.483973471986205883e-01 -3.483973471986205883e-01
-3.357082651691767339e-01 -3.357082651691767339e-01 -3.357082651691767339e-01 -3.357082651691767339e-01 -3.357082651691767339e-01 -3.357082651691767339e-01 -3.357082651691767339e-01 -3.357082651691767339e-01 -3.357082651691767339e-01 -3.357082651691767339e-01 -3.357082651691767339e-01
-3.254470533845886249e-01 -3.254470533845886249e-01 -3.254470533845886249e-01 -3.254470533845886249e-01 -3.254470533845886249e-01 -3.254470533845886249e-01 -3.254470533845886249e-01 -3.254470533845886249e-01 -3.254470533845886249e-01 -3.254470533845886249e-01 -3.254470533845886249e-01
-3.172015811199802582e-01 -3.172015811199802582e-01 -3.172015811199802582e-01 -3.172015811199802582e-01 -3.172015811199802582e-01 -3.172015811199802582e-01 -3.172015811199802582e-01 -3.172015811199802582e-01 -3.172015811199802582e-01 -3.172015811199802582e-01 -3.172015811199802582e-01
-3.106151639528214048e-01 -3.106151639528214048e-01 -3.106151639528214048e-01 -3.106151639528214048e-01 -3.106151639528214048e-01 -3.106151639528214048e-01 -3.106151639528214048e-01 -3.106151639528214048e-01 -3.106151639528214048e-01 -3.106151639528214048e-01 -3.106151639528214048e-01
-3.053832207800854515e-01 -3.053832207800854515e-01 -3.053832207800854515e-01 -3.053832207800854515e-01 -3.053832207800854515e-01 -3.053832207800854515e-01 -3.053832207800854515e-01 -3.053832207800854515e-01 -3.053832207800854515e-01 -3.053832207800854515e-01 -3.053832207800854515e-01
-3.012487974506713462e-01 -3.012487974506713462e-01 -3.012487974506713462e-01 -3.012487974506713462e-01 -3.012487974506713462e-01 -3.012487974506713462e-01 -3.012487974506713462e-01 -3.012487974506713462e-01 -3.012487974506713462e-01 -3.012487974506713462e-01 -3.012487974506713462e-01
-2.979974934084529403e-01 -2.979974934084529403e-01 -2.979974934084529403e-01 -2.979974934084529403e-01 -2.979974934084529403e-01 -2.979974934084529403e-01 -2.979974934084529403e-01 -2.979974934084529403e-01 -2.979974934084529403e-01 -2.979974934084529403e-01 -2.979974934084529403e-01
-2.868454966980170662e-01 -2.868454966980170662e-01 -2.868454966980170662e-01 -2.868454966980170662e-01 -2.868454966980170662e-01 -2.868454966980170662e-01 -2.868454966980170662e-01 -2.868454966980170662e-01 -2.868454966980170662e-01 -2.868454966980170662e-01 -2.868454966980170662e-01
