3.621955763028646302e+00 3.121956108534202468e+00 2.621956217790145871e+00 2.121956252339658011e+00 1.621956263265148079e+00 1.121956266720089079e+00 6.219562678126370203e-01 1.219562681581309593e-01 -3.780437317326141300e-01 -8.780437316980647111e-01 -1.378043731687139450e+00
3.621955762849243143e+00 3.121956108478607383e+00 2.621956217772678954e+00 2.121956252334145976e+00 1.621956263263406139e+00 1.121956266719538409e+00 6.219562678124628263e-01 1.219562681580759061e-01 -3.780437317326315050e-01 -8.780437316980703732e-01 -1.378043731687141005e+00
3.621955762640136633e+00 3.121956108414012832e+00 2.621956217752405394e+00 2.121956252327750203e+00 1.621956263261385089e+00 1.121956266718899586e+00 6.219562678122608768e-01 1.219562681580120406e-01 -3.780437317326518221e-01 -8.780437316980768125e-01 -1.378043731687143225e+00
3.621955762396217082e+00 3.121956108338938218e+00 2.621956217728870886e+00 2.121956252320328584e+00 1.621956263259040076e+00 1.121956266718157957e+00 6.219562678120263977e-01 1.219562681579379054e-01 -3.780437317326753033e-01 -8.780437316980841400e-01 -1.378043731687145446e+00
3.621955762111433330e+00 3.121956108251653816e+00 2.621956217701546077e+00 2.121956252311715474e+00 1.621956263256319364e+00 1.121956266717298201e+00 6.219562678117543930e-01 1.219562681578518909e-01 -3.780437317327023372e-01 -8.780437316980927998e-01 -1.378043731687148110e+00
3.621955761778596905e+00 3.121956108150134135e+00 2.621956217669815903e+00 2.121956252301718582e+00 1.621956263253161890e+00 1.121956266716299666e+00 6.219562678114389787e-01 1.219562681577521235e-01 -3.780437317327340341e-01 -8.780437316981027918e-01 -1.378043731687151441e+00
3.621955761389139550e+00 3.121956108032001520e+00 2.621956217632961383e+00 2.121956252290114531e+00 1.621956263249497487e+00 1.121956266715141703e+00 6.219562678110723830e-01 1.219562681576362717e-01 -3.780437317327705049e-01 -8.780437316981143381e-01 -1.378043731687155216e+00
3.621955760932814350e+00 3.121956107894463539e+00 2.621956217590144966e+00 2.121956252276642640e+00 1.621956263245243779e+00 1.121956266713797001e+00 6.219562678106475007e-01 1.219562681575017682e-01 -3.780437317328131375e-01 -8.780437316981278828e-01 -1.378043731687159212e+00
3.621955760397315593e+00 3.121956107734234820e+00 2.621956217540387435e+00 2.121956252260998710e+00 1.621956263240306173e+00 1.121956266712236694e+00 6.219562678101543396e-01 1.219562681573458512e-01 -3.780437317328625424e-01 -8.780437316981432039e-01 -1.378043731687164097e+00
3.621955759767802707e+00 3.121956107547438464e+00 2.621956217482544371e+00 2.121956252242830132e+00 1.621956263234572759e+00 1.121956266710424810e+00 6.219562678095812425e-01 1.219562681571647461e-01 -3.780437317329197744e-01 -8.780437316981613005e-01 -1.378043731687169871e+00
3.621955759026295407e+00 3.121956107329490138e+00 2.621956217415276402e+00 2.121956252221723460e+00 1.621956263227914974e+00 1.121956266708320937e+00 6.219562678089162189e-01 1.219562681569543589e-01 -3.780437317329862212e-01 -8.780437316981823948e-01 -1.378043731687176532e+00
