6.900575191526016283e+00 6.795955209981460854e+00 6.625287097871367159e+00 6.381998704654419541e+00 6.065512999310462838e+00 5.682107417409510752e+00 5.245764495272306149e+00 4.775054157466601445e+00 4.286554761435182215e+00 3.790584377923006176e+00 3.291911479953167685e+00
6.902206442208541404e+00 6.796688560364746223e+00 6.625592471625252777e+00 6.382116901706556433e+00 6.065553524362949922e+00 5.682118921840469739e+00 5.245767020668398395e+00 4.775054562750411513e+00 4.286554805137121171e+00 3.790584379083029365e+00 3.291911478804637525e+00
6.903396594265187147e+00 6.797220744577503915e+00 6.625813782190295598e+00 6.382202496148090098e+00 6.065582842305915712e+00 5.682127229031920024e+00 5.245768836082462805e+00 4.775054850364240266e+00 4.286554834599883179e+00 3.790584379184706698e+00 3.291911477733774127e+00
6.904263281236472594e+00 6.797606744670874335e+00 6.625974130915464499e+00 6.382264467151948395e+00 6.065604045586892035e+00 5.682133223780015285e+00 5.245770139219747108e+00 4.775055053620826939e+00 4.286554854073697740e+00 3.790584378629566320e+00 3.291911476754713739e+00
6.904893531740778911e+00 6.797886606916110352e+00 6.626090286227006132e+00 6.382309324711250120e+00 6.065619374645678796e+00 5.682137546617122226e+00 5.245771073011360031e+00 4.775055196522405510e+00 4.286554866589144197e+00 3.790584377692149065e+00 3.291911475872410620e+00
6.905351372860367043e+00 6.798089455980503182e+00 6.626174412807904091e+00 6.382341787234774522e+00 6.065630452318242050e+00 5.682140661139494675e+00 5.245771740746676848e+00 4.775055296345350975e+00 4.286554874300408713e+00 3.790584376557431856e+00 3.291911475085952166e+00
6.905683714936015072e+00 6.798236450721336865e+00 6.626235331846127785e+00 6.382365273803562111e+00 6.065638453867987501e+00 5.682142902801300188e+00 5.245772217032179441e+00 4.775055365509922822e+00 4.286554878732899532e+00 3.790584375347573864e+00 3.291911474390845527e+00
6.905924823018223080e+00 6.798342950827259479e+00 6.626279437996390520e+00 6.382382261502654863e+00 6.065644230273478321e+00 5.682144514269177549e+00 5.245772555726421871e+00 4.775055412932448284e+00 4.286554880961730873e+00 3.790584374140987478e+00 3.291911473780574582e+00
6.906099669777699290e+00 6.798420099840513764e+00 6.626311365765064743e+00 6.382394544661881497e+00 6.065648397596345553e+00 5.682145671034435352e+00 5.245772795684477963e+00 4.775055445002858612e+00 4.286554881740248568e+00 3.790584372985893236e+00 3.291911473247642217e+00
6.906226425849245842e+00 6.798475979058522078e+00 6.626334473372269329e+00 6.382403422853904829e+00 6.065651401746976035e+00 5.682146499964638053e+00 5.245772964915809133e+00 4.775055466291122208e+00 4.286554881592484989e+00 3.790584371909915706e+00 3.291911472784254666e+00
6.906559800164372653e+00 6.798622442242622022e+00 6.626394717543836244e+00 6.382426331748987991e+00 6.065658988655922457e+00 5.682148490015919151e+00 5.245773314103869822e+00 4.775055481866257168e+00 4.286554866428359922e+00 3.790584364116733607e+00 3.291911469961448677e+00
