7.640987914702836115e+00 7.640987914702781048e+00 7.640987914702609629e+00 7.640987914702064288e+00 7.640987914700342998e+00 7.640987914694896688e+00 7.640987914677676685e+00 7.640987914623219801e+00 7.640987914451012664e+00 7.640987913906445606e+00 7.640987912184374231e+00
7.640949832818809462e+00 7.640949832818756171e+00 7.640949832818586529e+00 7.640949832818051846e+00 7.640949832816359866e+00 7.640949832811008591e+00 7.640949832794088792e+00 7.640949832740581371e+00 7.640949832571376277e+00 7.640949832036303846e+00 7.640949830344254678e+00
7.640938081195729481e+00 7.640938081195676190e+00 7.640938081195507436e+00 7.640938081194973641e+00 7.640938081193286102e+00 7.640938081187950814e+00 7.640938081171078977e+00 7.640938081117726099e+00 7.640938080949007727e+00 7.640938080415475397e+00 7.640938078728297889e+00
7.640922759142099174e+00 7.640922759142045884e+00 7.640922759141878018e+00 7.640922759141345999e+00 7.640922759139664677e+00 7.640922759134347153e+00 7.640922759117531271e+00 7.640922759064356029e+00 7.640922758896200762e+00 7.640922758364446565e+00 7.640922756682893002e+00
7.640902802205686406e+00 7.640902802205634003e+00 7.640902802205466138e+00 7.640902802204936783e+00 7.640902802203261679e+00 7.640902802197964583e+00 7.640902802181213538e+00 7.640902802128243465e+00 7.640902801960737456e+00 7.640902801431035840e+00 7.640902799755971309e+00
7.640876836297250563e+00 7.640876836297198160e+00 7.640876836297031183e+00 7.640876836296504493e+00 7.640876836294836494e+00 7.640876836289563379e+00 7.640876836272886941e+00 7.640876836220154011e+00 7.640876836053395849e+00 7.640876835526059452e+00 7.640876833858476935e+00
7.640843090636757928e+00 7.640843090636705526e+00 7.640843090636539436e+00 7.640843090636014523e+00 7.640843090634356294e+00 7.640843090629109824e+00 7.640843090612519539e+00 7.640843090560059281e+00 7.640843090394162651e+00 7.640843089869552074e+00 7.640843088210588441e+00
7.640799287395597439e+00 7.640799287395545036e+00 7.640799287395380723e+00 7.640799287394859363e+00 7.640799287393210015e+00 7.640799287387995520e+00 7.640799287371504711e+00 7.640799287319357092e+00 7.640799287154452557e+00 7.640799286632979026e+00 7.640799284983932793e+00
7.640742502269416647e+00 7.640742502269364245e+00 7.640742502269200820e+00 7.640742502268683012e+00 7.640742502267045211e+00 7.640742502261867131e+00 7.640742502245490009e+00 7.640742502193702990e+00 7.640742502029938876e+00 7.640742501512069573e+00 7.640742499874423999e+00
7.640668989009609113e+00 7.640668989009557599e+00 7.640668989009395062e+00 7.640668989008881695e+00 7.640668989007257217e+00 7.640668989002119993e+00 7.640668988985874321e+00 7.640668988934501193e+00 7.640668988772045367e+00 7.640668988258314975e+00 7.640668986633756710e+00
7.640573959442594543e+00 7.640573959442543917e+00 7.640573959442382268e+00 7.640573959441873342e+00 7.640573959440263963e+00 7.640573959435173812e+00 7.640573959419078243e+00 7.640573959368180290e+00 7.640573959207224597e+00 7.640573958698237966e+00 7.640573957088681922e+00
