9.300312163805878996e+00 9.146621323335718756e+00 8.946144653860681473e+00 8.690289416984734672e+00 8.373259869415445422e+00 7.995473739516757661e+00 7.565839890912566368e+00 7.099950421657611699e+00 6.613929743978085085e+00 6.118962975270763494e+00 5.620642622584749226e+00
9.300312452822035780e+00 9.146621105500598148e+00 8.946144224067067441e+00 8.690288961088601383e+00 8.373259495015171083e+00 7.995473488915981086e+00 7.565839754038099052e+00 7.099950360349364331e+00 6.613929720655066902e+00 6.118962967275572318e+00 5.620642619979340893e+00
9.300312529174547649e+00 9.146620829835809374e+00 8.946143813394368038e+00 8.690288552921753507e+00 8.373259168524377571e+00 7.995473273118339108e+00 7.565839636913575639e+00 7.099950308048691205e+00 6.613929700786266075e+00 6.118962960468270040e+00 5.620642617761472337e+00
9.300312471253626256e+00 9.146620529812876654e+00 8.946143431352163944e+00 8.690288190924404077e+00 8.373258884965130378e+00 7.995473087631143727e+00 7.565839536770726959e+00 7.099950263447211363e+00 6.613929683862260767e+00 6.118962954672625187e+00 5.620642615873528314e+00
9.300312332905813051e+00 9.146620227071327491e+00 8.946143082630705123e+00 8.690287872241540867e+00 8.373258639507342949e+00 7.995472928441063054e+00 7.565839451206143096e+00 7.099950225422395178e+00 6.613929669448159743e+00 6.118962949738476986e+00 5.620642614266450288e+00
9.300312150634340469e+00 9.146619935066983231e+00 8.946142768756008223e+00 8.690287593336504912e+00 8.373258427610156929e+00 7.995472791994929551e+00 7.565839378139957105e+00 7.099950193012347199e+00 6.613929657172866072e+00 6.118962945537905540e+00 5.620642612898469892e+00
9.300311948750566771e+00 9.146619661657295453e+00 8.946142489240244799e+00 8.690287350397303712e+00 8.373258245097259689e+00 7.995472675169032151e+00 7.565839315777103558e+00 7.099950165393673629e+00 6.613929646719835631e+00 6.118962941961943791e+00 5.620642611734023575e+00
9.300311743050658109e+00 9.146619410925216798e+00 8.946142242373726461e+00 8.690287139598471100e+00 8.373258088188393344e+00 7.995472575232581036e+00 7.565839262571748769e+00 7.099950141862149344e+00 6.613929637819148333e+00 6.118962938917786865e+00 5.620642610742837775e+00
9.300311543432032479e+00 9.146619184458680607e+00 8.946142025763391459e+00 8.690286957263083423e+00 8.373257953502532658e+00 7.995472489809058558e+00 7.565839217195137856e+00 7.099950121815914450e+00 6.613929630240700241e+00 6.118962936326398427e+00 5.620642609899138442e+00
9.300311355748716480e+00 9.146618982241914608e+00 8.946141836692893534e+00 8.690286799956599140e+00 8.373257838043485890e+00 7.995472416837858809e+00 7.565839178506861273e+00 7.099950104740911705e+00 6.613929623788377121e+00 6.118962934120473207e+00 5.620642609180983129e+00
9.300309968332866717e+00 9.146617658688356300e+00 8.946140672372909108e+00 8.690285863062699789e+00 8.373257163263444269e+00 7.995471994894234768e+00 7.565838956096218482e+00 7.099950006871326380e+00 6.613929586855722853e+00 6.118962921500864738e+00 5.620642605073392417e+00
