5.981557403091477099e+00 5.981557509158856867e+00 5.981557844573193172e+00 5.981558905244737545e+00 5.981562259365488465e+00 5.981572865854819732e+00 5.981606404801320664e+00 5.981712447088257889e+00 5.982047610605065735e+00 5.983105777639436518e+00 5.986434968944049473e+00
5.853253716991185129e+00 5.853253822596936828e+00 5.853254156551476406e+00 5.853255212606755187e+00 5.853258552129776859e+00 5.853269112458856505e+00 5.853302505452054660e+00 5.853408086376510333e+00 5.853741792764336260e+00 5.854795370332088744e+00 5.858110235609876426e+00
5.724838329618635591e+00 5.724838434721355895e+00 5.724838767085171476e+00 5.724839818110159406e+00 5.724843141726189799e+00 5.724853651754806982e+00 5.724886885702566985e+00 5.724991963867188893e+00 5.725324082250804913e+00 5.726372656789902038e+00 5.729671889849190514e+00
5.596336359387522386e+00 5.596336463932081173e+00 5.596336794530841097e+00 5.596337839974250272e+00 5.596341145939974560e+00 5.596351600155386130e+00 5.596384657625897319e+00 5.596489177916547320e+00 5.596819534109455319e+00 5.597862555755143354e+00 5.601144426264020204e+00
5.467765823637011025e+00 5.467765927554523842e+00 5.467766256170389028e+00 5.467767295343358036e+00 5.467770581480419168e+00 5.467780972994211730e+00 5.467813832205988156e+00 5.467917725759407155e+00 5.468246102154450838e+00 5.469282884319123461e+00 5.472545235650176032e+00
5.339139406496142826e+00 5.339139509703452191e+00 5.339139836073459655e+00 5.339140868144424346e+00 5.339144131823211126e+00 5.339154452320033606e+00 5.339187086979751307e+00 5.339290270670330685e+00 5.339616404612320899e+00 5.340646118793417330e+00 5.343886351083201092e+00
5.210465063234119398e+00 5.210465165633051399e+00 5.210465489446747256e+00 5.210466513433972047e+00 5.210469751549986483e+00 5.210479991212822348e+00 5.210512370278968852e+00 5.210614745971084538e+00 5.210938327389754043e+00 5.211959995655819355e+00 5.215175041710541137e+00
5.081747181402231028e+00 5.081747282878455785e+00 5.081747603774298128e+00 5.081748618534486894e+00 5.081751827472345440e+00 5.081761974868656218e+00 5.081794062191494987e+00 5.081895515600832525e+00 5.082216183408759136e+00 5.083228666994794587e+00 5.086414956052729863e+00
4.952986821518345018e+00 4.952986921940053300e+00 4.952987239501226213e+00 4.952988243716299088e+00 4.952991419307896770e+00 4.953001461257339422e+00 4.953033215160575153e+00 4.953133614531187057e+00 4.953450952439592214e+00 4.954452938507846405e+00 4.957606354272848570e+00
4.824182019495773410e+00 4.824182118712155187e+00 4.824182432461753045e+00 4.824183424623605276e+00 4.824186562099938236e+00 4.824196483522009693e+00 4.824227856320996821e+00 4.824327050901688452e+00 4.824640582601890770e+00 4.825630568999142334e+00 4.828746401370742625e+00
4.695327420945842434e+00 4.695327518785526344e+00 4.695327828181627083e+00 4.695328806576554825e+00 4.695331900518466384e+00 4.695341684276740146e+00 4.695372621785902645e+00 4.695470440272472956e+00 4.695779624508761962e+00 4.696755904174573892e+00 4.699828799824456560e+00
