5.167290125807550538e+00 5.235094967175215608e+00 5.168724819667100512e+00 4.945957539226001565e+00 4.575334270987555740e+00 4.112702381970227528e+00 3.618957223048036909e+00 3.119680048040058828e+00 2.619753968684007894e+00 2.119761379046765981e+00 1.619762120268613881e+00
5.167290125807550538e+00 5.235094967175215608e+00 5.168724819667100512e+00 4.945957539226001565e+00 4.575334270987555740e+00 4.112702381970228416e+00 3.618957223048036909e+00 3.119680048040058828e+00 2.619753968684007894e+00 2.119761379046765981e+00 1.619762120268613881e+00
5.167290125807586065e+00 5.235094967175244030e+00 5.168724819667120052e+00 4.945957539226012223e+00 4.575334270987559293e+00 4.112702381970228416e+00 3.618957223048036909e+00 3.119680048040058828e+00 2.619753968684007894e+00 2.119761379046765981e+00 1.619762120268613881e+00
5.167290125810812818e+00 5.235094967177843728e+00 5.168724819668960357e+00 4.945957539227027411e+00 4.575334270987925223e+00 4.112702381970302135e+00 3.618957223048045790e+00 3.119680048040059717e+00 2.619753968684008338e+00 2.119761379046765981e+00 1.619762120268613881e+00
5.167290125960289693e+00 5.235094967298230095e+00 5.168724819754169530e+00 4.945957539274054682e+00 4.575334271004868114e+00 4.112702381973718957e+00 3.618957223048469451e+00 3.119680048040101905e+00 2.619753968684011891e+00 2.119761379046766425e+00 1.619762120268613659e+00
5.167290129841340729e+00 5.235094970423993743e+00 5.168724821966566019e+00 4.945957540495072635e+00 4.575334271444768675e+00 4.112702382062429329e+00 3.618957223059461992e+00 3.119680048041196585e+00 2.619753968684106038e+00 2.119761379046770866e+00 1.619762120268612549e+00
5.167290191252376097e+00 5.235095019883863721e+00 5.168724856973962112e+00 4.945957559815597371e+00 4.575334278405452260e+00 4.112702383466118050e+00 3.618957223233403742e+00 3.119680048058512511e+00 2.619753968685599954e+00 2.119761379046842364e+00 1.619762120268595229e+00
5.167290827147899002e+00 5.235095532028129384e+00 5.168725219466533183e+00 4.945957759874621829e+00 4.575334350481502277e+00 4.112702398000942949e+00 3.618957225034524772e+00 3.119680048237817083e+00 2.619753968701067581e+00 2.119761379047585326e+00 1.619762120268414929e+00
5.167295406375879807e+00 5.235099220093886174e+00 5.168727829854912414e+00 4.945959200541488521e+00 4.575334869515073066e+00 4.112702502668766691e+00 3.618957238004695487e+00 3.119680049529018007e+00 2.619753968812454037e+00 2.119761379052933936e+00 1.619762120267117078e+00
5.167319566783763918e+00 5.235118678613416066e+00 5.168741602408569058e+00 4.945966801522285294e+00 4.575337607911344584e+00 4.112703054883748877e+00 3.618957306433229881e+00 3.119680056341167962e+00 2.619753969400106630e+00 2.119761379081151365e+00 1.619762120260269445e+00
5.167417236464265429e+00 5.235197340012212486e+00 5.168797277218281749e+00 4.945997527096383628e+00 4.575348676813042914e+00 4.112705286870427024e+00 3.618957583003875822e+00 3.119680083873785925e+00 2.619753971775167667e+00 2.119761379195176598e+00 1.619762120232587588e+00
