8.386870233641323225e+00 8.143486973731310030e+00 7.839395595100845604e+00 7.473619138173328125e+00 7.053413325904636544e+00 6.593478523109587819e+00 6.110423770514880282e+00 5.616658535630484117e+00 5.118762643473908192e+00 4.619444166874083102e+00 4.119661431038386112e+00
8.386798709301057642e+00 8.143454197226560609e+00 7.839382454747029882e+00 7.473614752574559539e+00 7.053412169360189665e+00 6.593478290257826835e+00 6.110423734063481049e+00 5.616658530735230137e+00 5.118762642802569651e+00 4.619444166759995696e+00 4.119661431012534791e+00
8.386702550390742417e+00 8.143410129642798978e+00 7.839364789010187629e+00 7.473608858093213847e+00 7.053410615857544919e+00 6.593477977967017623e+00 6.110423685377033287e+00 5.616658524268477670e+00 5.118762641937976809e+00 4.619444166618816183e+00 4.119661430981659933e+00
8.386573281938186852e+00 8.143350882729064821e+00 7.839341038955826235e+00 7.473600935033513082e+00 7.053408528808000177e+00 6.593477558978634079e+00 6.110423620289514801e+00 5.616658515706881794e+00 5.118762640819590537e+00 4.619444166443158473e+00 4.119661430944647762e+00
8.386399522321456246e+00 8.143271231277479316e+00 7.839309108915957225e+00 7.473590284672869011e+00 7.053405724575735114e+00 6.593476996655730282e+00 6.110423533206659208e+00 5.616658504349575587e+00 5.118762639366970291e+00 4.619444166223399151e+00 4.119661430900103838e+00
8.386165993800894114e+00 8.143164155196142673e+00 7.839266182042685216e+00 7.473575967632876349e+00 7.053401956270196393e+00 6.593476241752595612e+00 6.110423416614755965e+00 5.616658489257416953e+00 5.118762637473061261e+00 4.619444165946961611e+00 4.119661430846266015e+00
8.385852202212408457e+00 8.143020226188729893e+00 7.839208472773539604e+00 7.473556721079558152e+00 7.053396891958610304e+00 6.593475228071398853e+00 6.110423260420268399e+00 5.616658469171365020e+00 5.118762634995198901e+00 4.619444165597350604e+00 4.119661430780896971e+00
8.385430680044562379e+00 8.142826787493021357e+00 7.839130894874603683e+00 7.473530847519155529e+00 7.053390085381757935e+00 6.593473866622547419e+00 6.110423051061980360e+00 5.616658442402786555e+00 5.118762631743038582e+00 4.619444165152867932e+00 4.119661430701145655e+00
8.384864657186325232e+00 8.142566858975017752e+00 7.839026616706196826e+00 7.473496065514047437e+00 7.053380936600652795e+00 6.593472037773628003e+00 6.110422770317291530e+00 5.616658406686029892e+00 5.118762627462349890e+00 4.619444164584897372e+00 4.119661430603354546e+00
8.384104988477254494e+00 8.142217679448910062e+00 7.838886466189419977e+00 7.473449309404689878e+00 7.053368639125379147e+00 6.593469580694899967e+00 6.110422393697259480e+00 5.616658358980281207e+00 5.118762621813265135e+00 4.619444163855611407e+00 4.119661430482810971e+00
8.383086128788546532e+00 8.141748772916582055e+00 7.838698136112753900e+00 7.473386460846865198e+00 7.053352108907454898e+00 6.593466279171967592e+00 6.110421888288742664e+00 5.616658295203214912e+00 5.118762614341073380e+00 4.619444162914891017e+00 4.119661430333424690e+00
