1.256785357708140616e+01 1.256785357708140616e+01 1.256785357708140616e+01 1.256785357708140616e+01 1.256785357708140616e+01 1.256785357708140616e+01 1.256785357708140616e+01 1.256785357708140616e+01 1.256785357708140616e+01 1.256785357708140616e+01 1.256785357708140616e+01
1.245770902488530751e+01 1.245770902488530751e+01 1.245770902488530751e+01 1.245770902488530751e+01 1.245770902488530751e+01 1.245770902488530751e+01 1.245770902488530751e+01 1.245770902488530751e+01 1.245770902488530751e+01 1.245770902488530751e+01 1.245770902488530751e+01
1.234414384146343657e+01 1.234414384146343657e+01 1.234414384146343657e+01 1.234414384146343657e+01 1.234414384146343657e+01 1.234414384146343657e+01 1.234414384146343657e+01 1.234414384146343657e+01 1.234414384146343657e+01 1.234414384146343657e+01 1.234414384146343657e+01
1.222762984138843656e+01 1.222762984138843656e+01 1.222762984138843656e+01 1.222762984138843656e+01 1.222762984138843656e+01 1.222762984138843656e+01 1.222762984138843656e+01 1.222762984138843656e+01 1.222762984138843656e+01 1.222762984138843656e+01 1.222762984138843656e+01
1.210862166354018576e+01 1.210862166354018576e+01 1.210862166354018576e+01 1.210862166354018576e+01 1.210862166354018576e+01 1.210862166354018576e+01 1.210862166354018576e+01 1.210862166354018576e+01 1.210862166354018576e+01 1.210862166354018576e+01 1.210862166354018576e+01
1.198754022799046659e+01 1.198754022799046659e+01 1.198754022799046659e+01 1.198754022799046659e+01 1.198754022799046659e+01 1.198754022799046659e+01 1.198754022799046659e+01 1.198754022799046659e+01 1.198754022799046659e+01 1.198754022799046659e+01 1.198754022799046659e+01
1.186476112045390607e+01 1.186476112045390607e+01 1.186476112045390607e+01 1.186476112045390607e+01 1.186476112045390607e+01 1.186476112045390607e+01 1.186476112045390607e+01 1.186476112045390607e+01 1.186476112045390607e+01 1.186476112045390607e+01 1.186476112045390607e+01
1.174060813460950392e+01 1.174060813460950392e+01 1.174060813460950392e+01 1.174060813460950392e+01 1.174060813460950392e+01 1.174060813460950392e+01 1.174060813460950392e+01 1.174060813460950392e+01 1.174060813460950392e+01 1.174060813460950392e+01 1.174060813460950392e+01
1.161535136493733411e+01 1.161535136493733411e+01 1.161535136493733411e+01 1.161535136493733411e+01 1.161535136493733411e+01 1.161535136493733411e+01 1.161535136493733411e+01 1.161535136493733411e+01 1.161535136493733411e+01 1.161535136493733411e+01 1.161535136493733411e+01
1.148920870483660650e+01 1.148920870483660650e+01 1.148920870483660650e+01 1.148920870483660650e+01 1.148920870483660650e+01 1.148920870483660650e+01 1.148920870483660650e+01 1.148920870483660650e+01 1.148920870483660650e+01 1.148920870483660650e+01 1.148920870483660650e+01
1.136234940873482380e+01 1.136234940873482380e+01 1.136234940873482380e+01 1.136234940873482380e+01 1.136234940873482380e+01 1.136234940873482380e+01 1.136234940873482380e+01 1.136234940873482380e+01 1.136234940873482380e+01 1.136234940873482380e+01 1.136234940873482380e+01
