-7.724973656382348786e+00 -7.724973656386584508e+00 -7.724973656399980015e+00 -7.724973656442339909e+00 -7.724973656576292314e+00 -7.724973656999886806e+00 -7.724973658339410854e+00 -7.724973662575358446e+00 -7.724973675970601583e+00 -7.724973718330080175e+00 -7.724973852282515985e+00
-7.734669947342235119e+00 -7.734669947346135999e+00 -7.734669947358470132e+00 -7.734669947397472711e+00 -7.734669947520810496e+00 -7.734669947910840726e+00 -7.734669949144223011e+00 -7.734669953044519985e+00 -7.734669965378343726e+00 -7.734670004381318797e+00 -7.734670127719565080e+00
-7.746458165582447819e+00 -7.746458165585990763e+00 -7.746458165597194245e+00 -7.746458165632621018e+00 -7.746458165744650515e+00 -7.746458166098918241e+00 -7.746458167219210544e+00 -7.746458170761888695e+00 -7.746458181964818834e+00 -7.746458217391597678e+00 -7.746458329420923938e+00
-7.760708429356938609e+00 -7.760708429360102301e+00 -7.760708429370110295e+00 -7.760708429401755204e+00 -7.760708429501827155e+00 -7.760708429818282461e+00 -7.760708430819000192e+00 -7.760708433983550592e+00 -7.760708443990735006e+00 -7.760708475636234560e+00 -7.760708575708108903e+00
-7.777831832405649237e+00 -7.777831832408416801e+00 -7.777831832417169799e+00 -7.777831832444849880e+00 -7.777831832532380751e+00 -7.777831832809178891e+00 -7.777831833684490270e+00 -7.777831836452467229e+00 -7.777831845205579242e+00 -7.777831872885352382e+00 -7.777831960416503598e+00
-7.798277654206536624e+00 -7.798277654208892073e+00 -7.798277654216341226e+00 -7.798277654239898382e+00 -7.798277654314389906e+00 -7.798277654549955251e+00 -7.798277655294877597e+00 -7.798277657650528383e+00 -7.798277665099751843e+00 -7.798277688656267692e+00 -7.798277763148536046e+00
-7.822527853539203768e+00 -7.822527853541133780e+00 -7.822527853547240007e+00 -7.822527853566549005e+00 -7.822527853627609495e+00 -7.822527853820699484e+00 -7.822527854431301719e+00 -7.822527856362197163e+00 -7.822527862468225734e+00 -7.822527881777185499e+00 -7.822527942837504966e+00
-7.851088283286864034e+00 -7.851088283288361502e+00 -7.851088283293098158e+00 -7.851088283308073734e+00 -7.851088283355434072e+00 -7.851088283505197829e+00 -7.851088283978794991e+00 -7.851088285476439665e+00 -7.851088290212406839e+00 -7.851088305188854477e+00 -7.851088352548567961e+00
-7.884476144295852862e+00 -7.884476144296913347e+00 -7.884476144300267109e+00 -7.884476144310871071e+00 -7.884476144344403359e+00 -7.884476144450442092e+00 -7.884476144785767637e+00 -7.884476145846158524e+00 -7.884476149199408646e+00 -7.884476159803321949e+00 -7.884476193335867578e+00
-7.923203366441325279e+00 -7.923203366441948781e+00 -7.923203366443923201e+00 -7.923203366450163543e+00 -7.923203366469899755e+00 -7.923203366532309389e+00 -7.923203366729667962e+00 -7.923203367353768733e+00 -7.923203369327350032e+00 -7.923203375568363960e+00 -7.923203395304214247e+00
-7.967755977355611030e+00 -7.967755977355804653e+00 -7.967755977356418384e+00 -7.967755977358359942e+00 -7.967755977364497255e+00 -7.967755977383905730e+00 -7.967755977445280635e+00 -7.967755977639367160e+00 -7.967755978253121540e+00 -7.967755980193985899e+00 -7.967755986331568785e+00
