8.493182146092584262e+00 8.493182146092880913e+00 8.493182146093818830e+00 8.493182146096783569e+00 8.493182146106159180e+00 8.493182146135810129e+00 8.493182146229575125e+00 8.493182146526082832e+00 8.493182147463723908e+00 8.493182150428804533e+00 8.493182159805211739e+00
8.536079142874118730e+00 8.536079142874401171e+00 8.536079142875291126e+00 8.536079142878110204e+00 8.536079142887022186e+00 8.536079142915207640e+00 8.536079143004332792e+00 8.536079143286173121e+00 8.536079144177433520e+00 8.536079146995842137e+00 8.536079155908433691e+00
8.573823829811642483e+00 8.573823829811896502e+00 8.573823829812699415e+00 8.573823829815243158e+00 8.573823829823282949e+00 8.573823829848709721e+00 8.573823829929116513e+00 8.573823830183386008e+00 8.573823830987455707e+00 8.573823833530147098e+00 8.573823841570835214e+00
8.606821840010912439e+00 8.606821840011123825e+00 8.606821840011789959e+00 8.606821840013898495e+00 8.606821840020563386e+00 8.606821840041638083e+00 8.606821840108286992e+00 8.606821840319044625e+00 8.606821840985523053e+00 8.606821843093111823e+00 8.606821849757883669e+00
8.635482510845742254e+00 8.635482510845891468e+00 8.635482510846360427e+00 8.635482510847845461e+00 8.635482510852538596e+00 8.635482510867383610e+00 8.635482510914325616e+00 8.635482511062766875e+00 8.635482511532183381e+00 8.635482513016604855e+00 8.635482517710748596e+00
8.660211270617667267e+00 8.660211270617732993e+00 8.660211270617937274e+00 8.660211270618587420e+00 8.660211270620639112e+00 8.660211270627129920e+00 8.660211270647652171e+00 8.660211270712553144e+00 8.660211270917784532e+00 8.660211271566785385e+00 8.660211273619093930e+00
8.681403680164669012e+00 8.681403680164626380e+00 8.681403680164494929e+00 8.681403680164079262e+00 8.681403680162766534e+00 8.681403680158611635e+00 8.681403680145471924e+00 8.681403680103922937e+00 8.681403679972534704e+00 8.681403679557048392e+00 8.681403678243146516e+00
8.699440764547704319e+00 8.699440764547533789e+00 8.699440764546990223e+00 8.699440764545274263e+00 8.699440764539847493e+00 8.699440764522687886e+00 8.699440764468425513e+00 8.699440764296829443e+00 8.699440763754193284e+00 8.699440762038229025e+00 8.699440756611851455e+00
8.714685325442427910e+00 8.714685325442102837e+00 8.714685325441076102e+00 8.714685325437828922e+00 8.714685325427558027e+00 8.714685325395079118e+00 8.714685325292375495e+00 8.714685324967597069e+00 8.714685323940557282e+00 8.714685320692769466e+00 8.714685310422341402e+00
8.727479012841545369e+00 8.727479012841046213e+00 8.727479012839467032e+00 8.727479012834471916e+00 8.727479012818680104e+00 8.727479012768737832e+00 8.727479012610805498e+00 8.727479012111382772e+00 8.727479010532070092e+00 8.727479005537841061e+00 8.727478989744675175e+00
8.738140028883494281e+00 8.738140028882801502e+00 8.738140028880611254e+00 8.738140028873683463e+00 8.738140028851777430e+00 8.738140028782504842e+00 8.738140028563444517e+00 8.738140027870716864e+00 8.738140025680118939e+00 8.738140018752837079e+00 8.738139996846820523e+00
