7.125643206066773594e+00 7.125643206066774482e+00 7.125643206066777147e+00 7.125643206066784252e+00 7.125643206066808233e+00 7.125643206066884616e+00 7.125643206067125313e+00 7.125643206067887370e+00 7.125643206070296110e+00 7.125643206077913128e+00 7.125643206102001415e+00
7.007237007148015451e+00 7.007237007148016339e+00 7.007237007148018115e+00 7.007237007148026109e+00 7.007237007148049202e+00 7.007237007148124697e+00 7.007237007148361840e+00 7.007237007149110575e+00 7.007237007151480235e+00 7.007237007158972908e+00 7.007237007182665067e+00
6.886626693188337534e+00 6.886626693188338422e+00 6.886626693188340198e+00 6.886626693188348192e+00 6.886626693188371284e+00 6.886626693188445003e+00 6.886626693188678594e+00 6.886626693189417558e+00 6.886626693191753468e+00 6.886626693199141336e+00 6.886626693222503093e+00
6.764216892182073337e+00 6.764216892182074226e+00 6.764216892182076890e+00 6.764216892182083996e+00 6.764216892182107088e+00 6.764216892182179919e+00 6.764216892182410845e+00 6.764216892183140928e+00 6.764216892185449304e+00 6.764216892192747466e+00 6.764216892215827670e+00
6.640360443064995621e+00 6.640360443064996510e+00 6.640360443064998286e+00 6.640360443065006280e+00 6.640360443065028484e+00 6.640360443065101315e+00 6.640360443065329576e+00 6.640360443066051666e+00 6.640360443068335172e+00 6.640360443075556063e+00 6.640360443098392018e+00
6.515356183358324671e+00 6.515356183358325559e+00 6.515356183358327335e+00 6.515356183358334441e+00 6.515356183358357534e+00 6.515356183358428588e+00 6.515356183358655073e+00 6.515356183359370057e+00 6.515356183361632247e+00 6.515356183368783860e+00 6.515356183391401323e+00
6.389450549973442861e+00 6.389450549973443749e+00 6.389450549973446414e+00 6.389450549973453519e+00 6.389450549973475724e+00 6.389450549973546778e+00 6.389450549973770599e+00 6.389450549974479365e+00 6.389450549976721128e+00 6.389450549983808791e+00 6.389450550006223750e+00
6.262842270496190800e+00 6.262842270496191688e+00 6.262842270496193464e+00 6.262842270496200570e+00 6.262842270496222774e+00 6.262842270496292940e+00 6.262842270496515873e+00 6.262842270497218422e+00 6.262842270499439756e+00 6.262842270506466136e+00 6.262842270528683919e+00
6.135688325901703877e+00 6.135688325901703877e+00 6.135688325901706541e+00 6.135688325901713647e+00 6.135688325901735851e+00 6.135688325901805129e+00 6.135688325902025397e+00 6.135688325902721729e+00 6.135688325904923524e+00 6.135688325911887731e+00 6.135688325933909226e+00
6.008110688508986108e+00 6.008110688508986996e+00 6.008110688508988773e+00 6.008110688508995878e+00 6.008110688509018082e+00 6.008110688509086472e+00 6.008110688509304964e+00 6.008110688509995079e+00 6.008110688512176445e+00 6.008110688519075815e+00 6.008110688540892141e+00
5.880201010341096435e+00 5.880201010341097323e+00 5.880201010341099987e+00 5.880201010341106205e+00 5.880201010341128409e+00 5.880201010341195911e+00 5.880201010341412626e+00 5.880201010342094747e+00 5.880201010344255685e+00 5.880201010351084889e+00 5.880201010372683612e+00
