9.385308841166885685e+00 9.144010408159331860e+00 8.840920404104158692e+00 8.475536382115469891e+00 8.055435778102264521e+00 7.595507599555992861e+00 7.112442724872145128e+00 6.618671079622300724e+00 6.120772605357355012e+00 5.621453240095195980e+00 5.121670215224065181e+00
9.383393618385429846e+00 9.143107490650246305e+00 8.840545153250364052e+00 8.475403380360152283e+00 8.055396378756825015e+00 7.595497569645253577e+00 7.112440289506966273e+00 6.618670444142362719e+00 6.120772422347730668e+00 5.621453184238113465e+00 5.121670197770562538e+00
9.380842964940276474e+00 9.141903749154543846e+00 8.840045928031383227e+00 8.475227549272686289e+00 8.055344980635236851e+00 7.595484797367422658e+00 7.112437291568511455e+00 6.618669685706098704e+00 6.120772207747107174e+00 5.621453119208879912e+00 5.121670177501763455e+00
9.377452368662924087e+00 9.140299837617332557e+00 8.839381413177333613e+00 8.474994693032066095e+00 8.055277707930411424e+00 7.595468451549821864e+00 7.112433581243839065e+00 6.618668777257385116e+00 6.120771955693085076e+00 5.621453043455660215e+00 5.121670153958394422e+00
9.372957089023168820e+00 9.138164952547187525e+00 8.838496726728589437e+00 8.474685883975823231e+00 8.055189397280148711e+00 7.595447432922677322e+00 7.112428964073057358e+00 6.618667684851896382e+00 6.120771659104133455e+00 5.621452955148657615e+00 5.121670126604485951e+00
9.367018664812079010e+00 9.135328017284072288e+00 8.837319201790714729e+00 8.474275914520585928e+00 8.055073167565009129e+00 7.595420284897439700e+00 7.112423186655970397e+00 6.618666365667125184e+00 6.120771309386747738e+00 5.621452852125272237e+00 5.121670094813966401e+00
9.359211484567012462e+00 9.131567271815812958e+00 8.835753053074448360e+00 8.473731272786272584e+00 8.054919848439089591e+00 7.595385074352624777e+00 7.112415917600456439e+00 6.618664765385251947e+00 6.120770896061678457e+00 5.621452731822854432e+00 5.121670057854708524e+00
9.349011916778701803e+00 9.126598672288471548e+00 8.833672788565559486e+00 8.473007524078770558e+00 8.054717223915941915e+00 7.595339232438040433e+00 7.112406722099342105e+00 6.618662814740734035e+00 6.120770406284349541e+00 5.621452591195810200e+00 5.121670014869474485e+00
9.335793997474667094e+00 9.120064134013095014e+00 8.830915340406567893e+00 8.472045965430986314e+00 8.054449036119745386e+00 7.595279342214716678e+00 7.112395027973506423e+00 6.618660424953368704e+00 6.120769824226364619e+00 5.621452426612824738e+00 5.121669964853096779e+00
9.318837135569172148e+00 9.111521629351313933e+00 8.827271128775374009e+00 8.470769434936858744e+00 8.054093682126127973e+00 7.595200855852245247e+00 7.112380080285525707e+00 6.618657481671663234e+00 6.120769130274024583e+00 5.621452233728695624e+00 5.121669906625000657e+00
9.297351885268525962e+00 9.100440439797788272e+00 8.822474702406308822e+00 8.469077200204614186e+00 8.053622525360566442e+00 7.595097718953549126e+00 7.112360880651305450e+00 6.618653836922019806e+00 6.120768299984899130e+00 5.621452007323552991e+00 5.121669838796009344e+00
