2.285278911786955636e+00 2.285278911995451967e+00 2.285278912654776118e+00 2.285278914739742095e+00 2.285278921332983604e+00 2.285278942182642492e+00 2.285279008115044252e+00 2.285279216611514563e+00 2.285279875934335791e+00 2.285281960887074248e+00 2.285288553995651117e+00
2.167828610013343038e+00 2.167828610225754016e+00 2.167828610897455821e+00 2.167828613021562933e+00 2.167828619738580542e+00 2.167828640979653443e+00 2.167828708149815764e+00 2.167828920560431971e+00 2.167829592260903659e+00 2.167831716355550942e+00 2.167838433245118601e+00
2.047889001570693424e+00 2.047889001786113994e+00 2.047889002467333519e+00 2.047889004621537890e+00 2.047889011433731365e+00 2.047889032975776846e+00 2.047889101097697839e+00 2.047889316518041625e+00 2.047889997736134671e+00 2.047892151928408122e+00 2.047898963997675015e+00
1.925948272528493321e+00 1.925948272746210943e+00 1.925948273434694658e+00 1.925948275611870875e+00 1.925948282496707131e+00 1.925948304268469302e+00 1.925948373116818546e+00 1.925948590834332119e+00 1.925949279316733875e+00 1.925951456480972768e+00 1.925958341196011503e+00
1.802423239931248089e+00 1.802423240150708761e+00 1.802423240844703844e+00 1.802423243039309231e+00 1.802423249979260733e+00 1.802423271925313930e+00 1.802423341324819628e+00 1.802423560785244128e+00 1.802424254779229740e+00 1.802426449372782624e+00 1.802433389205709169e+00
1.677660009961805088e+00 1.677660010182581818e+00 1.677660010880739572e+00 1.677660013088507096e+00 1.677660020070081748e+00 1.677660042147758102e+00 1.677660111963492406e+00 1.677660332740149807e+00 1.677661030896441030e+00 1.677663238652477684e+00 1.677670220110013766e+00
1.551939361721974109e+00 1.551939361943741158e+00 1.551939362645030851e+00 1.551939364862703341e+00 1.551939371875599161e+00 1.551939394052322285e+00 1.551939464181270045e+00 1.551939685948396486e+00 1.551940387236834251e+00 1.551942604897677880e+00 1.551949617677855997e+00
1.425484751625434310e+00 1.425484751847944986e+00 1.425484752551585244e+00 1.425484754776691121e+00 1.425484761813094359e+00 1.425484784064153576e+00 1.425484854428173742e+00 1.425485076938663775e+00 1.425485780577830930e+00 1.425488005672401082e+00 1.425495041960757048e+00
1.298471277209171548e+00 1.298471277432238891e+00 1.298471278137640184e+00 1.298471280368314940e+00 1.298471287422327869e+00 1.298471309729074985e+00 1.298471380269194508e+00 1.298471603336561531e+00 1.298472308736732472e+00 1.298474539400135352e+00 1.298481593299190662e+00
1.171034456324543838e+00 1.171034456548027958e+00 1.171034457254747085e+00 1.171034459489588953e+00 1.171034466556778897e+00 1.171034488905195570e+00 1.171034559577086354e+00 1.171034783061150719e+00 1.171035489779038263e+00 1.171037724609464759e+00 1.171044791686181696e+00
1.043278146007914131e+00 1.043278146231709780e+00 1.043278146939414341e+00 1.043278149177372827e+00 1.043278156254418665e+00 1.043278178634001518e+00 1.043278249404449021e+00 1.043278473200176526e+00 1.043279180903633252e+00 1.043281418850731557e+00 1.043288495783510461e+00
