9.437670966936700268e+00 9.437670966936700268e+00 9.437670966936700268e+00 9.437670966936700268e+00 9.437670966936700268e+00 9.437670966936700268e+00 9.437670966936700268e+00 9.437670966936700268e+00 9.437670966936700268e+00 9.437670966936700268e+00 9.437670966936700268e+00
9.315416378846412826e+00 9.315416378846412826e+00 9.315416378846412826e+00 9.315416378846412826e+00 9.315416378846412826e+00 9.315416378846412826e+00 9.315416378846412826e+00 9.315416378846412826e+00 9.315416378846412826e+00 9.315416378846412826e+00 9.315416378846412826e+00
9.191696895701038983e+00 9.191696895701038983e+00 9.191696895701038983e+00 9.191696895701038983e+00 9.191696895701038983e+00 9.191696895701038983e+00 9.191696895701038983e+00 9.191696895701038983e+00 9.191696895701038983e+00 9.191696895701038983e+00 9.191696895701038983e+00
9.066816416578419080e+00 9.066816416578419080e+00 9.066816416578419080e+00 9.066816416578419080e+00 9.066816416578419080e+00 9.066816416578419080e+00 9.066816416578419080e+00 9.066816416578419080e+00 9.066816416578419080e+00 9.066816416578419080e+00 9.066816416578419080e+00
8.941027383296972886e+00 8.941027383296972886e+00 8.941027383296972886e+00 8.941027383296972886e+00 8.941027383296972886e+00 8.941027383296972886e+00 8.941027383296972886e+00 8.941027383296972886e+00 8.941027383296972886e+00 8.941027383296972886e+00 8.941027383296972886e+00
8.814534889132968232e+00 8.814534889132968232e+00 8.814534889132968232e+00 8.814534889132968232e+00 8.814534889132968232e+00 8.814534889132968232e+00 8.814534889132968232e+00 8.814534889132968232e+00 8.814534889132968232e+00 8.814534889132968232e+00 8.814534889132968232e+00
8.687502487195304823e+00 8.687502487195304823e+00 8.687502487195304823e+00 8.687502487195304823e+00 8.687502487195304823e+00 8.687502487195304823e+00 8.687502487195304823e+00 8.687502487195304823e+00 8.687502487195304823e+00 8.687502487195304823e+00 8.687502487195304823e+00
8.560058621508634502e+00 8.560058621508634502e+00 8.560058621508634502e+00 8.560058621508634502e+00 8.560058621508634502e+00 8.560058621508634502e+00 8.560058621508634502e+00 8.560058621508634502e+00 8.560058621508634502e+00 8.560058621508634502e+00 8.560058621508634502e+00
8.432302920266190327e+00 8.432302920266190327e+00 8.432302920266190327e+00 8.432302920266190327e+00 8.432302920266190327e+00 8.432302920266190327e+00 8.432302920266190327e+00 8.432302920266190327e+00 8.432302920266190327e+00 8.432302920266190327e+00 8.432302920266190327e+00
8.304311897906602624e+00 8.304311897906602624e+00 8.304311897906602624e+00 8.304311897906602624e+00 8.304311897906602624e+00 8.304311897906602624e+00 8.304311897906602624e+00 8.304311897906602624e+00 8.304311897906602624e+00 8.304311897906602624e+00 8.304311897906602624e+00
8.176143856311721692e+00 8.176143856311721692e+00 8.176143856311721692e+00 8.176143856311721692e+00 8.176143856311721692e+00 8.176143856311721692e+00 8.176143856311721692e+00 8.176143856311721692e+00 8.176143856311721692e+00 8.176143856311721692e+00 8.176143856311721692e+00
