-2.734170062058475636e+01 -2.783309089467337216e+01 -2.833049519135490968e+01 -2.882968788238233770e+01 -2.932943396864396135e+01 -2.982935381292197619e+01 -3.032932847937007637e+01 -3.082932046958973515e+01 -3.132931793681403576e+01 -3.182931713589395883e+01 -3.232931688262218728e+01
-2.734145406039815285e+01 -2.783306513193538123e+01 -2.833049254530022054e+01 -2.882968760480540737e+01 -2.932943393707428115e+01 -2.982935380856874374e+01 -3.032932847855675362e+01 -3.082932046938887538e+01 -3.132931793675615140e+01 -3.182931713587622014e+01 -3.232931688261663083e+01
-2.734127527160508819e+01 -2.783304644393847838e+01 -2.833049062123339112e+01 -2.882968740148452724e+01 -2.932943391350060480e+01 -2.982935380519295165e+01 -3.032932847789733088e+01 -3.082932046922116598e+01 -3.132931793670719856e+01 -3.182931713586114597e+01 -3.232931688261190573e+01
-2.734114563500607886e+01 -2.783303288530009922e+01 -2.833048922129029634e+01 -2.882968725229183704e+01 -2.932943389582438698e+01 -2.982935380255832669e+01 -3.032932847735985149e+01 -3.082932046908076984e+01 -3.132931793666575970e+01 -3.182931713584833844e+01 -3.232931688260788405e+01
-2.734105163967107543e+01 -2.783302304589095044e+01 -2.833048820196173523e+01 -2.882968714259565246e+01 -2.932943388250971495e+01 -2.982935380048878216e+01 -3.032932847691960632e+01 -3.082932046896297607e+01 -3.132931793663065179e+01 -3.182931713583744937e+01 -3.232931688260446634e+01
-2.734098348524373634e+01 -2.783301590354803068e+01 -2.833048745914273780e+01 -2.882968706175358165e+01 -2.932943387243059874e+01 -2.982935379885255145e+01 -3.032932847655737163e+01 -3.082932046886394772e+01 -3.132931793660089070e+01 -3.182931713582819455e+01 -3.232931688260155312e+01
-2.734093406481525079e+01 -2.783301071730510756e+01 -2.833048691729677415e+01 -2.882968700201969270e+01 -2.932943386476001280e+01 -2.982935379755062755e+01 -3.032932847625809814e+01 -3.082932046878055488e+01 -3.132931793657564157e+01 -3.182931713582032174e+01 -3.232931688259907332e+01
-2.734089822563962713e+01 -2.783300695000324865e+01 -2.833048652160208292e+01 -2.882968695775180024e+01 -2.932943385888920318e+01 -2.982935379650823293e+01 -3.032932847600991622e+01 -3.082932046871022180e+01 -3.132931793655421515e+01 -3.182931713581362843e+01 -3.232931688259697012e+01
-2.734087223226301688e+01 -2.783300421220085141e+01 -2.833048623225902318e+01 -2.882968692483640893e+01 -2.932943385436897543e+01 -2.982935379566862721e+01 -3.032932847580342184e+01 -3.082932046865082398e+01 -3.132931793653602170e+01 -3.182931713580793343e+01 -3.232931688259517244e+01
-2.734085337689218065e+01 -2.783300222152283254e+01 -2.833048602036361174e+01 -2.882968690027135850e+01 -2.932943385086694832e+01 -2.982935379498849926e+01 -3.032932847563110101e+01 -3.082932046860060638e+01 -3.132931793652057095e+01 -3.182931713580309108e+01 -3.232931688259364478e+01
-2.734080332472093389e+01 -2.783299683820619919e+01 -2.833048541605486648e+01 -2.882968682076598910e+01 -2.932943383694211548e+01 -2.982935379170860557e+01 -3.032932847470631899e+01 -3.082932046831940553e+01 -3.132931793643277274e+01 -3.182931713577544031e+01 -3.232931688258491221e+01
