1.005342776492849133e+01 1.005342776492849133e+01 1.005342776492849133e+01 1.005342776492849133e+01 1.005342776492849133e+01 1.005342776492849133e+01 1.005342776492849133e+01 1.005342776492849133e+01 1.005342776492849133e+01 1.005342776492849133e+01 1.005342776492849133e+01
1.003315778054183838e+01 1.003315778054183838e+01 1.003315778054183838e+01 1.003315778054183838e+01 1.003315778054183838e+01 1.003315778054183838e+01 1.003315778054183838e+01 1.003315778054183838e+01 1.003315778054183838e+01 1.003315778054183838e+01 1.003315778054183838e+01
1.001023492212299359e+01 1.001023492212299359e+01 1.001023492212299359e+01 1.001023492212299359e+01 1.001023492212299359e+01 1.001023492212299359e+01 1.001023492212299359e+01 1.001023492212299359e+01 1.001023492212299359e+01 1.001023492212299359e+01 1.001023492212299359e+01
9.984393619052642777e+00 9.984393619052642777e+00 9.984393619052642777e+00 9.984393619052642777e+00 9.984393619052642777e+00 9.984393619052642777e+00 9.984393619052642777e+00 9.984393619052642777e+00 9.984393619052642777e+00 9.984393619052642777e+00 9.984393619052642777e+00
9.955354175720446008e+00 9.955354175720446008e+00 9.955354175720446008e+00 9.955354175720446008e+00 9.955354175720446008e+00 9.955354175720446008e+00 9.955354175720446008e+00 9.955354175720446008e+00 9.955354175720446008e+00 9.955354175720446008e+00 9.955354175720446008e+00
9.922825238674104043e+00 9.922825238674104043e+00 9.922825238674104043e+00 9.922825238674104043e+00 9.922825238674104043e+00 9.922825238674104043e+00 9.922825238674104043e+00 9.922825238674104043e+00 9.922825238674104043e+00 9.922825238674104043e+00 9.922825238674104043e+00
9.886507366990311851e+00 9.886507366990311851e+00 9.886507366990311851e+00 9.886507366990311851e+00 9.886507366990311851e+00 9.886507366990311851e+00 9.886507366990311851e+00 9.886507366990311851e+00 9.886507366990311851e+00 9.886507366990311851e+00 9.886507366990311851e+00
9.846097897348931482e+00 9.846097897348931482e+00 9.846097897348931482e+00 9.846097897348931482e+00 9.846097897348931482e+00 9.846097897348931482e+00 9.846097897348931482e+00 9.846097897348931482e+00 9.846097897348931482e+00 9.846097897348931482e+00 9.846097897348931482e+00
9.801297205817235181e+00 9.801297205817235181e+00 9.801297205817235181e+00 9.801297205817235181e+00 9.801297205817235181e+00 9.801297205817235181e+00 9.801297205817235181e+00 9.801297205817235181e+00 9.801297205817235181e+00 9.801297205817235181e+00 9.801297205817235181e+00
9.751816541362652302e+00 9.751816541362652302e+00 9.751816541362652302e+00 9.751816541362652302e+00 9.751816541362652302e+00 9.751816541362652302e+00 9.751816541362652302e+00 9.751816541362652302e+00 9.751816541362652302e+00 9.751816541362652302e+00 9.751816541362652302e+00
9.697387352004582795e+00 9.697387352004582795e+00 9.697387352004582795e+00 9.697387352004582795e+00 9.697387352004582795e+00 9.697387352004582795e+00 9.697387352004582795e+00 9.697387352004582795e+00 9.697387352004582795e+00 9.697387352004582795e+00 9.697387352004582795e+00
