1.779771451624062806e+00 1.779771451624062806e+00 1.779771451624062806e+00 1.779771451624062806e+00 1.779771451624062806e+00 1.779771451624062806e+00 1.779771451624062806e+00 1.779771451624062806e+00 1.779771451624062806e+00 1.779771451624062806e+00 1.779771451624062806e+00
2.338657873284752942e+00 2.338657873284752942e+00 2.338657873284752942e+00 2.338657873284752942e+00 2.338657873284752942e+00 2.338657873284752942e+00 2.338657873284752942e+00 2.338657873284752942e+00 2.338657873284752942e+00 2.338657873284752942e+00 2.338657873284752942e+00
2.815128283205138970e+00 2.815128283205138970e+00 2.815128283205138970e+00 2.815128283205138970e+00 2.815128283205138970e+00 2.815128283205138970e+00 2.815128283205138970e+00 2.815128283205138970e+00 2.815128283205138970e+00 2.815128283205138970e+00 2.815128283205138970e+00
3.222306464177467245e+00 3.222306464177467245e+00 3.222306464177467245e+00 3.222306464177467245e+00 3.222306464177467245e+00 3.222306464177467245e+00 3.222306464177467245e+00 3.222306464177467245e+00 3.222306464177467245e+00 3.222306464177467245e+00 3.222306464177467245e+00
3.571840786261771150e+00 3.571840786261771150e+00 3.571840786261771150e+00 3.571840786261771150e+00 3.571840786261771150e+00 3.571840786261771150e+00 3.571840786261771150e+00 3.571840786261771150e+00 3.571840786261771150e+00 3.571840786261771150e+00 3.571840786261771150e+00
3.874100557956553281e+00 3.874100557956553281e+00 3.874100557956553281e+00 3.874100557956553281e+00 3.874100557956553281e+00 3.874100557956553281e+00 3.874100557956553281e+00 3.874100557956553281e+00 3.874100557956553281e+00 3.874100557956553281e+00 3.874100557956553281e+00
4.138234087075037593e+00 4.138234087075037593e+00 4.138234087075037593e+00 4.138234087075037593e+00 4.138234087075037593e+00 4.138234087075037593e+00 4.138234087075037593e+00 4.138234087075037593e+00 4.138234087075037593e+00 4.138234087075037593e+00 4.138234087075037593e+00
4.372156634605689263e+00 4.372156634605689263e+00 4.372156634605689263e+00 4.372156634605689263e+00 4.372156634605689263e+00 4.372156634605689263e+00 4.372156634605689263e+00 4.372156634605689263e+00 4.372156634605689263e+00 4.372156634605689263e+00 4.372156634605689263e+00
4.582543088837369716e+00 4.582543088837369716e+00 4.582543088837369716e+00 4.582543088837369716e+00 4.582543088837369716e+00 4.582543088837369716e+00 4.582543088837369716e+00 4.582543088837369716e+00 4.582543088837369716e+00 4.582543088837369716e+00 4.582543088837369716e+00
4.774870964277197594e+00 4.774870964277197594e+00 4.774870964277197594e+00 4.774870964277197594e+00 4.774870964277197594e+00 4.774870964277197594e+00 4.774870964277197594e+00 4.774870964277197594e+00 4.774870964277197594e+00 4.774870964277197594e+00 4.774870964277197594e+00
4.953521587830887363e+00 4.953521587830887363e+00 4.953521587830887363e+00 4.953521587830887363e+00 4.953521587830887363e+00 4.953521587830887363e+00 4.953521587830887363e+00 4.953521587830887363e+00 4.953521587830887363e+00 4.953521587830887363e+00 4.953521587830887363e+00
