2.002286468914070694e-01 2.002286468914070694e-01 2.002286468914070694e-01 2.002286468914070694e-01 2.002286468914070694e-01 2.002286468914070694e-01 2.002286468914070694e-01 2.002286468914070694e-01 2.002286468914070694e-01 2.002286468914070694e-01 2.002286468914070694e-01
2.557720018836066034e-01 2.557720018836066034e-01 2.557720018836066034e-01 2.557720018836066034e-01 2.557720018836066034e-01 2.557720018836066034e-01 2.557720018836066034e-01 2.557720018836066034e-01 2.557720018836066034e-01 2.557720018836066034e-01 2.557720018836066034e-01
3.039781066030931567e-01 3.039781066030931567e-01 3.039781066030931567e-01 3.039781066030931567e-01 3.039781066030931567e-01 3.039781066030931567e-01 3.039781066030931567e-01 3.039781066030931567e-01 3.039781066030931567e-01 3.039781066030931567e-01 3.039781066030931567e-01
3.453950540594529217e-01 3.453950540594529217e-01 3.453950540594529217e-01 3.453950540594529217e-01 3.453950540594529217e-01 3.453950540594529217e-01 3.453950540594529217e-01 3.453950540594529217e-01 3.453950540594529217e-01 3.453950540594529217e-01 3.453950540594529217e-01
3.806378246298586232e-01 3.806378246298586232e-01 3.806378246298586232e-01 3.806378246298586232e-01 3.806378246298586232e-01 3.806378246298586232e-01 3.806378246298586232e-01 3.806378246298586232e-01 3.806378246298586232e-01 3.806378246298586232e-01 3.806378246298586232e-01
4.103536829899398497e-01 4.103536829899398497e-01 4.103536829899398497e-01 4.103536829899398497e-01 4.103536829899398497e-01 4.103536829899398497e-01 4.103536829899398497e-01 4.103536829899398497e-01 4.103536829899398497e-01 4.103536829899398497e-01 4.103536829899398497e-01
4.351929786481905649e-01 4.351929786481905649e-01 4.351929786481905649e-01 4.351929786481905649e-01 4.351929786481905649e-01 4.351929786481905649e-01 4.351929786481905649e-01 4.351929786481905649e-01 4.351929786481905649e-01 4.351929786481905649e-01 4.351929786481905649e-01
4.557861586333742387e-01 4.557861586333742387e-01 4.557861586333742387e-01 4.557861586333742387e-01 4.557861586333742387e-01 4.557861586333742387e-01 4.557861586333742387e-01 4.557861586333742387e-01 4.557861586333742387e-01 4.557861586333742387e-01 4.557861586333742387e-01
4.727269724375671167e-01 4.727269724375671167e-01 4.727269724375671167e-01 4.727269724375671167e-01 4.727269724375671167e-01 4.727269724375671167e-01 4.727269724375671167e-01 4.727269724375671167e-01 4.727269724375671167e-01 4.727269724375671167e-01 4.727269724375671167e-01
4.865613217311826055e-01 4.865613217311826055e-01 4.865613217311826055e-01 4.865613217311826055e-01 4.865613217311826055e-01 4.865613217311826055e-01 4.865613217311826055e-01 4.865613217311826055e-01 4.865613217311826055e-01 4.865613217311826055e-01 4.865613217311826055e-01
5.403917970257967607e-01 5.403917970257967607e-01 5.403917970257967607e-01 5.403917970257967607e-01 5.403917970257967607e-01 5.403917970257967607e-01 5.403917970257967607e-01 5.403917970257967607e-01 5.403917970257967607e-01 5.403917970257967607e-01 5.403917970257967607e-01
