-1.146871490116802894e+00 -6.524286019997193042e-01 -1.552618426507933747e-01 3.334809464180180094e-01 7.449403768009279503e-01 8.622214885298321585e-01 6.205342217702406460e-01 1.881451987004287840e-01 -3.011173882357415232e-01 -7.999002192359258023e-01 -1.299775854672742481e+00
-1.010490990640989351e+00 -5.161049466921385775e-01 -1.934637818443469409e-02 4.655803245533299273e-01 8.519248739924045744e-01 9.156094652046098403e-01 6.370218446916827704e-01 1.911522650402058265e-01 -3.007575534789290184e-01 -7.998632024004547203e-01 -1.299772142458659241e+00
-8.735838731431613269e-01 -3.792668850869744812e-01 1.169345801960800790e-01 5.967258195309452784e-01 9.527552127533581716e-01 9.625381115703895984e-01 6.505704986156054526e-01 1.934534665639217887e-01 -3.004916848726283951e-01 -7.998360458859806732e-01 -1.299769421500985400e+00
-7.362281216768363779e-01 -2.419987133444133909e-01 2.534410385238037300e-01 7.263668708779332794e-01 1.046702966825843628e+00 1.003401303466749717e+00 6.615736696540227557e-01 1.951986921754872706e-01 -3.002959587652969664e-01 -7.998161624737820663e-01 -1.299767430623684605e+00
-5.984907963981344059e-01 -1.043758567007853355e-01 3.900218427005640587e-01 8.538504439569754023e-01 1.133248625952981037e+00 1.038646258455099280e+00 6.704052911827675931e-01 1.965117488467531259e-01 -3.001522976745076843e-01 -7.998016283757549694e-01 -1.299765976122462918e+00
-4.604296979748471741e-01 3.353263191805713750e-02 5.265054007389822210e-01 9.784166835614591662e-01 1.212105328712302255e+00 1.068751477213413681e+00 6.774124711559696976e-01 1.974928263751091206e-01 -3.000471060468645756e-01 -7.997910192288310016e-01 -1.299764914851673447e+00
-3.220948570331937377e-01 1.716614512641240209e-01 6.626884223094139381e-01 1.099210706240903113e+00 1.283211922944442307e+00 1.094210156000323009e+00 6.829100875156735029e-01 1.982215310800650443e-01 -2.999702328860097134e-01 -7.997832841682736005e-01 -1.299764141349136093e+00
-1.835298869378168551e-01 3.099461633632169533e-01 7.983223849704201847e-01 1.215316125807244907e+00 1.346702663831424118e+00 1.115517510994094685e+00 6.871773782611548809e-01 1.987601008815494119e-01 -2.999141432566857501e-01 -7.997776501592516185e-01 -1.299763578114984108e+00
-4.477324109510352756e-02 4.483198545160952952e-01 9.330977387775623022e-01 1.325811512361307454e+00 1.402865144377740236e+00 1.133160658590422587e+00 6.904565283178845103e-01 1.991565168235200911e-01 -2.998732703043623937e-01 -7.997735499279176041e-01 -1.299763168321120599e+00
9.414057941871600832e-02 5.867091167557877407e-01 1.066626487590561334e+00 1.429843299711437199e+00 1.452097044888855493e+00 1.147610122184871129e+00 6.929530966249103363e-01 1.994473282455244967e-01 -2.998435166386744788e-01 -7.997705680380042814e-01 -1.299762870373829982e+00
2.331798150123604030e-01 7.250290667519821985e-01 1.198424872813990572e+00 1.526700667343732665e+00 1.494868395000981565e+00 1.159312489675113911e+00 6.948379794057513159e-01 1.996600974841697962e-01 -2.998218754887390092e-01 -7.997684007655111449e-01 -1.299762653877128749e+00
