7.086600868158374311e+00 7.086600868158352107e+00 7.086600868158283717e+00 7.086600868158065225e+00 7.086600868157375999e+00 7.086600868155195521e+00 7.086600868148300592e+00 7.086600868126498476e+00 7.086600868057551850e+00 7.086600867839523588e+00 7.086600867150057326e+00
7.067449822623228073e+00 7.067449822623212086e+00 7.067449822623161459e+00 7.067449822623003364e+00 7.067449822622502431e+00 7.067449822620918809e+00 7.067449822615911259e+00 7.067449822600076814e+00 7.067449822550002203e+00 7.067449822391654202e+00 7.067449821890911643e+00
7.044924093922110053e+00 7.044924093922100283e+00 7.044924093922067421e+00 7.044924093921966168e+00 7.044924093921642871e+00 7.044924093920623243e+00 7.044924093917396490e+00 7.044924093907194873e+00 7.044924093874932680e+00 7.044924093772910290e+00 7.044924093450289249e+00
7.018611747653709543e+00 7.018611747653705102e+00 7.018611747653689115e+00 7.018611747653639377e+00 7.018611747653481281e+00 7.018611747652982125e+00 7.018611747651403832e+00 7.018611747646414045e+00 7.018611747630632003e+00 7.018611747580727034e+00 7.018611747422913716e+00
6.988093790837131891e+00 6.988093790837131891e+00 6.988093790837131003e+00 6.988093790837128338e+00 6.988093790837119457e+00 6.988093790837092811e+00 6.988093790837007546e+00 6.988093790836738428e+00 6.988093790835887553e+00 6.988093790833196373e+00 6.988093790824685847e+00
6.952954362745208172e+00 6.952954362745212613e+00 6.952954362745225048e+00 6.952954362745264127e+00 6.952954362745387584e+00 6.952954362745779271e+00 6.952954362747016503e+00 6.952954362750929818e+00 6.952954362763304808e+00 6.952954362802438837e+00 6.952954362926190512e+00
6.912792648816624919e+00 6.912792648816632912e+00 6.912792648816656893e+00 6.912792648816731500e+00 6.912792648816970420e+00 6.912792648817723595e+00 6.912792648820104802e+00 6.912792648827636555e+00 6.912792648851453059e+00 6.912792648926767924e+00 6.912792649164933856e+00
6.867236267666594784e+00 6.867236267666605443e+00 6.867236267666639193e+00 6.867236267666744887e+00 6.867236267667079730e+00 6.867236267668137550e+00 6.867236267671484207e+00 6.867236267682067741e+00 6.867236267715535192e+00 6.867236267821368756e+00 6.867236268156042378e+00
6.815955783343008889e+00 6.815955783343022212e+00 6.815955783343063068e+00 6.815955783343194518e+00 6.815955783343608410e+00 6.815955783344916696e+00 6.815955783349056496e+00 6.815955783362145581e+00 6.815955783403536472e+00 6.815955783534426438e+00 6.815955783948337121e+00
6.758679749508925028e+00 6.758679749508940127e+00 6.758679749508988088e+00 6.758679749509138190e+00 6.758679749509615142e+00 6.758679749511124157e+00 6.758679749515895452e+00 6.758679749530982939e+00 6.758679749578692331e+00 6.758679749729565422e+00 6.758679750206665560e+00
6.695209565295651366e+00 6.695209565295668241e+00 6.695209565295720644e+00 6.695209565295886733e+00 6.695209565296412535e+00 6.695209565298076093e+00 6.695209565303334998e+00 6.695209565319966138e+00 6.695209565372556959e+00 6.695209565538863927e+00 6.695209566064774798e+00
