-5.643262226453108710e+00 -6.143262226450053376e+00 -6.643262226449087926e+00 -7.143262226448782393e+00 -7.643262226448685581e+00 -8.143262226448655383e+00 -8.643262226448644725e+00 -9.143262226448641172e+00 -9.643262226448641172e+00 -1.014326222644864117e+01 -1.064326222644864117e+01
-5.643262226453108710e+00 -6.143262226450053376e+00 -6.643262226449087926e+00 -7.143262226448782393e+00 -7.643262226448685581e+00 -8.143262226448655383e+00 -8.643262226448644725e+00 -9.143262226448641172e+00 -9.643262226448641172e+00 -1.014326222644864117e+01 -1.064326222644864117e+01
-5.643262226453108710e+00 -6.143262226450053376e+00 -6.643262226449087926e+00 -7.143262226448782393e+00 -7.643262226448685581e+00 -8.143262226448655383e+00 -8.643262226448644725e+00 -9.143262226448641172e+00 -9.643262226448641172e+00 -1.014326222644864117e+01 -1.064326222644864117e+01
-5.643262226453108710e+00 -6.143262226450053376e+00 -6.643262226449087926e+00 -7.143262226448782393e+00 -7.643262226448685581e+00 -8.143262226448655383e+00 -8.643262226448644725e+00 -9.143262226448641172e+00 -9.643262226448641172e+00 -1.014326222644864117e+01 -1.064326222644864117e+01
-5.643262226453108710e+00 -6.143262226450053376e+00 -6.643262226449087926e+00 -7.143262226448782393e+00 -7.643262226448685581e+00 -8.143262226448655383e+00 -8.643262226448644725e+00 -9.143262226448641172e+00 -9.643262226448641172e+00 -1.014326222644864117e+01 -1.064326222644864117e+01
-5.643262226453109598e+00 -6.143262226450053376e+00 -6.643262226449087926e+00 -7.143262226448782393e+00 -7.643262226448685581e+00 -8.143262226448655383e+00 -8.643262226448644725e+00 -9.143262226448641172e+00 -9.643262226448641172e+00 -1.014326222644864117e+01 -1.064326222644864117e+01
-5.643262226453109598e+00 -6.143262226450053376e+00 -6.643262226449087926e+00 -7.143262226448782393e+00 -7.643262226448685581e+00 -8.143262226448655383e+00 -8.643262226448644725e+00 -9.143262226448641172e+00 -9.643262226448641172e+00 -1.014326222644864117e+01 -1.064326222644864117e+01
-5.643262226453109598e+00 -6.143262226450053376e+00 -6.643262226449087926e+00 -7.143262226448782393e+00 -7.643262226448685581e+00 -8.143262226448655383e+00 -8.643262226448644725e+00 -9.143262226448641172e+00 -9.643262226448641172e+00 -1.014326222644864117e+01 -1.064326222644864117e+01
-5.643262226453108710e+00 -6.143262226450053376e+00 -6.643262226449087926e+00 -7.143262226448782393e+00 -7.643262226448685581e+00 -8.143262226448655383e+00 -8.643262226448644725e+00 -9.143262226448641172e+00 -9.643262226448641172e+00 -1.014326222644864117e+01 -1.064326222644864117e+01
-5.643262226453108710e+00 -6.143262226450053376e+00 -6.643262226449087926e+00 -7.143262226448782393e+00 -7.643262226448685581e+00 -8.143262226448655383e+00 -8.643262226448644725e+00 -9.143262226448641172e+00 -9.643262226448641172e+00 -1.014326222644864117e+01 -1.064326222644864117e+01
-5.643262226453108710e+00 -6.143262226450053376e+00 -6.643262226449087926e+00 -7.143262226448782393e+00 -7.643262226448685581e+00 -8.143262226448655383e+00 -8.643262226448644725e+00 -9.143262226448641172e+00 -9.643262226448641172e+00 -1.014326222644864117e+01 -1.064326222644864117e+01
