3.198293910787822103e+00 3.198293910787862959e+00 3.198293910787993077e+00 3.198293910788404304e+00 3.198293910789705041e+00 3.198293910793817307e+00 3.198293910806822016e+00 3.198293910847946897e+00 3.198293910977995314e+00 3.198293911389243682e+00 3.198293912689726071e+00
3.070062564814464157e+00 3.070062564814505013e+00 3.070062564814635131e+00 3.070062564815046802e+00 3.070062564816347539e+00 3.070062564820460693e+00 3.070062564833468510e+00 3.070062564874601829e+00 3.070062565004676891e+00 3.070062565416011413e+00 3.070062566716764696e+00
2.941712503399578349e+00 2.941712503399619649e+00 2.941712503399749767e+00 2.941712503400160994e+00 2.941712503401462175e+00 2.941712503405576218e+00 2.941712503418585367e+00 2.941712503459725347e+00 2.941712503589820393e+00 2.941712504001216644e+00 2.941712505302166658e+00
2.813273509220532098e+00 2.813273509220573398e+00 2.813273509220703517e+00 2.813273509221114743e+00 2.813273509222415925e+00 2.813273509226530411e+00 2.813273509239541337e+00 2.813273509280685314e+00 2.813273509410794571e+00 2.813273509822235674e+00 2.813273511123327353e+00
2.684767845980359890e+00 2.684767845980401191e+00 2.684767845980531309e+00 2.684767845980942980e+00 2.684767845982244161e+00 2.684767845986358648e+00 2.684767845999370905e+00 2.684767846040517991e+00 2.684767846170637018e+00 2.684767846582109652e+00 2.684767847883300806e+00
2.556212106080428814e+00 2.556212106080469670e+00 2.556212106080599789e+00 2.556212106081011459e+00 2.556212106082312641e+00 2.556212106086427571e+00 2.556212106099439829e+00 2.556212106140589579e+00 2.556212106270715267e+00 2.556212106682209662e+00 2.556212107983468318e+00
2.427618609475314493e+00 2.427618609475355793e+00 2.427618609475485911e+00 2.427618609475897138e+00 2.427618609477198319e+00 2.427618609481313694e+00 2.427618609494326840e+00 2.427618609535477479e+00 2.427618609665607607e+00 2.427618610077115324e+00 2.427618611378417501e+00
2.298996502255560959e+00 2.298996502255601815e+00 2.298996502255731933e+00 2.298996502256143604e+00 2.298996502257445229e+00 2.298996502261560160e+00 2.298996502274573306e+00 2.298996502315724832e+00 2.298996502445857626e+00 2.298996502857372892e+00 2.298996504158698606e+00
2.170352484440697172e+00 2.170352484440738028e+00 2.170352484440868146e+00 2.170352484441279817e+00 2.170352484442580998e+00 2.170352484446695929e+00 2.170352484459709519e+00 2.170352484500861490e+00 2.170352484630994727e+00 2.170352485042512658e+00 2.170352486343846365e+00
2.041691459472714687e+00 2.041691459472755543e+00 2.041691459472885661e+00 2.041691459473297332e+00 2.041691459474598513e+00 2.041691459478713888e+00 2.041691459491727034e+00 2.041691459532878561e+00 2.041691459663011798e+00 2.041691460074527953e+00 2.041691461375856331e+00
1.913016962068090576e+00 1.913016962068131654e+00 1.913016962068261995e+00 1.913016962068673443e+00 1.913016962069974847e+00 1.913016962074089777e+00 1.913016962087102923e+00 1.913016962128254006e+00 1.913016962258385245e+00 1.913016962669896293e+00 1.913016963971208240e+00
