6.257928318427170566e-01 6.257928318427170566e-01 6.257928318427170566e-01 6.257928318427170566e-01 6.257928318427171677e-01 6.257928318427171677e-01 6.257928318427172787e-01 6.257928318427178338e-01 6.257928318427191661e-01 6.257928318427232739e-01 6.257928318427362635e-01
4.970187606583375550e-01 4.970187606583375550e-01 4.970187606583375550e-01 4.970187606583375550e-01 4.970187606583375550e-01 4.970187606583375550e-01 4.970187606583377216e-01 4.970187606583382212e-01 4.970187606583394979e-01 4.970187606583436057e-01 4.970187606583564843e-01
3.682306677447109711e-01 3.682306677447109711e-01 3.682306677447109711e-01 3.682306677447109711e-01 3.682306677447109711e-01 3.682306677447109711e-01 3.682306677447111376e-01 3.682306677447115262e-01 3.682306677447128029e-01 3.682306677447169108e-01 3.682306677447299559e-01
2.394262816044815112e-01 2.394262816044815112e-01 2.394262816044815112e-01 2.394262816044815112e-01 2.394262816044815112e-01 2.394262816044815112e-01 2.394262816044816777e-01 2.394262816044821218e-01 2.394262816044834541e-01 2.394262816044875342e-01 2.394262816045007458e-01
1.106032244163471095e-01 1.106032244163471095e-01 1.106032244163471095e-01 1.106032244163471095e-01 1.106032244163471095e-01 1.106032244163471095e-01 1.106032244163472622e-01 1.106032244163477063e-01 1.106032244163488998e-01 1.106032244163530076e-01 1.106032244163660944e-01
-1.824162147205475246e-02 -1.824162147205475246e-02 -1.824162147205475246e-02 -1.824162147205475246e-02 -1.824162147205475246e-02 -1.824162147205465184e-02 -1.824162147205455123e-02 -1.824162147205414877e-02 -1.824162147205288936e-02 -1.824162147204871562e-02 -1.824162147203584397e-02
-1.471119671373838644e-01 -1.471119671373838644e-01 -1.471119671373838644e-01 -1.471119671373838644e-01 -1.471119671373838089e-01 -1.471119671373836701e-01 -1.471119671373835869e-01 -1.471119671373831983e-01 -1.471119671373819215e-01 -1.471119671373778415e-01 -1.471119671373648519e-01
-2.760116384759572772e-01 -2.760116384759572772e-01 -2.760116384759572772e-01 -2.760116384759572772e-01 -2.760116384759572772e-01 -2.760116384759572772e-01 -2.760116384759570551e-01 -2.760116384759567221e-01 -2.760116384759555563e-01 -2.760116384759513375e-01 -2.760116384759383479e-01
-4.049457190321936184e-01 -4.049457190321936184e-01 -4.049457190321936184e-01 -4.049457190321936184e-01 -4.049457190321936184e-01 -4.049457190321936184e-01 -4.049457190321934519e-01 -4.049457190321929523e-01 -4.049457190321917310e-01 -4.049457190321875122e-01 -4.049457190321745226e-01
-5.339199239343704884e-01 -5.339199239343704884e-01 -5.339199239343704884e-01 -5.339199239343704884e-01 -5.339199239343704884e-01 -5.339199239343703773e-01 -5.339199239343702663e-01 -5.339199239343698222e-01 -5.339199239343684900e-01 -5.339199239343644932e-01 -5.339199239343513925e-01
-6.629411166291506730e-01 -6.629411166291506730e-01 -6.629411166291506730e-01 -6.629411166291506730e-01 -6.629411166291506730e-01 -6.629411166291505619e-01 -6.629411166291504509e-01 -6.629411166291500068e-01 -6.629411166291487856e-01 -6.629411166291446778e-01 -6.629411166291317992e-01
