7.210890336838216008e-01 1.002936797343545017e+00 1.402556712000282868e+00 1.865230330355858390e+00 2.352094654321114309e+00 2.841813653503269865e+00 3.296699516887863446e+00 3.653604077162946329e+00 3.903291785067344311e+00 4.053240516084287037e+00 4.091539003953089448e+00
5.608775991966307162e-01 8.274499264968072643e-01 1.216714075163327635e+00 1.674835440869353320e+00 2.160299977558189699e+00 2.651645469748587391e+00 3.118535926092623978e+00 3.497128283858820463e+00 3.766439374820957031e+00 3.935948324916751950e+00 3.997542879458903631e+00
3.961448419340069527e-01 6.449533011395511828e-01 1.021308227622578002e+00 1.473509320934806910e+00 1.956983529725067950e+00 2.449120978419527361e+00 2.925711566652876794e+00 3.326654201627582186e+00 3.617307036551263622e+00 3.807218934809960764e+00 3.892485592746968592e+00
2.262208686109636879e-01 4.544429211998093909e-01 8.147780424355304252e-01 1.259239840382034847e+00 1.739943459203872056e+00 2.232132464305131681e+00 2.716033907854510154e+00 3.139198112423141840e+00 3.453367833488893979e+00 3.664894245153277996e+00 3.774403302845114272e+00
5.023469571463801131e-02 2.551254804779613528e-01 5.954583519962735050e-01 1.029665237060847005e+00 1.506517138019303204e+00 1.998040930346606681e+00 2.486993507060693442e+00 2.931078357585220395e+00 3.271359378296459841e+00 3.506213760155508119e+00 3.640803629220690674e+00
-1.330302912430225970e-01 4.597778944075427837e-02 3.615895643206732402e-01 7.820670642454631283e-01 1.253508440042528482e+00 1.743577156390683891e+00 2.235603173679257427e+00 2.697915422858542467e+00 3.067032923739823502e+00 3.327620391658733023e+00 3.488510080830197868e+00
-3.253923242969400387e-01 -1.741747606285690697e-01 1.113578162810848066e-01 5.133741252964661994e-01 9.771317704941722138e-01 1.464735044871389835e+00 1.958182265884735651e+00 2.434796443909711172e+00 2.834826245495109642e+00 3.124487995274714880e+00 3.313448155488987634e+00
-5.296958292706885896e-01 -4.070181593406360654e-01 -1.571115562380088482e-01 2.202182423860203631e-01 6.728955175854611781e-01 1.156666156833352943e+00 1.650132542977637229e+00 2.136539450607821244e+00 2.567520261227433931e+00 2.890727792420062503e+00 3.110358630175601657e+00
-7.505193490241072185e-01 -6.554914543961697371e-01 -4.455830632912343159e-01 -1.008186735590604760e-01 3.357929697477489706e-01 8.135906320302230821e-01 1.305740892062367209e+00 1.797738235815121488e+00 2.256172687153445988e+00 2.618207626946471578e+00 2.872390397885774771e+00
-9.953464301255521285e-01 -9.252119216235193955e-01 -7.574291355640114798e-01 -4.535474313618993447e-01 -3.989731605793275099e-02 4.287067635923144104e-01 9.180598267689453751e-01 1.412323727747573532e+00 1.890978961445397788e+00 2.295937479544613691e+00 2.590491091805821711e+00
-1.277119086314977059e+00 -1.227429221170906581e+00 -1.099715101182122901e+00 -8.430749409277271678e-01 -4.608755213311536147e-01 -5.950409843023533180e-03 4.786536810714964174e-01 9.728572174313899756e-01 1.463090631859914392e+00 1.909364748650447030e+00 2.252426641274373864e+00
