7.366636073636941617e+00 6.989598315999875133e+00 6.560381614086818303e+00 6.094695952588057075e+00 5.608760556991203572e+00 5.113825010014479311e+00 4.615515167023287901e+00 4.116060114809048542e+00 3.616233559862877200e+00 3.116288522284307749e+00 2.616305914440224534e+00
7.366626839602181676e+00 6.989595363297303798e+00 6.560380871980589390e+00 6.094695809232632655e+00 5.608760534704948064e+00 5.113825006794025185e+00 4.615515166489596588e+00 4.116060114693485872e+00 3.616233559831830036e+00 3.116288522275045381e+00 2.616305914437351277e+00
7.366623663522776866e+00 6.989594350294872527e+00 6.560380618851052503e+00 6.094695761029102599e+00 5.608760527485944003e+00 5.113825005843003702e+00 4.615515166357508470e+00 4.116060114670227144e+00 3.616233559826387722e+00 3.116288522273517714e+00 2.616305914436887647e+00
7.366619393467370713e+00 6.989592988775930493e+00 6.560380278868612081e+00 6.094695696398171769e+00 5.608760517851763439e+00 5.113825004589481082e+00 4.615515166188163931e+00 4.116060114641597600e+00 3.616233559819908905e+00 3.116288522271728922e+00 2.616305914436348079e+00
7.366613652403882107e+00 6.989591158682647354e+00 6.560379822150423479e+00 6.094695609705672368e+00 5.608760504981334272e+00 5.113825002933197084e+00 4.615515165970040634e+00 4.116060114606169051e+00 3.616233559812171094e+00 3.116288522269632377e+00 2.616305914435720137e+00
7.366605933346669133e+00 6.989588698578432790e+00 6.560379208519255378e+00 6.094695493379303386e+00 5.608760487772300962e+00 5.113825000739962157e+00 4.615515165687850363e+00 4.116060114562085204e+00 3.616233559802895403e+00 3.116288522267170791e+00 2.616305914434989166e+00
7.366595554580364968e+00 6.989585391385527480e+00 6.560378383955302262e+00 6.094695337240992217e+00 5.608760464744313445e+00 5.113824997830060504e+00 4.615515165321279589e+00 4.116060114506931100e+00 3.616233559791732333e+00 3.116288522264275329e+00 2.616305914434136959e+00
7.366581599474051778e+00 6.989580945208921925e+00 6.560377275825016952e+00 6.094695127609154106e+00 5.608760433909012022e+00 5.113824993962663434e+00 4.615515164843294826e+00 4.116060114437549267e+00 3.616233559778239570e+00 3.116288522260862504e+00 2.616305914433143531e+00
7.366562835599101078e+00 6.989574967556441365e+00 6.560375786465723280e+00 6.094694846091548435e+00 5.608760392595228517e+00 5.113824988814899442e+00 4.615515164217864452e+00 4.116060114349799015e+00 3.616233559761857563e+00 3.116288522256831062e+00 2.616305914431984014e+00
7.366537606054105680e+00 6.989566930682494572e+00 6.560373784559192067e+00 6.094694467961994988e+00 5.608760337213960945e+00 5.113824981953711379e+00 4.615515163396917586e+00 4.116060114238231371e+00 3.616233559741871328e+00 3.116288522252056215e+00 2.616305914430629098e+00
7.366503683503748512e+00 6.989556125009055876e+00 6.560371093533460929e+00 6.094693959977631081e+00 5.608760262942375618e+00 5.113824972798046709e+00 4.615515162316243369e+00 4.116060114095662748e+00 3.616233559717363821e+00 3.116288522246386083e+00 2.616305914429045032e+00
