-8.141576298858442584e+00 -8.141576298858442584e+00 -8.141576298858442584e+00 -8.141576298858442584e+00 -8.141576298858442584e+00 -8.141576298858442584e+00 -8.141576298858442584e+00 -8.141576298858442584e+00 -8.141576298858442584e+00 -8.141576298858442584e+00 -8.141576298858440808e+00
-8.531220321135986495e+00 -8.531220321135986495e+00 -8.531220321135986495e+00 -8.531220321135986495e+00 -8.531220321135986495e+00 -8.531220321135986495e+00 -8.531220321135986495e+00 -8.531220321135986495e+00 -8.531220321135984719e+00 -8.531220321135984719e+00 -8.531220321135981166e+00
-8.991373442614211342e+00 -8.991373442614211342e+00 -8.991373442614211342e+00 -8.991373442614211342e+00 -8.991373442614211342e+00 -8.991373442614211342e+00 -8.991373442614211342e+00 -8.991373442614211342e+00 -8.991373442614209566e+00 -8.991373442614207789e+00 -8.991373442614204237e+00
-9.527737671351411919e+00 -9.527737671351411919e+00 -9.527737671351411919e+00 -9.527737671351411919e+00 -9.527737671351411919e+00 -9.527737671351411919e+00 -9.527737671351411919e+00 -9.527737671351411919e+00 -9.527737671351410143e+00 -9.527737671351406590e+00 -9.527737671351397708e+00
-1.017736498183560023e+01 -1.017736498183560023e+01 -1.017736498183560023e+01 -1.017736498183560023e+01 -1.017736498183560023e+01 -1.017736498183560023e+01 -1.017736498183559846e+01 -1.017736498183559846e+01 -1.017736498183559490e+01 -1.017736498183558602e+01 -1.017736498183555938e+01
-1.099247170407939400e+01 -1.099247170407939400e+01 -1.099247170407939400e+01 -1.099247170407939400e+01 -1.099247170407939400e+01 -1.099247170407939400e+01 -1.099247170407939223e+01 -1.099247170407938867e+01 -1.099247170407937801e+01 -1.099247170407934604e+01 -1.099247170407923946e+01
-1.203510414892870806e+01 -1.203510414892870806e+01 -1.203510414892870806e+01 -1.203510414892870806e+01 -1.203510414892870628e+01 -1.203510414892870450e+01 -1.203510414892869917e+01 -1.203510414892867786e+01 -1.203510414892861213e+01 -1.203510414892840785e+01 -1.203510414892775771e+01
-1.337993179422526424e+01 -1.337993179422526424e+01 -1.337993179422526424e+01 -1.337993179422526069e+01 -1.337993179422525358e+01 -1.337993179422523049e+01 -1.337993179422515411e+01 -1.337993179422491430e+01 -1.337993179422415757e+01 -1.337993179422176127e+01 -1.337993179421418510e+01
-1.516813014130659987e+01 -1.516813014130659276e+01 -1.516813014130656967e+01 -1.516813014130649861e+01 -1.516813014130626946e+01 -1.516813014130554471e+01 -1.516813014130325499e+01 -1.516813014129601278e+01 -1.516813014127311199e+01 -1.516813014120069525e+01 -1.516813014097169088e+01
-1.760485217381747702e+01 -1.760485217381657819e+01 -1.760485217381373602e+01 -1.760485217380475831e+01 -1.760485217377635792e+01 -1.760485217368654887e+01 -1.760485217340255204e+01 -1.760485217250447931e+01 -1.760485216966452171e+01 -1.760485216068378023e+01 -1.760485213228418999e+01
-2.094286409946272087e+01 -2.094286409865878795e+01 -2.094286409611653710e+01 -2.094286408807723276e+01 -2.094286406265471712e+01 -2.094286398226167734e+01 -2.094286372803666296e+01 -2.094286292410755834e+01 -2.094286038187030030e+01 -2.094285234270815010e+01 -2.094282692162458659e+01
