4.538765303442469090e+00 4.538765303442469090e+00 4.538765303442469090e+00 4.538765303442469090e+00 4.538765303442469090e+00 4.538765303442469090e+00 4.538765303442469090e+00 4.538765303442469090e+00 4.538765303442469090e+00 4.538765303442469090e+00 4.538765303442469090e+00
4.410058272456819140e+00 4.410058272456819140e+00 4.410058272456819140e+00 4.410058272456819140e+00 4.410058272456819140e+00 4.410058272456819140e+00 4.410058272456819140e+00 4.410058272456819140e+00 4.410058272456819140e+00 4.410058272456819140e+00 4.410058272456819140e+00
4.281310372748768245e+00 4.281310372748768245e+00 4.281310372748768245e+00 4.281310372748768245e+00 4.281310372748768245e+00 4.281310372748768245e+00 4.281310372748768245e+00 4.281310372748768245e+00 4.281310372748768245e+00 4.281310372748768245e+00 4.281310372748768245e+00
4.152523350136422486e+00 4.152523350136422486e+00 4.152523350136422486e+00 4.152523350136422486e+00 4.152523350136422486e+00 4.152523350136422486e+00 4.152523350136422486e+00 4.152523350136422486e+00 4.152523350136422486e+00 4.152523350136422486e+00 4.152523350136422486e+00
4.023697338830677595e+00 4.023697338830677595e+00 4.023697338830677595e+00 4.023697338830677595e+00 4.023697338830677595e+00 4.023697338830677595e+00 4.023697338830677595e+00 4.023697338830677595e+00 4.023697338830677595e+00 4.023697338830677595e+00 4.023697338830677595e+00
3.894829822878563608e+00 3.894829822878563608e+00 3.894829822878563608e+00 3.894829822878563608e+00 3.894829822878563608e+00 3.894829822878563608e+00 3.894829822878563608e+00 3.894829822878563608e+00 3.894829822878563608e+00 3.894829822878563608e+00 3.894829822878563608e+00
3.765916792826252024e+00 3.765916792826252024e+00 3.765916792826252024e+00 3.765916792826252024e+00 3.765916792826252024e+00 3.765916792826252024e+00 3.765916792826252024e+00 3.765916792826252024e+00 3.765916792826252024e+00 3.765916792826252024e+00 3.765916792826252024e+00
3.636951270669419589e+00 3.636951270669419589e+00 3.636951270669419589e+00 3.636951270669419589e+00 3.636951270669419589e+00 3.636951270669419589e+00 3.636951270669419589e+00 3.636951270669419589e+00 3.636951270669419589e+00 3.636951270669419589e+00 3.636951270669420033e+00
3.507924223302984146e+00 3.507924223302984146e+00 3.507924223302984146e+00 3.507924223302984146e+00 3.507924223302984146e+00 3.507924223302984146e+00 3.507924223302984146e+00 3.507924223302984146e+00 3.507924223302984146e+00 3.507924223302984146e+00 3.507924223302984146e+00
3.378823633602639376e+00 3.378823633602639376e+00 3.378823633602639376e+00 3.378823633602639376e+00 3.378823633602639376e+00 3.378823633602639376e+00 3.378823633602639376e+00 3.378823633602639376e+00 3.378823633602639376e+00 3.378823633602639376e+00 3.378823633602639376e+00
3.249633697739492177e+00 3.249633697739492177e+00 3.249633697739492177e+00 3.249633697739492177e+00 3.249633697739492177e+00 3.249633697739492177e+00 3.249633697739492177e+00 3.249633697739492177e+00 3.249633697739492177e+00 3.249633697739492177e+00 3.249633697739492177e+00
