6.547462135222338553e+00 6.547462135224440871e+00 6.547462135231090663e+00 6.547462135252118287e+00 6.547462135318613541e+00 6.547462135528888894e+00 6.547462136193840543e+00 6.547462138296600287e+00 6.547462144946112339e+00 6.547462165973712445e+00 6.547462232468816090e+00
6.423627074835130735e+00 6.423627074837219730e+00 6.423627074843826890e+00 6.423627074864718622e+00 6.423627074930786662e+00 6.423627075139711096e+00 6.423627075800387054e+00 6.423627077889627834e+00 6.423627084496387418e+00 6.423627105388795222e+00 6.423627171456383067e+00
6.298651036450769958e+00 6.298651036452848295e+00 6.298651036459422592e+00 6.298651036480210408e+00 6.298651036545947157e+00 6.298651036753825316e+00 6.298651037411193698e+00 6.298651039489976178e+00 6.298651046063663550e+00 6.298651066851485680e+00 6.298651132588345192e+00
6.172784491013621810e+00 6.172784491015692154e+00 6.172784491022240694e+00 6.172784491042947685e+00 6.172784491108430416e+00 6.172784491315502997e+00 6.172784491970326748e+00 6.172784494041057890e+00 6.172784500589287404e+00 6.172784521296605043e+00 6.172784586778885974e+00
6.046229981853508129e+00 6.046229981855572255e+00 6.046229981862101255e+00 6.046229981882746962e+00 6.046229981948033405e+00 6.046229982154487814e+00 6.046229982807355796e+00 6.046229984871904328e+00 6.046229991400580595e+00 6.046230012046065916e+00 6.046230077332817032e+00
5.919148401331341347e+00 5.919148401333401921e+00 5.919148401339914933e+00 5.919148401360513567e+00 5.919148401425649908e+00 5.919148401631629142e+00 5.919148402282993437e+00 5.919148404342787551e+00 5.919148410856429621e+00 5.919148431454374304e+00 5.919148496590787012e+00
5.791665700483225265e+00 5.791665700485281398e+00 5.791665700491782864e+00 5.791665700512344195e+00 5.791665700577364184e+00 5.791665700782976600e+00 5.791665701433179159e+00 5.791665703489299766e+00 5.791665709991323574e+00 5.791665730552526981e+00 5.791665795572757069e+00
5.663879320024957309e+00 5.663879320027010777e+00 5.663879320033504250e+00 5.663879320054036270e+00 5.663879320118965666e+00 5.663879320324291200e+00 5.663879320973586928e+00 5.663879323026838719e+00 5.663879329519791561e+00 5.663879350052312134e+00 5.663879414981836113e+00
5.535863938427782571e+00 5.535863938429834263e+00 5.535863938436319742e+00 5.535863938456829558e+00 5.535863938521687011e+00 5.535863938726784284e+00 5.535863939375359699e+00 5.535863941426335089e+00 5.535863947912087468e+00 5.535863968421838699e+00 5.535864033279360719e+00
5.407676364407704384e+00 5.407676364409753411e+00 5.407676364416233561e+00 5.407676364436724725e+00 5.407676364501523558e+00 5.407676364706436090e+00 5.407676365354425307e+00 5.407676367403548845e+00 5.407676373883444576e+00 5.407676394374675510e+00 5.407676459173629269e+00
5.279359559724905893e+00 5.279359559726954032e+00 5.279359559733428853e+00 5.279359559753904030e+00 5.279359559818654013e+00 5.279359560023410225e+00 5.279359560670908280e+00 5.279359562718473953e+00 5.279359569193447399e+00 5.279359589669108566e+00 5.279359654418828818e+00
