-1.648966976284636132e+01 -1.648966581607942672e+01 -1.648965333554255963e+01 -1.648961387097985920e+01 -1.648948909667068108e+01 -1.648909476141611208e+01 -1.648785011503328946e+01 -1.648393750976469008e+01 -1.647179176429411385e+01 -1.643547713411068401e+01 -1.633729442562949430e+01
-1.406373999887411408e+01 -1.406373998407234183e+01 -1.406373993726503535e+01 -1.406373978924736790e+01 -1.406373932117473835e+01 -1.406373784100243718e+01 -1.406373316031983656e+01 -1.406371835903380507e+01 -1.406367155657719614e+01 -1.406352358739906627e+01 -1.406305599928385064e+01
-1.199886020499205586e+01 -1.199886020486457916e+01 -1.199886020446145984e+01 -1.199886020318668400e+01 -1.199886019915548729e+01 -1.199886018640772711e+01 -1.199886014609577245e+01 -1.199886001861820262e+01 -1.199885961549897928e+01 -1.199885834072652813e+01 -1.199885430956670440e+01
-1.024129679218192379e+01 -1.024129679217969624e+01 -1.024129679217265121e+01 -1.024129679215037392e+01 -1.024129679207992538e+01 -1.024129679185714892e+01 -1.024129679115266534e+01 -1.024129678892489537e+01 -1.024129678188006665e+01 -1.024129675960235986e+01 -1.024129668915407620e+01
-8.745311818265687265e+00 -8.745311818265616211e+00 -8.745311818265390613e+00 -8.745311818264680070e+00 -8.745311818262431203e+00 -8.745311818255320446e+00 -8.745311818232837098e+00 -8.745311818161733086e+00 -8.745311817936887167e+00 -8.745311817225861262e+00 -8.745311814977400289e+00
-7.471974484746016110e+00 -7.471974484746012557e+00 -7.471974484746001011e+00 -7.471974484745962819e+00 -7.471974484745842915e+00 -7.471974484745463663e+00 -7.471974484744265510e+00 -7.471974484740476541e+00 -7.471974484728494126e+00 -7.471974484690601770e+00 -7.471974484570776731e+00
-6.388147687711688505e+00 -6.388147687711688505e+00 -6.388147687711686729e+00 -6.388147687711684064e+00 -6.388147687711674294e+00 -6.388147687711643208e+00 -6.388147687711543732e+00 -6.388147687711231981e+00 -6.388147687710243439e+00 -6.388147687707119715e+00 -6.388147687697240507e+00
-5.465623440953891077e+00 -5.465623440953891077e+00 -5.465623440953890189e+00 -5.465623440953890189e+00 -5.465623440953889300e+00 -5.465623440953885748e+00 -5.465623440953873313e+00 -5.465623440953836010e+00 -5.465623440953717882e+00 -5.465623440953344847e+00 -5.465623440952163570e+00
-4.680378933492762350e+00 -4.680378933492762350e+00 -4.680378933492762350e+00 -4.680378933492762350e+00 -4.680378933492762350e+00 -4.680378933492761462e+00 -4.680378933492759685e+00 -4.680378933492753468e+00 -4.680378933492733928e+00 -4.680378933492672644e+00 -4.680378933492479021e+00
-4.011921083243415787e+00 -4.011921083243415787e+00 -4.011921083243415787e+00 -4.011921083243415787e+00 -4.011921083243415787e+00 -4.011921083243415787e+00 -4.011921083243415787e+00 -4.011921083243414010e+00 -4.011921083243410457e+00 -4.011921083243397135e+00 -4.011921083243355390e+00
-3.442687688919634503e+00 -3.442687688919634503e+00 -3.442687688919634503e+00 -3.442687688919634503e+00 -3.442687688919634059e+00 -3.442687688919634059e+00 -3.442687688919634059e+00 -3.442687688919633615e+00 -3.442687688919632727e+00 -3.442687688919629174e+00 -3.442687688919618072e+00
