-6.067705476520328212e+00 -6.067705476481471294e+00 -6.067705476358593586e+00 -6.067705475970019080e+00 -6.067705474741241112e+00 -6.067705470855503158e+00 -6.067705458567719923e+00 -6.067705419710340387e+00 -6.067705296832541784e+00 -6.067704908259051955e+00 -6.067703679484074186e+00
-6.230774098759474633e+00 -6.230774098718076637e+00 -6.230774098587162690e+00 -6.230774098173178288e+00 -6.230774096864043265e+00 -6.230774092724194801e+00 -6.230774079632843687e+00 -6.230774038234359935e+00 -6.230773907320886096e+00 -6.230773493336392299e+00 -6.230772184205073394e+00
-6.400775370733201797e+00 -6.400775370688501553e+00 -6.400775370547147070e+00 -6.400775370100145523e+00 -6.400775368686600686e+00 -6.400775364216580776e+00 -6.400775350081136850e+00 -6.400775305380941305e+00 -6.400775164026540232e+00 -6.400774717024980909e+00 -6.400773303484962540e+00
-6.579332857909101939e+00 -6.579332857860023864e+00 -6.579332857704826232e+00 -6.579332857214047259e+00 -6.579332855662068269e+00 -6.579332850754279427e+00 -6.579332835234490418e+00 -6.579332786156609991e+00 -6.579332630958761641e+00 -6.579332140180438770e+00 -6.579330588206762087e+00
-6.767779994646933694e+00 -6.767779994592001636e+00 -6.767779994418289924e+00 -6.767779993868965782e+00 -6.767779992131850442e+00 -6.767779986638609913e+00 -6.767779969267459172e+00 -6.767779914335058322e+00 -6.767779740623603324e+00 -6.767779191300205888e+00 -6.767777454191670650e+00
-6.967323756536924151e+00 -6.967323756474105068e+00 -6.967323756275455970e+00 -6.967323755647270467e+00 -6.967323753660773278e+00 -6.967323747378918242e+00 -6.967323727513950793e+00 -6.967323664695411978e+00 -6.967323466045809433e+00 -6.967322837861208207e+00 -6.967320851373057344e+00
-7.182076061389768284e+00 -7.182076061315727067e+00 -7.182076061081589025e+00 -7.182076060341177737e+00 -7.182076057999791985e+00 -7.182076050595679995e+00 -7.182076027181823363e+00 -7.182075953140717672e+00 -7.182075719002264158e+00 -7.182074978592293490e+00 -7.182072637218692712e+00
-7.413818187464249476e+00 -7.413818187374007884e+00 -7.413818187088637934e+00 -7.413818186186219350e+00 -7.413818183332521627e+00 -7.413818174308337561e+00 -7.413818145771362111e+00 -7.413818055529536544e+00 -7.413817770159949028e+00 -7.413816867743309835e+00 -7.413814014063674129e+00
-7.668475591400775393e+00 -7.668475591285591086e+00 -7.668475590921343787e+00 -7.668475589769494505e+00 -7.668475586127026844e+00 -7.668475574608534018e+00 -7.668475538183862739e+00 -7.668475422998958457e+00 -7.668475058752511231e+00 -7.668473906906116966e+00 -7.668470264468101760e+00
-7.948934710865880326e+00 -7.948934710711062834e+00 -7.948934710221485567e+00 -7.948934708673307092e+00 -7.948934703777535304e+00 -7.948934688295747897e+00 -7.948934639338039787e+00 -7.948934484520210120e+00 -7.948933994943609527e+00 -7.948932446770094806e+00 -7.948927551051895080e+00
-8.261003805625311003e+00 -8.261003805403543510e+00 -8.261003804702257369e+00 -8.261003802484591318e+00 -8.261003795471719258e+00 -8.261003773295067631e+00 -8.261003703166348799e+00 -8.261003481399939119e+00 -8.261002780113726018e+00 -8.261000562459450691e+00 -8.260993549695401228e+00
