4.262933579953671170e+00 3.768090420733420931e+00 3.269802033563038002e+00 2.770352722242261034e+00 2.270527865188791239e+00 1.770583352279485823e+00 1.270600909108376531e+00 7.706064620943325894e-01 2.706082182056624985e-01 -2.293912264528740474e-01 -7.293910508374533697e-01
4.262936807761978919e+00 3.768090795454988040e+00 3.269802071997394588e+00 2.770352725691991758e+00 2.270527865383640265e+00 1.770583352250642006e+00 1.270600909090181974e+00 7.706064620876705851e-01 2.706082182034648675e-01 -2.293912264535779844e-01 -7.293910508376768576e-01
4.262939143930688957e+00 3.768091066080226703e+00 3.269802099562974185e+00 2.770352728101972417e+00 2.270527865496475783e+00 1.770583352220777007e+00 1.270600909074163232e+00 7.706064620819469413e-01 2.706082182015891457e-01 -2.293912264541777546e-01 -7.293910508378673718e-01
4.262940834405571700e+00 3.768091261414871163e+00 3.269802119295822873e+00 2.770352729771954792e+00 2.270527865554109681e+00 1.770583352191507309e+00 1.270600909060143335e+00 7.706064620770366469e-01 2.706082181999886482e-01 -2.293912264546886515e-01 -7.293910508380293534e-01
4.262942057356561953e+00 3.768091402310236759e+00 3.269802133389353216e+00 2.770352730917128081e+00 2.270527865575338922e+00 1.770583352163804580e+00 1.270600909047930882e+00 7.706064620728290127e-01 2.706082181986234625e-01 -2.293912264551238311e-01 -7.293910508381672431e-01
4.262942941839783728e+00 3.768091503857153413e+00 3.269802143427409824e+00 2.770352731691712922e+00 2.270527865573248594e+00 1.770583352138204170e+00 1.270600909037333803e+00 7.706064620692277822e-01 2.706082181974596712e-01 -2.293912264554943958e-01 -7.293910508382847047e-01
4.262943581325868259e+00 3.768091576975228563e+00 3.269802150552990394e+00 2.770352732206006863e+00 2.270527865556863034e+00 1.770583352114949660e+00 1.270600909028167358e+00 7.706064620661475795e-01 2.706082181964674649e-01 -2.293912264558100322e-01 -7.293910508383846247e-01
4.262944043504799829e+00 3.768091629563989020e+00 3.269802155590368020e+00 2.770352732538700291e+00 2.270527865532334211e+00 1.770583352094095675e+00 1.270600909020259017e+00 7.706064620635152407e-01 2.706082181956218080e-01 -2.293912264560785397e-01 -7.293910508384697788e-01
4.262944377391060691e+00 3.768091667336634032e+00 3.269802159133469388e+00 2.770352732745765323e+00 2.270527865503789489e+00 1.770583352075576933e+00 1.270600909013450464e+00 7.706064620612668170e-01 2.706082181949013288e-01 -2.293912264563073289e-01 -7.293910508385421654e-01
4.262944618471805391e+00 3.768091694423838955e+00 3.269802161609820068e+00 2.770352732866868450e+00 2.270527865473939144e+00 1.770583352059257543e+00 1.270600909007600032e+00 7.706064620593476855e-01 2.706082181942874865e-01 -2.293912264565022008e-01 -7.293910508386038938e-01
4.262945235439768332e+00 3.768091759866773138e+00 3.269802166241147834e+00 2.770352732585141808e+00 2.270527865205081763e+00 1.770583351956089180e+00 1.270600908973154697e+00 7.706064620482730998e-01 2.706082181907670803e-01 -2.293912264576171145e-01 -7.293910508389567227e-01
