9.568893555043824772e-01 9.568893555048322286e-01 9.568893555062542022e-01 9.568893555107508275e-01 9.568893555249701199e-01 9.568893555699362619e-01 9.568893557121309623e-01 9.568893561617901611e-01 9.568893575837373877e-01 9.568893620803293754e-01 9.568893762998010866e-01
8.275184413139321515e-01 8.275184413143804596e-01 8.275184413157976593e-01 8.275184413202799627e-01 8.275184413344539580e-01 8.275184413792759930e-01 8.275184415210153910e-01 8.275184419692351856e-01 8.275184433866304978e-01 8.275184478688278888e-01 8.275184620427802340e-01
6.980282071102019703e-01 6.980282071106485020e-01 6.980282071120608167e-01 6.980282071165264668e-01 6.980282071306479486e-01 6.980282071753045603e-01 6.980282073165204881e-01 6.980282077630854953e-01 6.980282091752477713e-01 6.980282136408964000e-01 6.980282277625172727e-01
5.683093920419490797e-01 5.683093920423937240e-01 5.683093920438002655e-01 5.683093920482478190e-01 5.683093920623123463e-01 5.683093921067883247e-01 5.683093922474337090e-01 5.683093926921931605e-01 5.683093940986465586e-01 5.683093985462427389e-01 5.683094126107761657e-01
4.385950421634684515e-01 4.385950421639108199e-01 4.385950421653102005e-01 4.385950421697349388e-01 4.385950421837276347e-01 4.385950422279764060e-01 4.385950423679029764e-01 4.385950428103896903e-01 4.385950442096558932e-01 4.385950486345238097e-01 4.385950626271843400e-01
3.085039330019431203e-01 3.085039330023833237e-01 3.085039330037749883e-01 3.085039330081759124e-01 3.085039330220926690e-01 3.085039330661015211e-01 3.085039332052700867e-01 3.085039336453590519e-01 3.085039350370427647e-01 3.085039394379333610e-01 3.085039533547706547e-01
1.783463771576408452e-01 1.783463771580779678e-01 1.783463771594603620e-01 1.783463771638318096e-01 1.783463771776555851e-01 1.783463772213702836e-01 1.783463773596083990e-01 1.783463777967555786e-01 1.783463791791360387e-01 1.783463835506071127e-01 1.783463973744121300e-01
4.772230380532226784e-02 4.772230380575633035e-02 4.772230380712876030e-02 4.772230381146860129e-02 4.772230382519297015e-02 4.772230386859243473e-02 4.772230400583399312e-02 4.772230443982921483e-02 4.772230581224292528e-02 4.772231015219651623e-02 4.772232387633396772e-02
-8.305058558536974889e-02 -8.305058558493950971e-02 -8.305058558357919507e-02 -8.305058557927735841e-02 -8.305058556567367078e-02 -8.305058552265515148e-02 -8.305058538661834466e-02 -8.305058495643234673e-02 -8.305058359606501406e-02 -8.305057929420582574e-02 -8.305056569053251292e-02
-2.144150583994512693e-01 -2.144150583990252490e-01 -2.144150583976778546e-01 -2.144150583934171794e-01 -2.144150583799443455e-01 -2.144150583373389818e-01 -2.144150582026085605e-01 -2.144150577765539245e-01 -2.144150564292510441e-01 -2.144150521687049338e-01 -2.144150386956756860e-01
-3.461755904832500286e-01 -3.461755904828287544e-01 -3.461755904814965978e-01 -3.461755904772840786e-01 -3.461755904639625681e-01 -3.461755904218363211e-01 -3.461755902886216596e-01 -3.461755898673596343e-01 -3.461755885352127415e-01 -3.461755843225938212e-01 -3.461755710011234499e-01
