-6.867300487077184989e+00 -6.867300487024031952e+00 -6.867300486855950403e+00 -6.867300486324427133e+00 -6.867300484643604541e+00 -6.867300479328376284e+00 -6.867300462520149473e+00 -6.867300409367874003e+00 -6.867300241285660967e+00 -6.867299709763464044e+00 -6.867298028946976274e+00
-4.605082078954230163e+00 -4.605082078953939728e+00 -4.605082078953020464e+00 -4.605082078950114344e+00 -4.605082078940924362e+00 -4.605082078911864052e+00 -4.605082078819966007e+00 -4.605082078529361134e+00 -4.605082077610386904e+00 -4.605082074704333728e+00 -4.605082065514587875e+00
-2.679549994888224429e+00 -2.679549994888220876e+00 -2.679549994888210218e+00 -2.679549994888175579e+00 -2.679549994888066333e+00 -2.679549994887721276e+00 -2.679549994886630593e+00 -2.679549994883180908e+00 -2.679549994872272300e+00 -2.679549994837775895e+00 -2.679549994728689377e+00
-1.040595155604955080e+00 -1.040595155604955080e+00 -1.040595155604954636e+00 -1.040595155604953970e+00 -1.040595155604951305e+00 -1.040595155604943534e+00 -1.040595155604918443e+00 -1.040595155604839395e+00 -1.040595155604588706e+00 -1.040595155603796451e+00 -1.040595155601291566e+00
3.544337767408493045e-01 3.544337767408493045e-01 3.544337767408492490e-01 3.544337767408492490e-01 3.544337767408494155e-01 3.544337767408495821e-01 3.544337767408505813e-01 3.544337767408538564e-01 3.544337767408639039e-01 3.544337767408958229e-01 3.544337767409968531e-01
1.541840462030893866e+00 1.541840462030893866e+00 1.541840462030893866e+00 1.541840462030893866e+00 1.541840462030893866e+00 1.541840462030893866e+00 1.541840462030893866e+00 1.541840462030894088e+00 1.541840462030894754e+00 1.541840462030896752e+00 1.541840462030903414e+00
2.552526410664027967e+00 2.552526410664027967e+00 2.552526410664027967e+00 2.552526410664027967e+00 2.552526410664027967e+00 2.552526410664027967e+00 2.552526410664027967e+00 2.552526410664027967e+00 2.552526410664027967e+00 2.552526410664028411e+00 2.552526410664028855e+00
3.412799706669333855e+00 3.412799706669333855e+00 3.412799706669333855e+00 3.412799706669333855e+00 3.412799706669333855e+00 3.412799706669333855e+00 3.412799706669333855e+00 3.412799706669333855e+00 3.412799706669333855e+00 3.412799706669334299e+00 3.412799706669334299e+00
4.145076665928041137e+00 4.145076665928041137e+00 4.145076665928041137e+00 4.145076665928041137e+00 4.145076665928041137e+00 4.145076665928041137e+00 4.145076665928041137e+00 4.145076665928041137e+00 4.145076665928041137e+00 4.145076665928041137e+00 4.145076665928041137e+00
4.768510080694055908e+00 4.768510080694055908e+00 4.768510080694055908e+00 4.768510080694055908e+00 4.768510080694055908e+00 4.768510080694055908e+00 4.768510080694055908e+00 4.768510080694055908e+00 4.768510080694055908e+00 4.768510080694055908e+00 4.768510080694055908e+00
5.299571049650572796e+00 5.299571049650572796e+00 5.299571049650572796e+00 5.299571049650572796e+00 5.299571049650572796e+00 5.299571049650572796e+00 5.299571049650572796e+00 5.299571049650572796e+00 5.299571049650572796e+00 5.299571049650572796e+00 5.299571049650572796e+00
