5.299571049650572796e+00 5.299571049650572796e+00 5.299571049650572796e+00 5.299571049650572796e+00 5.299571049650572796e+00 5.299571049650572796e+00 5.299571049650572796e+00 5.299571049650572796e+00 5.299571049650572796e+00 5.299571049650572796e+00 5.299571049650572796e+00
5.752583021940635533e+00 5.752583021940635533e+00 5.752583021940635533e+00 5.752583021940635533e+00 5.752583021940635533e+00 5.752583021940635533e+00 5.752583021940635533e+00 5.752583021940635533e+00 5.752583021940635533e+00 5.752583021940635533e+00 5.752583021940635533e+00
6.140168268594249135e+00 6.140168268594249135e+00 6.140168268594249135e+00 6.140168268594249135e+00 6.140168268594249135e+00 6.140168268594249135e+00 6.140168268594249135e+00 6.140168268594249135e+00 6.140168268594249135e+00 6.140168268594249135e+00 6.140168268594249135e+00
6.473554033230441540e+00 6.473554033230441540e+00 6.473554033230441540e+00 6.473554033230441540e+00 6.473554033230441540e+00 6.473554033230441540e+00 6.473554033230441540e+00 6.473554033230441540e+00 6.473554033230441540e+00 6.473554033230441540e+00 6.473554033230441540e+00
6.762719542527849903e+00 6.762719542527849903e+00 6.762719542527849903e+00 6.762719542527849903e+00 6.762719542527849903e+00 6.762719542527849903e+00 6.762719542527849903e+00 6.762719542527849903e+00 6.762719542527849903e+00 6.762719542527849903e+00 6.762719542527849903e+00
7.016422888009336667e+00 7.016422888009336667e+00 7.016422888009336667e+00 7.016422888009336667e+00 7.016422888009336667e+00 7.016422888009336667e+00 7.016422888009336667e+00 7.016422888009336667e+00 7.016422888009336667e+00 7.016422888009336667e+00 7.016422888009336667e+00
7.242183096345485183e+00 7.242183096345485183e+00 7.242183096345485183e+00 7.242183096345485183e+00 7.242183096345485183e+00 7.242183096345485183e+00 7.242183096345485183e+00 7.242183096345485183e+00 7.242183096345485183e+00 7.242183096345485183e+00 7.242183096345485183e+00
7.446285690304875970e+00 7.446285690304875970e+00 7.446285690304875970e+00 7.446285690304875970e+00 7.446285690304875970e+00 7.446285690304875970e+00 7.446285690304875970e+00 7.446285690304875970e+00 7.446285690304875970e+00 7.446285690304875970e+00 7.446285690304875970e+00
7.633844921059789179e+00 7.633844921059789179e+00 7.633844921059789179e+00 7.633844921059789179e+00 7.633844921059789179e+00 7.633844921059789179e+00 7.633844921059789179e+00 7.633844921059789179e+00 7.633844921059789179e+00 7.633844921059789179e+00 7.633844921059789179e+00
7.808920659190370372e+00 7.808920659190370372e+00 7.808920659190370372e+00 7.808920659190370372e+00 7.808920659190370372e+00 7.808920659190370372e+00 7.808920659190370372e+00 7.808920659190370372e+00 7.808920659190370372e+00 7.808920659190370372e+00 7.808920659190370372e+00
7.974668786132210307e+00 7.974668786132210307e+00 7.974668786132210307e+00 7.974668786132210307e+00 7.974668786132210307e+00 7.974668786132210307e+00 7.974668786132210307e+00 7.974668786132210307e+00 7.974668786132210307e+00 7.974668786132210307e+00 7.974668786132210307e+00
