1.336824285041648430e+01 1.336824285041648430e+01 1.336824285041648430e+01 1.336824285041648430e+01 1.336824285041648430e+01 1.336824285041648430e+01 1.336824285041648430e+01 1.336824285041648430e+01 1.336824285041648430e+01 1.336824285041648430e+01 1.336824285041648430e+01
1.334873460365451514e+01 1.334873460365451514e+01 1.334873460365451514e+01 1.334873460365451514e+01 1.334873460365451514e+01 1.334873460365451514e+01 1.334873460365451514e+01 1.334873460365451514e+01 1.334873460365451514e+01 1.334873460365451514e+01 1.334873460365451514e+01
1.332675142612514030e+01 1.332675142612514030e+01 1.332675142612514030e+01 1.332675142612514030e+01 1.332675142612514030e+01 1.332675142612514030e+01 1.332675142612514030e+01 1.332675142612514030e+01 1.332675142612514030e+01 1.332675142612514030e+01 1.332675142612514030e+01
1.330203327132283775e+01 1.330203327132283775e+01 1.330203327132283775e+01 1.330203327132283775e+01 1.330203327132283775e+01 1.330203327132283775e+01 1.330203327132283775e+01 1.330203327132283775e+01 1.330203327132283775e+01 1.330203327132283775e+01 1.330203327132283775e+01
1.327430480546749614e+01 1.327430480546749614e+01 1.327430480546749614e+01 1.327430480546749614e+01 1.327430480546749614e+01 1.327430480546749614e+01 1.327430480546749614e+01 1.327430480546749614e+01 1.327430480546749614e+01 1.327430480546749614e+01 1.327430480546749614e+01
1.324327755005569607e+01 1.324327755005569607e+01 1.324327755005569607e+01 1.324327755005569607e+01 1.324327755005569607e+01 1.324327755005569607e+01 1.324327755005569607e+01 1.324327755005569607e+01 1.324327755005569607e+01 1.324327755005569607e+01 1.324327755005569607e+01
1.320865301440739081e+01 1.320865301440739081e+01 1.320865301440739081e+01 1.320865301440739081e+01 1.320865301440739081e+01 1.320865301440739081e+01 1.320865301440739081e+01 1.320865301440739081e+01 1.320865301440739081e+01 1.320865301440739081e+01 1.320865301440739081e+01
1.317012699487444749e+01 1.317012699487444749e+01 1.317012699487444749e+01 1.317012699487444749e+01 1.317012699487444749e+01 1.317012699487444749e+01 1.317012699487444749e+01 1.317012699487444749e+01 1.317012699487444749e+01 1.317012699487444749e+01 1.317012699487444749e+01
1.312739520800717585e+01 1.312739520800717585e+01 1.312739520800717585e+01 1.312739520800717585e+01 1.312739520800717585e+01 1.312739520800717585e+01 1.312739520800717585e+01 1.312739520800717585e+01 1.312739520800717585e+01 1.312739520800717585e+01 1.312739520800717585e+01
1.308016037924866559e+01 1.308016037924866559e+01 1.308016037924866559e+01 1.308016037924866559e+01 1.308016037924866559e+01 1.308016037924866559e+01 1.308016037924866559e+01 1.308016037924866559e+01 1.308016037924866559e+01 1.308016037924866559e+01 1.308016037924866559e+01
1.302814084194446131e+01 1.302814084194446131e+01 1.302814084194446131e+01 1.302814084194446131e+01 1.302814084194446131e+01 1.302814084194446131e+01 1.302814084194446131e+01 1.302814084194446131e+01 1.302814084194446131e+01 1.302814084194446131e+01 1.302814084194446131e+01
