-1.598144758491439532e+01 -1.595796117349011922e+01 -1.591221627017710460e+01 -1.574377704012237977e+01 -1.543915333025925030e+01 -1.502515514771463678e+01 -1.455632313161637192e+01 -1.406666373656244140e+01 -1.356998563603413821e+01 -1.307104142962724325e+01 -1.257137590298002294e+01
-1.662098130178543443e+01 -1.655459265562785021e+01 -1.640180310475085435e+01 -1.610139845804909697e+01 -1.568997061155831929e+01 -1.522220760086707791e+01 -1.473292077703252545e+01 -1.423636432779325744e+01 -1.373745898160636791e+01 -1.323780572163868818e+01 -1.273791547337683028e+01
-1.732576581596687504e+01 -1.713210485485210910e+01 -1.679550261599434080e+01 -1.637105192133341447e+01 -1.589796348246292368e+01 -1.540683282190394365e+01 -1.490967567320444154e+01 -1.441057854839378116e+01 -1.391086445454122611e+01 -1.341095490806287316e+01 -1.291098354641517609e+01
-1.790254971001440865e+01 -1.752264962282449545e+01 -1.706823871618727040e+01 -1.658425496667636168e+01 -1.608944519084647951e+01 -1.559109947778141958e+01 -1.509162392320177837e+01 -1.459178989931282366e+01 -1.409184239897262003e+01 -1.359185900415575077e+01 -1.309186427542954334e+01
-1.826194743389584474e+01 -1.777561309134870271e+01 -1.728002560094369500e+01 -1.678143034099909059e+01 -1.628187550607851364e+01 -1.578201637465419616e+01 -1.528206093128141951e+01 -1.478207502211139435e+01 -1.428207947824807711e+01 -1.378208088871037695e+01 -1.328208121491817906e+01
-1.848168512473713321e+01 -1.798290381348882860e+01 -1.748328990933042348e+01 -1.698341207502478412e+01 -1.648345071436229858e+01 -1.598346293390935102e+01 -1.548346679814162385e+01 -1.498346802013465684e+01 -1.448346831134507795e+01 -1.398346849955071391e+01 -1.348346856723356701e+01
-1.869820226669188301e+01 -1.819823591954209618e+01 -1.769824656205046409e+01 -1.719824992756138826e+01 -1.669825099183480077e+01 -1.619825124261981841e+01 -1.569825140769389371e+01 -1.519825145990002291e+01 -1.469825147645881636e+01 -1.419825148219322664e+01 -1.369825148898720180e+01
-1.892914095902256122e+01 -1.842914135516355500e+01 -1.792914146255032648e+01 -1.742914149650896860e+01 -1.692914150724763900e+01 -1.642914151064353234e+01 -1.592914151171770065e+01 -1.542914151206031015e+01 -1.492914151219792096e+01 -1.442914151253411603e+01 -1.392914151556721691e+01
-1.917944726028822089e+01 -1.867944726076552442e+01 -1.817944726091645791e+01 -1.767944726096418862e+01 -1.717944726097928410e+01 -1.667944726098407315e+01 -1.617944726098575359e+01 -1.567944726098792962e+01 -1.517944726100506436e+01 -1.467944726117495335e+01 -1.417944726287337076e+01
-1.945320362050139096e+01 -1.895320362050164320e+01 -1.845320362050172136e+01 -1.795320362050174623e+01 -1.745320362050175689e+01 -1.695320362050176755e+01 -1.645320362050185992e+01 -1.595320362050276408e+01 -1.545320362051180574e+01 -1.495320362060223118e+01 -1.445320362150647320e+01
-1.975531867382014894e+01 -1.925531867382014894e+01 -1.875531867382014894e+01 -1.825531867382014894e+01 -1.775531867382014894e+01 -1.725531867382015250e+01 -1.675531867382019868e+01 -1.625531867382064988e+01 -1.575531867382515827e+01 -1.525531867387025819e+01 -1.475531867432125033e+01
