1.308509290218591969e+00 1.308509290218591969e+00 1.308509290218591969e+00 1.308509290218591969e+00 1.308509290218591969e+00 1.308509290218591969e+00 1.308509290218591969e+00 1.308509290218591969e+00 1.308509290218591969e+00 1.308509290218591969e+00 1.308509290218591969e+00
1.178649145619738547e+00 1.178649145619738547e+00 1.178649145619738547e+00 1.178649145619738547e+00 1.178649145619738547e+00 1.178649145619738547e+00 1.178649145619738547e+00 1.178649145619738547e+00 1.178649145619738547e+00 1.178649145619738547e+00 1.178649145619738547e+00
1.048537355635154711e+00 1.048537355635154711e+00 1.048537355635154711e+00 1.048537355635154711e+00 1.048537355635154711e+00 1.048537355635154711e+00 1.048537355635154711e+00 1.048537355635154711e+00 1.048537355635154711e+00 1.048537355635154711e+00 1.048537355635154711e+00
9.181016983955457844e-01 9.181016983955457844e-01 9.181016983955457844e-01 9.181016983955457844e-01 9.181016983955457844e-01 9.181016983955457844e-01 9.181016983955457844e-01 9.181016983955457844e-01 9.181016983955457844e-01 9.181016983955457844e-01 9.181016983955457844e-01
7.872555743428237829e-01 7.872555743428237829e-01 7.872555743428237829e-01 7.872555743428237829e-01 7.872555743428237829e-01 7.872555743428237829e-01 7.872555743428237829e-01 7.872555743428237829e-01 7.872555743428237829e-01 7.872555743428237829e-01 7.872555743428237829e-01
6.558882040279294667e-01 6.558882040279294667e-01 6.558882040279294667e-01 6.558882040279294667e-01 6.558882040279294667e-01 6.558882040279294667e-01 6.558882040279294667e-01 6.558882040279294667e-01 6.558882040279294667e-01 6.558882040279294667e-01 6.558882040279294667e-01
5.238499816115980146e-01 5.238499816115980146e-01 5.238499816115980146e-01 5.238499816115980146e-01 5.238499816115980146e-01 5.238499816115980146e-01 5.238499816115980146e-01 5.238499816115980146e-01 5.238499816115980146e-01 5.238499816115980146e-01 5.238499816115980146e-01
3.909475920475049548e-01 3.909475920475049548e-01 3.909475920475049548e-01 3.909475920475049548e-01 3.909475920475049548e-01 3.909475920475049548e-01 3.909475920475049548e-01 3.909475920475049548e-01 3.909475920475049548e-01 3.909475920475049548e-01 3.909475920475049548e-01
2.569208696927973157e-01 2.569208696927973157e-01 2.569208696927973157e-01 2.569208696927973157e-01 2.569208696927973157e-01 2.569208696927973157e-01 2.569208696927973157e-01 2.569208696927973157e-01 2.569208696927973157e-01 2.569208696927973157e-01 2.569208696927973157e-01
1.214234376746614885e-01 1.214234376746614885e-01 1.214234376746614885e-01 1.214234376746614885e-01 1.214234376746614885e-01 1.214234376746614885e-01 1.214234376746614885e-01 1.214234376746614885e-01 1.214234376746614885e-01 1.214234376746614885e-01 1.214234376746614885e-01
-1.602144365418028266e-02 -1.602144365418028266e-02 -1.602144365418028266e-02 -1.602144365418028266e-02 -1.602144365418028266e-02 -1.602144365418028266e-02 -1.602144365418028266e-02 -1.602144365418028266e-02 -1.602144365418028266e-02 -1.602144365418028266e-02 -1.602144365418028266e-02
