-1.734185311482534360e+02 -1.734185311482541749e+02 -1.734185311482564202e+02 -1.734185311482636109e+02 -1.734185311482863199e+02 -1.734185311483581131e+02 -1.734185311485851173e+02 -1.734185311493030497e+02 -1.734185311515732906e+02 -1.734185311587524723e+02 -1.734185311814550232e+02
-1.734188967397682006e+02 -1.734188967397689112e+02 -1.734188967397711565e+02 -1.734188967397782619e+02 -1.734188967398007151e+02 -1.734188967398717409e+02 -1.734188967400963861e+02 -1.734188967408066731e+02 -1.734188967430528976e+02 -1.734188967501559944e+02 -1.734188967726180408e+02
-1.734193686790273432e+02 -1.734193686790280537e+02 -1.734193686790302706e+02 -1.734193686790372908e+02 -1.734193686790594882e+02 -1.734193686791296329e+02 -1.734193686793515212e+02 -1.734193686800531395e+02 -1.734193686822718803e+02 -1.734193686892881203e+02 -1.734193687114754425e+02
-1.734199738850147980e+02 -1.734199738850154802e+02 -1.734199738850176686e+02 -1.734199738850245751e+02 -1.734199738850464598e+02 -1.734199738851156383e+02 -1.734199738853343717e+02 -1.734199738860261277e+02 -1.734199738882135762e+02 -1.734199738951309371e+02 -1.734199739170055068e+02
-1.734207495460391328e+02 -1.734207495460397865e+02 -1.734207495460419466e+02 -1.734207495460487678e+02 -1.734207495460702830e+02 -1.734207495461383246e+02 -1.734207495463535338e+02 -1.734207495470340348e+02 -1.734207495491860413e+02 -1.734207495559912502e+02 -1.734207495775111738e+02
-1.734217379891346980e+02 -1.734217379891353517e+02 -1.734217379891374833e+02 -1.734217379891441624e+02 -1.734217379891652797e+02 -1.734217379892320423e+02 -1.734217379894432440e+02 -1.734217379901110974e+02 -1.734217379922230009e+02 -1.734217379989014205e+02 -1.734217380200204559e+02
-1.734229968313358654e+02 -1.734229968313365191e+02 -1.734229968313385655e+02 -1.734229968313451025e+02 -1.734229968313657935e+02 -1.734229968314311350e+02 -1.734229968316378176e+02 -1.734229968322913749e+02 -1.734229968343581731e+02 -1.734229968408938873e+02 -1.734229968615616428e+02
-1.734245920765289100e+02 -1.734245920765295637e+02 -1.734245920765315532e+02 -1.734245920765379481e+02 -1.734245920765580991e+02 -1.734245920766218489e+02 -1.734245920768234726e+02 -1.734245920774610283e+02 -1.734245920794771791e+02 -1.734245920858527654e+02 -1.734245921060141598e+02
-1.734266068583269771e+02 -1.734266068583276024e+02 -1.734266068583295635e+02 -1.734266068583357594e+02 -1.734266068583553420e+02 -1.734266068584173013e+02 -1.734266068586132690e+02 -1.734266068592329191e+02 -1.734266068611924823e+02 -1.734266068673891255e+02 -1.734266068869846720e+02
-1.734291418108794289e+02 -1.734291418108800258e+02 -1.734291418108819300e+02 -1.734291418108879270e+02 -1.734291418109068843e+02 -1.734291418109668541e+02 -1.734291418111565122e+02 -1.734291418117562671e+02 -1.734291418136528478e+02 -1.734291418196503400e+02 -1.734291418386161183e+02
-1.734323191866638751e+02 -1.734323191866644436e+02 -1.734323191866662910e+02 -1.734323191866720606e+02 -1.734323191866903358e+02 -1.734323191867480887e+02 -1.734323191869307834e+02 -1.734323191875084547e+02 -1.734323191893352600e+02 -1.734323191951121430e+02 -1.734323192133802252e+02
