-1.747049572031387470e+02 -1.747049572031384059e+02 -1.747049572031373543e+02 -1.747049572031340290e+02 -1.747049572031235414e+02 -1.747049572030903732e+02 -1.747049572029854687e+02 -1.747049572026537021e+02 -1.747049572016045715e+02 -1.747049571982869907e+02 -1.747049571877958556e+02
-1.745807024483855514e+02 -1.745807024483852103e+02 -1.745807024483842156e+02 -1.745807024483810324e+02 -1.745807024483709995e+02 -1.745807024483392240e+02 -1.745807024482387533e+02 -1.745807024479210838e+02 -1.745807024469164617e+02 -1.745807024437396251e+02 -1.745807024336935740e+02
-1.744606898302879756e+02 -1.744606898302876914e+02 -1.744606898302867251e+02 -1.744606898302837408e+02 -1.744606898302742479e+02 -1.744606898302442630e+02 -1.744606898301494482e+02 -1.744606898298495992e+02 -1.744606898289014225e+02 -1.744606898259030174e+02 -1.744606898164211657e+02
-1.743457995345775657e+02 -1.743457995345772815e+02 -1.743457995345764004e+02 -1.743457995345736435e+02 -1.743457995345648328e+02 -1.743457995345370648e+02 -1.743457995344492133e+02 -1.743457995341714195e+02 -1.743457995332929329e+02 -1.743457995305149382e+02 -1.743457995217301004e+02
-1.742369080290572754e+02 -1.742369080290570196e+02 -1.742369080290562238e+02 -1.742369080290537227e+02 -1.742369080290457646e+02 -1.742369080290206398e+02 -1.742369080289411727e+02 -1.742369080286899248e+02 -1.742369080278953390e+02 -1.742369080253826894e+02 -1.742369080174369742e+02
-1.741348248415700368e+02 -1.741348248415698379e+02 -1.741348248415691273e+02 -1.741348248415669389e+02 -1.741348248415599755e+02 -1.741348248415379487e+02 -1.741348248414683439e+02 -1.741348248412482178e+02 -1.741348248405521417e+02 -1.741348248383508803e+02 -1.741348248313899205e+02
-1.740402291282864553e+02 -1.740402291282862564e+02 -1.740402291282856879e+02 -1.740402291282838405e+02 -1.740402291282780141e+02 -1.740402291282595684e+02 -1.740402291282012186e+02 -1.740402291280167333e+02 -1.740402291274333493e+02 -1.740402291255885245e+02 -1.740402291197546560e+02
-1.739536171462577272e+02 -1.739536171462575851e+02 -1.739536171462571303e+02 -1.739536171462556808e+02 -1.739536171462511049e+02 -1.739536171462366383e+02 -1.739536171461908793e+02 -1.739536171460462413e+02 -1.739536171455887938e+02 -1.739536171441422141e+02 -1.739536171395677968e+02
-1.738752692689034518e+02 -1.738752692689033381e+02 -1.738752692689030255e+02 -1.738752692689020023e+02 -1.738752692688988191e+02 -1.738752692688887009e+02 -1.738752692688566981e+02 -1.738752692687555452e+02 -1.738752692684356873e+02 -1.738752692674242155e+02 -1.738752692642256079e+02
-1.738052404202643118e+02 -1.738052404202642549e+02 -1.738052404202640844e+02 -1.738052404202635159e+02 -1.738052404202618106e+02 -1.738052404202563537e+02 -1.738052404202390733e+02 -1.738052404201844752e+02 -1.738052404200117849e+02 -1.738052404194657470e+02 -1.738052404177389860e+02
-1.737433724130327448e+02 -1.737433724130327448e+02 -1.737433724130327164e+02 -1.737433724130326596e+02 -1.737433724130324890e+02 -1.737433724130319206e+02 -1.737433724130301016e+02 -1.737433724130243320e+02 -1.737433724130061137e+02 -1.737433724129485029e+02 -1.737433724127663481e+02
