-2.443510376055111522e+01 -2.443493829784413052e+01 -2.443441547331146779e+01 -2.443276628701378783e+01 -2.442759193890596592e+01 -2.441162350385778268e+01 -2.436467549750082640e+01 -2.424278132724623092e+01 -2.399385600307989819e+01 -2.361735343155074673e+01 -2.316505137086417676e+01
-2.206878045597358096e+01 -2.206877974400767073e+01 -2.206877749258146437e+01 -2.206877037302348299e+01 -2.206874785977239739e+01 -2.206867667430103452e+01 -2.206845164283357263e+01 -2.206774079724900517e+01 -2.206550053282560953e+01 -2.205849130295704441e+01 -2.203704255765002529e+01
-2.005457287833347380e+01 -2.005457287144295364e+01 -2.005457284965321918e+01 -2.005457278074803185e+01 -2.005457256285077250e+01 -2.005457187379985129e+01 -2.005456969483671514e+01 -2.005456280442221484e+01 -2.005454101573780079e+01 -2.005447212106109589e+01 -2.005425432886255166e+01
-1.834013985905551536e+01 -1.834013985892252308e+01 -1.834013985850197415e+01 -1.834013985717207262e+01 -1.834013985296655846e+01 -1.834013983966756101e+01 -1.834013979761243718e+01 -1.834013966462248391e+01 -1.834013924407159735e+01 -1.834013791417560313e+01 -1.834013370870201243e+01
-1.688086617209561879e+01 -1.688086617209100027e+01 -1.688086617207639506e+01 -1.688086617203020623e+01 -1.688086617188413996e+01 -1.688086617142224455e+01 -1.688086616996159606e+01 -1.688086616534262419e+01 -1.688086615073615349e+01 -1.688086610454644543e+01 -1.688086595848179172e+01
-1.563877636967747264e+01 -1.563877636967720797e+01 -1.563877636967637130e+01 -1.563877636967372631e+01 -1.563877636966536144e+01 -1.563877636963890794e+01 -1.563877636955526107e+01 -1.563877636929074200e+01 -1.563877636845426267e+01 -1.563877636580908081e+01 -1.563877635744428218e+01
-1.458154645916351733e+01 -1.458154645916349423e+01 -1.458154645916341963e+01 -1.458154645916318870e+01 -1.458154645916245506e+01 -1.458154645916013692e+01 -1.458154645915280412e+01 -1.458154645912961911e+01 -1.458154645905629820e+01 -1.458154645882443745e+01 -1.458154645809123195e+01
-1.368166036218937087e+01 -1.368166036218936732e+01 -1.368166036218935844e+01 -1.368166036218932824e+01 -1.368166036218923765e+01 -1.368166036218894455e+01 -1.368166036218802084e+01 -1.368166036218510229e+01 -1.368166036217586878e+01 -1.368166036214667081e+01 -1.368166036205434111e+01
-1.291568400531894234e+01 -1.291568400531894234e+01 -1.291568400531894056e+01 -1.291568400531893523e+01 -1.291568400531891925e+01 -1.291568400531886951e+01 -1.291568400531871141e+01 -1.291568400531821048e+01 -1.291568400531662775e+01 -1.291568400531162375e+01 -1.291568400529579641e+01
-1.226362687681415053e+01 -1.226362687681415053e+01 -1.226362687681415053e+01 -1.226362687681414876e+01 -1.226362687681414521e+01 -1.226362687681413455e+01 -1.226362687681409902e+01 -1.226362687681398711e+01 -1.226362687681363539e+01 -1.226362687681251984e+01 -1.226362687680899199e+01
-1.170836314024722213e+01 -1.170836314024722036e+01 -1.170836314024722036e+01 -1.170836314024722036e+01 -1.170836314024722036e+01 -1.170836314024721680e+01 -1.170836314024720615e+01 -1.170836314024717595e+01 -1.170836314024707825e+01 -1.170836314024676739e+01 -1.170836314024578328e+01
