9.689911391809170382e+00 9.689911391809170382e+00 9.689911391809170382e+00 9.689911391809170382e+00 9.689911391809170382e+00 9.689911391809170382e+00 9.689911391809170382e+00 9.689911391809170382e+00 9.689911391809170382e+00 9.689911391809170382e+00 9.689911391809170382e+00
9.830483816019352616e+00 9.830483816019352616e+00 9.830483816019352616e+00 9.830483816019352616e+00 9.830483816019352616e+00 9.830483816019352616e+00 9.830483816019352616e+00 9.830483816019352616e+00 9.830483816019352616e+00 9.830483816019352616e+00 9.830483816019352616e+00
9.970711559387494205e+00 9.970711559387494205e+00 9.970711559387494205e+00 9.970711559387494205e+00 9.970711559387494205e+00 9.970711559387494205e+00 9.970711559387494205e+00 9.970711559387494205e+00 9.970711559387494205e+00 9.970711559387494205e+00 9.970711559387494205e+00
1.011061907579516372e+01 1.011061907579516372e+01 1.011061907579516372e+01 1.011061907579516372e+01 1.011061907579516372e+01 1.011061907579516372e+01 1.011061907579516372e+01 1.011061907579516372e+01 1.011061907579516372e+01 1.011061907579516372e+01 1.011061907579516372e+01
1.025019775274823353e+01 1.025019775274823353e+01 1.025019775274823353e+01 1.025019775274823353e+01 1.025019775274823353e+01 1.025019775274823353e+01 1.025019775274823353e+01 1.025019775274823353e+01 1.025019775274823353e+01 1.025019775274823353e+01 1.025019775274823353e+01
1.038940578920096414e+01 1.038940578920096414e+01 1.038940578920096414e+01 1.038940578920096414e+01 1.038940578920096414e+01 1.038940578920096414e+01 1.038940578920096414e+01 1.038940578920096414e+01 1.038940578920096414e+01 1.038940578920096414e+01 1.038940578920096414e+01
1.052816537326788371e+01 1.052816537326788371e+01 1.052816537326788371e+01 1.052816537326788371e+01 1.052816537326788371e+01 1.052816537326788371e+01 1.052816537326788371e+01 1.052816537326788371e+01 1.052816537326788371e+01 1.052816537326788371e+01 1.052816537326788371e+01
1.066635743656282642e+01 1.066635743656282642e+01 1.066635743656282642e+01 1.066635743656282642e+01 1.066635743656282642e+01 1.066635743656282642e+01 1.066635743656282642e+01 1.066635743656282642e+01 1.066635743656282642e+01 1.066635743656282642e+01 1.066635743656282642e+01
1.080381437815322165e+01 1.080381437815322165e+01 1.080381437815322165e+01 1.080381437815322165e+01 1.080381437815322165e+01 1.080381437815322165e+01 1.080381437815322165e+01 1.080381437815322165e+01 1.080381437815322165e+01 1.080381437815322165e+01 1.080381437815322165e+01
1.094031145171168440e+01 1.094031145171168440e+01 1.094031145171168440e+01 1.094031145171168440e+01 1.094031145171168440e+01 1.094031145171168440e+01 1.094031145171168440e+01 1.094031145171168440e+01 1.094031145171168440e+01 1.094031145171168440e+01 1.094031145171168440e+01
1.107555799897111193e+01 1.107555799897111193e+01 1.107555799897111193e+01 1.107555799897111193e+01 1.107555799897111193e+01 1.107555799897111193e+01 1.107555799897111193e+01 1.107555799897111193e+01 1.107555799897111193e+01 1.107555799897111193e+01 1.107555799897111193e+01
