1.158788412031490012e+01 1.158788412031490012e+01 1.158788412031490012e+01 1.158788412031490012e+01 1.158788412031490012e+01 1.158788412031490012e+01 1.158788412031490012e+01 1.158788412031490012e+01 1.158788412031490012e+01 1.158788412031490012e+01 1.158788412031490012e+01
1.158513412986949476e+01 1.158513412986949476e+01 1.158513412986949476e+01 1.158513412986949476e+01 1.158513412986949476e+01 1.158513412986949476e+01 1.158513412986949476e+01 1.158513412986949476e+01 1.158513412986949476e+01 1.158513412986949476e+01 1.158513412986949476e+01
1.158194147899633819e+01 1.158194147899633819e+01 1.158194147899633819e+01 1.158194147899633819e+01 1.158194147899633819e+01 1.158194147899633819e+01 1.158194147899633819e+01 1.158194147899633819e+01 1.158194147899633819e+01 1.158194147899633819e+01 1.158194147899633819e+01
1.157824476236848454e+01 1.157824476236848454e+01 1.157824476236848454e+01 1.157824476236848454e+01 1.157824476236848454e+01 1.157824476236848454e+01 1.157824476236848454e+01 1.157824476236848454e+01 1.157824476236848454e+01 1.157824476236848454e+01 1.157824476236848454e+01
1.157397485161250295e+01 1.157397485161250295e+01 1.157397485161250295e+01 1.157397485161250295e+01 1.157397485161250295e+01 1.157397485161250295e+01 1.157397485161250295e+01 1.157397485161250295e+01 1.157397485161250295e+01 1.157397485161250295e+01 1.157397485161250295e+01
1.156905400344612289e+01 1.156905400344612289e+01 1.156905400344612289e+01 1.156905400344612289e+01 1.156905400344612289e+01 1.156905400344612289e+01 1.156905400344612289e+01 1.156905400344612289e+01 1.156905400344612289e+01 1.156905400344612289e+01 1.156905400344612289e+01
1.156339491419962329e+01 1.156339491419962329e+01 1.156339491419962329e+01 1.156339491419962329e+01 1.156339491419962329e+01 1.156339491419962329e+01 1.156339491419962329e+01 1.156339491419962329e+01 1.156339491419962329e+01 1.156339491419962329e+01 1.156339491419962329e+01
1.155689973044453289e+01 1.155689973044453289e+01 1.155689973044453289e+01 1.155689973044453289e+01 1.155689973044453289e+01 1.155689973044453289e+01 1.155689973044453289e+01 1.155689973044453289e+01 1.155689973044453289e+01 1.155689973044453289e+01 1.155689973044453289e+01
1.154945902820176329e+01 1.154945902820176329e+01 1.154945902820176329e+01 1.154945902820176329e+01 1.154945902820176329e+01 1.154945902820176329e+01 1.154945902820176329e+01 1.154945902820176329e+01 1.154945902820176329e+01 1.154945902820176329e+01 1.154945902820176329e+01
1.154095077687541959e+01 1.154095077687541959e+01 1.154095077687541959e+01 1.154095077687541959e+01 1.154095077687541959e+01 1.154095077687541959e+01 1.154095077687541959e+01 1.154095077687541959e+01 1.154095077687541959e+01 1.154095077687541959e+01 1.154095077687541959e+01
1.153123930872547653e+01 1.153123930872547653e+01 1.153123930872547653e+01 1.153123930872547653e+01 1.153123930872547653e+01 1.153123930872547653e+01 1.153123930872547653e+01 1.153123930872547653e+01 1.153123930872547653e+01 1.153123930872547653e+01 1.153123930872547653e+01
