-3.479388955948559925e+01 -3.479388955947599271e+01 -3.479388955944560990e+01 -3.479388955934954453e+01 -3.479388955904575198e+01 -3.479388955808507689e+01 -3.479388955504714431e+01 -3.479388954544035784e+01 -3.479388951506103211e+01 -3.479388941899320287e+01 -3.479388911520017302e+01
-3.466412891343756542e+01 -3.466412891342775282e+01 -3.466412891339670921e+01 -3.466412891329856194e+01 -3.466412891298816845e+01 -3.466412891200663182e+01 -3.466412890890274667e+01 -3.466412889908740169e+01 -3.466412886804855020e+01 -3.466412876989510039e+01 -3.466412845950678445e+01
-3.453334159271117443e+01 -3.453334159270116999e+01 -3.453334159266952241e+01 -3.453334159256944247e+01 -3.453334159225297384e+01 -3.453334159125220282e+01 -3.453334158808748100e+01 -3.453334157807976368e+01 -3.453334154643257392e+01 -3.453334144635540071e+01 -3.453334112988373761e+01
-3.440159225646068819e+01 -3.440159225645050611e+01 -3.440159225641830432e+01 -3.440159225631646223e+01 -3.440159225599442294e+01 -3.440159225497603757e+01 -3.440159225175563051e+01 -3.440159224157179096e+01 -3.440159220936768492e+01 -3.440159210752936048e+01 -3.440159178548846342e+01
-3.426894947645245537e+01 -3.426894947644210987e+01 -3.426894947640939648e+01 -3.426894947630595567e+01 -3.426894947597885732e+01 -3.426894947494446342e+01 -3.426894947167342309e+01 -3.426894946132949116e+01 -3.426894942861910209e+01 -3.426894932517980408e+01 -3.426894899807616213e+01
-3.413548385745632174e+01 -3.413548385744583413e+01 -3.413548385741266600e+01 -3.413548385730778278e+01 -3.413548385697610144e+01 -3.413548385592725509e+01 -3.413548385261049845e+01 -3.413548384212198528e+01 -3.413548380895441170e+01 -3.413548370406933685e+01 -3.413548337239377872e+01
-3.400126639565339559e+01 -3.400126639564278008e+01 -3.400126639560919983e+01 -3.400126639550301633e+01 -3.400126639516724225e+01 -3.400126639410541429e+01 -3.400126639074762380e+01 -3.400126638012936553e+01 -3.400126634655148194e+01 -3.400126624036891343e+01 -3.400126590459032627e+01
-3.386636711667726019e+01 -3.386636711666652388e+01 -3.386636711663258126e+01 -3.386636711652523957e+01 -3.386636711618580620e+01 -3.386636711511240350e+01 -3.386636711171800584e+01 -3.386636710098399305e+01 -3.386636706704005206e+01 -3.386636695969990996e+01 -3.386636662026074873e+01
-3.373085401436645725e+01 -3.373085401435562147e+01 -3.373085401432135200e+01 -3.373085401421298002e+01 -3.373085401387029947e+01 -3.373085401278662232e+01 -3.373085400935975997e+01 -3.373085399852305244e+01 -3.373085396425437210e+01 -3.373085385588732521e+01 -3.373085351320079184e+01
-3.359479229519346433e+01 -3.359479229518253618e+01 -3.359479229514798249e+01 -3.359479229503870812e+01 -3.359479229469315698e+01 -3.359479229360042751e+01 -3.359479229014490897e+01 -3.359479227921760724e+01 -3.359479224466245739e+01 -3.359479213538948983e+01 -3.359479178983820447e+01
-3.345824392275076065e+01 -3.345824392273975434e+01 -3.345824392270495196e+01 -3.345824392259488178e+01 -3.345824392224681532e+01 -3.345824392114614199e+01 -3.345824391766549866e+01 -3.345824390665873693e+01 -3.345824387185231785e+01 -3.345824376178475035e+01 -3.345824341372073718e+01
