-2.589406950733418356e+01 -2.589406950733418356e+01 -2.589406950733418356e+01 -2.589406950733418356e+01 -2.589406950733418356e+01 -2.589406950733418356e+01 -2.589406950733418356e+01 -2.589406950733418356e+01 -2.589406950733418356e+01 -2.589406950733418356e+01 -2.589406950733418356e+01
-2.584952988390397266e+01 -2.584952988390397266e+01 -2.584952988390397266e+01 -2.584952988390397266e+01 -2.584952988390397266e+01 -2.584952988390397266e+01 -2.584952988390397266e+01 -2.584952988390397266e+01 -2.584952988390397266e+01 -2.584952988390397266e+01 -2.584952988390397266e+01
-2.581153056918119404e+01 -2.581153056918119404e+01 -2.581153056918119404e+01 -2.581153056918119404e+01 -2.581153056918119404e+01 -2.581153056918119404e+01 -2.581153056918119404e+01 -2.581153056918119404e+01 -2.581153056918119404e+01 -2.581153056918119404e+01 -2.581153056918119404e+01
-2.577941442224182111e+01 -2.577941442224182111e+01 -2.577941442224182111e+01 -2.577941442224182111e+01 -2.577941442224182111e+01 -2.577941442224182111e+01 -2.577941442224182111e+01 -2.577941442224182111e+01 -2.577941442224182111e+01 -2.577941442224182111e+01 -2.577941442224182111e+01
-2.575251039832540556e+01 -2.575251039832540556e+01 -2.575251039832540556e+01 -2.575251039832540556e+01 -2.575251039832540556e+01 -2.575251039832540556e+01 -2.575251039832540556e+01 -2.575251039832540556e+01 -2.575251039832540556e+01 -2.575251039832540556e+01 -2.575251039832540556e+01
-2.573016051343689625e+01 -2.573016051343689625e+01 -2.573016051343689625e+01 -2.573016051343689625e+01 -2.573016051343689625e+01 -2.573016051343689625e+01 -2.573016051343689625e+01 -2.573016051343689625e+01 -2.573016051343689625e+01 -2.573016051343689625e+01 -2.573016051343689625e+01
-2.571173984930203815e+01 -2.571173984930203815e+01 -2.571173984930203815e+01 -2.571173984930203815e+01 -2.571173984930203815e+01 -2.571173984930203815e+01 -2.571173984930203815e+01 -2.571173984930203815e+01 -2.571173984930203815e+01 -2.571173984930203815e+01 -2.571173984930203815e+01
-2.569667013760512120e+01 -2.569667013760512120e+01 -2.569667013760512120e+01 -2.569667013760512120e+01 -2.569667013760512120e+01 -2.569667013760512120e+01 -2.569667013760512120e+01 -2.569667013760512120e+01 -2.569667013760512120e+01 -2.569667013760512120e+01 -2.569667013760512120e+01
-2.568442783607983415e+01 -2.568442783607983415e+01 -2.568442783607983415e+01 -2.568442783607983415e+01 -2.568442783607983415e+01 -2.568442783607983415e+01 -2.568442783607983415e+01 -2.568442783607983415e+01 -2.568442783607983415e+01 -2.568442783607983415e+01 -2.568442783607983415e+01
-2.567454774981574772e+01 -2.567454774981574772e+01 -2.567454774981574772e+01 -2.567454774981574772e+01 -2.567454774981574772e+01 -2.567454774981574772e+01 -2.567454774981574772e+01 -2.567454774981574772e+01 -2.567454774981574772e+01 -2.567454774981574772e+01 -2.567454774981574772e+01
-2.563760057153967509e+01 -2.563760057153967509e+01 -2.563760057153967509e+01 -2.563760057153967509e+01 -2.563760057153967509e+01 -2.563760057153967509e+01 -2.563760057153967509e+01 -2.563760057153967509e+01 -2.563760057153967509e+01 -2.563760057153967509e+01 -2.563760057153967509e+01
