-5.715178237468278688e+00 -5.215180329353294120e+00 -4.715180990867516186e+00 -4.215181200056890454e+00 -3.715181266208400057e+00 -3.215181287127346632e+00 -2.715181293742498170e+00 -2.215181295834392827e+00 -1.715181296495907892e+00 -1.215181296705097669e+00 -7.151812967712493085e-01
-5.714180473217918887e+00 -5.214864559173802760e+00 -4.715081110592599600e+00 -4.215149612641940990e+00 -3.715171277140825179e+00 -3.215178128281828140e+00 -2.715180294825334961e+00 -2.215180979948797813e+00 -1.715181196604084413e+00 -1.215181265116524356e+00 -7.151812867820628306e-01
-5.594895211768784904e+00 -5.173426989953237687e+00 -4.701538406473463994e+00 -4.210820523817631944e+00 -3.713797559545516602e+00 -3.214743243820743945e+00 -2.715042724510520866e+00 -2.215137471614957665e+00 -1.715167437582425292e+00 -1.215176914083692328e+00 -7.151799108595524590e-01
-4.368938607518587425e+00 -4.328563903659611078e+00 -4.221105171395760358e+00 -3.992406416052479479e+00 -3.631698873779807268e+00 -3.187007734830007877e+00 -2.706072887751143519e+00 -2.212280259146933492e+00 -1.714261811324084173e+00 -1.214890319417027520e+00 -7.150892605721076434e-01
-2.837333282750432062e+00 -2.836090982811188432e+00 -2.832185710137684609e+00 -2.820062311407969702e+00 -2.783810892797286218e+00 -2.685774875565328124e+00 -2.471194290230227075e+00 -2.122326890730903859e+00 -1.683618208540673900e+00 -1.204949993777243433e+00 -7.119197399885126565e-01
-1.517672833179790626e+00 -1.517613245353714779e+00 -1.517424865890617536e+00 -1.516829694908253368e+00 -1.514952948961557411e+00 -1.509070974359928652e+00 -1.490978097294483495e+00 -1.438270604931654706e+00 -1.304281501073065730e+00 -1.039585819965519686e+00 -6.516330078816566784e-01
-3.939762675432455508e-01 -3.939717853680536064e-01 -3.939576117900022711e-01 -3.939127940447410547e-01 -3.937710983205004456e-01 -3.933233211047988953e-01 -3.919103559622312272e-01 -3.874721834327258252e-01 -3.737286907165275340e-01 -3.329265715367924483e-01 -2.245077252479768526e-01
5.625025668936818324e-01 5.625030623605327129e-01 5.625046291605660942e-01 5.625095837801102894e-01 5.625252512908244240e-01 5.625747925904980296e-01 5.627314187538958734e-01 5.632263427532216982e-01 5.647877282769150353e-01 5.696886405550236621e-01 5.848324408837767274e-01
1.376643887229268781e+00 1.376643963242593305e+00 1.376644203617744200e+00 1.376644963749837469e+00 1.376647367489819196e+00 1.376654968695509407e+00 1.376679004942938933e+00 1.376755005477525273e+00 1.376995252778977052e+00 1.377754107983867105e+00 1.380145129507750035e+00
2.069678135845159250e+00 2.069678151259711107e+00 2.069678200004800406e+00 2.069678354150271904e+00 2.069678841600691932e+00 2.069680383050665817e+00 2.069685257507476450e+00 2.069700671533308611e+00 2.069749411362778790e+00 2.069903504248004733e+00 2.070390429230749785e+00
2.659777087645369686e+00 2.659777091609110133e+00 2.659777104143558280e+00 2.659777143780960529e+00 2.659777269125409127e+00 2.659777665499120758e+00 2.659778918940472803e+00 2.659782882646251956e+00 2.659795416746414176e+00 2.659835050670824597e+00 2.659960360345823283e+00
