1.108908214970885098e+01 1.108908214970885098e+01 1.108908214970885098e+01 1.108908214970885098e+01 1.108908214970885098e+01 1.108908214970885098e+01 1.108908214970885098e+01 1.108908214970885098e+01 1.108908214970885098e+01 1.108908214970885098e+01 1.108908214970885098e+01
1.109086435613004795e+01 1.109086435613004795e+01 1.109086435613004795e+01 1.109086435613004795e+01 1.109086435613004795e+01 1.109086435613004795e+01 1.109086435613004795e+01 1.109086435613004795e+01 1.109086435613004795e+01 1.109086435613004795e+01 1.109086435613004795e+01
1.109233585353250184e+01 1.109233585353250184e+01 1.109233585353250184e+01 1.109233585353250184e+01 1.109233585353250184e+01 1.109233585353250184e+01 1.109233585353250184e+01 1.109233585353250184e+01 1.109233585353250184e+01 1.109233585353250184e+01 1.109233585353250184e+01
1.109354384866279197e+01 1.109354384866279197e+01 1.109354384866279197e+01 1.109354384866279197e+01 1.109354384866279197e+01 1.109354384866279197e+01 1.109354384866279197e+01 1.109354384866279197e+01 1.109354384866279197e+01 1.109354384866279197e+01 1.109354384866279197e+01
1.109452974506131717e+01 1.109452974506131717e+01 1.109452974506131717e+01 1.109452974506131717e+01 1.109452974506131717e+01 1.109452974506131717e+01 1.109452974506131717e+01 1.109452974506131717e+01 1.109452974506131717e+01 1.109452974506131717e+01 1.109452974506131717e+01
1.109532966330871062e+01 1.109532966330871062e+01 1.109532966330871062e+01 1.109532966330871062e+01 1.109532966330871062e+01 1.109532966330871062e+01 1.109532966330871062e+01 1.109532966330871062e+01 1.109532966330871062e+01 1.109532966330871062e+01 1.109532966330871062e+01
1.109597491173309614e+01 1.109597491173309614e+01 1.109597491173309614e+01 1.109597491173309614e+01 1.109597491173309614e+01 1.109597491173309614e+01 1.109597491173309614e+01 1.109597491173309614e+01 1.109597491173309614e+01 1.109597491173309614e+01 1.109597491173309614e+01
1.109649242649177481e+01 1.109649242649177481e+01 1.109649242649177481e+01 1.109649242649177481e+01 1.109649242649177481e+01 1.109649242649177481e+01 1.109649242649177481e+01 1.109649242649177481e+01 1.109649242649177481e+01 1.109649242649177481e+01 1.109649242649177481e+01
1.109690519379770279e+01 1.109690519379770279e+01 1.109690519379770279e+01 1.109690519379770279e+01 1.109690519379770279e+01 1.109690519379770279e+01 1.109690519379770279e+01 1.109690519379770279e+01 1.109690519379770279e+01 1.109690519379770279e+01 1.109690519379770279e+01
1.109723266060173685e+01 1.109723266060173685e+01 1.109723266060173685e+01 1.109723266060173685e+01 1.109723266060173685e+01 1.109723266060173685e+01 1.109723266060173685e+01 1.109723266060173685e+01 1.109723266060173685e+01 1.109723266060173685e+01 1.109723266060173685e+01
1.109838629402721821e+01 1.109838629402721821e+01 1.109838629402721821e+01 1.109838629402721821e+01 1.109838629402721821e+01 1.109838629402721821e+01 1.109838629402721821e+01 1.109838629402721821e+01 1.109838629402721821e+01 1.109838629402721821e+01 1.109838629402721821e+01
