6.173293794174423255e+00 6.425556512746680937e+00 6.723521248245629245e+00 6.995414498486046462e+00 7.207642692234315085e+00 7.338961482139658266e+00 7.365067496160166982e+00 7.255705387493752490e+00 6.990877225148492968e+00 6.590672492323686349e+00 6.116704131138299694e+00
6.310822137102807261e+00 6.556404160757855593e+00 6.842632998453065163e+00 7.102403120436975748e+00 7.302168982741215508e+00 7.419309499108055483e+00 7.427824069481802738e+00 7.297177465252993045e+00 7.011130066343144840e+00 6.596775367838579207e+00 6.117743884978355418e+00
6.448338745106501513e+00 6.686676749452938218e+00 6.961054348117208690e+00 7.208573940881561448e+00 7.395563795885395919e+00 7.497970991863836865e+00 7.488150153969835188e+00 7.335717417703802035e+00 7.028901133180334604e+00 6.601722647091009755e+00 6.118531182255792622e+00
6.585744437973289678e+00 6.816300552181828287e+00 7.078739298395371193e+00 7.313852096278720794e+00 7.487714013525037515e+00 7.574785370017789177e+00 7.545872583538359990e+00 7.371248640608515146e+00 7.044305420387093619e+00 6.605679238774762041e+00 6.119122344178490103e+00
6.722939868157153498e+00 6.945227990173356680e+00 7.195651744372769443e+00 7.418170344852582865e+00 7.578508984499566559e+00 7.649591803743453156e+00 7.600826746231036601e+00 7.403724132829457183e+00 7.057487990240238318e+00 6.608802382782628548e+00 6.119563021552145266e+00
6.859828088729584827e+00 7.073430947627636023e+00 7.311762280845272244e+00 7.521465664336797197e+00 7.667836728392516399e+00 7.722226346610788106e+00 7.652856532138814671e+00 7.433128071491114319e+00 7.068619108331923861e+00 6.611237133814265476e+00 6.119889489203122146e+00
6.996317795074203261e+00 7.200893972399473597e+00 7.427045009845834045e+00 7.623675524582424146e+00 7.755579843322671252e+00 7.792519101210579890e+00 7.701815005439601514e+00 7.459477691580920222e+00 7.077888412021263065e+00 6.613113270030836155e+00 6.120130080801692962e+00
7.132325985180703931e+00 7.327607810082133355e+00 7.541474045028447648e+00 7.724733609356952080e+00 7.841610941781437916e+00 7.860291421414438595e+00 7.747565430686427668e+00 7.482825106807188043e+00 7.085498262904851074e+00 6.614543632549612084e+00 6.120306605202177508e+00
7.267778652167272035e+00 7.453563279771388217e+00 7.655019378175204281e+00 7.824564716307392587e+00 7.925787422284367167e+00 7.925353216220592856e+00 7.789984417467506361e+00 7.503258775487964272e+00 7.091656582734244374e+00 6.615623763695359649e+00 6.120435643278856475e+00
7.402608518063211740e+00 7.578745171892383503e+00 7.767641744964901562e+00 7.923078500202894503e+00 8.007945390171803624e+00 7.987500544953648252e+00 7.828965320258349792e+00 7.520904197138970737e+00 7.096569609288934544e+00 6.616432600672365716e+00 6.120529672998064719e+00
7.536749526265292154e+00 7.703125666025433027e+00 7.879286061172694033e+00 8.020161673316943407e+00 8.087892597566471053e+00 8.046513915144020146e+00 7.864423494663663305e+00 7.535923317770796714e+00 7.100435100925809095e+00 6.617033924922281152e+00 6.120598006549963443e+00
