1.038263579977718543e+01 1.023962770997694527e+01 1.003506637112863409e+01 9.764525758279660295e+00 9.427175767346703594e+00 9.028898459733605719e+00 8.583251249588125020e+00 8.107695889374493703e+00 7.617119167272446312e+00 7.120384594544523438e+00 6.621454582396057553e+00
1.039880920030844536e+01 1.024868079079021221e+01 1.003958410544296775e+01 9.766490465480353933e+00 9.427891534273072693e+00 9.029105754039974840e+00 8.583296422907842782e+00 8.107702968676978372e+00 7.617119897569592624e+00 7.120384604706533338e+00 6.621454559557685471e+00
1.041102522561060439e+01 1.025539482035053851e+01 1.004289843674357918e+01 9.767922417141640778e+00 9.428410934576653801e+00 9.029255597581942183e+00 8.583328888685038294e+00 8.107707982700315341e+00 7.617120384951621581e+00 7.120384598143703947e+00 6.621454538522771216e+00
1.042015766409388355e+01 1.026034332967652496e+01 1.004532118935310159e+01 9.768963916334234554e+00 9.428787353871559418e+00 9.029363791371906700e+00 8.583352180261025310e+00 8.107711517152825564e+00 7.617120702528747955e+00 7.120384581534343837e+00 6.621454519462296240e+00
1.042693028165435187e+01 1.026397348471159532e+01 1.004708742294493362e+01 9.769720219369293801e+00 9.429059853985208406e+00 9.029441823823241009e+00 8.583368855838706679e+00 8.107713994066072516e+00 7.617120902357767953e+00 7.120384559409466796e+00 6.621454502400818676e+00
1.043192203181775568e+01 1.026662712684994361e+01 1.004837241745829957e+01 9.770268730352436037e+00 9.429256931761832661e+00 9.029498035558315649e+00 8.583380765916428956e+00 8.107715717151762647e+00 7.617121021373987055e+00 7.120384534789824471e+00 6.621454487271563494e+00
1.043558408135845283e+01 1.026856180988615996e+01 1.004930584121481907e+01 9.770666130091550272e+00 9.429399331015076768e+00 9.029538474914412305e+00 8.583389247917253329e+00 8.107716904660673407e+00 7.617121085671000991e+00 7.120384509640794946e+00 6.621454473954154984e+00
1.043826123921452087e+01 1.026996952075635150e+01 1.004998306395505381e+01 9.770953795242173001e+00 9.429502127063184247e+00 9.029567523814495900e+00 8.583395267615411939e+00 8.107717713169916962e+00 7.617121113585415770e+00 7.120384485196245450e+00 6.621454462300087052e+00
1.044021326069754885e+01 1.027099225513036096e+01 1.005047393159953550e+01 9.771161861287884776e+00 9.429576261988637853e+00 9.029588354333945688e+00 8.583399521782578034e+00 8.107718254791404178e+00 7.617121117917722728e+00 7.120384462188277475e+00 6.621454452149587944e+00
1.044163376247889197e+01 1.027173443478255344e+01 1.005082943824148956e+01 9.771312239177392556e+00 9.429629670074243464e+00 9.029603261064497843e+00 8.583402512619317193e+00 8.107718609612813765e+00 7.617121107529153612e+00 7.120384441009513843e+00 6.621454443342487117e+00
1.044266594336812126e+01 1.027227252928097734e+01 1.005108672937512537e+01 9.771420839572622086e+00 9.429668100027091882e+00 9.029613902688256033e+00 8.583404601687091073e+00 8.107718834685817555e+00 7.617121088488128855e+00 7.120384421827107957e+00 6.621454435724934307e+00
