7.919792881794325723e+00 7.918995375549706672e+00 7.916603066135980526e+00 7.909845788075092088e+00 7.892652861646870299e+00 7.854974226666008086e+00 7.785156549999547870e+00 7.673394064848398699e+00 7.512043713126673516e+00 7.294186101553014723e+00 7.014021501788977986e+00
7.915853017354073096e+00 7.915225660378272465e+00 7.913265935326130318e+00 7.907337397992731276e+00 7.891124506625338597e+00 7.854168320682932247e+00 7.784755625293719561e+00 7.673197013172916137e+00 7.511948748469657211e+00 7.294142870044304949e+00 7.014003771660740405e+00
7.914760993186789939e+00 7.914158832536702270e+00 7.912273540581639786e+00 7.906530527851362677e+00 7.890606379605691778e+00 7.853891358374261777e+00 7.784617496055120434e+00 7.673129092622960279e+00 7.511916016495906234e+00 7.294127973758023131e+00 7.013997666599833813e+00
7.913384445199900696e+00 7.912810138315017561e+00 7.911008032067804230e+00 7.905480004558658180e+00 7.889916364931125692e+00 7.853519658910221857e+00 7.784431835458259563e+00 7.673037769472727199e+00 7.511872002432414597e+00 7.294107942892148699e+00 7.013989457691286233e+00
7.911655658804968461e+00 7.911111910452573781e+00 7.909401941876184949e+00 7.904119834686799351e+00 7.889000113107471179e+00 7.853021172503358294e+00 7.784182336357573284e+00 7.672914989135014352e+00 7.511812819280714315e+00 7.294081007742846623e+00 7.013978419752028515e+00
7.909493049795180752e+00 7.908982548664450718e+00 7.907373665311199673e+00 7.902369181469030224e+00 7.887787846889597887e+00 7.852353286792166820e+00 7.783847136524912891e+00 7.672749932433185371e+00 7.511733242562409707e+00 7.294044789008433227e+00 7.013963577675044192e+00
7.906799081087166670e+00 7.906324421626777621e+00 7.904825313972690282e+00 7.900130038452853221e+00 7.886191009686343456e+00 7.851459561841544144e+00 7.783396958023602430e+00 7.672528072845357094e+00 7.511626251507233398e+00 7.293996088123362753e+00 7.013943620357176556e+00
7.903458111292239963e+00 7.903021701779848307e+00 7.901640504319018099e+00 7.897284845158174527e+00 7.884098699308403901e+00 7.850265619211827861e+00 7.782792648898610111e+00 7.672229917285626755e+00 7.511482414025573817e+00 7.293930605759403107e+00 7.013916785044820301e+00
7.899334254577838443e+00 7.898938214085954534e+00 7.897682168365760091e+00 7.893694148964366164e+00 7.881374097978903315e+00 7.848674086032694674e+00 7.781981955271439766e+00 7.671829328103125789e+00 7.511289063162000623e+00 7.293842564080877722e+00 7.013880701967861064e+00
7.894269355715555214e+00 7.893915404599063379e+00 7.892790498907059416e+00 7.889194448256145797e+00 7.877851179063682707e+00 7.846558576775409577e+00 7.780895319111424513e+00 7.671291294289240170e+00 7.511029196043580214e+00 7.293724200255706336e+00 7.013832185715432210e+00
7.888081204028986271e+00 7.887770554653983801e+00 7.886781162111299537e+00 7.883596375680220980e+00 7.873332019353173727e+00 7.843756852704023785e+00 7.779440471277509594e+00 7.670568983939500818e+00 7.510680004800581067e+00 7.293565088038025834e+00 7.013766955240696710e+00
