8.303784935220995811e-01 8.303784943275885899e-01 8.303784968747683903e-01 8.303785049296580345e-01 8.303785304014547064e-01 8.303786109503380475e-01 8.303788656681740932e-01 8.303796711557142052e-01 8.303822183211351238e-01 8.303902730671270938e-01 8.304157434273276017e-01
7.014101937641742390e-01 7.014101945649389158e-01 7.014101970971780009e-01 7.014102051048213271e-01 7.014102304272124000e-01 7.014103105036337826e-01 7.014105637274147265e-01 7.014113644903490208e-01 7.014138967153706883e-01 7.014219042168202689e-01 7.014472251881596065e-01
5.723909905514189544e-01 5.723909913467438715e-01 5.723909938617821602e-01 5.723910018150312196e-01 5.723910269654122196e-01 5.723911064978903784e-01 5.723913580015740354e-01 5.723921533250952987e-01 5.723946683493135179e-01 5.724026214583636252e-01 5.724277704389872934e-01
4.433096159474613218e-01 4.433096167365327966e-01 4.433096192317955153e-01 4.433096271225091534e-01 4.433096520751353964e-01 4.433097309822589538e-01 4.433099805083983713e-01 4.433107695783912172e-01 4.433132648273669374e-01 4.433211554031100676e-01 4.433461066510664406e-01
3.141535397130253982e-01 3.141535404949158949e-01 3.141535429674704449e-01 3.141535507863748022e-01 3.141535755119196915e-01 3.141536537009485541e-01 3.141539009562753226e-01 3.141546828453454787e-01 3.141571553864209165e-01 3.141649741551866826e-01 3.141896983466366255e-01
1.849063555327483399e-01 1.849063563064063942e-01 1.849063587529272690e-01 1.849063664895056192e-01 1.849063909547147277e-01 1.849064683204890980e-01 1.849067129724578096e-01 1.849074866290062735e-01 1.849099331367562715e-01 1.849176695828598505e-01 1.849421334665976857e-01
5.554821129322640855e-02 5.554821205746235391e-02 5.554821447418900604e-02 5.554822211654918129e-02 5.554824628381326707e-02 5.554832270740387573e-02 5.554856437992851392e-02 5.554932861466887334e-02 5.555174532826554629e-02 5.555938755917937122e-02 5.558355353028197193e-02
-7.394784290263228810e-02 -7.394784214915393894e-02 -7.394783976644583867e-02 -7.394783223166179198e-02 -7.394780840458310689e-02 -7.394773305675302055e-02 -7.394749478607934301e-02 -7.394674130891119856e-02 -7.394435861349805961e-02 -7.393682395505161986e-02 -7.391299813322130263e-02
-2.036128230204184431e-01 -2.036128222791956655e-01 -2.036128199352436052e-01 -2.036128125230166341e-01 -2.036127890834972531e-01 -2.036127149612368958e-01 -2.036124805661526926e-01 -2.036117393446464641e-01 -2.036093954047617782e-01 -2.036019832992811973e-01 -2.035785449962002058e-01
-3.334878057895731551e-01 -3.334878050622734347e-01 -3.334878027623498498e-01 -3.334877954893530894e-01 -3.334877724901186280e-01 -3.334876997601616821e-01 -3.334874697679235389e-01 -3.334867424694081262e-01 -3.334844425575766436e-01 -3.334771696779268990e-01 -3.334541716146007251e-01
-4.636265652000102766e-01 -4.636265644884744463e-01 -4.636265622383999863e-01 -4.636265551230397963e-01 -4.636265326222960281e-01 -4.636264614687043983e-01 -4.636262364613678022e-01 -4.636255249264613076e-01 -4.636232748631939904e-01 -4.636161596151081588e-01 -4.635936599921887113e-01
