2.116110797994799952e+00 1.616293414916952109e+00 1.116311866778307627e+00 6.163137386373158666e-01 1.163139339096276315e-01 -3.836860440101499958e-01 -8.836860410109604880e-01 -1.383686040454058519e+00 -1.883686040317620991e+00 -2.383686040278442775e+00 -2.883686040266450146e+00
2.116137984883684098e+00 1.616296130631369010e+00 1.116312129016466370e+00 6.163137618219961533e-01 1.163139352661611281e-01 -3.836860441786955622e-01 -8.836860411240110569e-01 -1.383686040495783809e+00 -1.883686040331413292e+00 -2.383686040282863683e+00 -2.883686040267854356e+00
2.116164475646945764e+00 1.616298770767337967e+00 1.116312383154477672e+00 6.163137840395699341e-01 1.163139364764489564e-01 -3.836860443775289009e-01 -8.836860412450439073e-01 -1.383686040539873208e+00 -1.883686040345937007e+00 -2.383686040287514629e+00 -2.883686040269330952e+00
2.116189246009106295e+00 1.616301233432566820e+00 1.116312619302989306e+00 6.163138043971081448e-01 1.163139374815691657e-01 -3.836860446029375926e-01 -8.836860413706497663e-01 -1.383686040585025978e+00 -1.883686040360758707e+00 -2.383686040292256170e+00 -2.883686040270835527e+00
2.116211590714169422e+00 1.616303449226398570e+00 1.116312830798993572e+00 6.163138223149365880e-01 1.163139382509388448e-01 -3.836860448493205622e-01 -8.836860414975309386e-01 -1.383686040630045966e+00 -1.883686040375484927e+00 -2.383686040296962183e+00 -2.883686040272328555e+00
2.116231127932949541e+00 1.616305381358562832e+00 1.116313014198754727e+00 6.163138375208399022e-01 1.163139387801331720e-01 -3.836860451099116109e-01 -8.836860416227306780e-01 -1.383686040673916873e+00 -1.883686040389786154e+00 -2.383686040301527420e+00 -2.883686040273776285e+00
2.116247754372871714e+00 1.616307020882175038e+00 1.116313168791704724e+00 6.163138499993010555e-01 1.163139390851370414e-01 -3.836860453775665647e-01 -8.836860417437812920e-01 -1.383686040715837784e+00 -1.883686040403406814e+00 -2.383686040305871057e+00 -2.883686040275153850e+00
2.116261576282743029e+00 1.616308379612998447e+00 1.116313295890887458e+00 6.163138599206429147e-01 1.163139391952970336e-01 -3.836860456454569968e-01 -8.836860418587683119e-01 -1.383686040755226943e+00 -1.883686040416165497e+00 -2.383686040309935805e+00 -2.883686040276442153e+00
2.116272836681801994e+00 1.616309482770377004e+00 1.116313398101102194e+00 6.163138675694138646e-01 1.163139391466579825e-01 -3.836860459075784324e-01 -8.836860419663324917e-01 -1.383686040791709315e+00 -1.883686040427948960e+00 -2.383686040313687027e+00 -2.883686040277630980e+00
2.116281851581245821e+00 1.616310362591663052e+00 1.116313478687533500e+00 6.163138732836068723e-01 1.163139389766321835e-01 -3.836860461590473337e-01 -8.836860420656242887e-01 -1.383686040825085062e+00 -1.883686040438701026e+00 -2.383686040317106958e+00 -2.883686040278714113e+00
2.116288960961766552e+00 1.616311053465145475e+00 1.116313541097446738e+00 6.163138774094475414e-01 1.163139387203046410e-01 -3.836860463962093459e-01 -8.836860421562318102e-01 -1.383686040855298671e+00 -1.883686040448411481e+00 -2.383686040320192934e+00 -2.883686040279691998e+00
