2.926638392481550888e+00 2.926638392481647699e+00 2.926638392481955897e+00 2.926638392482928896e+00 2.926638392486005991e+00 2.926638392495737317e+00 2.926638392526509591e+00 2.926638392623821083e+00 2.926638392931546484e+00 2.926638393904660518e+00 2.926638396981916745e+00
3.066525033716413162e+00 3.066525033716509530e+00 3.066525033716814619e+00 3.066525033717778737e+00 3.066525033720829185e+00 3.066525033730474359e+00 3.066525033760975294e+00 3.066525033857427918e+00 3.066525034162436825e+00 3.066525035126960397e+00 3.066525038177052132e+00
3.206417105645138044e+00 3.206417105645233967e+00 3.206417105645536392e+00 3.206417105646493848e+00 3.206417105649521204e+00 3.206417105659093991e+00 3.206417105689365332e+00 3.206417105785093202e+00 3.206417106087810165e+00 3.206417107045085313e+00 3.206417110072255827e+00
3.346315109508877672e+00 3.346315109508972707e+00 3.346315109509273356e+00 3.346315109510224595e+00 3.346315109513232411e+00 3.346315109522743914e+00 3.346315109552822076e+00 3.346315109647937103e+00 3.346315109948717836e+00 3.346315110899869438e+00 3.346315113907675443e+00
3.486218927442966908e+00 3.486218927443061943e+00 3.486218927443360815e+00 3.486218927444307170e+00 3.486218927447298555e+00 3.486218927456758099e+00 3.486218927486672392e+00 3.486218927581269611e+00 3.486218927880412988e+00 3.486218928826386509e+00 3.486218931817818500e+00
3.626127990764097309e+00 3.626127990764191011e+00 3.626127990764488995e+00 3.626127990765430464e+00 3.626127990768408083e+00 3.626127990777824106e+00 3.626127990807599843e+00 3.626127990901759190e+00 3.626127991199516565e+00 3.626127992141109146e+00 3.626127995118685110e+00
3.766041375359061139e+00 3.766041375359154841e+00 3.766041375359451493e+00 3.766041375360389409e+00 3.766041375363355037e+00 3.766041375372733757e+00 3.766041375402392255e+00 3.766041375496180788e+00 3.766041375792765322e+00 3.766041376730648871e+00 3.766041379696496438e+00
3.905957837604921767e+00 3.905957837605015026e+00 3.905957837605310790e+00 3.905957837606245597e+00 3.905957837609201455e+00 3.905957837618548645e+00 3.905957837648108111e+00 3.905957837741582228e+00 3.905957838037173779e+00 3.905957838971917617e+00 3.905957841927836238e+00
4.045875797658754713e+00 4.045875797658847972e+00 4.045875797659141959e+00 4.045875797660074547e+00 4.045875797663022411e+00 4.045875797672342955e+00 4.045875797701818044e+00 4.045875797795026152e+00 4.045875798089778819e+00 4.045875799021865227e+00 4.045875801969382124e+00
4.185793271115882064e+00 4.185793271115975323e+00 4.185793271116269310e+00 4.185793271117199232e+00 4.185793271120139103e+00 4.185793271129438331e+00 4.185793271158842366e+00 4.185793271251825765e+00 4.185793271545867889e+00 4.185793272475708982e+00 4.185793275416125780e+00
4.325707744349311490e+00 4.325707744349404749e+00 4.325707744349697847e+00 4.325707744350625994e+00 4.325707744353560535e+00 4.325707744362840224e+00 4.325707744392183862e+00 4.325707744484978967e+00 4.325707744778422459e+00 4.325707745706369955e+00 4.325707748640799544e+00
