8.834267248202959166e+00 8.834267248202959166e+00 8.834267248202959166e+00 8.834267248202959166e+00 8.834267248202959166e+00 8.834267248202959166e+00 8.834267248202959166e+00 8.834267248202959166e+00 8.834267248202959166e+00 8.834267248202959166e+00 8.834267248202959166e+00
8.821457999775221381e+00 8.821457999775221381e+00 8.821457999775221381e+00 8.821457999775221381e+00 8.821457999775221381e+00 8.821457999775221381e+00 8.821457999775221381e+00 8.821457999775221381e+00 8.821457999775221381e+00 8.821457999775221381e+00 8.821457999775221381e+00
8.806482411332606119e+00 8.806482411332606119e+00 8.806482411332606119e+00 8.806482411332606119e+00 8.806482411332606119e+00 8.806482411332606119e+00 8.806482411332606119e+00 8.806482411332606119e+00 8.806482411332606119e+00 8.806482411332606119e+00 8.806482411332606119e+00
8.789075839471001572e+00 8.789075839471001572e+00 8.789075839471001572e+00 8.789075839471001572e+00 8.789075839471001572e+00 8.789075839471001572e+00 8.789075839471001572e+00 8.789075839471001572e+00 8.789075839471001572e+00 8.789075839471001572e+00 8.789075839471001572e+00
8.768959408307413383e+00 8.768959408307413383e+00 8.768959408307413383e+00 8.768959408307413383e+00 8.768959408307413383e+00 8.768959408307413383e+00 8.768959408307413383e+00 8.768959408307413383e+00 8.768959408307413383e+00 8.768959408307413383e+00 8.768959408307413383e+00
8.745841743396978174e+00 8.745841743396978174e+00 8.745841743396978174e+00 8.745841743396978174e+00 8.745841743396978174e+00 8.745841743396978174e+00 8.745841743396978174e+00 8.745841743396978174e+00 8.745841743396978174e+00 8.745841743396978174e+00 8.745841743396978174e+00
8.719421162845046425e+00 8.719421162845046425e+00 8.719421162845046425e+00 8.719421162845046425e+00 8.719421162845046425e+00 8.719421162845046425e+00 8.719421162845046425e+00 8.719421162845046425e+00 8.719421162845046425e+00 8.719421162845048201e+00 8.719421162845048201e+00
8.689388478357235712e+00 8.689388478357235712e+00 8.689388478357235712e+00 8.689388478357235712e+00 8.689388478357235712e+00 8.689388478357235712e+00 8.689388478357235712e+00 8.689388478357235712e+00 8.689388478357235712e+00 8.689388478357235712e+00 8.689388478357235712e+00
8.655430600564992361e+00 8.655430600564992361e+00 8.655430600564992361e+00 8.655430600564992361e+00 8.655430600564992361e+00 8.655430600564992361e+00 8.655430600564992361e+00 8.655430600564992361e+00 8.655430600564992361e+00 8.655430600564992361e+00 8.655430600564992361e+00
8.617235165513031703e+00 8.617235165513031703e+00 8.617235165513031703e+00 8.617235165513031703e+00 8.617235165513031703e+00 8.617235165513031703e+00 8.617235165513031703e+00 8.617235165513031703e+00 8.617235165513031703e+00 8.617235165513031703e+00 8.617235165513031703e+00
8.574496393974083475e+00 8.574496393974083475e+00 8.574496393974083475e+00 8.574496393974083475e+00 8.574496393974083475e+00 8.574496393974083475e+00 8.574496393974083475e+00 8.574496393974083475e+00 8.574496393974083475e+00 8.574496393974083475e+00 8.574496393974083475e+00
