5.414382371118295012e+00 5.414382371143148909e+00 5.414382371221745593e+00 5.414382371470289890e+00 5.414382372256256737e+00 5.414382374741702364e+00 5.414382382601369947e+00 5.414382407455820001e+00 5.414382486052482513e+00 5.414382734596860480e+00 5.414383520562256358e+00
5.285832158876575093e+00 5.285832158901415667e+00 5.285832158979969719e+00 5.285832159228379901e+00 5.285832160013919534e+00 5.285832162498015130e+00 5.285832170353413240e+00 5.285832195194365646e+00 5.285832273748342303e+00 5.285832522157734914e+00 5.285833307696272243e+00
5.157245050547095921e+00 5.157245050571923173e+00 5.157245050650435481e+00 5.157245050898711547e+00 5.157245051683831960e+00 5.157245054166599729e+00 5.157245062017799420e+00 5.157245086845470894e+00 5.157245165357454475e+00 5.157245413634051978e+00 5.157246198752653221e+00
5.028630289478034143e+00 5.028630289502848072e+00 5.028630289581316859e+00 5.028630289829457034e+00 5.028630290614145792e+00 5.028630293095550208e+00 5.028630300942439568e+00 5.028630325756481945e+00 5.028630404225362227e+00 5.028630652365658094e+00 5.028631437053238784e+00
4.899994739449351044e+00 4.899994739474149874e+00 4.899994739552573364e+00 4.899994739800568766e+00 4.899994740584799224e+00 4.899994743064755021e+00 4.899994750907063157e+00 4.899994775706618455e+00 4.899994854129689159e+00 4.899995102125117796e+00 4.899995886354590269e+00
4.771343481112254814e+00 4.771343481137037656e+00 4.771343481215411408e+00 4.771343481463248715e+00 4.771343482246979129e+00 4.771343484725353079e+00 4.771343492562660771e+00 4.771343517346401164e+00 4.771343595719462094e+00 4.771343843556747011e+00 4.771344627286127071e+00
4.642680256543874506e+00 4.642680256568640473e+00 4.642680256646957382e+00 4.642680256894618829e+00 4.642680257677793243e+00 4.642680260154406824e+00 4.642680267986148301e+00 4.642680292752286775e+00 4.642680371069685563e+00 4.642680618730952169e+00 4.642681401903713478e+00
4.514007802549240722e+00 4.514007802573987149e+00 4.514007802652241885e+00 4.514007802899704380e+00 4.514007803682249964e+00 4.514007806156878466e+00 4.514007813982339634e+00 4.514007838728621103e+00 4.514007916983223900e+00 4.514008164445914240e+00 4.514008946990720972e+00
4.385328097091023558e+00 4.385328097115746893e+00 4.385328097193929686e+00 4.385328097441166584e+00 4.385328098222998072e+00 4.385328100695365272e+00 4.385328108513677492e+00 4.385328133237351267e+00 4.385328211420461919e+00 4.385328458657074435e+00 4.385329240486962377e+00
4.256642541137528823e+00 4.256642541162226401e+00 4.256642541240327482e+00 4.256642541487305920e+00 4.256642542268317619e+00 4.256642544738095779e+00 4.256642552548219882e+00 4.256642577245999703e+00 4.256642655347226523e+00 4.256642902324899502e+00 4.256643683335952666e+00
4.127952089972555250e+00 4.127952089997223517e+00 4.127952090075230451e+00 4.127952090321910461e+00 4.127952091101981580e+00 4.127952093568782566e+00 4.127952101369491089e+00 4.127952126037497393e+00 4.127952204044574636e+00 4.127952450724517774e+00 4.127953230794069839e+00
