2.939459756035158744e+00 3.097649253071380393e+00 3.391016782065296997e+00 3.797119661802633939e+00 4.253152906820456103e+00 4.676873965502665875e+00 4.983861153872974015e+00 5.169305065987277459e+00 5.237685882718082553e+00 5.170608936577908210e+00 4.946659414399349863e+00
2.810167751808840819e+00 2.967718312851744145e+00 3.260391034182197334e+00 3.666301472213669754e+00 4.124589712430719146e+00 4.560169457018989903e+00 4.884713182990555680e+00 5.085520602136913482e+00 5.170061576869026787e+00 5.122315209115979151e+00 4.919515370213187744e+00
2.680778937649165528e+00 2.837589745622278503e+00 3.129446672280752129e+00 3.535023766115997557e+00 3.994962284725012136e+00 4.440866259750936074e+00 4.783082215444947494e+00 4.999480658904528418e+00 5.099927852675285145e+00 5.071126449744039810e+00 4.889557336702124779e+00
2.551277597464608249e+00 2.707232554847244455e+00 2.998135580405702161e+00 3.403242735830774190e+00 3.864343565242841283e+00 4.319024181583253075e+00 4.678828910693819232e+00 4.911125483298251382e+00 5.027281490818212184e+00 5.017035225642717755e+00 4.856688238210844055e+00
2.421645561584058193e+00 2.576610990071556806e+00 2.866401362007470421e+00 3.270899873565778382e+00 3.732769584357160664e+00 4.194736544530266897e+00 4.571797838307928963e+00 4.820373325218299421e+00 4.952104769905656845e+00 4.960030283674217166e+00 4.820818587326489713e+00
2.291861579542257221e+00 2.445683705891708914e+00 2.734178210625877181e+00 3.137921379522059073e+00 3.600240164104301144e+00 4.068117231656790622e+00 4.461821274155385986e+00 4.727117209958831445e+00 4.874362498774975627e+00 4.900093292595028238e+00 4.781863981475884096e+00
2.161900607366447957e+00 2.314402817159508796e+00 2.601389591419286607e+00 3.004217105795108367e+00 3.466720069846385588e+00 3.939282897242424308e+00 4.348725246350450213e+00 4.631221206334088514e+00 4.793998631182445180e+00 4.837195275764961444e+00 4.739742025254608748e+00
2.031733630470907492e+00 2.182713291137192702e+00 2.467946643845203791e+00 2.869678928775278415e+00 3.332139874178014605e+00 3.808333713589715064e+00 4.232337730175251167e+00 4.532516164288810323e+00 4.710932327380007223e+00 4.771292654336577677e+00 4.694368673455362462e+00
1.901326364291757720e+00 2.050551518826690067e+00 2.333746397392035821e+00 2.734178486443916256e+00 3.196396084149034866e+00 3.675335860147048717e+00 4.112498011151862976e+00 4.430794954562363941e+00 4.625053298907888077e+00 4.702322792008912344e+00 4.645653961339911930e+00
1.770638701339307675e+00 1.917844389453452258e+00 2.198669652781898520e+00 2.597564524763109617e+00 3.059350242955216181e+00 3.540307678656657409e+00 3.989065033085392287e+00 4.325807349600975904e+00 4.536216221816261829e+00 4.630198896015304655e+00 4.593497053930064133e+00
1.639623512393601601e+00 1.784507666204581788e+00 2.062578677928454951e+00 2.459659401582631411e+00 2.920826863885770841e+00 3.403209805982325253e+00 3.861921473556463535e+00 4.217254858191733291e+00 4.444233948970944148e+00 4.554804082056786996e+00 4.537780503499589280e+00
