-3.109507817634673987e+00 -3.109507784318894963e+00 -3.109507678965167887e+00 -3.109507345807598799e+00 -3.109506292272542716e+00 -3.109502960718991016e+00 -3.109492425589810427e+00 -3.109459112267941805e+00 -3.109353783108421254e+00 -3.109020871078729709e+00 -3.107969787151142693e+00
-2.641891445209312739e+00 -2.641891433826084601e+00 -2.641891397829159605e+00 -2.641891283996906203e+00 -2.641890924027911591e+00 -2.641889785707964844e+00 -2.641886186043862050e+00 -2.641874803102835845e+00 -2.641838809046074488e+00 -2.641725005473129606e+00 -2.641365323109813534e+00
-2.242129374104216311e+00 -2.242129369540630357e+00 -2.242129355109305333e+00 -2.242129309473450238e+00 -2.242129165160238191e+00 -2.242128708802106463e+00 -2.242127265674137782e+00 -2.242122702134360601e+00 -2.242108271270051301e+00 -2.242062640025714870e+00 -2.241918372906103851e+00
-1.898739503559253805e+00 -1.898739501462969326e+00 -1.898739494833936670e+00 -1.898739473871094763e+00 -1.898739407580775307e+00 -1.898739197952444835e+00 -1.898738535050125131e+00 -1.898736438775587398e+00 -1.898729809840036253e+00 -1.898708847971101177e+00 -1.898642567378973078e+00
-1.601507275794958218e+00 -1.601507274713737550e+00 -1.601507271294618118e+00 -1.601507260482412986e+00 -1.601507226291219332e+00 -1.601507118169190003e+00 -1.601506776257489051e+00 -1.601505695039527000e+00 -1.601502275945834608e+00 -1.601491463999378695e+00 -1.601457275393962654e+00
-1.341438363827102354e+00 -1.341438363211607809e+00 -1.341438361265243406e+00 -1.341438355110298186e+00 -1.341438335646653046e+00 -1.341438274097209282e+00 -1.341438079460835597e+00 -1.341437463967152688e+00 -1.341435517610970463e+00 -1.341429362749702703e+00 -1.341409899943448725e+00
-1.110771807191883953e+00 -1.110771806810802786e+00 -1.110771805605718976e+00 -1.110771801794909752e+00 -1.110771789744072757e+00 -1.110771751635982518e+00 -1.110771631127641434e+00 -1.110771250047026371e+00 -1.110770044966511660e+00 -1.110766234189327184e+00 -1.110754183673825723e+00
-9.029814415981168851e-01 -9.029814413446770605e-01 -9.029814405432294855e-01 -9.029814380088304615e-01 -9.029814299943569322e-01 -9.029814046503671365e-01 -9.029813245056443893e-01 -9.029810710658752182e-01 -9.029802696199279444e-01 -9.029777352350470965e-01 -9.029697209036882111e-01
-7.127250277711544291e-01 -7.127250275920192779e-01 -7.127250270255431897e-01 -7.127250252341886805e-01 -7.127250195694285750e-01 -7.127250016558849266e-01 -7.127249450082906446e-01 -7.127247658729175539e-01 -7.127241993976149992e-01 -7.127224080502833070e-01 -7.127167433612618952e-01
-5.357371585599477459e-01 -5.357371584265943065e-01 -5.357371580048947424e-01 -5.357371566713634570e-01 -5.357371524543677044e-01 -5.357371391190558496e-01 -5.357370969491002111e-01 -5.357369635960178567e-01 -5.357365418968146331e-01 -5.357352083695395839e-01 -5.357309914129758655e-01
-3.686845068968262473e-01 -3.686845067930762943e-01 -3.686845064649905135e-01 -3.686845054274918154e-01 -3.686845021466330641e-01 -3.686844917716468051e-01 -3.686844589630605129e-01 -3.686843552132181845e-01 -3.686840271275724223e-01 -3.686829896312951993e-01 -3.686797087963070152e-01
