1.344875451257141030e+01 1.344875451257141030e+01 1.344875451257141030e+01 1.344875451257141030e+01 1.344875451257141030e+01 1.344875451257141030e+01 1.344875451257141208e+01 1.344875451257141918e+01 1.344875451257143695e+01 1.344875451257149379e+01 1.344875451257167676e+01
1.351272720146449124e+01 1.351272720146449124e+01 1.351272720146449124e+01 1.351272720146449124e+01 1.351272720146449124e+01 1.351272720146449302e+01 1.351272720146449480e+01 1.351272720146450190e+01 1.351272720146452144e+01 1.351272720146458717e+01 1.351272720146479500e+01
1.357062673660022512e+01 1.357062673660022512e+01 1.357062673660022512e+01 1.357062673660022512e+01 1.357062673660022512e+01 1.357062673660022689e+01 1.357062673660022867e+01 1.357062673660023577e+01 1.357062673660026064e+01 1.357062673660033525e+01 1.357062673660057150e+01
1.362278080452384366e+01 1.362278080452384366e+01 1.362278080452384366e+01 1.362278080452384366e+01 1.362278080452384366e+01 1.362278080452384366e+01 1.362278080452384721e+01 1.362278080452385609e+01 1.362278080452388274e+01 1.362278080452396978e+01 1.362278080452424156e+01
1.366955472095516910e+01 1.366955472095516910e+01 1.366955472095516910e+01 1.366955472095516910e+01 1.366955472095516910e+01 1.366955472095516910e+01 1.366955472095517266e+01 1.366955472095518331e+01 1.366955472095521529e+01 1.366955472095531476e+01 1.366955472095563096e+01
1.371133574887131878e+01 1.371133574887131878e+01 1.371133574887131878e+01 1.371133574887131878e+01 1.371133574887131878e+01 1.371133574887132056e+01 1.371133574887132411e+01 1.371133574887133477e+01 1.371133574887137208e+01 1.371133574887148754e+01 1.371133574887185524e+01
1.374851991424062803e+01 1.374851991424062803e+01 1.374851991424062803e+01 1.374851991424062803e+01 1.374851991424062980e+01 1.374851991424062980e+01 1.374851991424063513e+01 1.374851991424064757e+01 1.374851991424069197e+01 1.374851991424082698e+01 1.374851991424125686e+01
1.378150140292524739e+01 1.378150140292524739e+01 1.378150140292524739e+01 1.378150140292524917e+01 1.378150140292524917e+01 1.378150140292525094e+01 1.378150140292525627e+01 1.378150140292527226e+01 1.378150140292532200e+01 1.378150140292548009e+01 1.378150140292598280e+01
1.381066439856200390e+01 1.381066439856200390e+01 1.381066439856200390e+01 1.381066439856200390e+01 1.381066439856200390e+01 1.381066439856200567e+01 1.381066439856201278e+01 1.381066439856203054e+01 1.381066439856209094e+01 1.381066439856227568e+01 1.381066439856286543e+01
1.383637709675954319e+01 1.383637709675954319e+01 1.383637709675954319e+01 1.383637709675954319e+01 1.383637709675954319e+01 1.383637709675954675e+01 1.383637709675955385e+01 1.383637709675957517e+01 1.383637709675964445e+01 1.383637709675986294e+01 1.383637709676055572e+01
1.385898756924936315e+01 1.385898756924936315e+01 1.385898756924936315e+01 1.385898756924936315e+01 1.385898756924936315e+01 1.385898756924936670e+01 1.385898756924937381e+01 1.385898756924940045e+01 1.385898756924948216e+01 1.385898756924973796e+01 1.385898756925055331e+01
