-9.298586684651752421e+00 -9.798576796675201095e+00 -1.029857367010450275e+01 -1.079857268142424331e+01 -1.129857236877891324e+01 -1.179857226991206076e+01 -1.229857223864764570e+01 -1.279857222876097289e+01 -1.329857222563453156e+01 -1.379857222464586464e+01 -1.429857222433322050e+01
-9.298586683249679297e+00 -9.798576796342828743e+00 -1.029857367001049973e+01 -1.079857268139562620e+01 -1.129857236876997462e+01 -1.179857226990924701e+01 -1.229857223864675753e+01 -1.279857222876069223e+01 -1.329857222563444274e+01 -1.379857222464583622e+01 -1.429857222433321162e+01
-9.298586682120852487e+00 -9.798576796066283734e+00 -1.029857366993109125e+01 -1.079857268137132031e+01 -1.129857236876237003e+01 -1.179857226990684893e+01 -1.229857223864599902e+01 -1.279857222876045242e+01 -1.329857222563436814e+01 -1.379857222464581312e+01 -1.429857222433320452e+01
-9.298586681206806759e+00 -9.798576795835503006e+00 -1.029857366986393785e+01 -1.079857268135066661e+01 -1.129857236875589699e+01 -1.179857226990480790e+01 -1.229857223864535598e+01 -1.279857222876024814e+01 -1.329857222563430419e+01 -1.379857222464579181e+01 -1.429857222433319741e+01
-9.298586680462685550e+00 -9.798576795642404136e+00 -1.029857366980709621e+01 -1.079857268133311443e+01 -1.129857236875038851e+01 -1.179857226990307062e+01 -1.229857223864480531e+01 -1.279857222876007405e+01 -1.329857222563424912e+01 -1.379857222464577582e+01 -1.429857222433319208e+01
-9.298586679853858783e+00 -9.798576795480459012e+00 -1.029857366975894450e+01 -1.079857268131819303e+01 -1.129857236874570070e+01 -1.179857226990159091e+01 -1.229857223864433813e+01 -1.279857222875992662e+01 -1.329857222563420116e+01 -1.379857222464575983e+01 -1.429857222433318853e+01
-9.298586679353423534e+00 -9.798576795344365209e+00 -1.029857366971812382e+01 -1.079857268130550629e+01 -1.129857236874171100e+01 -1.179857226990033148e+01 -1.229857223864394022e+01 -1.279857222875980050e+01 -1.329857222563416208e+01 -1.379857222464574740e+01 -1.429857222433318498e+01
-9.298586678940347738e+00 -9.798576795229791969e+00 -1.029857366968349730e+01 -1.079857268129471670e+01 -1.129857236873831461e+01 -1.179857226989925856e+01 -1.229857223864360094e+01 -1.279857222875969391e+01 -1.329857222563412833e+01 -1.379857222464573674e+01 -1.429857222433318142e+01
-9.298586678598081079e+00 -9.798576795133188355e+00 -1.029857366965411103e+01 -1.079857268128554004e+01 -1.129857236873542448e+01 -1.179857226989834729e+01 -1.229857223864331317e+01 -1.279857222875960332e+01 -1.329857222563409991e+01 -1.379857222464572786e+01 -1.429857222433317787e+01
-9.298586678313512266e+00 -9.798576795051625155e+00 -1.029857366962916210e+01 -1.079857268127773473e+01 -1.129857236873296422e+01 -1.179857226989756924e+01 -1.229857223864306803e+01 -1.279857222875952516e+01 -1.329857222563407504e+01 -1.379857222464572075e+01 -1.429857222433317610e+01
-9.298586678076190992e+00 -9.798576794982682969e+00 -1.029857366960797016e+01 -1.079857268127109471e+01 -1.129857236873086990e+01 -1.179857226989690844e+01 -1.229857223864285842e+01 -1.279857222875945943e+01 -1.329857222563405372e+01 -1.379857222464571365e+01 -1.429857222433317254e+01
