9.659036664928398963e+00 9.659036642622838897e+00 9.659036572086801442e+00 9.659036349035623914e+00 9.659035643719471764e+00 9.659033413649989797e+00 9.659026364912046247e+00 9.659004108468467464e+00 9.658934063450033136e+00 9.658715863545181080e+00 9.658055087639098701e+00
9.659031631975041776e+00 9.659031609751515646e+00 9.659031539474874251e+00 9.659031317243801595e+00 9.659030614519254598e+00 9.659028392627236670e+00 9.659021369569579463e+00 9.658999192545136836e+00 9.658929381004520920e+00 9.658711761354451752e+00 9.658051943909036652e+00
9.659025076621125194e+00 9.659025054492248685e+00 9.659024984514898549e+00 9.659024763230085853e+00 9.659024063496094215e+00 9.659021851043162243e+00 9.659014857655781938e+00 9.658992772671087579e+00 9.658923234489956045e+00 9.658706316804176240e+00 9.658047731275884118e+00
9.659016546969027672e+00 9.659016524949269211e+00 9.659016455316955074e+00 9.659016235123072391e+00 9.659015538837117276e+00 9.659013337270010879e+00 9.659006378128372816e+00 9.658984399656670661e+00 9.658915180602074102e+00 9.658699106233710197e+00 9.658042091240174543e+00
9.659005460372117824e+00 9.659005438478034833e+00 9.659005369243130801e+00 9.659005150305782550e+00 9.659004457991564152e+00 9.659002268966428773e+00 9.658995349308346690e+00 9.658973493918802333e+00 9.658904646410718442e+00 9.658689578673151033e+00 9.658034548612061343e+00
9.658991066947001158e+00 9.658991045197513614e+00 9.658990976419843832e+00 9.658990758928228004e+00 9.658990071184041071e+00 9.658987896592932998e+00 9.658981022402377548e+00 9.658959309025371809e+00 9.658890892975408704e+00 9.658677019687845089e+00 9.658024475704042544e+00
9.658972403428938591e+00 9.658972381845611466e+00 9.658972313593368497e+00 9.658972097763120601e+00 9.658971415270883654e+00 9.658969257270308972e+00 9.658962435367715926e+00 9.658940885580751257e+00 9.658872969297357614e+00 9.658660505556332154e+00 9.658011046626603147e+00
9.658948235041455277e+00 9.658948213648798742e+00 9.658948145999492141e+00 9.658947932075720999e+00 9.658947255610545568e+00 9.658945116651743490e+00 9.658938354789807335e+00 9.658916993120829630e+00 9.658849654270969864e+00 9.658638845422947483e+00 9.657993179358031810e+00
9.658916982552328889e+00 9.658916961378116284e+00 9.658916894419570909e+00 9.658916682680002808e+00 9.658916013120151689e+00 9.658913895980580477e+00 9.658907202943874282e+00 9.658886057186792939e+00 9.658819383797434099e+00 9.658610508563059582e+00 9.657969462766239133e+00
9.658876631158534565e+00 9.658876610234116811e+00 9.658876544065478242e+00 9.658876334823643717e+00 9.658875673160611797e+00 9.658873580975827267e+00 9.658866966681676658e+00 9.658846068215936498e+00 9.658780159689609235e+00 9.658573533358788765e+00 9.657938065192755772e+00
9.658824617242675714e+00 9.658824596603299284e+00 9.658824531336019703e+00 9.658824324944367490e+00 9.658823672292703222e+00 9.658821608587459195e+00 9.658815084184341870e+00 9.658794468286798107e+00 9.658729436394011714e+00 9.658525413973206852e+00 9.657896620543352739e+00
