3.219904589295202957e+00 3.718861606675587073e+00 4.209602861092886172e+00 4.654529411350694090e+00 5.005983400030942221e+00 5.263603145645149084e+00 5.429727765095239356e+00 5.491266933134760109e+00 5.422221170265219214e+00 5.198273295012108441e+00 4.827175009840644293e+00
3.220808962485387283e+00 3.719693646705198198e+00 4.210397224742013833e+00 4.655255633473672106e+00 5.006628484969050774e+00 5.264175156485703333e+00 5.430222895082781775e+00 5.491668831437507059e+00 5.422506555646974036e+00 5.198431024016945123e+00 4.827231887858170367e+00
3.223022564054689898e+00 3.721730516135240752e+00 4.212341852332145642e+00 4.657033307988172943e+00 5.008207545251686987e+00 5.265575323974407418e+00 5.431434805176732716e+00 5.492652415493311402e+00 5.423204815822607827e+00 5.198816767653425153e+00 4.827370888470598587e+00
3.227669640874339940e+00 3.726008024433335564e+00 4.216425606999084863e+00 4.660765809666773229e+00 5.011523010119928401e+00 5.268515086529832026e+00 5.433978989035040286e+00 5.494716684986348021e+00 5.424669453643516270e+00 5.199625071471294824e+00 4.827661691469531391e+00
3.236238110707344795e+00 3.733900182194169304e+00 4.223960112004735201e+00 4.667649954801125212e+00 5.017637930080691255e+00 5.273936747673222847e+00 5.438669970532770570e+00 5.498520710118499188e+00 5.427365575405296738e+00 5.201110115138932066e+00 4.828194320007794360e+00
3.250405587814703789e+00 3.746963772920084423e+00 4.236431102927828540e+00 4.679037954036312286e+00 5.027753322258017299e+00 5.282904389213056717e+00 5.446425786557570703e+00 5.504804104169509493e+00 5.431810665717391906e+00 5.203550278560101106e+00 4.829064865862728873e+00
3.271795259794446853e+00 3.766720018798357383e+00 4.255289351156383404e+00 4.696243196397468012e+00 5.043035651421972965e+00 5.296450373862237271e+00 5.458133468076320938e+00 5.514274855624520910e+00 5.438490891058785692e+00 5.207198010572648528e+00 4.830355361939019154e+00
3.301746734545308648e+00 3.794449268075135162e+00 4.281753331695901998e+00 4.720356737521424151e+00 5.064453916361979502e+00 5.315430212127228771e+00 5.474521492493718000e+00 5.527502438180842859e+00 5.447780792555584561e+00 5.212231475555427096e+00 4.832114492850223542e+00
3.341167068697966425e+00 3.831055477182733870e+00 4.316677524885670358e+00 4.752125152296752475e+00 5.092671387782213621e+00 5.340425829517751133e+00 5.496074351105246336e+00 5.544845703801234649e+00 5.459888801052563245e+00 5.218722020076849155e+00 4.834345276544708803e+00
3.390483312902594193e+00 3.877018084459200153e+00 4.360503078038481028e+00 4.791906262869296107e+00 5.128006604818634351e+00 5.371710284769063648e+00 5.523000956395154759e+00 5.566425922903681212e+00 5.474837194849077271e+00 5.226623571271420410e+00 4.837002701010566952e+00
3.449680167402672915e+00 3.932416702652816731e+00 4.413277279992095181e+00 4.839690820769956048e+00 5.170452843879633775e+00 5.409264449250375861e+00 5.555248858763078168e+00 5.592138787255312771e+00 5.492472566928379152e+00 5.235782175493948642e+00 4.840000688755707436e+00
