5.955716561147523791e-01 5.955716561147523791e-01 5.955716561147523791e-01 5.955716561147523791e-01 5.955716561147523791e-01 5.955716561147523791e-01 5.955716561147523791e-01 5.955716561147523791e-01 5.955716561147524901e-01 5.955716561147527122e-01 5.955716561147536003e-01
4.659813679725058333e-01 4.659813679725058333e-01 4.659813679725058333e-01 4.659813679725058333e-01 4.659813679725058333e-01 4.659813679725058333e-01 4.659813679725058333e-01 4.659813679725058333e-01 4.659813679725059998e-01 4.659813679725061664e-01 4.659813679725068880e-01
3.361527196305999499e-01 3.361527196305999499e-01 3.361527196305999499e-01 3.361527196305999499e-01 3.361527196305999499e-01 3.361527196305999499e-01 3.361527196305999499e-01 3.361527196305999499e-01 3.361527196306000609e-01 3.361527196306002274e-01 3.361527196306009491e-01
2.060145678947545023e-01 2.060145678947545023e-01 2.060145678947545023e-01 2.060145678947545023e-01 2.060145678947545023e-01 2.060145678947545023e-01 2.060145678947545023e-01 2.060145678947545023e-01 2.060145678947545578e-01 2.060145678947547798e-01 2.060145678947555015e-01
7.551686646820564286e-02 7.551686646820564286e-02 7.551686646820564286e-02 7.551686646820564286e-02 7.551686646820564286e-02 7.551686646820564286e-02 7.551686646820564286e-02 7.551686646820564286e-02 7.551686646820572613e-02 7.551686646820589266e-02 7.551686646820661430e-02
-5.553691073686879698e-02 -5.553691073686879698e-02 -5.553691073686879698e-02 -5.553691073686879698e-02 -5.553691073686879698e-02 -5.553691073686879698e-02 -5.553691073686879698e-02 -5.553691073686879698e-02 -5.553691073686874147e-02 -5.553691073686852636e-02 -5.553691073686786717e-02
-1.873679921999194253e-01 -1.873679921999194253e-01 -1.873679921999194253e-01 -1.873679921999194253e-01 -1.873679921999194253e-01 -1.873679921999194253e-01 -1.873679921999193421e-01 -1.873679921999193421e-01 -1.873679921999193421e-01 -1.873679921999192033e-01 -1.873679921999185372e-01
-3.200471190367652485e-01 -3.200471190367652485e-01 -3.200471190367652485e-01 -3.200471190367652485e-01 -3.200471190367652485e-01 -3.200471190367652485e-01 -3.200471190367652485e-01 -3.200471190367652485e-01 -3.200471190367652485e-01 -3.200471190367649155e-01 -3.200471190367643048e-01
-4.539225642721842480e-01 -4.539225642721842480e-01 -4.539225642721842480e-01 -4.539225642721842480e-01 -4.539225642721842480e-01 -4.539225642721842480e-01 -4.539225642721842480e-01 -4.539225642721841925e-01 -4.539225642721841925e-01 -4.539225642721840259e-01 -4.539225642721836373e-01
-5.895538068849708324e-01 -5.895538068849708324e-01 -5.895538068849708324e-01 -5.895538068849708324e-01 -5.895538068849708324e-01 -5.895538068849708324e-01 -5.895538068849708324e-01 -5.895538068849708324e-01 -5.895538068849707214e-01 -5.895538068849706104e-01 -5.895538068849701663e-01
-7.273246580776135950e-01 -7.273246580776135950e-01 -7.273246580776135950e-01 -7.273246580776135950e-01 -7.273246580776135950e-01 -7.273246580776135950e-01 -7.273246580776135950e-01 -7.273246580776135950e-01 -7.273246580776135950e-01 -7.273246580776134840e-01 -7.273246580776129289e-01
