-1.212077349014189451e+02 -1.207077349014189451e+02 -1.202077349014189451e+02 -1.197077349014189451e+02 -1.192077349014189451e+02 -1.187077349014189451e+02 -1.182077349014189451e+02 -1.177077349014189451e+02 -1.172077349014189451e+02 -1.167077349014189451e+02 -1.162077349014189451e+02
-1.214637915938750723e+02 -1.209637915938750723e+02 -1.204637915938750723e+02 -1.199637915938750723e+02 -1.194637915938750723e+02 -1.189637915938750723e+02 -1.184637915938750723e+02 -1.179637915938750723e+02 -1.174637915938750723e+02 -1.169637915938750723e+02 -1.164637915938750723e+02
-1.217445002207884954e+02 -1.212445002207884954e+02 -1.207445002207884954e+02 -1.202445002207884954e+02 -1.197445002207884954e+02 -1.192445002207884954e+02 -1.187445002207884954e+02 -1.182445002207884954e+02 -1.177445002207884954e+02 -1.172445002207884954e+02 -1.167445002207884954e+02
-1.220550250038659499e+02 -1.215550250038659499e+02 -1.210550250038659499e+02 -1.205550250038659499e+02 -1.200550250038659499e+02 -1.195550250038659499e+02 -1.190550250038659499e+02 -1.185550250038659499e+02 -1.180550250038659499e+02 -1.175550250038659499e+02 -1.170550250038659499e+02
-1.224016067754948693e+02 -1.219016067754948693e+02 -1.214016067754948693e+02 -1.209016067754948693e+02 -1.204016067754948693e+02 -1.199016067754948693e+02 -1.194016067754948693e+02 -1.189016067754948693e+02 -1.184016067754948693e+02 -1.179016067754948693e+02 -1.174016067754948693e+02
-1.227917268169314013e+02 -1.222917268169314013e+02 -1.217917268169314013e+02 -1.212917268169314013e+02 -1.207917268169314013e+02 -1.202917268169314013e+02 -1.197917268169314013e+02 -1.192917268169314013e+02 -1.187917268169314013e+02 -1.182917268169314013e+02 -1.177917268169314013e+02
-1.232342598588547560e+02 -1.227342598588547560e+02 -1.222342598588547560e+02 -1.217342598588547560e+02 -1.212342598588547560e+02 -1.207342598588547560e+02 -1.202342598588547560e+02 -1.197342598588547560e+02 -1.192342598588547560e+02 -1.187342598588547560e+02 -1.182342598588547560e+02
-1.237396057235839635e+02 -1.232396057235839635e+02 -1.227396057235839635e+02 -1.222396057235839635e+02 -1.217396057235839635e+02 -1.212396057235839635e+02 -1.207396057235839635e+02 -1.202396057235839635e+02 -1.197396057235839635e+02 -1.192396057235839635e+02 -1.187396057235839635e+02
-1.243197986008458855e+02 -1.238197986008458855e+02 -1.233197986008458855e+02 -1.228197986008458855e+02 -1.223197986008458855e+02 -1.218197986008458855e+02 -1.213197986008458855e+02 -1.208197986008458855e+02 -1.203197986008458855e+02 -1.198197986008458855e+02 -1.193197986008458855e+02
-1.249886097664185627e+02 -1.244886097664185627e+02 -1.239886097664185627e+02 -1.234886097664185627e+02 -1.229886097664185627e+02 -1.224886097664185627e+02 -1.219886097664185627e+02 -1.214886097664185627e+02 -1.209886097664185627e+02 -1.204886097664185627e+02 -1.199886097664185627e+02
-1.257616745972570129e+02 -1.252616745972570129e+02 -1.247616745972570129e+02 -1.242616745972570129e+02 -1.237616745972570129e+02 -1.232616745972570129e+02 -1.227616745972570129e+02 -1.222616745972570129e+02 -1.217616745972570129e+02 -1.212616745972570129e+02 -1.207616745972570129e+02
