2.342599480568229531e+00 2.342599480568239745e+00 2.342599480568273052e+00 2.342599480568377857e+00 2.342599480568708259e+00 2.342599480569754533e+00 2.342599480573063442e+00 2.342599480583526628e+00 2.342599480616613494e+00 2.342599480721243133e+00 2.342599481052111798e+00
2.207570286332544374e+00 2.207570286332553700e+00 2.207570286332583454e+00 2.207570286332677156e+00 2.207570286332974696e+00 2.207570286333914389e+00 2.207570286336886678e+00 2.207570286346285826e+00 2.207570286376008717e+00 2.207570286469999310e+00 2.207570286767223777e+00
2.070401334163987528e+00 2.070401334163995966e+00 2.070401334164021723e+00 2.070401334164104767e+00 2.070401334164367224e+00 2.070401334165197671e+00 2.070401334167822682e+00 2.070401334176124486e+00 2.070401334202376820e+00 2.070401334285393968e+00 2.070401334547916861e+00
1.930361378738603140e+00 1.930361378738610467e+00 1.930361378738633116e+00 1.930361378738705502e+00 1.930361378738932654e+00 1.930361378739651412e+00 1.930361378741925371e+00 1.930361378749116286e+00 1.930361378771855430e+00 1.930361378843763465e+00 1.930361379071156458e+00
1.786474218152664495e+00 1.786474218152670490e+00 1.786474218152689808e+00 1.786474218152750426e+00 1.786474218152943383e+00 1.786474218153552451e+00 1.786474218155478244e+00 1.786474218161568261e+00 1.786474218180827078e+00 1.786474218241728584e+00 1.786474218434316086e+00
1.637393855922614438e+00 1.637393855922619545e+00 1.637393855922635533e+00 1.637393855922685937e+00 1.637393855922844699e+00 1.637393855923347408e+00 1.637393855924937247e+00 1.637393855929964115e+00 1.637393855945860954e+00 1.637393855996130965e+00 1.637393856155099137e+00
1.481350855700289015e+00 1.481350855700293012e+00 1.481350855700305891e+00 1.481350855700346081e+00 1.481350855700473534e+00 1.481350855700876545e+00 1.481350855702150637e+00 1.481350855706180081e+00 1.481350855718921666e+00 1.481350855759214546e+00 1.481350855886631068e+00
1.315900033245886336e+00 1.315900033245889444e+00 1.315900033245899436e+00 1.315900033245930523e+00 1.315900033246029555e+00 1.315900033246341749e+00 1.315900033247329404e+00 1.315900033250454015e+00 1.315900033260333002e+00 1.315900033291573790e+00 1.315900033390365209e+00
1.137689091637204220e+00 1.137689091637206440e+00 1.137689091637213989e+00 1.137689091637237304e+00 1.137689091637311245e+00 1.137689091637544614e+00 1.137689091638282912e+00 1.137689091640617267e+00 1.137689091647998696e+00 1.137689091671341579e+00 1.137689091745158088e+00
9.420536589102164182e-01 9.420536589102181946e-01 9.420536589102234126e-01 9.420536589102400660e-01 9.420536589102931346e-01 9.420536589104605563e-01 9.420536589109903547e-01 9.420536589126660143e-01 9.420536589179645537e-01 9.420536589347199286e-01 9.420536589877052114e-01
7.220335788129330634e-01 7.220335788129342847e-01 7.220335788129378374e-01 7.220335788129493837e-01 7.220335788129859100e-01 7.220335788131014843e-01 7.220335788134665256e-01 7.220335788146210465e-01 7.220335788182725700e-01 7.220335788298187785e-01 7.220335788663304610e-01
