2.539790868308342997e+00 2.539790868308342997e+00 2.539790868308342997e+00 2.539790868308342997e+00 2.539790868308342997e+00 2.539790868308342997e+00 2.539790868308342997e+00 2.539790868308342997e+00 2.539790868308342997e+00 2.539790868308342997e+00 2.539790868308342997e+00
3.045576364369504851e+00 3.045576364369504851e+00 3.045576364369504851e+00 3.045576364369504851e+00 3.045576364369504851e+00 3.045576364369504851e+00 3.045576364369504851e+00 3.045576364369504851e+00 3.045576364369504851e+00 3.045576364369504851e+00 3.045576364369504851e+00
3.477331812798353461e+00 3.477331812798353461e+00 3.477331812798353461e+00 3.477331812798353461e+00 3.477331812798353461e+00 3.477331812798353461e+00 3.477331812798353461e+00 3.477331812798353461e+00 3.477331812798353461e+00 3.477331812798353461e+00 3.477331812798353461e+00
3.847228300130170808e+00 3.847228300130170808e+00 3.847228300130170808e+00 3.847228300130170808e+00 3.847228300130170808e+00 3.847228300130170808e+00 3.847228300130170808e+00 3.847228300130170808e+00 3.847228300130170808e+00 3.847228300130170808e+00 3.847228300130170808e+00
4.166102971002591637e+00 4.166102971002591637e+00 4.166102971002591637e+00 4.166102971002591637e+00 4.166102971002591637e+00 4.166102971002591637e+00 4.166102971002591637e+00 4.166102971002591637e+00 4.166102971002591637e+00 4.166102971002591637e+00 4.166102971002591637e+00
4.443562754557652816e+00 4.443562754557652816e+00 4.443562754557652816e+00 4.443562754557652816e+00 4.443562754557652816e+00 4.443562754557652816e+00 4.443562754557652816e+00 4.443562754557652816e+00 4.443562754557652816e+00 4.443562754557652816e+00 4.443562754557652816e+00
4.687989074149810698e+00 4.687989074149810698e+00 4.687989074149810698e+00 4.687989074149810698e+00 4.687989074149810698e+00 4.687989074149810698e+00 4.687989074149810698e+00 4.687989074149810698e+00 4.687989074149810698e+00 4.687989074149810698e+00 4.687989074149810698e+00
4.906521199762545749e+00 4.906521199762545749e+00 4.906521199762545749e+00 4.906521199762545749e+00 4.906521199762545749e+00 4.906521199762545749e+00 4.906521199762545749e+00 4.906521199762545749e+00 4.906521199762545749e+00 4.906521199762545749e+00 4.906521199762545749e+00
5.105077456272417713e+00 5.105077456272417713e+00 5.105077456272417713e+00 5.105077456272417713e+00 5.105077456272417713e+00 5.105077456272417713e+00 5.105077456272417713e+00 5.105077456272417713e+00 5.105077456272417713e+00 5.105077456272417713e+00 5.105077456272417713e+00
5.288435623301525723e+00 5.288435623301525723e+00 5.288435623301525723e+00 5.288435623301525723e+00 5.288435623301525723e+00 5.288435623301525723e+00 5.288435623301525723e+00 5.288435623301525723e+00 5.288435623301525723e+00 5.288435623301525723e+00 5.288435623301525723e+00
5.460362703505325044e+00 5.460362703505325044e+00 5.460362703505325044e+00 5.460362703505325044e+00 5.460362703505325044e+00 5.460362703505325044e+00 5.460362703505325044e+00 5.460362703505325044e+00 5.460362703505325044e+00 5.460362703505325044e+00 5.460362703505325044e+00
