5.808470629412306963e+00 5.809928819242049514e+00 5.814507251763599172e+00 5.828666280835896885e+00 5.870489841547925636e+00 5.979013989367236270e+00 6.182718426855940308e+00 6.393816989943775120e+00 6.507040502100641000e+00 6.492288950082993892e+00 6.329127814176033873e+00
5.946631667464057358e+00 5.948090287782558327e+00 5.952669755565659138e+00 5.966828298836811761e+00 6.008599413120793820e+00 6.116221888343670976e+00 6.311502274534452006e+00 6.500763314980040342e+00 6.590493728981359212e+00 6.551482540616293093e+00 6.363326445438858947e+00
6.084160298093693520e+00 6.085620919273010188e+00 6.090206200676632875e+00 6.104377329926361284e+00 6.146112817987215315e+00 6.252600405951283413e+00 6.437925897092455330e+00 6.604752711633688378e+00 6.670709715580567689e+00 6.606776559404439197e+00 6.393695610808279639e+00
6.220841527799396253e+00 6.222306024608552200e+00 6.226902799517970877e+00 6.241101757816098328e+00 6.282816922826812700e+00 6.387854752509342759e+00 6.561654624172958528e+00 6.705615099574719018e+00 6.747374148521706694e+00 6.657890208658989728e+00 6.420250866420036395e+00
6.356400266861218284e+00 6.357870918932830406e+00 6.362486061710735719e+00 6.376730914870096356e+00 6.418438375758459991e+00 6.521609642774826909e+00 6.682340311503145891e+00 6.803087318243963288e+00 6.820095045469497741e+00 6.704544636411097436e+00 6.443075315295968331e+00
6.490492047787130403e+00 6.491971642042869917e+00 6.496613511266036589e+00 6.510925683406340703e+00 6.552632709788609233e+00 6.653395905909216701e+00 6.799596571152644486e+00 6.896792093515905719e+00 6.888406773113386450e+00 6.746490528163855416e+00 6.462330483988116825e+00
6.622696724635207310e+00 6.624188647136598718e+00 6.628867328464978392e+00 6.643271838847131683e+00 6.684975250501964616e+00 6.782650134473075632e+00 6.912973038877730403e+00 6.986224927433086762e+00 6.951789117921505223e+00 6.783545677933475737e+00 6.478259440591428664e+00
6.752517583994962713e+00 6.754025881381124918e+00 6.758753314897640863e+00 6.773278433884168948e+00 6.814955760772001270e+00 6.908705753339706490e+00 7.021916053119714007e+00 7.070754421075686302e+00 7.009707572168916379e+00 6.815637350795846316e+00 6.491178629077532847e+00
6.879388206595709931e+00 6.880917589505605392e+00 6.885707485463615107e+00 6.900383412095137281e+00 6.941978669283316528e+00 7.030798302284597234e+00 7.125759287116396834e+00 7.149654640584904186e+00 7.061677003161428878e+00 6.842838678404905117e+00 6.501457993181155359e+00
7.002688556445782808e+00 7.004244310250947514e+00 7.009111730692647591e+00 7.023967772253049802e+00 7.065370036560934430e+00 7.148076812751377851e+00 7.223720563704575603e+00 7.222148885760304005e+00 7.107341913613533180e+00 6.865385959732541288e+00 6.509493087302288927e+00
7.121770152323309233e+00 7.123357915058130985e+00 7.128318375907956472e+00 7.143377991573065522e+00 7.184391223459440035e+00 7.259623458698120757e+00 7.314934648773031789e+00 7.287514744172129078e+00 7.146554964916379760e+00 6.883667690639983405e+00 6.515675679649373109e+00
