1.536747101216086708e+00 1.036821433983934115e+00 5.368449550648723978e-01 3.685239458669585522e-02 -4.631452526808775838e-01 -9.631444245585210062e-01 -1.463144189280076057e+00 -1.963144198982960331e+00 -2.463144175454933915e+00 -2.963144168014717028e+00 -3.463144165661913743e+00
1.536747100988905546e+00 1.036821433920336322e+00 5.368449550455879349e-01 3.685239458068024360e-02 -4.631452526827716243e-01 -9.631444245591191944e-01 -1.463144189280265017e+00 -1.963144198983020061e+00 -2.463144175454952567e+00 -2.963144168014723245e+00 -3.463144165661915519e+00
1.536747100718317771e+00 1.036821433845867224e+00 5.368449550231519929e-01 3.685239457369671873e-02 -4.631452526849687557e-01 -9.631444245598126397e-01 -1.463144189280484397e+00 -1.963144198983089339e+00 -2.463144175454974771e+00 -2.963144168014729907e+00 -3.463144165661917739e+00
1.536747100394933785e+00 1.036821433758545519e+00 5.368449549970371049e-01 3.685239456558848242e-02 -4.631452526875178277e-01 -9.631444245606173293e-01 -1.463144189280738416e+00 -1.963144198983169941e+00 -2.463144175455000084e+00 -2.963144168014737900e+00 -3.463144165661920404e+00
1.536747100007016975e+00 1.036821433655986668e+00 5.368449549666221010e-01 3.685239455617252136e-02 -4.631452526904752398e-01 -9.631444245615505828e-01 -1.463144189281033514e+00 -1.963144198983262978e+00 -2.463144175455029838e+00 -2.963144168014747670e+00 -3.463144165661923513e+00
1.536747099539816253e+00 1.036821433535311421e+00 5.368449549311762325e-01 3.685239454523516617e-02 -4.631452526939067171e-01 -9.631444245626330503e-01 -1.463144189281375462e+00 -1.963144198983371114e+00 -2.463144175455064033e+00 -2.963144168014758328e+00 -3.463144165661926621e+00
1.536747098974689196e+00 1.036821433393027680e+00 5.368449548898357460e-01 3.685239453252783098e-02 -4.631452526978886430e-01 -9.631444245638886015e-01 -1.463144189281772256e+00 -1.963144198983496569e+00 -2.463144175455103113e+00 -2.963144168014770763e+00 -3.463144165661930618e+00
1.536747098287957414e+00 1.036821433224878852e+00 5.368449548415785699e-01 3.685239451775959574e-02 -4.631452527025095023e-01 -9.631444245653447700e-01 -1.463144189282232110e+00 -1.963144198983642008e+00 -2.463144175455149298e+00 -2.963144168014784974e+00 -3.463144165661935059e+00
1.536747097449386867e+00 1.036821433025650219e+00 5.368449547851923409e-01 3.685239450059064198e-02 -4.631452527078724346e-01 -9.631444245670340853e-01 -1.463144189282765684e+00 -1.963144198983810540e+00 -2.463144175455202589e+00 -2.963144168014801849e+00 -3.463144165661940388e+00
1.536747096420180148e+00 1.036821432788919584e+00 5.368449547192312155e-01 3.685239448062321149e-02 -4.631452527140977327e-01 -9.631444245689938510e-01 -1.463144189283384744e+00 -1.963144198984006161e+00 -2.463144175455264318e+00 -2.963144168014821833e+00 -3.463144165661947049e+00
1.536747095150334141e+00 1.036821432506738860e+00 5.368449546419720164e-01 3.685239445738999753e-02 -4.631452527213247850e-01 -9.631444245712670327e-01 -1.463144189284102392e+00 -1.963144198984233091e+00 -2.463144175455336260e+00 -2.963144168014844482e+00 -3.463144165661954155e+00
