1.536746972339439798e+00 1.036821431516464331e+00 5.368449581248593283e-01 3.685239593874355818e-02 -4.631452522148713502e-01 -9.631444244073124050e-01 -1.463144189231875059e+00 -1.963144198967679221e+00 -2.463144175450097784e+00 -2.963144168013187141e+00 -3.463144165661430129e+00
1.536747014161510272e+00 1.036821434191177671e+00 5.368449579124263682e-01 3.685239576563980463e-02 -4.631452522802075311e-01 -9.631444244290329193e-01 -1.463144189238849702e+00 -1.963144198969895449e+00 -2.463144175450799445e+00 -2.963144168013409629e+00 -3.463144165661500296e+00
1.536747043576726979e+00 1.036821435848116257e+00 5.368449576695867309e-01 3.685239561209262271e-02 -4.631452523364411045e-01 -9.631444244475833028e-01 -1.463144189244792726e+00 -1.963144198971782606e+00 -2.463144175451397189e+00 -2.963144168013598367e+00 -3.463144165661559803e+00
1.536747064134003971e+00 1.036821436809395758e+00 5.368449574179448014e-01 3.685239547690074419e-02 -4.631452523847557345e-01 -9.631444244634179697e-01 -1.463144189249855565e+00 -1.963144198973389098e+00 -2.463144175451905671e+00 -2.963144168013759572e+00 -3.463144165661610874e+00
1.536747078385400922e+00 1.036821437302214655e+00 5.368449571711875201e-01 3.685239535857061377e-02 -4.631452524262061887e-01 -9.631444244769288288e-01 -1.463144189254168559e+00 -1.963144198974756893e+00 -2.463144175452338658e+00 -2.963144168013896351e+00 -3.463144165661653950e+00
1.536747088163469277e+00 1.036821437485908382e+00 5.368449569375572938e-01 3.685239525549035416e-02 -4.631452524617238331e-01 -9.631444244884526107e-01 -1.463144189257841843e+00 -1.963144198975921739e+00 -2.463144175452707252e+00 -2.963144168014012703e+00 -3.463144165661690810e+00
1.536747094781838019e+00 1.036821437471421969e+00 5.368449567215994866e-01 3.685239516604060794e-02 -4.631452524921269021e-01 -9.631444244982785285e-01 -1.463144189260970229e+00 -1.963144198976912724e+00 -2.463144175453020779e+00 -2.963144168014112179e+00 -3.463144165661722340e+00
1.536747099180219678e+00 1.036821437335305962e+00 5.368449565253935463e-01 3.685239508866399588e-02 -4.631452525181289914e-01 -9.631444245066542731e-01 -1.463144189263634320e+00 -1.963144198977756938e+00 -2.463144175453288121e+00 -2.963144168014196556e+00 -3.463144165661748985e+00
1.536747102029180301e+00 1.036821437129758605e+00 5.368449563494125387e-01 3.685239502190503641e-02 -4.631452525403512710e-01 -9.631444245137927851e-01 -1.463144189265902728e+00 -1.963144198978475252e+00 -2.463144175453515494e+00 -2.963144168014268498e+00 -3.463144165661772078e+00
1.536747103805799153e+00 1.036821436889818315e+00 5.368449561931192271e-01 3.685239496443110108e-02 -4.631452525593312552e-01 -9.631444245198753640e-01 -1.463144189267834072e+00 -1.963144198979086985e+00 -2.463144175453708673e+00 -2.963144168014329338e+00 -3.463144165661791174e+00
1.536747104848263268e+00 1.036821436638505123e+00 5.368449560553745226e-01 3.685239491503961712e-02 -4.631452525755336280e-01 -9.631444245250572189e-01 -1.463144189269478534e+00 -1.963144198979607680e+00 -2.463144175453873430e+00 -2.963144168014381741e+00 -3.463144165661807605e+00
