2.941243491576447155e+00 2.941276589318203349e+00 2.941381236936363663e+00 2.941711995568841775e+00 2.942756288041391777e+00 2.946042167242298504e+00 2.956272032582544895e+00 2.987118071264274644e+00 3.072304592504123910e+00 3.265930010863454580e+00 3.591630161645842367e+00
3.081059802008785375e+00 3.081092897749329040e+00 3.081197539028154075e+00 3.081528277504425706e+00 3.082572505142368247e+00 3.085858168354811859e+00 3.096087240661423934e+00 3.126929660475657791e+00 3.212093375658621852e+00 3.405529703552053089e+00 3.729484974734333491e+00
3.220825324739744033e+00 3.220858418411626456e+00 3.220963053132969378e+00 3.221293770714640736e+00 3.222337930697517283e+00 3.225623364150563166e+00 3.235851551438755802e+00 3.266689579484705064e+00 3.351823283261605280e+00 3.545001422392842105e+00 3.866580632676197560e+00
3.360519954987248425e+00 3.360553046387848575e+00 3.360657673904372977e+00 3.360988368478480481e+00 3.362032453465534143e+00 3.365317627358400898e+00 3.375544769595197003e+00 3.406377244148345973e+00 3.491470767161986011e+00 3.684295296826995081e+00 4.002652242819896955e+00
3.500116245884966837e+00 3.500149334635932696e+00 3.500253953742191726e+00 3.500584621406821473e+00 3.501628618159652540e+00 3.504913481636721784e+00 3.515139328159560872e+00 3.545964560484186734e+00 3.631003670725555299e+00 3.823343175975750352e+00 4.137355212443322827e+00
3.639576735919804573e+00 3.639609821404641288e+00 3.639714430138788703e+00 3.640045064566870270e+00 3.641088951845907751e+00 3.644373425428213409e+00 3.654597601849645994e+00 3.685413180095574059e+00 3.770378058099219221e+00 3.962052022941940699e+00 4.270249981743705625e+00
3.778850384416426511e+00 3.778883465684816922e+00 3.778988061024792344e+00 3.779318652490807118e+00 3.780362397852132350e+00 3.783646362054522427e+00 3.793868321736005633e+00 3.824670832417484512e+00 3.909533956449033898e+00 4.100295135928460510e+00 4.400789959056797152e+00
3.917867875729763583e+00 3.917900951350113736e+00 3.918005528745641008e+00 3.918336062628570815e+00 3.919379617518734538e+00 3.922662895627625268e+00 3.932881848116614343e+00 3.963666479155569800e+00 4.048389692779024607e+00 4.237900649403253617e+00 4.528317012409813103e+00
4.056535539191623130e+00 4.056568607021658224e+00 4.056673159666477346e+00 4.057003614125124002e+00 4.058046906297144041e+00 4.061329238060664260e+00 4.071544042627486704e+00 4.102304014632296436e+00 4.186834461163489784e+00 4.374636782935518831e+00 4.652069428735021717e+00
4.194727663205052970e+00 4.194760720031393220e+00 4.194865237720348361e+00 4.195195580047605510e+00 4.196238501716986313e+00 4.199519502739372356e+00 4.209728508465024888e+00 4.240454255007708007e+00 4.324718744035541462e+00 4.510193479268374439e+00 4.771205917223133142e+00
4.332277100467246456e+00 4.332310141435149475e+00 4.332414608756635310e+00 4.332744789621071568e+00 4.333787178831715714e+00 4.337066277403611281e+00 4.347267081003288958e+00 4.377945060536639232e+00 4.461842274416877530e+00 4.644160548433426960e+00 4.884845343186821509e+00
