-6.439696570867681658e+00 -6.439696570867681658e+00 -6.439696570867680769e+00 -6.439696570867679881e+00 -6.439696570867675440e+00 -6.439696570867662118e+00 -6.439696570867619485e+00 -6.439696570867483594e+00 -6.439696570867055492e+00 -6.439696570865699243e+00 -6.439696570861412006e+00
-6.312398108617645498e+00 -6.312398108617645498e+00 -6.312398108617645498e+00 -6.312398108617643722e+00 -6.312398108617639281e+00 -6.312398108617626846e+00 -6.312398108617584214e+00 -6.312398108617450099e+00 -6.312398108617027326e+00 -6.312398108615690617e+00 -6.312398108611462000e+00
-6.184661925644866720e+00 -6.184661925644866720e+00 -6.184661925644865832e+00 -6.184661925644864056e+00 -6.184661925644860503e+00 -6.184661925644847180e+00 -6.184661925644805436e+00 -6.184661925644673097e+00 -6.184661925644252989e+00 -6.184661925642927827e+00 -6.184661925638734736e+00
-6.056344307249147185e+00 -6.056344307249147185e+00 -6.056344307249146297e+00 -6.056344307249145409e+00 -6.056344307249140968e+00 -6.056344307249127645e+00 -6.056344307249085901e+00 -6.056344307248954451e+00 -6.056344307248537007e+00 -6.056344307247217174e+00 -6.056344307243044511e+00
-5.927344788278827714e+00 -5.927344788278827714e+00 -5.927344788278826826e+00 -5.927344788278825938e+00 -5.927344788278821497e+00 -5.927344788278808174e+00 -5.927344788278766430e+00 -5.927344788278634979e+00 -5.927344788278218424e+00 -5.927344788276901255e+00 -5.927344788272734810e+00
-5.797598907031569659e+00 -5.797598907031569659e+00 -5.797598907031568771e+00 -5.797598907031567883e+00 -5.797598907031563442e+00 -5.797598907031551008e+00 -5.797598907031509263e+00 -5.797598907031376925e+00 -5.797598907030960369e+00 -5.797598907029642312e+00 -5.797598907025474091e+00
-5.667071930163180227e+00 -5.667071930163180227e+00 -5.667071930163179339e+00 -5.667071930163178450e+00 -5.667071930163174009e+00 -5.667071930163160687e+00 -5.667071930163118942e+00 -5.667071930162986604e+00 -5.667071930162569160e+00 -5.667071930161248439e+00 -5.667071930157071336e+00
-5.535753323230932388e+00 -5.535753323230932388e+00 -5.535753323230931500e+00 -5.535753323230930611e+00 -5.535753323230926171e+00 -5.535753323230912848e+00 -5.535753323230871104e+00 -5.535753323230738765e+00 -5.535753323230319545e+00 -5.535753323228994383e+00 -5.535753323224804845e+00
-5.403651841071152262e+00 -5.403651841071152262e+00 -5.403651841071152262e+00 -5.403651841071150486e+00 -5.403651841071146933e+00 -5.403651841071133610e+00 -5.403651841071090978e+00 -5.403651841070957751e+00 -5.403651841070536754e+00 -5.403651841069208039e+00 -5.403651841065001626e+00
-5.270791175554752073e+00 -5.270791175554752073e+00 -5.270791175554752073e+00 -5.270791175554750296e+00 -5.270791175554745855e+00 -5.270791175554732533e+00 -5.270791175554689900e+00 -5.270791175554556673e+00 -5.270791175554134789e+00 -5.270791175552798968e+00 -5.270791175548575680e+00
-5.137206133043947354e+00 -5.137206133043947354e+00 -5.137206133043947354e+00 -5.137206133043945577e+00 -5.137206133043941136e+00 -5.137206133043927814e+00 -5.137206133043886069e+00 -5.137206133043751954e+00 -5.137206133043327405e+00 -5.137206133041986256e+00 -5.137206133037745204e+00
