-1.120544235199797001e+01 -1.070544865321030059e+01 -1.020545064584762507e+01 -9.705451275976777481e+00 -9.205451475241302361e+00 -8.705451538254298072e+00 -8.205451558180756777e+00 -7.705451564482057591e+00 -7.205451566474703640e+00 -6.705451567104834254e+00 -6.205451567304098859e+00
-1.119839987798249936e+01 -1.070320922392209972e+01 -1.020474122363443215e+01 -9.705226811337270831e+00 -9.205380480713678537e+00 -8.705429086555424689e+00 -8.205444458204366853e+00 -7.705449319259803254e+00 -7.205450856471828480e+00 -6.705451342582084528e+00 -6.205451496303759029e+00
-1.044996535193005371e+01 -1.031018491124538272e+01 -1.003828488621209480e+01 -9.645333489352163170e+00 -9.185526034857222299e+00 -8.699051174028550548e+00 -8.203417369049482488e+00 -7.704807266696502843e+00 -7.205247718265140655e+00 -6.705387094295689465e+00 -6.205431178176874951e+00
-8.441253045403158239e+00 -8.439639837277649548e+00 -8.434577507619716030e+00 -8.418946648571612457e+00 -8.372923524112518834e+00 -8.253018656674329989e+00 -8.006786244712058576e+00 -7.632312080927697195e+00 -7.180964670146660289e+00 -6.697557844210404454e+00 -6.202939806777810539e+00
-6.661491283029821631e+00 -6.661464446764679082e+00 -6.661379593954713130e+00 -6.661111374863478041e+00 -6.660264280156891203e+00 -6.657596353764592578e+00 -6.649265899623204135e+00 -6.623927492518811633e+00 -6.552332516713210708e+00 -6.381891964470185030e+00 -6.075148948402433469e+00
-5.145997580994936982e+00 -5.145996762075116138e+00 -5.145994172433424829e+00 -5.145985983368978722e+00 -5.145960088289590395e+00 -5.145878211018400705e+00 -5.145619393894349969e+00 -5.144801955896132206e+00 -5.142227069411987372e+00 -5.134183601394361141e+00 -5.109686116710058457e+00
-3.856045131246684132e+00 -3.856045089242809087e+00 -3.856044956414920843e+00 -3.856044536376524334e+00 -3.856043208101159969e+00 -3.856039007752384062e+00 -3.856025725350633593e+00 -3.855983725381542104e+00 -3.855850936542214669e+00 -3.855431288364901121e+00 -3.854106906653667508e+00
-2.758075833942079225e+00 -2.758075830589951760e+00 -2.758075819989595168e+00 -2.758075786468324520e+00 -2.758075680464777246e+00 -2.758075345252297694e+00 -2.758074285219064947e+00 -2.758070933116681278e+00 -2.758060333008471421e+00 -2.758026814225679413e+00 -2.757920835549691585e+00
-1.823514383420362206e+00 -1.823514383030633068e+00 -1.823514381798202466e+00 -1.823514377900914196e+00 -1.823514365576607510e+00 -1.823514326603729030e+00 -1.823514203360689478e+00 -1.823513813632209102e+00 -1.823512581204843164e+00 -1.823508683950333165e+00 -1.823496359979616788e+00
-1.028026385110479390e+00 -1.028026385048063540e+00 -1.028026384850687203e+00 -1.028026384226528478e+00 -1.028026382252764659e+00 -1.028026376011176524e+00 -1.028026356273542774e+00 -1.028026293857669415e+00 -1.028026096481406082e+00 -1.028025472323448763e+00 -1.028023498568587213e+00
-3.508571475439459797e-01 -3.508571475308174259e-01 -3.508571474893011910e-01 -3.508571473580154310e-01 -3.508571469428529710e-01 -3.508571456299945379e-01 -3.508571414783714926e-01 -3.508571283497867177e-01 -3.508570868335592063e-01 -3.508569555477465407e-01 -3.508565403858153742e-01
