-3.792637443814248055e+00 -4.292637443723139157e+00 -4.792637443694439447e+00 -5.292637443685374699e+00 -5.792637443682509435e+00 -6.292637443681603493e+00 -6.792637443681316611e+00 -7.292637443681226017e+00 -7.792637443681197595e+00 -8.292637443681188714e+00 -8.792637443681185161e+00
-3.792637443815150888e+00 -4.292637443723458013e+00 -4.792637443694543364e+00 -5.292637443685407561e+00 -5.792637443682520093e+00 -6.292637443681606157e+00 -6.792637443681317500e+00 -7.292637443681226017e+00 -7.792637443681197595e+00 -8.292637443681188714e+00 -8.792637443681185161e+00
-3.792637443815943143e+00 -4.292637443723732460e+00 -4.792637443694632182e+00 -5.292637443685435983e+00 -5.792637443682528975e+00 -6.292637443681609710e+00 -6.792637443681318388e+00 -7.292637443681226905e+00 -7.792637443681197595e+00 -8.292637443681188714e+00 -8.792637443681185161e+00
-3.792637443816635034e+00 -4.292637443723969604e+00 -4.792637443694709454e+00 -5.292637443685460852e+00 -5.792637443682536968e+00 -6.292637443681611487e+00 -6.792637443681319276e+00 -7.292637443681226905e+00 -7.792637443681197595e+00 -8.292637443681188714e+00 -8.792637443681185161e+00
-3.792637443817237219e+00 -4.292637443724172996e+00 -4.792637443694775179e+00 -5.292637443685481280e+00 -5.792637443682543186e+00 -6.292637443681614151e+00 -6.792637443681320164e+00 -7.292637443681226905e+00 -7.792637443681197595e+00 -8.292637443681188714e+00 -8.792637443681185161e+00
-3.792637443817759024e+00 -4.292637443724347968e+00 -4.792637443694831134e+00 -5.292637443685499044e+00 -5.792637443682548515e+00 -6.292637443681615927e+00 -6.792637443681321052e+00 -7.292637443681226905e+00 -7.792637443681197595e+00 -8.292637443681188714e+00 -8.792637443681185161e+00
-3.792637443818210219e+00 -4.292637443724497182e+00 -4.792637443694879096e+00 -5.292637443685515031e+00 -5.792637443682553844e+00 -6.292637443681616816e+00 -6.792637443681321052e+00 -7.292637443681227793e+00 -7.792637443681197595e+00 -8.292637443681188714e+00 -8.792637443681185161e+00
-3.792637443818599241e+00 -4.292637443724625079e+00 -4.792637443694919952e+00 -5.292637443685527465e+00 -5.792637443682557397e+00 -6.292637443681618592e+00 -6.792637443681321940e+00 -7.292637443681227793e+00 -7.792637443681198484e+00 -8.292637443681188714e+00 -8.792637443681185161e+00
-3.792637443818934528e+00 -4.292637443724735213e+00 -4.792637443694955479e+00 -5.292637443685539012e+00 -5.792637443682560949e+00 -6.292637443681619480e+00 -6.792637443681321940e+00 -7.292637443681227793e+00 -7.792637443681198484e+00 -8.292637443681188714e+00 -8.792637443681185161e+00
-3.792637443819222298e+00 -4.292637443724828472e+00 -4.792637443694984789e+00 -5.292637443685547893e+00 -5.792637443682564502e+00 -6.292637443681620368e+00 -6.792637443681321940e+00 -7.292637443681227793e+00 -7.792637443681197595e+00 -8.292637443681188714e+00 -8.792637443681185161e+00
-3.792637443819469212e+00 -4.292637443724908408e+00 -4.792637443695010546e+00 -5.292637443685555887e+00 -5.792637443682567167e+00 -6.292637443681621257e+00 -6.792637443681322829e+00 -7.292637443681227793e+00 -7.792637443681197595e+00 -8.292637443681188714e+00 -8.792637443681185161e+00
