1.111950660590605011e+01 1.111950660590605011e+01 1.111950660590605011e+01 1.111950660590605011e+01 1.111950660590605011e+01 1.111950660590605011e+01 1.111950660590605011e+01 1.111950660590605011e+01 1.111950660590605011e+01 1.111950660590605011e+01 1.111950660590605011e+01
1.107146961796831164e+01 1.107146961796831164e+01 1.107146961796831164e+01 1.107146961796831164e+01 1.107146961796831164e+01 1.107146961796831164e+01 1.107146961796831164e+01 1.107146961796831164e+01 1.107146961796831164e+01 1.107146961796831164e+01 1.107146961796831164e+01
1.101859150423385003e+01 1.101859150423385003e+01 1.101859150423385003e+01 1.101859150423385003e+01 1.101859150423385003e+01 1.101859150423385003e+01 1.101859150423385003e+01 1.101859150423385003e+01 1.101859150423385003e+01 1.101859150423385003e+01 1.101859150423385003e+01
1.096061922685710144e+01 1.096061922685710144e+01 1.096061922685710144e+01 1.096061922685710144e+01 1.096061922685710144e+01 1.096061922685710144e+01 1.096061922685710144e+01 1.096061922685710144e+01 1.096061922685710144e+01 1.096061922685710144e+01 1.096061922685710144e+01
1.089733838761361717e+01 1.089733838761361717e+01 1.089733838761361717e+01 1.089733838761361717e+01 1.089733838761361717e+01 1.089733838761361717e+01 1.089733838761361717e+01 1.089733838761361717e+01 1.089733838761361717e+01 1.089733838761361717e+01 1.089733838761361717e+01
1.082858545887834190e+01 1.082858545887834190e+01 1.082858545887834190e+01 1.082858545887834190e+01 1.082858545887834190e+01 1.082858545887834190e+01 1.082858545887834190e+01 1.082858545887834190e+01 1.082858545887834190e+01 1.082858545887834190e+01 1.082858545887834190e+01
1.075425997726965477e+01 1.075425997726965477e+01 1.075425997726965477e+01 1.075425997726965477e+01 1.075425997726965477e+01 1.075425997726965477e+01 1.075425997726965477e+01 1.075425997726965477e+01 1.075425997726965477e+01 1.075425997726965477e+01 1.075425997726965477e+01
1.067433566955111068e+01 1.067433566955111068e+01 1.067433566955111068e+01 1.067433566955111068e+01 1.067433566955111068e+01 1.067433566955111068e+01 1.067433566955111068e+01 1.067433566955111068e+01 1.067433566955111068e+01 1.067433566955111068e+01 1.067433566955111068e+01
1.058886924388937700e+01 1.058886924388937700e+01 1.058886924388937700e+01 1.058886924388937700e+01 1.058886924388937700e+01 1.058886924388937700e+01 1.058886924388937700e+01 1.058886924388937700e+01 1.058886924388937700e+01 1.058886924388937700e+01 1.058886924388937700e+01
1.049800548157221058e+01 1.049800548157221058e+01 1.049800548157221058e+01 1.049800548157221058e+01 1.049800548157221058e+01 1.049800548157221058e+01 1.049800548157221058e+01 1.049800548157221058e+01 1.049800548157221058e+01 1.049800548157221058e+01 1.049800548157221058e+01
1.040197735377181409e+01 1.040197735377181409e+01 1.040197735377181409e+01 1.040197735377181409e+01 1.040197735377181409e+01 1.040197735377181409e+01 1.040197735377181409e+01 1.040197735377181409e+01 1.040197735377181409e+01 1.040197735377181409e+01 1.040197735377181409e+01
