6.118962919367792352e+00 5.620642604394123332e+00 5.121184164301727293e+00 4.621356529797224333e+00 4.121411149989319789e+00 3.621428433837807326e+00 3.121433900616003232e+00 2.621435629477684603e+00 2.121436176203217450e+00 1.621436349094157681e+00 1.121436403767188450e+00
6.118962919023561042e+00 5.620642604282531707e+00 5.121184164266140648e+00 4.621356529785940026e+00 4.121411149985748423e+00 3.621428433836678007e+00 3.121433900615646184e+00 2.621435629477571805e+00 2.121436176203181478e+00 1.621436349094146356e+00 1.121436403767184897e+00
6.118962918623986447e+00 5.620642604153079702e+00 5.121184164224866997e+00 4.621356529772853605e+00 4.121411149981606847e+00 3.621428433835367500e+00 3.121433900615231849e+00 2.621435629477440798e+00 2.121436176203140178e+00 1.621436349094133256e+00 1.121436403767180678e+00
6.118962918160104181e+00 5.620642604002901166e+00 5.121184164176995957e+00 4.621356529757676412e+00 4.121411149976802690e+00 3.621428433833848270e+00 3.121433900614751344e+00 2.621435629477288920e+00 2.121436176203092216e+00 1.621436349094117935e+00 1.121436403767175793e+00
6.118962917621471931e+00 5.620642603828668094e+00 5.121184164121473259e+00 4.621356529740074492e+00 4.121411149971232923e+00 3.621428433832086125e+00 3.121433900614194012e+00 2.621435629477112617e+00 2.121436176203036705e+00 1.621436349094100393e+00 1.121436403767170242e+00
6.118962916995923429e+00 5.620642603626512468e+00 5.121184164057074106e+00 4.621356529719660600e+00 4.121411149964772314e+00 3.621428433830042426e+00 3.121433900613547863e+00 2.621435629476908336e+00 2.121436176202971868e+00 1.621436349094079965e+00 1.121436403767163803e+00
6.118962916269268248e+00 5.620642603391944547e+00 5.121184163982376525e+00 4.621356529695985316e+00 4.121411149957280529e+00 3.621428433827673210e+00 3.121433900612798240e+00 2.621435629476671192e+00 2.121436176202896817e+00 1.621436349094056428e+00 1.121436403767156254e+00
6.118962915424941862e+00 5.620642603119740954e+00 5.121184163895731167e+00 4.621356529668528168e+00 4.121411149948591479e+00 3.621428433824924742e+00 3.121433900611929158e+00 2.621435629476396301e+00 2.121436176202809776e+00 1.621436349094028673e+00 1.121436403767147594e+00
6.118962914443593526e+00 5.620642602803832766e+00 5.121184163795225786e+00 4.621356529636682531e+00 4.121411149938515095e+00 3.621428433821737958e+00 3.121433900610921075e+00 2.621435629476077445e+00 2.121436176202709412e+00 1.621436349093996920e+00 1.121436403767137602e+00
6.118962913302587125e+00 5.620642602437158963e+00 5.121184163678637269e+00 4.621356529599748519e+00 4.121411149926828443e+00 3.621428433818041359e+00 3.121433900609752232e+00 2.621435629475707962e+00 2.121436176202592172e+00 1.621436349093960061e+00 1.121436403767125833e+00
6.118962911975411423e+00 5.620642602011503897e+00 5.121184163543385459e+00 4.621356529556911674e+00 4.121411149913275729e+00 3.621428433813755010e+00 3.121433900608396872e+00 2.621435629475279416e+00 2.121436176202456725e+00 1.621436349093916984e+00 1.121436403767112289e+00
