8.253842885271675200e+00 8.253845209245158188e+00 8.253852558182080301e+00 8.253875796435302448e+00 8.253949270961118856e+00 8.254181504195436503e+00 8.254914729256984884e+00 8.257221010135296524e+00 8.264367404394581840e+00 8.284998844542901253e+00 8.330868701664064346e+00
8.373599742318079464e+00 8.373602146082873787e+00 8.373609747322969810e+00 8.373633783237394823e+00 8.373709778263187076e+00 8.373949962396975977e+00 8.374708122908405272e+00 8.377090832379563423e+00 8.384444789220449223e+00 8.405244573446138290e+00 8.448979720855030351e+00
8.488666271339113223e+00 8.488668775361858820e+00 8.488676693618156577e+00 8.488701731752588131e+00 8.488780893326966392e+00 8.489031062939091044e+00 8.489820503262519580e+00 8.492298641898807787e+00 8.499905373051616309e+00 8.520854296384312576e+00 8.562153385665258298e+00
8.598466388938016181e+00 8.598469017099974465e+00 8.598477327879656684e+00 8.598503606888446171e+00 8.598586688490849284e+00 8.598849213904149025e+00 8.599677297349737515e+00 8.602272573359378782e+00 8.610178925499930358e+00 8.631218429771875478e+00 8.669690148951108455e+00
8.702496419745388678e+00 8.702499199397809804e+00 8.702507989175240155e+00 8.702535782335058201e+00 8.702623646336180130e+00 8.702901236126020734e+00 8.703776330076706813e+00 8.706512836721005399e+00 8.714762955273029021e+00 8.735775128653068933e+00 8.770899903013550158e+00
8.800351514016622190e+00 8.800354475858917169e+00 8.800363841687211419e+00 8.800393455636896789e+00 8.800487068992207895e+00 8.800782753063250752e+00 8.801714139673871173e+00 8.804617642389379384e+00 8.813245968193871960e+00 8.834028321461929067e+00 8.865122764773671449e+00
8.891743112345867672e+00 8.891746290046111056e+00 8.891756338352099220e+00 8.891788109232066972e+00 8.891888530769881172e+00 8.892205614975894790e+00 8.893203291502038255e+00 8.896299926680447001e+00 8.905320541576008608e+00 8.925556310597460907e+00 8.951751864179064100e+00
8.976506341202830086e+00 8.976509770644753416e+00 8.976520614839980539e+00 8.976554900659547087e+00 8.976663256156950155e+00 8.977005235377781389e+00 8.978079551396671576e+00 8.981393646602985115e+00 8.990784916854027031e+00 9.010011794349319203e+00 9.030262809148352332e+00
9.054597928024673337e+00 9.054601646023909822e+00 9.054613402432952540e+00 9.054650570073288662e+00 9.054768009931178696e+00 9.055138421616080180e+00 9.056299479222509774e+00 9.059850090668865263e+00 9.069533835460820370e+00 9.087117515367738818e+00 9.100254661733355732e+00
9.126086438757463171e+00 9.126090481047214098e+00 9.126103262519167814e+00 9.126143667344070565e+00 9.126271300222789762e+00 9.126673495079694831e+00 9.127930213625983669e+00 9.131725856690454890e+00 9.141541222853653892e+00 9.156664503339916550e+00 9.161502742746554517e+00
9.191137230085479004e+00 9.191141628334992930e+00 9.191155534786711101e+00 9.191199490453213272e+00 9.191338284931754643e+00 9.191775086362156344e+00 9.193133807874151131e+00 9.197164772919144582e+00 9.206839002200860378e+00 9.218520663260012071e+00 9.214014363393628670e+00
