1.066958968269126551e+01 1.041940218394984008e+01 1.010847124272022413e+01 9.736424440847111228e+00 9.311300610428251190e+00 8.848241875234782228e+00 8.363618576741759014e+00 7.869213564918181802e+00 7.371090751907432903e+00 6.871697309476207494e+00 6.371890509742796027e+00
1.066958963112142555e+01 1.041940214319930469e+01 1.010847121349378064e+01 9.736424422463025863e+00 9.311300600614865530e+00 8.848241870852721291e+00 8.363618575068466399e+00 7.869213564342524947e+00 7.371090751719504119e+00 6.871697309416130217e+00 6.371890509723731277e+00
1.066958962287402635e+01 1.041940213668614490e+01 1.010847120882423944e+01 9.736424419526416685e+00 9.311300599047502402e+00 8.848241870152877553e+00 8.363618574801238381e+00 7.869213564250593151e+00 7.371090751689491682e+00 6.871697309406536114e+00 6.371890509720686602e+00
1.066958961330547595e+01 1.041940212913100083e+01 1.010847120340824823e+01 9.736424416120598835e+00 9.311300597229770659e+00 8.848241869341256560e+00 8.363618574491333391e+00 7.869213564143978878e+00 7.371090751654686635e+00 6.871697309395409903e+00 6.371890509717155204e+00
1.066958960220338604e+01 1.041940212036682922e+01 1.010847119712635056e+01 9.736424412170553211e+00 9.311300595121668522e+00 8.848241868400004151e+00 8.363618574131931993e+00 7.869213564020338225e+00 7.371090751614323366e+00 6.871697309382506447e+00 6.371890509713060702e+00
1.066958958932097445e+01 1.041940211019969809e+01 1.010847118983992488e+01 9.736424407589261421e+00 9.311300592676795773e+00 8.848241867308415110e+00 8.363618573715132953e+00 7.869213563876952477e+00 7.371090751567514587e+00 6.871697309367542417e+00 6.371890509708311612e+00
1.066958957437139865e+01 1.041940209840440446e+01 1.010847118138809542e+01 9.736424402275765999e+00 9.311300589841328801e+00 8.848241866042469539e+00 8.363618573231768494e+00 7.869213563710666826e+00 7.371090751513229122e+00 6.871697309350189187e+00 6.371890509702804906e+00
1.066958955702113521e+01 1.041940208471938867e+01 1.010847117158413511e+01 9.736424396112930424e+00 9.311300586552842873e+00 8.848241864574317717e+00 8.363618572671203566e+00 7.869213563517825527e+00 7.371090751450275036e+00 6.871697309330063952e+00 6.371890509696418015e+00
1.066958953688222067e+01 1.041940206884078712e+01 1.010847116021129288e+01 9.736424388964854515e+00 9.311300582738923026e+00 8.848241862871649488e+00 8.363618572021110253e+00 7.869213563294185754e+00 7.371090751377266770e+00 6.871697309306725288e+00 6.371890509689011495e+00
1.066958951350316553e+01 1.041940205041548850e+01 1.010847114701791227e+01 9.736424380673829759e+00 9.311300578315563570e+00 8.848241860896997935e+00 8.363618571267187107e+00 7.869213563034830550e+00 7.371090751292599386e+00 6.871697309279658938e+00 6.371890509680421921e+00
1.066958948635824989e+01 1.041940202903303003e+01 1.010847113171177192e+01 9.736424371056848770e+00 9.311300573185313567e+00 8.848241858606904486e+00 8.363618570392848284e+00 7.869213562734055145e+00 7.371090751194410373e+00 6.871697309248269825e+00 6.371890509670461000e+00
