-3.536648566083570255e+00 -4.036648466917979405e+00 -4.536648457000938883e+00 -5.036648456009085173e+00 -5.536648455909853439e+00 -6.036648455899914723e+00 -6.536648455898916410e+00 -7.036648455898815158e+00 -7.536648455898804499e+00 -8.036648455898802723e+00 -8.536648455898802723e+00
-3.536648565879867867e+00 -4.036648466899093179e+00 -4.536648456999518686e+00 -5.036648456009092278e+00 -5.536648455909900512e+00 -6.036648455899934262e+00 -6.536648455898923515e+00 -7.036648455898817822e+00 -7.536648455898805388e+00 -8.036648455898802723e+00 -8.536648455898802723e+00
-3.536648565385835052e+00 -4.036648466853291595e+00 -4.536648456996077883e+00 -5.036648456009108266e+00 -5.536648455910015976e+00 -6.036648455899982224e+00 -6.536648455898939503e+00 -7.036648455898822263e+00 -7.536648455898807164e+00 -8.036648455898804499e+00 -8.536648455898802723e+00
-3.536648564360992619e+00 -4.036648466758294695e+00 -4.536648456988945810e+00 -5.036648456009143793e+00 -5.536648455910256672e+00 -6.036648455900080812e+00 -6.536648455898973253e+00 -7.036648455898833809e+00 -7.536648455898810717e+00 -8.036648455898804499e+00 -8.536648455898804499e+00
-3.536648562503776461e+00 -4.036648466586202133e+00 -4.536648456976046795e+00 -5.036648456009216623e+00 -5.536648455910694544e+00 -6.036648455900261112e+00 -6.536648455899034538e+00 -7.036648455898853349e+00 -7.536648455898816934e+00 -8.036648455898808052e+00 -8.536648455898804499e+00
-3.536648559511452294e+00 -4.036648466309091354e+00 -4.536648456955331810e+00 -5.036648456009356956e+00 -5.536648455911408639e+00 -6.036648455900554211e+00 -6.536648455899133126e+00 -7.036648455898885324e+00 -7.536648455898826704e+00 -8.036648455898809829e+00 -8.536648455898806276e+00
-3.536648555161396423e+00 -4.036648465906622185e+00 -4.536648456925373551e+00 -5.036648456009615415e+00 -5.536648455912462907e+00 -6.036648455900984978e+00 -6.536648455899279675e+00 -7.036648455898932397e+00 -7.536648455898841803e+00 -8.036648455898815158e+00 -8.536648455898806276e+00
-3.536648549383750950e+00 -4.036648465372807415e+00 -4.536648456885890468e+00 -5.036648456010062169e+00 -5.536648455913898204e+00 -6.036648455901567623e+00 -6.536648455899476851e+00 -7.036648455898996346e+00 -7.536648455898862231e+00 -8.036648455898822263e+00 -8.536648455898809829e+00
-3.536648542296743525e+00 -4.036648464719270635e+00 -4.536648456837982124e+00 -5.036648456010787811e+00 -5.536648455915714528e+00 -6.036648455902301258e+00 -6.536648455899724652e+00 -7.036648455899076282e+00 -7.536648455898887988e+00 -8.036648455898829368e+00 -8.536648455898811605e+00
-3.536648534191963122e+00 -4.036648463973780743e+00 -4.536648456783984429e+00 -5.036648456011886488e+00 -5.536648455917879907e+00 -6.036648455903167232e+00 -6.536648455900015975e+00 -7.036648455899170429e+00 -7.536648455898917298e+00 -8.036648455898840027e+00 -8.536648455898815158e+00
-3.536648525477619209e+00 -4.036648463174846491e+00 -4.536648456727017553e+00 -5.036648456013440800e+00 -5.536648455920327727e+00 -6.036648455904137123e+00 -6.536648455900342825e+00 -7.036648455899275234e+00 -7.536648455898951049e+00 -8.036648455898850685e+00 -8.536648455898818710e+00
