5.878734566498456715e+00 6.372517691272730822e+00 6.862905062380302290e+00 7.336671426438489796e+00 7.783511235855035792e+00 8.191217877325177810e+00 8.545826641785724931e+00 8.834884121949045266e+00 9.047789115286686723e+00 9.171139182392698430e+00 9.182581568858768861e+00
5.894191185020749124e+00 6.378227699302851050e+00 6.865436889278048405e+00 7.338173186130092951e+00 7.784651510096554539e+00 8.192199387124407650e+00 8.546706521590154537e+00 8.835675196030946310e+00 9.048488929013146276e+00 9.171733376367747326e+00 9.183043135829915826e+00
5.928618698960717914e+00 6.391401845077360200e+00 6.871348830330886948e+00 7.341691593116952852e+00 7.787325328024693682e+00 8.194501396455324382e+00 8.548770240927426656e+00 8.837530595147581991e+00 9.050130204037476034e+00 9.173126791204458286e+00 9.184125296387430026e+00
5.991584998287173391e+00 6.417220214811496959e+00 6.883210686488971497e+00 7.348800306459454035e+00 7.792737473082692823e+00 8.199162988979129096e+00 8.552949594362907249e+00 8.841287936632413746e+00 9.053453579533853102e+00 9.175947635762765842e+00 9.186315013714207112e+00
6.087610454788466186e+00 6.460761938979330488e+00 6.904106441289107110e+00 7.361465510518556243e+00 7.802412389941227211e+00 8.207502917931227771e+00 8.560427751566528798e+00 8.848010540638842514e+00 9.059398571796636546e+00 9.180991514970340717e+00 9.190226970963264463e+00
6.212382602628998107e+00 6.525206742856884290e+00 6.936892712246828907e+00 7.381752688642994720e+00 7.817994719381742286e+00 8.220952957068334399e+00 8.572490591416476846e+00 8.858853391829580204e+00 9.068984043524574545e+00 9.189118171460449958e+00 9.196520591521512245e+00
6.356111584982575557e+00 6.610206195469362278e+00 6.983507499378206695e+00 7.411492482354810285e+00 7.841011035708068455e+00 8.240850563606841206e+00 8.590341667743194520e+00 8.874896218043522467e+00 9.083159190330732713e+00 9.201122489496677659e+00 9.205796016978105456e+00
6.509092675772690129e+00 6.712519217075458400e+00 7.044707902597819427e+00 7.451853854687606749e+00 7.872623860330389078e+00 8.268260277350673704e+00 8.614942576267216268e+00 8.896999289735028071e+00 9.102674508829153410e+00 9.217622303612667878e+00 9.218503022538152791e+00
6.664689181213077518e+00 6.827642030813086294e+00 7.119770892176259913e+00 7.503461566935156313e+00 7.913554137351405338e+00 8.303868444400011484e+00 8.646918188399959959e+00 8.925717536533044338e+00 9.128004611515518008e+00 9.238990801668121478e+00 9.234885700998342273e+00
6.819383989684663305e+00 6.951353257541152963e+00 7.207096467263896855e+00 7.566162491245509436e+00 7.964035083171018492e+00 8.347959222251429168e+00 8.686533685029424134e+00 8.961279325287291542e+00 9.159328777806269528e+00 9.265339069336038236e+00 9.254968148144174123e+00
6.971753344038623901e+00 7.080443458418665514e+00 7.304682317168889050e+00 7.639302067997387091e+00 8.023876364053327492e+00 8.400453543938795065e+00 8.733727238530647696e+00 9.003615455409617496e+00 9.196556532207694090e+00 9.296538105883705327e+00 9.278573048025434034e+00
