1.088836623837964446e+01 1.088836623837963913e+01 1.088836623837961959e+01 1.088836623837955742e+01 1.088836623837936202e+01 1.088836623837874562e+01 1.088836623837679518e+01 1.088836623837062412e+01 1.088836623835111261e+01 1.088836623828940908e+01 1.088836623809428694e+01
1.088986089415665681e+01 1.088986089415664793e+01 1.088986089415662484e+01 1.088986089415655023e+01 1.088986089415631042e+01 1.088986089415555725e+01 1.088986089415317160e+01 1.088986089414563097e+01 1.088986089412178337e+01 1.088986089404636992e+01 1.088986089380789402e+01
1.089108152497054327e+01 1.089108152497053439e+01 1.089108152497050597e+01 1.089108152497041715e+01 1.089108152497013293e+01 1.089108152496923410e+01 1.089108152496639192e+01 1.089108152495740711e+01 1.089108152492899428e+01 1.089108152483914260e+01 1.089108152455500367e+01
1.089207245942096947e+01 1.089207245942095881e+01 1.089207245942092506e+01 1.089207245942082203e+01 1.089207245942048985e+01 1.089207245941944358e+01 1.089207245941613067e+01 1.089207245940565727e+01 1.089207245937253887e+01 1.089207245926780843e+01 1.089207245893662446e+01
1.089287219273838225e+01 1.089287219273836982e+01 1.089287219273833252e+01 1.089287219273821350e+01 1.089287219273783336e+01 1.089287219273663609e+01 1.089287219273285068e+01 1.089287219272087448e+01 1.089287219268300611e+01 1.089287219256325656e+01 1.089287219218457459e+01
1.089351389808403958e+01 1.089351389808402715e+01 1.089351389808398451e+01 1.089351389808384951e+01 1.089351389808342319e+01 1.089351389808207671e+01 1.089351389807782056e+01 1.089351389806435755e+01 1.089351389802178360e+01 1.089351389788715530e+01 1.089351389746142118e+01
1.089402592344854348e+01 1.089402592344852749e+01 1.089402592344848131e+01 1.089402592344833209e+01 1.089402592344785958e+01 1.089402592344636922e+01 1.089402592344165299e+01 1.089402592342674225e+01 1.089402592337958886e+01 1.089402592323047436e+01 1.089402592275893689e+01
1.089443228051738544e+01 1.089443228051736945e+01 1.089443228051731793e+01 1.089443228051715451e+01 1.089443228051663937e+01 1.089443228051500867e+01 1.089443228050985546e+01 1.089443228049355561e+01 1.089443228044201284e+01 1.089443228027902144e+01 1.089443227976359552e+01
1.089475312530399442e+01 1.089475312530397666e+01 1.089475312530392159e+01 1.089475312530374396e+01 1.089475312530318796e+01 1.089475312530142759e+01 1.089475312529585871e+01 1.089475312527824791e+01 1.089475312522256090e+01 1.089475312504646176e+01 1.089475312448958633e+01
1.089500522571312224e+01 1.089500522571310270e+01 1.089500522571304408e+01 1.089500522571285579e+01 1.089500522571226071e+01 1.089500522571037600e+01 1.089500522570442165e+01 1.089500522568559049e+01 1.089500522562603813e+01 1.089500522543771943e+01 1.089500522484220291e+01
1.089586527359409551e+01 1.089586527359406709e+01 1.089586527359397827e+01 1.089586527359369406e+01 1.089586527359279700e+01 1.089586527358996015e+01 1.089586527358098778e+01 1.089586527355261758e+01 1.089586527346290445e+01 1.089586527317920073e+01 1.089586527228205703e+01
