6.302145640389831271e+00 6.302145640389831271e+00 6.302145640389831271e+00 6.302145640389831271e+00 6.302145640389831271e+00 6.302145640389831271e+00 6.302145640389832160e+00 6.302145640389833936e+00 6.302145640389839265e+00 6.302145640389857029e+00 6.302145640389913872e+00
6.443129350889840623e+00 6.443129350889840623e+00 6.443129350889840623e+00 6.443129350889840623e+00 6.443129350889840623e+00 6.443129350889840623e+00 6.443129350889841511e+00 6.443129350889843288e+00 6.443129350889848617e+00 6.443129350889865492e+00 6.443129350889919671e+00
6.583808996010458436e+00 6.583808996010458436e+00 6.583808996010458436e+00 6.583808996010458436e+00 6.583808996010458436e+00 6.583808996010458436e+00 6.583808996010459325e+00 6.583808996010461101e+00 6.583808996010466430e+00 6.583808996010482417e+00 6.583808996010533932e+00
6.724259082209159466e+00 6.724259082209159466e+00 6.724259082209159466e+00 6.724259082209159466e+00 6.724259082209159466e+00 6.724259082209159466e+00 6.724259082209160354e+00 6.724259082209162131e+00 6.724259082209166571e+00 6.724259082209182559e+00 6.724259082209232297e+00
6.864530022336168713e+00 6.864530022336168713e+00 6.864530022336168713e+00 6.864530022336168713e+00 6.864530022336168713e+00 6.864530022336168713e+00 6.864530022336169601e+00 6.864530022336171378e+00 6.864530022336175819e+00 6.864530022336190918e+00 6.864530022336239767e+00
7.004653368151214643e+00 7.004653368151214643e+00 7.004653368151214643e+00 7.004653368151214643e+00 7.004653368151214643e+00 7.004653368151214643e+00 7.004653368151215531e+00 7.004653368151216419e+00 7.004653368151221748e+00 7.004653368151236847e+00 7.004653368151283921e+00
7.144645108341378226e+00 7.144645108341378226e+00 7.144645108341378226e+00 7.144645108341378226e+00 7.144645108341378226e+00 7.144645108341378226e+00 7.144645108341378226e+00 7.144645108341380002e+00 7.144645108341384443e+00 7.144645108341399542e+00 7.144645108341445727e+00
7.284507377346792545e+00 7.284507377346792545e+00 7.284507377346792545e+00 7.284507377346792545e+00 7.284507377346792545e+00 7.284507377346792545e+00 7.284507377346793433e+00 7.284507377346794321e+00 7.284507377346798762e+00 7.284507377346812973e+00 7.284507377346859158e+00
7.424228772900228535e+00 7.424228772900228535e+00 7.424228772900228535e+00 7.424228772900228535e+00 7.424228772900228535e+00 7.424228772900228535e+00 7.424228772900229423e+00 7.424228772900230311e+00 7.424228772900234752e+00 7.424228772900248963e+00 7.424228772900294260e+00
7.563783360744625206e+00 7.563783360744625206e+00 7.563783360744625206e+00 7.563783360744625206e+00 7.563783360744625206e+00 7.563783360744625206e+00 7.563783360744626094e+00 7.563783360744626982e+00 7.563783360744631423e+00 7.563783360744645634e+00 7.563783360744690043e+00
7.703128350421772907e+00 7.703128350421772907e+00 7.703128350421772907e+00 7.703128350421772907e+00 7.703128350421772907e+00 7.703128350421772907e+00 7.703128350421773796e+00 7.703128350421774684e+00 7.703128350421779125e+00 7.703128350421793336e+00 7.703128350421836856e+00
