1.159989656207240749e+01 1.159989656207240571e+01 1.159989656207240216e+01 1.159989656207238973e+01 1.159989656207235242e+01 1.159989656207222986e+01 1.159989656207184616e+01 1.159989656207063291e+01 1.159989656206679598e+01 1.159989656205466346e+01 1.159989656201629771e+01
1.159926914405934006e+01 1.159926914405933829e+01 1.159926914405933651e+01 1.159926914405932585e+01 1.159926914405929388e+01 1.159926914405919085e+01 1.159926914405886578e+01 1.159926914405783727e+01 1.159926914405458831e+01 1.159926914404431386e+01 1.159926914401182074e+01
1.159851520767594657e+01 1.159851520767594657e+01 1.159851520767594302e+01 1.159851520767593414e+01 1.159851520767590749e+01 1.159851520767582223e+01 1.159851520767555222e+01 1.159851520767469957e+01 1.159851520767200483e+01 1.159851520766347832e+01 1.159851520763651500e+01
1.159761350233297961e+01 1.159761350233297961e+01 1.159761350233297783e+01 1.159761350233297073e+01 1.159761350233294941e+01 1.159761350233288013e+01 1.159761350233266164e+01 1.159761350233197064e+01 1.159761350232978394e+01 1.159761350232287214e+01 1.159761350230101584e+01
1.159653999709181527e+01 1.159653999709181349e+01 1.159653999709181171e+01 1.159653999709180638e+01 1.159653999709179040e+01 1.159653999709173533e+01 1.159653999709156302e+01 1.159653999709101768e+01 1.159653999708929284e+01 1.159653999708384120e+01 1.159653999706659988e+01
1.159526757596908730e+01 1.159526757596908730e+01 1.159526757596908553e+01 1.159526757596908197e+01 1.159526757596906954e+01 1.159526757596902691e+01 1.159526757596889546e+01 1.159526757596847979e+01 1.159526757596716351e+01 1.159526757596300328e+01 1.159526757594984758e+01
1.159376568162599774e+01 1.159376568162599597e+01 1.159376568162599597e+01 1.159376568162599241e+01 1.159376568162598353e+01 1.159376568162595333e+01 1.159376568162585563e+01 1.159376568162555188e+01 1.159376568162459087e+01 1.159376568162154797e+01 1.159376568161192722e+01
1.159199989881575199e+01 1.159199989881575199e+01 1.159199989881575199e+01 1.159199989881574844e+01 1.159199989881574311e+01 1.159199989881572179e+01 1.159199989881565607e+01 1.159199989881544468e+01 1.159199989881478210e+01 1.159199989881268422e+01 1.159199989880605308e+01
1.158993147075766927e+01 1.158993147075766927e+01 1.158993147075766927e+01 1.158993147075766750e+01 1.158993147075766394e+01 1.158993147075764973e+01 1.158993147075760888e+01 1.158993147075747565e+01 1.158993147075705998e+01 1.158993147075574193e+01 1.158993147075157459e+01
1.158751674394264164e+01 1.158751674394264164e+01 1.158751674394264164e+01 1.158751674394264164e+01 1.158751674394263809e+01 1.158751674394263098e+01 1.158751674394260966e+01 1.158751674394254039e+01 1.158751674394232190e+01 1.158751674394162912e+01 1.158751674393943709e+01
1.158470653935966510e+01 1.158470653935966510e+01 1.158470653935966510e+01 1.158470653935966510e+01 1.158470653935966510e+01 1.158470653935966155e+01 1.158470653935965622e+01 1.158470653935963490e+01 1.158470653935957095e+01 1.158470653935936312e+01 1.158470653935871120e+01
