8.769049810732871819e+00 8.769049810732871819e+00 8.769049810732871819e+00 8.769049810732871819e+00 8.769049810732871819e+00 8.769049810732871819e+00 8.769049810732871819e+00 8.769049810732871819e+00 8.769049810732871819e+00 8.769049810732871819e+00 8.769049810732871819e+00
8.892201215382161905e+00 8.892201215382161905e+00 8.892201215382161905e+00 8.892201215382161905e+00 8.892201215382161905e+00 8.892201215382161905e+00 8.892201215382161905e+00 8.892201215382161905e+00 8.892201215382161905e+00 8.892201215382161905e+00 8.892201215382161905e+00
9.011068771542824152e+00 9.011068771542824152e+00 9.011068771542824152e+00 9.011068771542824152e+00 9.011068771542824152e+00 9.011068771542824152e+00 9.011068771542824152e+00 9.011068771542824152e+00 9.011068771542824152e+00 9.011068771542824152e+00 9.011068771542824152e+00
9.125039121584613611e+00 9.125039121584613611e+00 9.125039121584613611e+00 9.125039121584613611e+00 9.125039121584613611e+00 9.125039121584613611e+00 9.125039121584613611e+00 9.125039121584613611e+00 9.125039121584613611e+00 9.125039121584613611e+00 9.125039121584613611e+00
9.233550777042452751e+00 9.233550777042452751e+00 9.233550777042452751e+00 9.233550777042452751e+00 9.233550777042452751e+00 9.233550777042452751e+00 9.233550777042452751e+00 9.233550777042452751e+00 9.233550777042452751e+00 9.233550777042452751e+00 9.233550777042452751e+00
9.336126351619483899e+00 9.336126351619483899e+00 9.336126351619483899e+00 9.336126351619483899e+00 9.336126351619483899e+00 9.336126351619483899e+00 9.336126351619483899e+00 9.336126351619483899e+00 9.336126351619483899e+00 9.336126351619483899e+00 9.336126351619483899e+00
9.432397012191325203e+00 9.432397012191325203e+00 9.432397012191325203e+00 9.432397012191325203e+00 9.432397012191325203e+00 9.432397012191325203e+00 9.432397012191325203e+00 9.432397012191325203e+00 9.432397012191325203e+00 9.432397012191325203e+00 9.432397012191325203e+00
9.522116805436011688e+00 9.522116805436011688e+00 9.522116805436011688e+00 9.522116805436011688e+00 9.522116805436011688e+00 9.522116805436011688e+00 9.522116805436011688e+00 9.522116805436011688e+00 9.522116805436011688e+00 9.522116805436011688e+00 9.522116805436011688e+00
9.605166468467659868e+00 9.605166468467659868e+00 9.605166468467659868e+00 9.605166468467659868e+00 9.605166468467659868e+00 9.605166468467659868e+00 9.605166468467659868e+00 9.605166468467659868e+00 9.605166468467659868e+00 9.605166468467659868e+00 9.605166468467659868e+00
9.681547963604206331e+00 9.681547963604206331e+00 9.681547963604206331e+00 9.681547963604206331e+00 9.681547963604206331e+00 9.681547963604206331e+00 9.681547963604206331e+00 9.681547963604206331e+00 9.681547963604206331e+00 9.681547963604206331e+00 9.681547963604206331e+00
9.751371983878808436e+00 9.751371983878808436e+00 9.751371983878808436e+00 9.751371983878808436e+00 9.751371983878808436e+00 9.751371983878808436e+00 9.751371983878808436e+00 9.751371983878808436e+00 9.751371983878808436e+00 9.751371983878808436e+00 9.751371983878808436e+00
