3.617850699195348518e+00 3.120556754956923307e+00 2.620847847342424597e+00 2.120877233977215948e+00 1.620880175671211454e+00 1.120880469904596222e+00 6.208804993391908722e-01 1.208805022861198231e-01 -3.791194974180909782e-01 -8.791194973881653052e-01 -1.379119497385063342e+00
3.617856317443450376e+00 3.120557385459994393e+00 2.620847910386289392e+00 2.120877239950922810e+00 1.620880176160502728e+00 1.120880469919313338e+00 6.208804993298434605e-01 1.208805022817637659e-01 -3.791194974196084311e-01 -8.791194973886593544e-01 -1.379119497385220994e+00
3.617869864152758907e+00 3.120558905252902360e+00 2.620848062337518325e+00 2.120877254347508512e+00 1.620880177339211192e+00 1.120880469954582015e+00 6.208804993072484235e-01 1.208805022712438754e-01 -3.791194974232726667e-01 -8.791194973898516229e-01 -1.379119497385601578e+00
3.617897839712212793e+00 3.120562041677533038e+00 2.620848375865882929e+00 2.120877284045854516e+00 1.620880179768579232e+00 1.120880470026439202e+00 6.208804992603325079e-01 1.208805022494439940e-01 -3.791194974308628729e-01 -8.791194973923216471e-01 -1.379119497386389392e+00
3.617948383627726194e+00 3.120567701019925533e+00 2.620848941401512811e+00 2.120877337591440703e+00 1.620880184141203051e+00 1.120880470152885611e+00 6.208804991746859070e-01 1.208805022097966392e-01 -3.791194974446567834e-01 -8.791194973968092796e-01 -1.379119497387820914e+00
3.618029712288457045e+00 3.120576787503625216e+00 2.620849848885237421e+00 2.120877423447696586e+00 1.620880191131636394e+00 1.120880470347012992e+00 6.208804990344258812e-01 1.208805021452776934e-01 -3.791194974670759055e-01 -8.791194974041006693e-01 -1.379119497390146831e+00
3.618148017973971342e+00 3.120589961354707675e+00 2.620851163412204698e+00 2.120877547664508977e+00 1.620880201197846926e+00 1.120880470608109469e+00 6.208804988247740297e-01 1.208805020497581706e-01 -3.791194975002040723e-01 -8.791194974148688335e-01 -1.379119497393581417e+00
3.618305581997991904e+00 3.120607425081172615e+00 2.620852903801436096e+00 2.120877711832482859e+00 1.620880214408635611e+00 1.120880470914530580e+00 6.208804985345456329e-01 1.208805019192669278e-01 -3.791194975453402449e-01 -8.791194974295291065e-01 -1.379119497398256122e+00
3.618499804251277041e+00 3.120628821429634048e+00 2.620855032554748831e+00 2.120877912139605304e+00 1.620880230368568320e+00 1.120880471222284180e+00 6.208804981579350013e-01 1.208805017527791736e-01 -3.791194976027276176e-01 -8.791194974481508773e-01 -1.379119497404192263e+00
3.618723463868779078e+00 3.120653278710169953e+00 2.620857460781384152e+00 2.120878139874919910e+00 1.620880248270616830e+00 1.120880471471003004e+00 6.208804976953369303e-01 1.208805015523677640e-01 -3.791194976715157594e-01 -8.791194974704445997e-01 -1.379119497411296136e+00
3.618966042433930053e+00 3.120679578950286359e+00 2.620860065493555879e+00 2.120878383124187305e+00 1.620880267052988488e+00 1.120880471595578465e+00 6.208804971532290162e-01 1.208805013227879227e-01 -3.791194977499303120e-01 -8.791194974958229658e-01 -1.379119497419379670e+00
