1.403956333633606413e+01 1.396511743894225788e+01 1.386456553193488439e+01 1.373029750281459904e+01 1.355395820743660096e+01 1.332652142049642663e+01 1.304033958295673479e+01 1.269227081313757211e+01 1.228686674981615745e+01 1.183692343777256717e+01 1.135917222431889684e+01
1.403955702920695181e+01 1.396511321592373278e+01 1.386456260097216031e+01 1.373029540702155593e+01 1.355395668752402827e+01 1.332652032992902669e+01 1.304033883452093256e+01 1.269227034184470071e+01 1.228686648915784652e+01 1.183692331510231988e+01 1.135917217516042754e+01
1.403954883952667210e+01 1.396510781347226349e+01 1.386455891626331294e+01 1.373029282030514864e+01 1.355395484408325935e+01 1.332651902681586442e+01 1.304033795043241462e+01 1.269226978956737995e+01 1.228686618524974605e+01 1.183692317248961956e+01 1.135917211809350746e+01
1.403953816487082129e+01 1.396510086908397774e+01 1.386455425891680271e+01 1.373028961038589912e+01 1.355395259758042670e+01 1.332651746397552017e+01 1.304033690346499874e+01 1.269226914139982298e+01 1.228686583062515147e+01 1.183692300662821495e+01 1.135917205183519307e+01
1.403952420261184741e+01 1.396509190232445796e+01 1.386454834111276924e+01 1.373028560527883890e+01 1.355394984616973275e+01 1.332651558212616827e+01 1.304033566012602030e+01 1.269226837937545227e+01 1.228686541643186914e+01 1.183692281364196397e+01 1.135917197489077424e+01
1.403950588214876483e+01 1.396508027530761709e+01 1.386454078338432971e+01 1.373028058054594425e+01 1.355394645881616356e+01 1.332651330637864184e+01 1.304033417899393221e+01 1.269226748174341779e+01 1.228686493214436837e+01 1.183692258897936256e+01 1.135917188551756851e+01
1.403948177402353714e+01 1.396506513974356167e+01 1.386453108423621394e+01 1.373027424230456894e+01 1.355394226617733011e+01 1.332651054162651860e+01 1.304033240856225007e+01 1.269226642204868227e+01 1.228686436520698955e+01 1.183692232728625982e+01 1.135917178168213404e+01
1.403944996803897105e+01 1.396504536596733637e+01 1.386451857948905264e+01 1.373026620455348379e+01 1.355393704849272929e+01 1.332650716646990041e+01 1.304033028443230613e+01 1.269226516795633763e+01 1.228686370058928645e+01 1.183692202225153878e+01 1.135917166100952969e+01
1.403940790982336217e+01 1.396501944779506665e+01 1.386450238784473044e+01 1.373025595888701389e+01 1.355393051947321936e+01 1.332650302518706553e+01 1.304032772564504228e+01 1.269226367974179759e+01 1.228686292022881865e+01 1.183692166641913346e+01 1.135917152072300418e+01
1.403935218173378274e+01 1.396498537495940084e+01 1.386448133797082782e+01 1.373024283400858891e+01 1.355392230484044447e+01 1.332649791710388598e+01 1.304032462987207630e+01 1.269226190834302415e+01 1.228686200232907844e+01 1.183692125095790537e+01 1.135917135757205010e+01
1.403927820927656356e+01 1.396494046207745221e+01 1.386445387079746716e+01 1.373022594157059828e+01 1.355391191370563142e+01 1.332649158249059163e+01 1.304032086709255545e+01 1.269225979283696937e+01 1.228686092047015244e+01 1.183692076537844784e+01 1.135917116774628610e+01
