-1.944593895248236493e+01 -1.944591013130317947e+01 -1.944581900331758817e+01 -1.944553095710056212e+01 -1.944462133025734119e+01 -1.944175731229133675e+01 -1.943282282543933803e+01 -1.938620181115626551e+01 -1.932969892790968558e+01 -1.915135211620048850e+01 -1.883642927480486762e+01
-2.006778391812445861e+01 -2.006769948625220579e+01 -2.006743259720384032e+01 -2.006658969770129985e+01 -2.006393493103191616e+01 -2.005564505345117254e+01 -2.003042541068155913e+01 -1.995509757898832248e+01 -1.978923540525111235e+01 -1.948306746615127594e+01 -1.906813849188273124e+01
-2.076766070821780730e+01 -2.076736778113625093e+01 -2.076644276250958399e+01 -2.076353049608099965e+01 -2.075444755703440691e+01 -2.072691455191536392e+01 -2.066499251204917087e+01 -2.047954550577236787e+01 -2.015275425469083714e+01 -1.973154072486920185e+01 -1.925975514235015140e+01
-2.166674002260391063e+01 -2.166515382248148569e+01 -2.166017560763921779e+01 -2.164479846480317704e+01 -2.159947223879994738e+01 -2.148107517118465282e+01 -2.123115506136175767e+01 -2.086155124803624261e+01 -2.041339091586429078e+01 -1.993025710342916312e+01 -1.943572991941248063e+01
-2.258089297791067906e+01 -2.257218707251142931e+01 -2.254575181235414050e+01 -2.247139444760059135e+01 -2.229599497631109983e+01 -2.198408612120163141e+01 -2.157226948177852677e+01 -2.109512383674683988e+01 -2.060484440821310059e+01 -2.010796416035091738e+01 -1.960895539488453210e+01
-2.394492263490926476e+01 -2.382754501085279841e+01 -2.358477601425951420e+01 -2.321294335247700857e+01 -2.276284901333171007e+01 -2.227990359012433785e+01 -2.178543914265748072e+01 -2.128720442442087801e+01 -2.078776415213165762e+01 -2.028794130381159633e+01 -1.978799733913379555e+01
-2.485150929904876449e+01 -2.443236292756711592e+01 -2.396141647286216525e+01 -2.347008459376759859e+01 -2.297380731182935421e+01 -2.247499121081931861e+01 -2.197536626520455272e+01 -2.147548493525365743e+01 -2.097552246876755433e+01 -2.047553433858193372e+01 -1.997553796450283414e+01
-2.517011464006409582e+01 -2.467256139515501090e+01 -2.417333800552615486e+01 -2.367358388058720564e+01 -2.317366166208721978e+01 -2.267368626165663059e+01 -2.217369404101688701e+01 -2.167369749803581769e+01 -2.117369759428265397e+01 -2.067369762471859218e+01 -2.017369763434339447e+01
-2.538452448671237605e+01 -2.488457929745074892e+01 -2.438459663156781687e+01 -2.388460211316901294e+01 -2.338460456510889784e+01 -2.288460462199855172e+01 -2.238460463998864114e+01 -2.188460457727134667e+01 -2.138460462589084443e+01 -2.088460464126568539e+01 -2.038460464612770906e+01
-2.561082994961491721e+01 -2.511082994961491721e+01 -2.461082994961491721e+01 -2.411082994961491721e+01 -2.361082994961491721e+01 -2.311082994961491721e+01 -2.261082994961491721e+01 -2.211082994961491721e+01 -2.161082994961491721e+01 -2.111082994961492076e+01 -2.061082994961496340e+01
-2.585550831508514946e+01 -2.535550831508514946e+01 -2.485550831508514946e+01 -2.435550831508514946e+01 -2.385550831508514946e+01 -2.335550831508514946e+01 -2.285550831508514946e+01 -2.235550831508514946e+01 -2.185550831508514946e+01 -2.135550831508515301e+01 -2.085550831508517433e+01
