7.121583353183076781e+00 6.621855869780031156e+00 6.121942330042624114e+00 5.621969699800750675e+00 5.121978357751091337e+00 4.621981095923011651e+00 4.121981961837774655e+00 3.621982235666943328e+00 3.121982322259617249e+00 2.621982349642653976e+00 2.121982358301933491e+00
7.121583352094477348e+00 6.621855869432427433e+00 6.121942329932361204e+00 5.621969699765847928e+00 5.121978357740050392e+00 4.621981095919520222e+00 4.121981961836670649e+00 3.621982235666594274e+00 3.121982322259506670e+00 2.621982349642618892e+00 2.121982358301922389e+00
7.121583351166927756e+00 6.621855869136458850e+00 6.121942329838498509e+00 5.621969699736139248e+00 5.121978357730652576e+00 4.621981095916548377e+00 4.121981961835730068e+00 3.621982235666296734e+00 3.121982322259412967e+00 2.621982349642589138e+00 2.121982358301912619e+00
7.121583350376726074e+00 6.621855868884468421e+00 6.121942329758597978e+00 5.621969699710850144e+00 5.121978357722653641e+00 4.621981095914017956e+00 4.121981961834929820e+00 3.621982235666044048e+00 3.121982322259332587e+00 2.621982349642563825e+00 2.121982358301905069e+00
7.121583349703622723e+00 6.621855868669930700e+00 6.121942329690583051e+00 5.621969699689325140e+00 5.121978357715844865e+00 4.621981095911865012e+00 4.121981961834249475e+00 3.621982235665828664e+00 3.121982322259264642e+00 2.621982349642542509e+00 2.121982358301897964e+00
7.121583349130329310e+00 6.621855868487284802e+00 6.121942329632688029e+00 5.621969699671003795e+00 5.121978357710050389e+00 4.621981095910032700e+00 4.121981961833669494e+00 3.621982235665645256e+00 3.121982322259206910e+00 2.621982349642523857e+00 2.121982358301892191e+00
7.121583348642093192e+00 6.621855868331794959e+00 6.121942329583406561e+00 5.621969699655408270e+00 5.121978357705117446e+00 4.621981095908472170e+00 4.121981961833176555e+00 3.621982235665489380e+00 3.121982322259157616e+00 2.621982349642508758e+00 2.121982358301887306e+00
7.121583348226328880e+00 6.621855868199427064e+00 6.121942329541457006e+00 5.621969699642133556e+00 5.121978357700918139e+00 4.621981095907144343e+00 4.121981961832756447e+00 3.621982235665356598e+00 3.121982322259115428e+00 2.621982349642494992e+00 2.121982358301882865e+00
7.121583347872302738e+00 6.621855868086744756e+00 6.121942329505750457e+00 5.621969699630834150e+00 5.121978357697344109e+00 4.621981095906014581e+00 4.121981961832399399e+00 3.621982235665243355e+00 3.121982322259079901e+00 2.621982349642483889e+00 2.121982358301879312e+00
7.121583347570865641e+00 6.621855867990823263e+00 6.121942329475356104e+00 5.621969699621216954e+00 5.121978357694302986e+00 4.621981095905051795e+00 4.121981961832094754e+00 3.621982235665146987e+00 3.121982322259049258e+00 2.621982349642474563e+00 2.121982358301876648e+00
7.121583345845134083e+00 6.621855867442058674e+00 6.121942329301512942e+00 5.621969699566211176e+00 5.121978357676905347e+00 4.621981095899550418e+00 4.121981961830354813e+00 3.621982235664597205e+00 3.121982322258875175e+00 2.621982349642419052e+00 2.121982358301859328e+00
