-4.158059944464242541e+00 -4.658059944459185253e+00 -5.158059944457585644e+00 -5.658059944457079382e+00 -6.158059944456919510e+00 -6.658059944456868884e+00 -7.158059944456852897e+00 -7.658059944456847568e+00 -8.158059944456846679e+00 -8.658059944456846679e+00 -9.158059944456844903e+00
-4.158059944464242541e+00 -4.658059944459184365e+00 -5.158059944457585644e+00 -5.658059944457079382e+00 -6.158059944456919510e+00 -6.658059944456868884e+00 -7.158059944456852897e+00 -7.658059944456847568e+00 -8.158059944456846679e+00 -8.658059944456846679e+00 -9.158059944456844903e+00
-4.158059944464243429e+00 -4.658059944459185253e+00 -5.158059944457585644e+00 -5.658059944457079382e+00 -6.158059944456919510e+00 -6.658059944456868884e+00 -7.158059944456852897e+00 -7.658059944456847568e+00 -8.158059944456846679e+00 -8.658059944456846679e+00 -9.158059944456844903e+00
-4.158059944464242541e+00 -4.658059944459184365e+00 -5.158059944457585644e+00 -5.658059944457079382e+00 -6.158059944456919510e+00 -6.658059944456868884e+00 -7.158059944456852897e+00 -7.658059944456847568e+00 -8.158059944456846679e+00 -8.658059944456846679e+00 -9.158059944456844903e+00
-4.158059944464243429e+00 -4.658059944459184365e+00 -5.158059944457585644e+00 -5.658059944457079382e+00 -6.158059944456919510e+00 -6.658059944456868884e+00 -7.158059944456852897e+00 -7.658059944456847568e+00 -8.158059944456846679e+00 -8.658059944456846679e+00 -9.158059944456844903e+00
-4.158059944464243429e+00 -4.658059944459184365e+00 -5.158059944457585644e+00 -5.658059944457079382e+00 -6.158059944456919510e+00 -6.658059944456868884e+00 -7.158059944456852897e+00 -7.658059944456847568e+00 -8.158059944456846679e+00 -8.658059944456846679e+00 -9.158059944456844903e+00
-4.158059944464243429e+00 -4.658059944459185253e+00 -5.158059944457585644e+00 -5.658059944457079382e+00 -6.158059944456919510e+00 -6.658059944456868884e+00 -7.158059944456852897e+00 -7.658059944456847568e+00 -8.158059944456846679e+00 -8.658059944456846679e+00 -9.158059944456844903e+00
-4.158059944464243429e+00 -4.658059944459185253e+00 -5.158059944457585644e+00 -5.658059944457079382e+00 -6.158059944456919510e+00 -6.658059944456868884e+00 -7.158059944456852897e+00 -7.658059944456847568e+00 -8.158059944456846679e+00 -8.658059944456846679e+00 -9.158059944456844903e+00
-4.158059944464243429e+00 -4.658059944459185253e+00 -5.158059944457585644e+00 -5.658059944457079382e+00 -6.158059944456919510e+00 -6.658059944456868884e+00 -7.158059944456852897e+00 -7.658059944456847568e+00 -8.158059944456846679e+00 -8.658059944456846679e+00 -9.158059944456844903e+00
-4.158059944464243429e+00 -4.658059944459185253e+00 -5.158059944457585644e+00 -5.658059944457079382e+00 -6.158059944456919510e+00 -6.658059944456868884e+00 -7.158059944456852897e+00 -7.658059944456847568e+00 -8.158059944456846679e+00 -8.658059944456846679e+00 -9.158059944456844903e+00
-4.158059944464243429e+00 -4.658059944459185253e+00 -5.158059944457585644e+00 -5.658059944457079382e+00 -6.158059944456919510e+00 -6.658059944456868884e+00 -7.158059944456852897e+00 -7.658059944456847568e+00 -8.158059944456846679e+00 -8.658059944456846679e+00 -9.158059944456844903e+00
