1.209469665138697536e+01 1.209469644137828226e+01 1.209469576668770685e+01 1.209469352719856339e+01 1.209468538458795450e+01 1.209464909869204519e+01 1.209444022594138346e+01 1.209333379156113075e+01 1.208983710328067396e+01 1.208253455611198213e+01 1.207002240685220329e+01
1.209280039923551264e+01 1.209280033768212803e+01 1.209280013541332366e+01 1.209279941945681713e+01 1.209279638874376239e+01 1.209277909354593206e+01 1.209265136040419542e+01 1.209181797354425925e+01 1.208875453718158965e+01 1.208184092087478945e+01 1.206959896247825981e+01
1.209059941519705283e+01 1.209059946372623351e+01 1.209059961180241238e+01 1.209060002607311368e+01 1.209060079271538690e+01 1.209059770435446168e+01 1.209053342474584802e+01 1.208994921712628567e+01 1.208736125696700725e+01 1.208092614798482245e+01 1.206903472334872696e+01
1.208805029924785934e+01 1.208805042590800838e+01 1.208805082269787157e+01 1.208805203991270361e+01 1.208805551069684903e+01 1.208806262594649361e+01 1.208804576302403078e+01 1.208767658986614180e+01 1.208558747504856079e+01 1.207972639622914457e+01 1.206828455894965479e+01
1.208510384607111199e+01 1.208510402495370428e+01 1.208510458806635413e+01 1.208510634307518750e+01 1.208511163360570961e+01 1.208512570932524000e+01 1.208514257864079156e+01 1.208494855659073863e+01 1.208335716850297814e+01 1.207816387234541011e+01 1.206729023178040627e+01
1.208170433465957316e+01 1.208170454531376770e+01 1.208170520972978679e+01 1.208170729343765792e+01 1.208171370756330631e+01 1.208173219467128767e+01 1.208177169433591658e+01 1.208171203134428140e+01 1.208059077096270606e+01 1.207614643243016950e+01 1.206597757696542139e+01
1.207778876028514148e+01 1.207778898701163683e+01 1.207778970282959818e+01 1.207779195487012380e+01 1.207779895967590100e+01 1.207781991245368758e+01 1.207787341604467279e+01 1.207791040934987414e+01 1.207720787439709653e+01 1.207356860965919232e+01 1.206425375058117133e+01
1.207328600188916745e+01 1.207328623299814652e+01 1.207328696306803195e+01 1.207328926412176529e+01 1.207329646373177923e+01 1.207331844119240394e+01 1.207337949939012844e+01 1.207348106325644288e+01 1.207312892421116146e+01 1.207031438417850744e+01 1.206200504504342064e+01
1.206813291882598094e+01 1.206813314591381037e+01 1.206813386353205431e+01 1.206813612786166345e+01 1.206814323809986433e+01 1.206816520786887992e+01 1.206822917263354356e+01 1.206836983544422992e+01 1.206829204045924442e+01 1.206627858796736241e+01 1.205909598592639576e+01
1.206220570439512940e+01 1.206220592171159289e+01 1.206220660860547333e+01 1.206220877753537657e+01 1.206221560384540936e+01 1.206223685812166302e+01 1.206230051407733939e+01 1.206246125556325133e+01 1.206258307154059572e+01 1.206130378750853183e+01 1.205537053325300079e+01
1.205542015756584640e+01 1.205542036141845941e+01 1.205542100585100762e+01 1.205542304166059786e+01 1.205542945865011362e+01 1.205544953806478858e+01 1.205551076142062783e+01 1.205567814279996064e+01 1.205593310824368913e+01 1.205528624693274686e+01 1.205065603118295137e+01
