9.933171479820105176e+00 9.933171479820105176e+00 9.933171479820105176e+00 9.933171479820105176e+00 9.933171479820105176e+00 9.933171479820105176e+00 9.933171479820105176e+00 9.933171479820106953e+00 9.933171479820108729e+00 9.933171479820119387e+00 9.933171479820149585e+00
1.006846761064236340e+01 1.006846761064236340e+01 1.006846761064236340e+01 1.006846761064236340e+01 1.006846761064236340e+01 1.006846761064236340e+01 1.006846761064236340e+01 1.006846761064236340e+01 1.006846761064236695e+01 1.006846761064237761e+01 1.006846761064240781e+01
1.020217231534620694e+01 1.020217231534620694e+01 1.020217231534620694e+01 1.020217231534620694e+01 1.020217231534620694e+01 1.020217231534620694e+01 1.020217231534620694e+01 1.020217231534620872e+01 1.020217231534621227e+01 1.020217231534622115e+01 1.020217231534625313e+01
1.033384932662128897e+01 1.033384932662128897e+01 1.033384932662128897e+01 1.033384932662128897e+01 1.033384932662128897e+01 1.033384932662128897e+01 1.033384932662129074e+01 1.033384932662129074e+01 1.033384932662129430e+01 1.033384932662130318e+01 1.033384932662133515e+01
1.046298949866723049e+01 1.046298949866723049e+01 1.046298949866723049e+01 1.046298949866723049e+01 1.046298949866723049e+01 1.046298949866723049e+01 1.046298949866723049e+01 1.046298949866723049e+01 1.046298949866723405e+01 1.046298949866724470e+01 1.046298949866727668e+01
1.058902210130213994e+01 1.058902210130213994e+01 1.058902210130213994e+01 1.058902210130213994e+01 1.058902210130213994e+01 1.058902210130213994e+01 1.058902210130213994e+01 1.058902210130214172e+01 1.058902210130214527e+01 1.058902210130215416e+01 1.058902210130218791e+01
1.071133535896422018e+01 1.071133535896422018e+01 1.071133535896422018e+01 1.071133535896422018e+01 1.071133535896422018e+01 1.071133535896422018e+01 1.071133535896422018e+01 1.071133535896422195e+01 1.071133535896422373e+01 1.071133535896423439e+01 1.071133535896426814e+01
1.082930516014829792e+01 1.082930516014829792e+01 1.082930516014829792e+01 1.082930516014829792e+01 1.082930516014829792e+01 1.082930516014829792e+01 1.082930516014829792e+01 1.082930516014829969e+01 1.082930516014830324e+01 1.082930516014831390e+01 1.082930516014834943e+01
1.094232889022654653e+01 1.094232889022654653e+01 1.094232889022654653e+01 1.094232889022654653e+01 1.094232889022654653e+01 1.094232889022654653e+01 1.094232889022654653e+01 1.094232889022654653e+01 1.094232889022655186e+01 1.094232889022656252e+01 1.094232889022659982e+01
1.104985997084912164e+01 1.104985997084912164e+01 1.104985997084912164e+01 1.104985997084912164e+01 1.104985997084912164e+01 1.104985997084912164e+01 1.104985997084912164e+01 1.104985997084912341e+01 1.104985997084912697e+01 1.104985997084913940e+01 1.104985997084917848e+01
1.115143842317434597e+01 1.115143842317434597e+01 1.115143842317434597e+01 1.115143842317434597e+01 1.115143842317434597e+01 1.115143842317434597e+01 1.115143842317434597e+01 1.115143842317434775e+01 1.115143842317435130e+01 1.115143842317436373e+01 1.115143842317440637e+01
