1.210458268628734935e+01 1.210458268628734935e+01 1.210458268628734935e+01 1.210458268628734757e+01 1.210458268628734579e+01 1.210458268628733691e+01 1.210458268628730849e+01 1.210458268628722145e+01 1.210458268628694434e+01 1.210458268628606504e+01 1.210458268628328860e+01
1.210446865646981074e+01 1.210446865646981074e+01 1.210446865646981074e+01 1.210446865646981074e+01 1.210446865646980719e+01 1.210446865646980008e+01 1.210446865646977344e+01 1.210446865646969350e+01 1.210446865646943770e+01 1.210446865646862769e+01 1.210446865646606973e+01
1.210432778859632208e+01 1.210432778859632208e+01 1.210432778859632208e+01 1.210432778859632030e+01 1.210432778859631853e+01 1.210432778859631142e+01 1.210432778859628833e+01 1.210432778859621372e+01 1.210432778859598102e+01 1.210432778859524383e+01 1.210432778859290970e+01
1.210415454007906533e+01 1.210415454007906533e+01 1.210415454007906533e+01 1.210415454007906355e+01 1.210415454007906177e+01 1.210415454007905467e+01 1.210415454007903335e+01 1.210415454007896763e+01 1.210415454007875802e+01 1.210415454007809188e+01 1.210415454007599045e+01
1.210394244369159722e+01 1.210394244369159722e+01 1.210394244369159722e+01 1.210394244369159722e+01 1.210394244369159544e+01 1.210394244369159011e+01 1.210394244369157057e+01 1.210394244369151195e+01 1.210394244369132366e+01 1.210394244369073213e+01 1.210394244368886163e+01
1.210368400218276363e+01 1.210368400218276363e+01 1.210368400218276363e+01 1.210368400218276363e+01 1.210368400218276186e+01 1.210368400218275653e+01 1.210368400218274054e+01 1.210368400218268725e+01 1.210368400218252383e+01 1.210368400218200513e+01 1.210368400218036378e+01
1.210337057595521237e+01 1.210337057595521237e+01 1.210337057595521237e+01 1.210337057595521237e+01 1.210337057595521060e+01 1.210337057595520527e+01 1.210337057595519106e+01 1.210337057595514665e+01 1.210337057595500454e+01 1.210337057595455690e+01 1.210337057595313937e+01
1.210299226128161187e+01 1.210299226128161187e+01 1.210299226128161187e+01 1.210299226128161187e+01 1.210299226128161010e+01 1.210299226128160655e+01 1.210299226128159411e+01 1.210299226128155503e+01 1.210299226128143601e+01 1.210299226128105410e+01 1.210299226127985150e+01
1.210253775524897435e+01 1.210253775524897435e+01 1.210253775524897435e+01 1.210253775524897435e+01 1.210253775524897257e+01 1.210253775524897080e+01 1.210253775524896014e+01 1.210253775524892816e+01 1.210253775524882869e+01 1.210253775524851072e+01 1.210253775524750708e+01
1.210199420242899926e+01 1.210199420242899926e+01 1.210199420242899926e+01 1.210199420242899926e+01 1.210199420242899748e+01 1.210199420242899571e+01 1.210199420242898682e+01 1.210199420242896196e+01 1.210199420242888024e+01 1.210199420242862089e+01 1.210199420242780199e+01
1.210134701729617390e+01 1.210134701729617390e+01 1.210134701729617390e+01 1.210134701729617390e+01 1.210134701729617390e+01 1.210134701729617213e+01 1.210134701729616502e+01 1.210134701729614370e+01 1.210134701729607976e+01 1.210134701729587370e+01 1.210134701729522178e+01
