6.621937234651641191e+00 6.121971687424171193e+00 5.621982586898886858e+00 5.121986034071245975e+00 4.621987124208462916e+00 4.121987468944681154e+00 3.621987577960301241e+00 3.121987612434112602e+00 2.621987623335694018e+00 2.121987626783076841e+00 1.621987627873235027e+00
6.621937234606670941e+00 6.121971687409946128e+00 5.621982586894388234e+00 5.121986034069823113e+00 4.621987124208013498e+00 4.121987468944539046e+00 3.621987577960256388e+00 3.121987612434098835e+00 2.621987623335689577e+00 2.121987626783075509e+00 1.621987627873234805e+00
6.621937234554515328e+00 6.121971687393449102e+00 5.621982586889171074e+00 5.121986034068173765e+00 4.621987124207491249e+00 4.121987468944373845e+00 3.621987577960203986e+00 3.121987612434081960e+00 2.621987623335684248e+00 2.121987626783074177e+00 1.621987627873234139e+00
6.621937234494024160e+00 6.121971687374316851e+00 5.621982586883120803e+00 5.121986034066259741e+00 4.621987124206886399e+00 4.121987468944181998e+00 3.621987577960143589e+00 3.121987612434062864e+00 2.621987623335678030e+00 2.121987626783071956e+00 1.621987627873233695e+00
6.621937234423866059e+00 6.121971687352128377e+00 5.621982586876104193e+00 5.121986034064041071e+00 4.621987124206184738e+00 4.121987468943960842e+00 3.621987577960073423e+00 3.121987612434040660e+00 2.621987623335670925e+00 2.121987626783069736e+00 1.621987627873233029e+00
6.621937234342492928e+00 6.121971687326395184e+00 5.621982586867965814e+00 5.121986034061468018e+00 4.621987124205371167e+00 4.121987468943703270e+00 3.621987577959991711e+00 3.121987612434014903e+00 2.621987623335662931e+00 2.121987626783067071e+00 1.621987627873232141e+00
6.621937234248111537e+00 6.121971687296551501e+00 5.621982586858528919e+00 5.121986034058483739e+00 4.621987124204427033e+00 4.121987468943404842e+00 3.621987577959897564e+00 3.121987612433985149e+00 2.621987623335653605e+00 2.121987626783064407e+00 1.621987627873231252e+00
6.621937234138639106e+00 6.121971687261939188e+00 5.621982586847583896e+00 5.121986034055022508e+00 4.621987124203332797e+00 4.121987468943058452e+00 3.621987577959788318e+00 3.121987612433950510e+00 2.621987623335642503e+00 2.121987626783060854e+00 1.621987627873230142e+00
6.621937234011659790e+00 6.121971687221797076e+00 5.621982586834891826e+00 5.121986034051008829e+00 4.621987124202063590e+00 4.121987468942656996e+00 3.621987577959661309e+00 3.121987612433910542e+00 2.621987623335630069e+00 2.121987626783056857e+00 1.621987627873228810e+00
6.621937233864368721e+00 6.121971687175241428e+00 5.621982586820171157e+00 5.121986034046353886e+00 4.621987124200591879e+00 4.121987468942191590e+00 3.621987577959514315e+00 3.121987612433863912e+00 2.621987623335614970e+00 2.121987626783051972e+00 1.621987627873227478e+00
6.621937233693510727e+00 6.121971687121246397e+00 5.621982586803100368e+00 5.121986034040956426e+00 4.621987124198884800e+00 4.121987468941651578e+00 3.621987577959343341e+00 3.121987612433810177e+00 2.621987623335598094e+00 2.121987626783046643e+00 1.621987627873225701e+00
