3.626732720974380264e+00 3.642602912061217335e+00 3.688415963824246191e+00 3.799716126284369722e+00 3.968835320446651771e+00 3.995047404757940068e+00 3.737689639639001360e+00 3.315296771940040355e+00 2.835935760717881227e+00 2.341381126396541390e+00 1.842938531938136171e+00
3.756002931203281658e+00 3.771647034161960566e+00 3.816534192754825305e+00 3.923062775674120317e+00 4.067979825849612041e+00 4.042010699671701346e+00 3.750683621526278877e+00 3.317657994794304344e+00 2.836247859579670294e+00 2.341415809186149222e+00 1.842942121840923431e+00
3.882031487386056412e+00 3.897369931574696800e+00 3.941013337256476401e+00 4.041273524826396901e+00 4.157419266032311711e+00 4.080559612541923009e+00 3.760674797239265565e+00 3.319402876062798935e+00 2.836474924997318237e+00 2.341440949998355059e+00 1.842944722084240317e+00
4.004080859432332495e+00 4.019009661952358314e+00 4.060998890216799495e+00 4.153157359599030762e+00 4.236282889083697434e+00 4.111595291650124828e+00 3.768265158579784391e+00 3.320686094239967634e+00 2.836639938287349061e+00 2.341459170556135394e+00 1.842946605345171740e+00
4.121362357438364654e+00 4.135748313710332802e+00 4.175565245764695455e+00 4.257464706929315668e+00 4.304146142476678705e+00 4.136128717620001893e+00 3.773972430092400021e+00 3.321626251156454490e+00 2.836759756183448555e+00 2.341472373779548199e+00 1.842947969207210601e+00
4.233076862500119830e+00 4.246753411192853989e+00 4.283761936832157780e+00 4.352992074351309526e+00 4.361106522288065612e+00 4.155201025471984444e+00 3.778227252583167939e+00 3.322313075962831430e+00 2.836846703043648166e+00 2.341481940154494623e+00 1.842948956828845519e+00
4.338463907331787439e+00 4.351228599947622122e+00 4.384673552271472374e+00 4.438716191678805600e+00 4.407767118820619778e+00 4.169812060817160493e+00 3.781377496262654514e+00 3.322813735436262572e+00 2.836909767687608053e+00 2.341488870786605503e+00 1.842949671928089339e+00
4.436852631496900123e+00 4.448467229182202054e+00 4.477487207561265059e+00 4.513935099572613296e+00 4.445133109709741959e+00 4.180867256609796634e+00 3.783697326693241436e+00 3.323178093264271826e+00 2.836955494368363695e+00 2.341493891459746735e+00 1.842950189644027681e+00
4.527707340049978768e+00 4.537901440498491645e+00 4.561559222466788910e+00 4.578381833271297552e+00 4.474455732030343746e+00 4.189147264362985013e+00 3.785398529938917012e+00 3.323442934490025369e+00 2.836988641270997480e+00 2.341497528246206716e+00 1.842950564408690317e+00
4.610661453087891992e+00 4.619140185866289272e+00 4.636471976418649277e+00 4.632275725572720937e+00 4.497069584472646042e+00 4.195298592442321173e+00 3.786642129083439556e+00 3.323635267005440319e+00 2.837012664598080658e+00 2.341500162402101903e+00 1.842950835651545161e+00
4.685536072225404247e+00 4.691991828262007225e+00 4.702072822664060681e+00 4.676292017251048705e+00 4.514259917183369275e+00 4.199839657207124155e+00 3.787549056212518916e+00 3.323774849927209729e+00 2.837030073037801525e+00 2.341502070199920293e+00 1.842951031933031114e+00
