-2.079911782998931091e+00 -2.579862494957976704e+00 -3.079846905783532485e+00 -3.579841975760846839e+00 -4.079840416721494556e+00 -4.579839923707033300e+00 -5.079839767801878736e+00 -5.579839718500310575e+00 -6.079839702909782595e+00 -6.579839697979624979e+00 -7.079839696420571649e+00
-2.079911783033471906e+00 -2.579862494959956010e+00 -3.079846905783263367e+00 -3.579841975760672312e+00 -4.079840416721429719e+00 -4.579839923707011984e+00 -5.079839767801871631e+00 -5.579839718500307910e+00 -6.079839702909782595e+00 -6.579839697979624091e+00 -7.079839696420571649e+00
-2.079911783081191068e+00 -2.579862494963018005e+00 -3.079846905783028443e+00 -3.579841975760477801e+00 -4.079840416721356000e+00 -4.579839923706987115e+00 -5.079839767801863637e+00 -5.579839718500306134e+00 -6.079839702909781707e+00 -6.579839697979624091e+00 -7.079839696420571649e+00
-2.079911783146836335e+00 -2.579862494967600117e+00 -3.079846905782858801e+00 -3.579841975760261974e+00 -4.079840416721271623e+00 -4.579839923706958693e+00 -5.079839767801854755e+00 -5.579839718500302581e+00 -6.079839702909779930e+00 -6.579839697979624091e+00 -7.079839696420571649e+00
-2.079911783236824352e+00 -2.579862494974300535e+00 -3.079846905782800182e+00 -3.579841975760026163e+00 -4.079840416721175700e+00 -4.579839923706926719e+00 -5.079839767801844097e+00 -5.579839718500299917e+00 -6.079839702909779042e+00 -6.579839697979624091e+00 -7.079839696420571649e+00
-2.079911783359822852e+00 -2.579862494983935495e+00 -3.079846905782919197e+00 -3.579841975759770811e+00 -4.079840416721065566e+00 -4.579839923706888527e+00 -5.079839767801831663e+00 -5.579839718500295476e+00 -6.079839702909778154e+00 -6.579839697979623203e+00 -7.079839696420571649e+00
-2.079911783527532698e+00 -2.579862494997616995e+00 -3.079846905783308220e+00 -3.579841975759499473e+00 -4.079840416720940333e+00 -4.579839923706845006e+00 -5.079839767801817452e+00 -5.579839718500291035e+00 -6.079839702909776378e+00 -6.579839697979623203e+00 -7.079839696420571649e+00
-2.079911783755739485e+00 -2.579862495016856272e+00 -3.079846905784096034e+00 -3.579841975759219252e+00 -4.079840416720799112e+00 -4.579839923706795268e+00 -5.079839767801801464e+00 -5.579839718500285706e+00 -6.079839702909775490e+00 -6.579839697979622315e+00 -7.079839696420571649e+00
-2.079911784065731961e+00 -2.579862495043704573e+00 -3.079846905785463385e+00 -3.579841975758939476e+00 -4.079840416720639240e+00 -4.579839923706737537e+00 -5.079839767801782813e+00 -5.579839718500279488e+00 -6.079839702909772825e+00 -6.579839697979621427e+00 -7.079839696420570760e+00
-2.079911784486213833e+00 -2.579862495080941454e+00 -3.079846905787659850e+00 -3.579841975758675687e+00 -4.079840416720459828e+00 -4.579839923706670923e+00 -5.079839767801760608e+00 -5.579839718500272383e+00 -6.079839702909771049e+00 -6.579839697979621427e+00 -7.079839696420570760e+00
-2.079911785055867934e+00 -2.579862495132331901e+00 -3.079846905791027822e+00 -3.579841975758451866e+00 -4.079840416720259988e+00 -4.579839923706595428e+00 -5.079839767801734851e+00 -5.579839718500264389e+00 -6.079839702909768384e+00 -6.579839697979620539e+00 -7.079839696420570760e+00
