1.170658239118515453e+01 1.170658239118515453e+01 1.170658239118515453e+01 1.170658239118515453e+01 1.170658239118515453e+01 1.170658239118515453e+01 1.170658239118515453e+01 1.170658239118515453e+01 1.170658239118515453e+01 1.170658239118515631e+01 1.170658239118516342e+01
1.166783416681578522e+01 1.166783416681578522e+01 1.166783416681578522e+01 1.166783416681578522e+01 1.166783416681578522e+01 1.166783416681578522e+01 1.166783416681578522e+01 1.166783416681578522e+01 1.166783416681578522e+01 1.166783416681578700e+01 1.166783416681579233e+01
1.162485847452392740e+01 1.162485847452392740e+01 1.162485847452392740e+01 1.162485847452392740e+01 1.162485847452392740e+01 1.162485847452392740e+01 1.162485847452392740e+01 1.162485847452392740e+01 1.162485847452392740e+01 1.162485847452392917e+01 1.162485847452393450e+01
1.157735689213205887e+01 1.157735689213205887e+01 1.157735689213205887e+01 1.157735689213205887e+01 1.157735689213205887e+01 1.157735689213205887e+01 1.157735689213205887e+01 1.157735689213205887e+01 1.157735689213206065e+01 1.157735689213206065e+01 1.157735689213206598e+01
1.152504674124258166e+01 1.152504674124258166e+01 1.152504674124258166e+01 1.152504674124258166e+01 1.152504674124258166e+01 1.152504674124258166e+01 1.152504674124258166e+01 1.152504674124258344e+01 1.152504674124258344e+01 1.152504674124258344e+01 1.152504674124258699e+01
1.146767123684866263e+01 1.146767123684866263e+01 1.146767123684866263e+01 1.146767123684866263e+01 1.146767123684866263e+01 1.146767123684866263e+01 1.146767123684866263e+01 1.146767123684866441e+01 1.146767123684866441e+01 1.146767123684866441e+01 1.146767123684866796e+01
1.140501087737458441e+01 1.140501087737458441e+01 1.140501087737458441e+01 1.140501087737458441e+01 1.140501087737458441e+01 1.140501087737458441e+01 1.140501087737458441e+01 1.140501087737458441e+01 1.140501087737458441e+01 1.140501087737458619e+01 1.140501087737458796e+01
1.133689561921155331e+01 1.133689561921155331e+01 1.133689561921155331e+01 1.133689561921155331e+01 1.133689561921155331e+01 1.133689561921155331e+01 1.133689561921155331e+01 1.133689561921155331e+01 1.133689561921155331e+01 1.133689561921155331e+01 1.133689561921155686e+01
1.126321711365902978e+01 1.126321711365902978e+01 1.126321711365902978e+01 1.126321711365902978e+01 1.126321711365902978e+01 1.126321711365902978e+01 1.126321711365902978e+01 1.126321711365902978e+01 1.126321711365903155e+01 1.126321711365903155e+01 1.126321711365903333e+01
1.118394000534556554e+01 1.118394000534556554e+01 1.118394000534556554e+01 1.118394000534556554e+01 1.118394000534556554e+01 1.118394000534556554e+01 1.118394000534556554e+01 1.118394000534556554e+01 1.118394000534556554e+01 1.118394000534556731e+01 1.118394000534556909e+01
1.109911105180971624e+01 1.109911105180971624e+01 1.109911105180971624e+01 1.109911105180971624e+01 1.109911105180971624e+01 1.109911105180971624e+01 1.109911105180971624e+01 1.109911105180971802e+01 1.109911105180971802e+01 1.109911105180971802e+01 1.109911105180971980e+01
