2.559495774503324217e+00 2.059684813274099469e+00 1.559716909189330369e+00 1.059724265120555842e+00 5.597263114124194638e-01 5.972693050877712212e-02 -4.402728765172441161e-01 -9.402728157731179426e-01 -1.440272796584778581e+00 -1.940272790522021618e+00 -2.440272788605089449e+00
2.559445662066071048e+00 2.059679675946754607e+00 1.559716371573782512e+00 1.059724204057512775e+00 5.597263030023698072e-01 5.972692893940018816e-02 -4.402728769045090029e-01 -9.402728158846801465e-01 -1.440272796618967677e+00 -1.940272790532723945e+00 -2.440272788608463195e+00
2.559378100918152654e+00 2.059672744930888477e+00 1.559715650304498435e+00 1.059724123424224507e+00 5.597262922567618482e-01 5.972692701681987099e-02 -4.402728773649293714e-01 -9.402728160155222614e-01 -1.440272796658867760e+00 -1.940272790545193971e+00 -2.440272788612391608e+00
2.559286999945096674e+00 2.059663381804082150e+00 1.559714680553337729e+00 1.059724016530346979e+00 5.597262784423520099e-01 5.972692464743267760e-02 -4.402728779142748849e-01 -9.402728161692485154e-01 -1.440272796705481362e+00 -1.940272790559734561e+00 -2.440272788616969724e+00
2.559164154438775096e+00 2.059650715782701980e+00 1.559713373879136000e+00 1.059723874284731693e+00 5.597262605742825414e-01 5.972692170884015550e-02 -4.402728785723514227e-01 -9.402728163502312997e-01 -1.440272796760001084e+00 -1.940272790576704098e+00 -2.440272788622309008e+00
2.558998531019217815e+00 2.059633556687840983e+00 1.559711609289025525e+00 1.059723684291463242e+00 5.597262373232188004e-01 5.972691803979247177e-02 -4.402728793642319838e-01 -9.402728165638081226e-01 -1.440272796823856005e+00 -1.940272790596528685e+00 -2.440272788628540912e+00
2.558775326464366895e+00 2.059610274140636133e+00 1.559709220744825320e+00 1.059723429587591692e+00 5.597262068863696483e-01 5.972691342643588613e-02 -4.402728803219203568e-01 -9.402728168165367384e-01 -1.440272796898764085e+00 -1.940272790619715249e+00 -2.440272788635823087e+00
2.558474739533308284e+00 2.059578629308927766e+00 1.559705979591891056e+00 1.059723086866474651e+00 5.597261668060832251e-01 5.972690758301649194e-02 -4.402728814866326279e-01 -9.402728171165364301e-01 -1.440272796986800774e+00 -1.940272790646871748e+00 -2.440272788644342494e+00
2.558070384475896741e+00 2.059535539842950236e+00 1.559701569702388158e+00 1.059722623963444521e+00 5.597261137138935805e-01 5.972690012491072009e-02 -4.402728829119404441e-01 -9.402728174739413136e-01 -1.440272797090490053e+00 -1.940272790678728043e+00 -2.440272788654322955e+00
2.557527264918732612e+00 2.059476750410337953e+00 1.559695552059561230e+00 1.059721996268171651e+00 5.597260429657267000e-01 5.972689053033109624e-02 -4.402728846681584485e-01 -9.402728179015182874e-01 -1.440272797212921896e+00 -1.940272790716166540e+00 -2.440272788666034476e+00
2.556799218445410471e+00 2.059396369576091956e+00 1.559687313917848872e+00 1.059721141565231228e+00 5.597259481182947916e-01 5.972687808572142709e-02 -4.402728868484913072e-01 -9.402728184154993674e-01 -1.440272797357908807e+00 -1.940272790760260158e+00 -2.440272788679802574e+00
