9.662074838715378533e+00 9.662074838715378533e+00 9.662074838715378533e+00 9.662074838715378533e+00 9.662074838715378533e+00 9.662074838715378533e+00 9.662074838715378533e+00 9.662074838715378533e+00 9.662074838715378533e+00 9.662074838715378533e+00 9.662074838715378533e+00
9.545806143238117158e+00 9.545806143238117158e+00 9.545806143238117158e+00 9.545806143238117158e+00 9.545806143238117158e+00 9.545806143238117158e+00 9.545806143238117158e+00 9.545806143238117158e+00 9.545806143238117158e+00 9.545806143238117158e+00 9.545806143238117158e+00
9.426982776762065086e+00 9.426982776762065086e+00 9.426982776762065086e+00 9.426982776762065086e+00 9.426982776762065086e+00 9.426982776762065086e+00 9.426982776762065086e+00 9.426982776762065086e+00 9.426982776762065086e+00 9.426982776762065086e+00 9.426982776762065086e+00
9.306041924122974152e+00 9.306041924122974152e+00 9.306041924122974152e+00 9.306041924122974152e+00 9.306041924122974152e+00 9.306041924122974152e+00 9.306041924122974152e+00 9.306041924122974152e+00 9.306041924122974152e+00 9.306041924122974152e+00 9.306041924122974152e+00
9.183377126208155161e+00 9.183377126208155161e+00 9.183377126208155161e+00 9.183377126208155161e+00 9.183377126208155161e+00 9.183377126208155161e+00 9.183377126208155161e+00 9.183377126208155161e+00 9.183377126208155161e+00 9.183377126208155161e+00 9.183377126208155161e+00
9.059331257764169365e+00 9.059331257764169365e+00 9.059331257764169365e+00 9.059331257764169365e+00 9.059331257764169365e+00 9.059331257764169365e+00 9.059331257764169365e+00 9.059331257764169365e+00 9.059331257764169365e+00 9.059331257764169365e+00 9.059331257764169365e+00
8.934194565371859298e+00 8.934194565371859298e+00 8.934194565371859298e+00 8.934194565371859298e+00 8.934194565371859298e+00 8.934194565371859298e+00 8.934194565371859298e+00 8.934194565371859298e+00 8.934194565371859298e+00 8.934194565371859298e+00 8.934194565371859298e+00
8.808206683204669929e+00 8.808206683204669929e+00 8.808206683204669929e+00 8.808206683204669929e+00 8.808206683204669929e+00 8.808206683204669929e+00 8.808206683204669929e+00 8.808206683204669929e+00 8.808206683204669929e+00 8.808206683204669929e+00 8.808206683204669929e+00
8.681561298703076801e+00 8.681561298703076801e+00 8.681561298703076801e+00 8.681561298703076801e+00 8.681561298703076801e+00 8.681561298703076801e+00 8.681561298703076801e+00 8.681561298703076801e+00 8.681561298703076801e+00 8.681561298703076801e+00 8.681561298703076801e+00
8.554412209947495072e+00 8.554412209947495072e+00 8.554412209947495072e+00 8.554412209947495072e+00 8.554412209947495072e+00 8.554412209947495072e+00 8.554412209947495072e+00 8.554412209947495072e+00 8.554412209947495072e+00 8.554412209947495072e+00 8.554412209947495072e+00
8.426879776430226343e+00 8.426879776430226343e+00 8.426879776430226343e+00 8.426879776430226343e+00 8.426879776430226343e+00 8.426879776430226343e+00 8.426879776430226343e+00 8.426879776430226343e+00 8.426879776430226343e+00 8.426879776430226343e+00 8.426879776430226343e+00
