5.139576459901213923e+00 5.250090925532989949e+00 5.413142160644992984e+00 5.454100903499190522e+00 5.271218588487359469e+00 4.917602976042348750e+00 4.470431379786735882e+00 3.986252347494275483e+00 3.490773194775985022e+00 2.992115103738129722e+00 2.492528442303073799e+00
5.018656712873549530e+00 5.131953052998337483e+00 5.312738192496383682e+00 5.393293876033807166e+00 5.243960407326158091e+00 4.908988464694641785e+00 4.468648831359161910e+00 3.985996522222906790e+00 3.490743637102311503e+00 2.992111991504123214e+00 2.492528124213278407e+00
4.895935701991638744e+00 5.011328407846122879e+00 5.206796449765345614e+00 5.325809425334786518e+00 5.212152849712666125e+00 4.898311707256803871e+00 4.466327178878801263e+00 3.985655203858839091e+00 3.490703940597175148e+00 2.992107807952248955e+00 2.492527696894970113e+00
4.771799305561361670e+00 4.888765011884523837e+00 5.096155911368239977e+00 5.251767218766341117e+00 5.175568628176654862e+00 4.885261249200073763e+00 4.463327170605059457e+00 3.985200929817985127e+00 3.490650649733282762e+00 2.992102184315341695e+00 2.492527122752638213e+00
4.646563005394480861e+00 4.764705397164407330e+00 4.981614465524063284e+00 5.171341201870995441e+00 5.134034866151100829e+00 4.869532525250342303e+00 4.459485619920063648e+00 3.984598176646652057e+00 3.490579149156438188e+00 2.992094625083879578e+00 2.492526351238020688e+00
4.520479826267213674e+00 4.639500478238284487e+00 4.863898040074934315e+00 5.084758720353192096e+00 5.087419163994105098e+00 4.850837037355763215e+00 4.454616089148395908e+00 3.983801468929766720e+00 3.490483288047234733e+00 2.992084464632371876e+00 2.492525314386784263e+00
4.393749462075779100e+00 4.513424503603463478e+00 4.743642233036592160e+00 4.992308082671213398e+00 5.035615265854748834e+00 4.828908345440765082e+00 4.448511111862609724e+00 3.982753305017578072e+00 3.490354892780876295e+00 2.992070809156789135e+00 2.492523920818266792e+00
4.266527434803970564e+00 4.386689332732609081e+00 4.621385523606087453e+00 4.894347940764926186e+00 4.978531593505177710e+00 4.803504526322249113e+00 4.440945823503523293e+00 3.981382009173392245e+00 3.490183141526817856e+00 2.992052459071310455e+00 2.492522047670291840e+00
4.138933571190475114e+00 4.259457134531400513e+00 4.497571635190100281e+00 4.791311167535313942e+00 4.916084715613808775e+00 4.774407506436001647e+00 4.431682631861366239e+00 3.979599671159921748e+00 3.489953772637847340e+00 2.992027805504718252e+00 2.492519529760540919e+00
4.011059403001638657e+00 4.131851144787162866e+00 4.372557944384277029e+00 4.683697866191740111e+00 4.848198870332560695e+00 4.741420099067574334e+00 4.420476404534416481e+00 3.977300375406479294e+00 3.489648099684395266e+00 2.991994692633275221e+00 2.492516145025000629e+00
3.882974357884670269e+00 4.003964467196508892e+00 4.246627004259551974e+00 4.572056224383635126e+00 4.774812002538771694e+00 4.704361686092381589e+00 4.407079612069948915e+00 3.974358939556926984e+00 3.489241811524189885e+00 2.991950235235781186e+00 2.492511594962385058e+00
