1.309782466229598263e+00 1.309782466229598263e+00 1.309782466229598263e+00 1.309782466229598263e+00 1.309782466229598263e+00 1.309782466229598485e+00 1.309782466229598485e+00 1.309782466229598707e+00 1.309782466229599374e+00 1.309782466229601150e+00 1.309782466229607589e+00
1.181162606290248274e+00 1.181162606290248274e+00 1.181162606290248274e+00 1.181162606290248274e+00 1.181162606290248274e+00 1.181162606290248274e+00 1.181162606290248496e+00 1.181162606290248718e+00 1.181162606290249162e+00 1.181162606290251382e+00 1.181162606290257600e+00
1.052474196137689777e+00 1.052474196137689777e+00 1.052474196137689777e+00 1.052474196137689777e+00 1.052474196137689777e+00 1.052474196137689777e+00 1.052474196137689777e+00 1.052474196137689999e+00 1.052474196137690665e+00 1.052474196137692442e+00 1.052474196137698881e+00
9.237264761412127267e-01 9.237264761412127267e-01 9.237264761412127267e-01 9.237264761412127267e-01 9.237264761412128378e-01 9.237264761412128378e-01 9.237264761412128378e-01 9.237264761412130598e-01 9.237264761412137259e-01 9.237264761412156133e-01 9.237264761412219416e-01
7.949250941319765396e-01 7.949250941319765396e-01 7.949250941319765396e-01 7.949250941319765396e-01 7.949250941319765396e-01 7.949250941319766506e-01 7.949250941319767616e-01 7.949250941319768726e-01 7.949250941319775388e-01 7.949250941319796482e-01 7.949250941319858654e-01
6.660726346143446275e-01 6.660726346143446275e-01 6.660726346143446275e-01 6.660726346143446275e-01 6.660726346143446275e-01 6.660726346143446275e-01 6.660726346143447385e-01 6.660726346143449605e-01 6.660726346143455157e-01 6.660726346143474030e-01 6.660726346143537313e-01
5.371688995070550421e-01 5.371688995070550421e-01 5.371688995070550421e-01 5.371688995070550421e-01 5.371688995070550421e-01 5.371688995070550421e-01 5.371688995070550421e-01 5.371688995070553752e-01 5.371688995070560413e-01 5.371688995070579287e-01 5.371688995070641459e-01
4.082121370168039221e-01 4.082121370168039221e-01 4.082121370168039221e-01 4.082121370168039221e-01 4.082121370168039221e-01 4.082121370168039221e-01 4.082121370168040331e-01 4.082121370168042551e-01 4.082121370168048102e-01 4.082121370168068086e-01 4.082121370168130259e-01
2.791978136943095157e-01 2.791978136943095157e-01 2.791978136943095157e-01 2.791978136943095157e-01 2.791978136943095157e-01 2.791978136943095157e-01 2.791978136943096267e-01 2.791978136943097932e-01 2.791978136943104039e-01 2.791978136943123467e-01 2.791978136943186195e-01
1.501200989778650741e-01 1.501200989778650741e-01 1.501200989778650741e-01 1.501200989778650741e-01 1.501200989778650741e-01 1.501200989778650741e-01 1.501200989778652128e-01 1.501200989778653516e-01 1.501200989778660455e-01 1.501200989778679329e-01 1.501200989778742889e-01
2.097065708075623522e-02 2.097065708075623522e-02 2.097065708075623522e-02 2.097065708075623522e-02 2.097065708075623522e-02 2.097065708075632889e-02 2.097065708075632889e-02 2.097065708075651277e-02 2.097065708075724830e-02 2.097065708075917731e-02 2.097065708076551599e-02
