5.927815581047033433e+00 5.982296839349138473e+00 6.117278962438633449e+00 6.353798101416074040e+00 6.608771102020211785e+00 6.806872814929260329e+00 6.921344813346138380e+00 6.926970542693107191e+00 6.793853803917688339e+00 6.506745430568903643e+00 6.093216865989531605e+00
5.799197960499519411e+00 5.853505547359199035e+00 5.988791976234335124e+00 6.231292030841160567e+00 6.500552781395303015e+00 6.713280938004805520e+00 6.842811992070374494e+00 6.866236521095368417e+00 6.754136664379654320e+00 6.487561967224818815e+00 6.087455412686241019e+00
5.670505010860607875e+00 5.724602581155386005e+00 5.859961852278642525e+00 6.107388808849446349e+00 6.390582521414992279e+00 6.617986946621879696e+00 6.762253669914787046e+00 6.802894079363889901e+00 6.711399172156927051e+00 6.465797160433839785e+00 6.080418718056119332e+00
5.541746041349728813e+00 5.595594139332255246e+00 5.730822928981170961e+00 5.982159449932582085e+00 6.278756347564970142e+00 6.520940688711376332e+00 6.679691110993138281e+00 6.737005604724456198e+00 6.665659436887112044e+00 6.441325475637879272e+00 6.071916533927980808e+00
5.412926367489244939e+00 5.466481382772736097e+00 5.601395648867772969e+00 5.855690248770238249e+00 6.164965540215536777e+00 6.422072745976977970e+00 6.595126765070735253e+00 6.668619802293814125e+00 6.616937391658039402e+00 6.414036167947923417e+00 6.061752004157304086e+00
5.284047579052090882e+00 5.337260776518059302e+00 5.471687785412219007e+00 5.728072970202212844e+00 6.049102857658036569e+00 6.321293946332597891e+00 6.508544053073205049e+00 6.597770661530683256e+00 6.565252050545701934e+00 6.383831983013567246e+00 6.049724630876845310e+00
5.155108554228179152e+00 5.207925024942695380e+00 5.341696049638639643e+00 5.599394301304817745e+00 5.931069894377242413e+00 6.218494383720793550e+00 6.419906827204451716e+00 6.524476196472372536e+00 6.510618515389746008e+00 6.350625535529838217e+00 6.035632916608368426e+00
5.026104940175196489e+00 5.078462622866959819e+00 5.211406655990382220e+00 5.469726349490800388e+00 5.810784848732951424e+00 6.113542103798086380e+00 6.329157714044129079e+00 6.448736880751987144e+00 6.453045022032462441e+00 6.314339464247399114e+00 6.019276438186408562e+00
4.897029810983205778e+00 4.948858406493940265e+00 5.080796360544827195e+00 5.339119713512099352e+00 5.688189187653653001e+00 6.006281671619450258e+00 6.236216339118896279e+00 6.370533700159753288e+00 6.392529872462556106e+00 6.274900278329390346e+00 6.000457153575056601e+00
4.767873172514113911e+00 4.819093071457053234e+00 4.949832593845354012e+00 5.207599054552867202e+00 5.563251094102628080e+00 5.896532863097031729e+00 6.140976604969317520e+00 6.289825735682120111e+00 6.329058149003626177e+00 6.232236191515742263e+00 5.978979791678564304e+00
4.638621554094077837e+00 4.689142754320934081e+00 4.818473434568801395e+00 5.075160875645948089e+00 5.435963651791735352e+00 5.784090304771470237e+00 6.043303031287853067e+00 6.206547172446761351e+00 6.262598098039735106e+00 6.186273059608136116e+00 5.954651218537478030e+00
