-8.235217836646498979e-01 -8.212814862249118164e-01 -8.142721541496380500e-01 -7.928231061364813259e-01 -7.312253634130482238e-01 -5.794992193286370163e-01 -2.933939046448990062e-01 1.090150289177631848e-01 5.729551217981092570e-01 1.060899446335675123e+00 1.557016334542858926e+00
-2.948994958354686502e-01 -2.942341458410356880e-01 -2.921368078002173352e-01 -2.855703250340548838e-01 -2.654355209850108310e-01 -2.072893039337349308e-01 -6.232069813787223522e-02 2.158541376498117337e-01 6.130467778849881810e-01 1.074723537961649322e+00 1.561865358903744339e+00
1.564724715594069393e-01 1.567087314587938818e-01 1.574550061257712907e-01 1.598065296252972056e-01 1.671599970077443653e-01 1.896266749735234791e-01 2.538711519363357483e-01 4.106733153856368390e-01 7.025630634283208664e-01 1.108678824321959855e+00 1.574203835182759859e+00
5.427837012490791535e-01 5.428815246448961407e-01 5.431907244524077916e-01 5.441670538539170598e-01 5.472401125775667730e-01 5.568172968568052550e-01 5.857836859886131897e-01 6.664232515294037373e-01 8.527806190827432742e-01 1.175690649564628432e+00 1.600380241020151972e+00
8.751358706993830339e-01 8.751820492557194076e-01 8.753280463666872624e-01 8.757894070319761637e-01 8.772451403927201685e-01 8.818167209394451866e-01 8.959645393890249832e-01 9.378923533476879459e-01 1.048825280743244992e+00 1.282541099374984839e+00 1.647289845291387778e+00
1.163451566188911546e+00 1.163475941925822932e+00 1.163553015771408239e+00 1.163796654692173638e+00 1.164566210320183703e+00 1.166990823307763270e+00 1.174570234479189956e+00 1.197703311004411741e+00 1.263668978028762435e+00 1.423724216074210736e+00 1.719246041351423893e+00
1.416450296963415845e+00 1.416464448225437822e+00 1.416509195410794675e+00 1.416650668100756905e+00 1.417097740976045017e+00 1.418508488313751092e+00 1.422939741310333073e+00 1.436662249017689241e+00 1.477405834773536597e+00 1.585693375322229759e+00 1.815597910619710209e+00
1.641619079653399593e+00 1.641627988369312785e+00 1.641656159000014714e+00 1.641745230332373851e+00 1.642026778452614355e+00 1.642915912462948880e+00 1.645715680784828550e+00 1.654452378130690349e+00 1.680977429816648883e+00 1.755559846436524074e+00 1.931359431877410104e+00
1.845216218758336524e+00 1.845222227574875973e+00 1.845241228574066028e+00 1.845301309538873946e+00 1.845491247549748692e+00 1.846091338172162866e+00 1.847983552725992240e+00 1.853913573710698648e+00 1.872150194793562150e+00 1.925243630224058089e+00 2.060025644540906420e+00
2.032333930810108935e+00 2.032338228774531075e+00 2.032351819851488273e+00 2.032394795811601984e+00 2.032530669749206709e+00 2.032960061317961920e+00 2.034315129426363722e+00 2.038572615967136681e+00 2.051767696143554698e+00 2.091036601694065133e+00 2.195997015491405691e+00
2.207015536518700749e+00 2.207018768306095780e+00 2.207028987956909383e+00 2.207061303747797076e+00 2.207163479429168795e+00 2.207486429192619504e+00 2.208506108406698587e+00 2.211714951023277642e+00 2.221708929490838536e+00 2.251879154541941652e+00 2.335462354779176852e+00
