6.382440461120427067e+00 6.382901795456113803e+00 6.381494637641276668e+00 6.359443212400192280e+00 6.262592235964495657e+00 6.059581413745833700e+00 5.760266098697617743e+00 5.382445913703359786e+00 4.946952278870766051e+00 4.475856783633651581e+00 3.986996350189382810e+00
6.424339764316611578e+00 6.423689359974730451e+00 6.418548792328929942e+00 6.386108404572099495e+00 6.275724920140266505e+00 6.064718938914288593e+00 5.761992381130175644e+00 5.382926058720678419e+00 4.947056900271708635e+00 4.475874208626831496e+00 3.986998641468588289e+00
6.460234578700500663e+00 6.458357592276005477e+00 6.449236930195658246e+00 6.406911003124176496e+00 6.285510370520063006e+00 6.068487191693170857e+00 5.763250426063580178e+00 5.383274805621886649e+00 4.947132758430623056e+00 4.475886831184147319e+00 3.987000299698150840e+00
6.490688582385886640e+00 6.487493091134324708e+00 6.474263181939126532e+00 6.422890523781614291e+00 6.292749442925266834e+00 6.071242032501161567e+00 5.764165767110019267e+00 5.383527929220804253e+00 4.947187744984105073e+00 4.475895973536125005e+00 3.987001499522118131e+00
6.516282044466249701e+00 6.511704408832460267e+00 6.494363949643299883e+00 6.435005937146129007e+00 6.298075609397615793e+00 6.073251099828206989e+00 5.764830975633475241e+00 5.383711550324060902e+00 4.947227593529130552e+00 4.475902594297032522e+00 3.987002367448948537e+00
6.537591739423117332e+00 6.531599850758480486e+00 6.510272910173349636e+00 6.444094096809529937e+00 6.301978351865119343e+00 6.074713657469453132e+00 5.765313987269330198e+00 5.383844700194241994e+00 4.947256466440430600e+00 4.475907388289356525e+00 3.987002995109062198e+00
6.555174505262287177e+00 6.547768697829225104e+00 6.522690250877103857e+00 6.450853705244194103e+00 6.304829403457836712e+00 6.075776966842147964e+00 5.765664482885897613e+00 5.383941223183490443e+00 4.947277383685506180e+00 4.475910859039616163e+00 3.987003448863836841e+00
6.569554628292793019e+00 6.560766343633769537e+00 6.532258570481435989e+00 6.455848188216942063e+00 6.306907501149527917e+00 6.076549269921705410e+00 5.765918700666046171e+00 5.384011179003074687e+00 4.947292535434248073e+00 4.475913371391503581e+00 3.987003776769042496e+00
6.581214966677921829e+00 6.571103510116396151e+00 6.539546822977171381e+00 6.459519803771150315e+00 6.308419707625880335e+00 6.077109814204319171e+00 5.766103024140016409e+00 5.384061871305835467e+00 4.947303509562490653e+00 4.475915189670686800e+00 3.987004013620497833e+00
6.590591511176763895e+00 6.579239399356000995e+00 6.545042467365629335e+00 6.462208617529964449e+00 6.309518794833397948e+00 6.077516452588470841e+00 5.766236636011618621e+00 5.384098599575095179e+00 4.947311457012007807e+00 4.475916505358923381e+00 3.987004184609750812e+00
6.623783010437324315e+00 6.605197224607127993e+00 6.560550746277976408e+00 6.469398658304958083e+00 6.312422871880196240e+00 6.078587597849082869e+00 5.766588053597549113e+00 5.384195056513956246e+00 4.947332275877721841e+00 4.475919930498831967e+00 3.987004621622505685e+00
