4.007487390597808563e+00 3.526620450056749068e+00 3.033487303625338694e+00 2.535775291672193621e+00 2.036512514105796257e+00 1.536747102098592110e+00 1.036821434277681364e+00 5.368449551755654081e-01 3.685239463981545421e-02 -4.631452526445917761e-01 -9.631445091205608211e-01
4.007485566129071586e+00 3.526620192521950248e+00 3.033487272363114773e+00 2.535775287980106985e+00 2.036512513610962749e+00 1.536747102011344568e+00 1.036821434257079844e+00 5.368449551697516142e-01 3.685239463804725057e-02 -4.631452526451439455e-01 -9.631445091207347931e-01
4.007483114743787489e+00 3.526619847051904788e+00 3.033487230624770437e+00 2.535775283114647394e+00 2.036512512977441514e+00 1.536747101904154533e+00 1.036821434232586325e+00 5.368449551629491667e-01 3.685239463599043058e-02 -4.631452526457850438e-01 -9.631445091209362985e-01
4.007479820627266598e+00 3.526619383460596779e+00 3.033487174845993728e+00 2.535775276687091129e+00 2.036512512162506727e+00 1.536747101771764212e+00 1.036821434203371251e+00 5.368449551549793197e-01 3.685239463359715056e-02 -4.631452526465290598e-01 -9.631445091211703335e-01
4.007475393624064353e+00 3.526618761174501238e+00 3.033487100240956913e+00 2.535775268177192565e+00 2.036512511109511259e+00 1.536747101607362609e+00 1.036821434168400780e+00 5.368449551456276891e-01 3.685239463081071976e-02 -4.631452526473930909e-01 -9.631445091214420051e-01
4.007469443636057171e+00 3.526617925654419228e+00 3.033487000382275145e+00 2.535775256888229912e+00 2.036512509743215738e+00 1.536747101402088145e+00 1.036821434126380614e+00 5.368449551346360371e-01 3.685239462756478845e-02 -4.631452526483966214e-01 -9.631445091217570864e-01
4.007461446215275558e+00 3.526616803584506243e+00 3.033486866636300405e+00 2.535775241886611742e+00 2.036512507963528229e+00 1.536747101144371630e+00 1.036821434075679393e+00 5.368449551216918358e-01 3.685239462378060021e-02 -4.631452526495624111e-01 -9.631445091221225718e-01
4.007450696333542339e+00 3.526615296403894373e+00 3.033486687403878612e+00 2.535775221920718803e+00 2.036512505637104287e+00 1.536747100819056966e+00 1.036821434014230991e+00 5.368449551064151670e-01 3.685239461936557631e-02 -4.631452526509169387e-01 -9.631445091225467880e-01
4.007436246286655290e+00 3.526613271610752331e+00 3.033486447099611016e+00 2.535775195311862795e+00 2.036512502586086182e+00 1.536747100406229416e+00 1.036821433939405068e+00 5.368449550883421795e-01 3.685239461420988100e-02 -4.631452526524912350e-01 -9.631445091230390609e-01
4.007416822321773431e+00 3.526610551072146382e+00 3.033486124779380955e+00 2.535775159807721391e+00 2.036512498572981222e+00 1.536747099879648193e+00 1.036821433847836316e+00 5.368449550669032178e-01 3.685239460818274387e-02 -4.631452526543219927e-01 -9.631445091236103817e-01
4.007390712762945562e+00 3.526606895310970380e+00 3.033485692295028624e+00 2.535775112385335373e+00 2.036512493280367320e+00 1.536747099204651690e+00 1.036821433735196862e+00 5.368449550413952887e-01 3.685239460112852555e-02 -4.631452526564513450e-01 -9.631445091242736289e-01
