3.419262818163972817e-01 -1.580613223694519731e-01 -6.580600822944507877e-01 -1.158059958274728185e+00 -1.658059945873433749e+00 -2.158059944633303751e+00 -2.658059944509290951e+00 -3.158059944496889759e+00 -3.658059944495649418e+00 -4.158059944495525073e+00 -4.658059944495512639e+00
3.419262818163972817e-01 -1.580613223694519731e-01 -6.580600822944507877e-01 -1.158059958274728185e+00 -1.658059945873433749e+00 -2.158059944633303751e+00 -2.658059944509290951e+00 -3.158059944496889759e+00 -3.658059944495649418e+00 -4.158059944495525073e+00 -4.658059944495512639e+00
3.419262818163972817e-01 -1.580613223694518898e-01 -6.580600822944507877e-01 -1.158059958274728185e+00 -1.658059945873433749e+00 -2.158059944633303751e+00 -2.658059944509290951e+00 -3.158059944496889759e+00 -3.658059944495649418e+00 -4.158059944495525073e+00 -4.658059944495512639e+00
3.419262818163984474e-01 -1.580613223694517511e-01 -6.580600822944507877e-01 -1.158059958274728185e+00 -1.658059945873433749e+00 -2.158059944633303751e+00 -2.658059944509290951e+00 -3.158059944496889759e+00 -3.658059944495649418e+00 -4.158059944495525073e+00 -4.658059944495512639e+00
3.419262818164386375e-01 -1.580613223694478653e-01 -6.580600822944504547e-01 -1.158059958274728185e+00 -1.658059945873433749e+00 -2.158059944633303751e+00 -2.658059944509290951e+00 -3.158059944496889759e+00 -3.658059944495649418e+00 -4.158059944495525073e+00 -4.658059944495512639e+00
3.419262818172491558e-01 -1.580613223693682345e-01 -6.580600822944430162e-01 -1.158059958274727519e+00 -1.658059945873433749e+00 -2.158059944633303751e+00 -2.658059944509290951e+00 -3.158059944496889759e+00 -3.658059944495649418e+00 -4.158059944495525073e+00 -4.658059944495512639e+00
3.419262818275539684e-01 -1.580613223683564050e-01 -6.580600822943479811e-01 -1.158059958274719747e+00 -1.658059945873433749e+00 -2.158059944633304195e+00 -2.658059944509290951e+00 -3.158059944496889759e+00 -3.658059944495649418e+00 -4.158059944495525073e+00 -4.658059944495512639e+00
3.419262819160178712e-01 -1.580613223596700201e-01 -6.580600822935318561e-01 -1.158059958274654910e+00 -1.658059945873432417e+00 -2.158059944633305527e+00 -2.658059944509291839e+00 -3.158059944496889759e+00 -3.658059944495649418e+00 -4.158059944495525073e+00 -4.658059944495512639e+00
3.419262824585707072e-01 -1.580613223063963013e-01 -6.580600822885269707e-01 -1.158059958274256562e+00 -1.658059945873424867e+00 -2.158059944633314853e+00 -2.658059944509295836e+00 -3.158059944496891536e+00 -3.658059944495650306e+00 -4.158059944495525961e+00 -4.658059944495513527e+00
3.419262849532264115e-01 -1.580613220614440761e-01 -6.580600822655144899e-01 -1.158059958272424916e+00 -1.658059945873390228e+00 -2.158059944633358374e+00 -2.658059944509314931e+00 -3.158059944496898197e+00 -3.658059944495652083e+00 -4.158059944495525961e+00 -4.658059944495513527e+00
3.419262939155419123e-01 -1.580613211814310692e-01 -6.580600821828409552e-01 -1.158059958265844180e+00 -1.658059945873265439e+00 -2.158059944633514693e+00 -2.658059944509384209e+00 -3.158059944496921734e+00 -3.658059944495660076e+00 -4.158059944495528626e+00 -4.658059944495514415e+00
