2.830647747851275930e+00 2.830647786318871262e+00 2.830647907964065624e+00 2.830648292639721841e+00 2.830649509088713600e+00 2.830653355815759831e+00 2.830665520010510861e+00 2.830703984329502987e+00 2.830825596768859143e+00 2.831209945083201340e+00 2.832423127215616621e+00
2.970513724186117255e+00 2.970513762592281282e+00 2.970513884043213260e+00 2.970514268104558653e+00 2.970515482610936342e+00 2.970519323194966699e+00 2.970531467964504735e+00 2.970569870862648454e+00 2.970691289142884717e+00 2.971075024177842305e+00 2.972286273978538507e+00
3.110390201095447171e+00 3.110390239449556393e+00 3.110390360735876492e+00 3.110390744276675168e+00 3.110391957136945162e+00 3.110395792515585178e+00 3.110407920824826977e+00 3.110446271676878816e+00 3.110567525432246239e+00 3.110950740786356139e+00 3.112160353112175759e+00
3.250274157764811100e+00 3.250274196074868893e+00 3.250274317221885312e+00 3.250274700322167920e+00 3.250275911789407779e+00 3.250279742762950175e+00 3.250291857142544760e+00 3.250330163950136964e+00 3.250451278474200567e+00 3.250834054034664078e+00 3.252042280533841367e+00
3.390162388882084432e+00 3.390162427154951086e+00 3.390162548184360247e+00 3.390162930912733685e+00 3.390164141203898751e+00 3.390167968458407621e+00 3.390180071077793844e+00 3.390218340700431821e+00 3.390339337676217202e+00 3.390721741924538346e+00 3.391928798295007041e+00
3.530051312706660394e+00 3.530051350948256506e+00 3.530051471878778546e+00 3.530051854294445679e+00 3.530053063596748864e+00 3.530056887724234649e+00 3.530068980455438155e+00 3.530107218812208014e+00 3.530228116949754025e+00 3.530610208974772846e+00 3.531816281299153371e+00
3.669936719205246778e+00 3.669936757420731777e+00 3.669936878268683866e+00 3.669937260423241643e+00 3.669938468899848427e+00 3.669942290416278841e+00 3.669954374890858961e+00 3.669992587140488816e+00 3.670113402745939002e+00 3.670495234040406451e+00 3.671700484436791978e+00
3.809813435506343549e+00 3.809813473700283115e+00 3.809813594480101262e+00 3.809813976419201609e+00 3.809815184214472961e+00 3.809819003576350838e+00 3.809831081237827988e+00 3.809869271944434477e+00 3.809990019443857179e+00 3.810371635557691317e+00 3.811576207375626524e+00
3.949674877333363199e+00 3.949674915509886031e+00 3.949675036234628678e+00 3.949675417999565674e+00 3.949676625244085582e+00 3.949680442864345942e+00 3.949692515018464523e+00 3.949730688310471027e+00 3.949851380752043450e+00 3.950232822876783345e+00 3.951436845671860709e+00
4.089512443717485901e+00 4.089512481880445804e+00 4.089512602562301424e+00 4.089512984191615352e+00 4.089514191007257438e+00 4.089518007271291111e+00 4.089530075136690535e+00 4.089568234867012819e+00 4.089688884427146398e+00 4.090070190992222798e+00 4.091273785531417850e+00
4.229314697365562203e+00 4.229314735518710400e+00 4.229314856169533954e+00 4.229315237700717489e+00 4.229316444206046022e+00 4.229320259488778433e+00 4.229332324250985486e+00 4.229370474167726712e+00 4.229491092690331300e+00 4.229872301063090312e+00 4.231075584647970622e+00
