-9.635211218172660130e-01 -9.635211218172660130e-01 -9.635211218172659020e-01 -9.635211218172655689e-01 -9.635211218172646808e-01 -9.635211218172615721e-01 -9.635211218172521352e-01 -9.635211218172221592e-01 -9.635211218171270131e-01 -9.635211218168264757e-01 -9.635211218158760138e-01
-8.025116964607900139e-01 -8.025116964607900139e-01 -8.025116964607900139e-01 -8.025116964607899028e-01 -8.025116964607890147e-01 -8.025116964607865722e-01 -8.025116964607790226e-01 -8.025116964607550418e-01 -8.025116964606789915e-01 -8.025116964604386283e-01 -8.025116964596785696e-01
-6.476111255624524832e-01 -6.476111255624524832e-01 -6.476111255624523722e-01 -6.476111255624522611e-01 -6.476111255624515950e-01 -6.476111255624497076e-01 -6.476111255624432683e-01 -6.476111255624233953e-01 -6.476111255623605567e-01 -6.476111255621617158e-01 -6.476111255615328854e-01
-4.971848262110680206e-01 -4.971848262110679095e-01 -4.971848262110678540e-01 -4.971848262110677985e-01 -4.971848262110671879e-01 -4.971848262110656891e-01 -4.971848262110603045e-01 -4.971848262110432626e-01 -4.971848262109899164e-01 -4.971848262108203298e-01 -4.971848262102850358e-01
-3.500098383948792025e-01 -3.500098383948792025e-01 -3.500098383948790914e-01 -3.500098383948789804e-01 -3.500098383948784808e-01 -3.500098383948770375e-01 -3.500098383948723746e-01 -3.500098383948576086e-01 -3.500098383948109237e-01 -3.500098383946632086e-01 -3.500098383941959712e-01
-2.051782354581037915e-01 -2.051782354581037915e-01 -2.051782354581037082e-01 -2.051782354581035694e-01 -2.051782354581033196e-01 -2.051782354581018486e-01 -2.051782354580977685e-01 -2.051782354580845291e-01 -2.051782354580428680e-01 -2.051782354579114731e-01 -2.051782354574954170e-01
-6.202044939302062826e-02 -6.202044939302062826e-02 -6.202044939302062826e-02 -6.202044939302046173e-02 -6.202044939302007315e-02 -6.202044939301890741e-02 -6.202044939301518123e-02 -6.202044939300321857e-02 -6.202044939296551262e-02 -6.202044939284621222e-02 -6.202044939246889599e-02
7.995418909152275655e-02 7.995418909152275655e-02 7.995418909152283982e-02 7.995418909152300635e-02 7.995418909152332554e-02 7.995418909152436637e-02 7.995418909152789133e-02 7.995418909153888254e-02 7.995418909157361864e-02 7.995418909168328092e-02 7.995418909203061419e-02
2.211030120213229033e-01 2.211030120213229033e-01 2.211030120213229033e-01 2.211030120213230143e-01 2.211030120213233474e-01 2.211030120213244021e-01 2.211030120213275940e-01 2.211030120213378636e-01 2.211030120213701988e-01 2.211030120214724781e-01 2.211030120217960804e-01
3.616845294606788608e-01 3.616845294606789163e-01 3.616845294606789163e-01 3.616845294606790273e-01 3.616845294606793604e-01 3.616845294606803041e-01 3.616845294606834127e-01 3.616845294606931271e-01 3.616845294607234917e-01 3.616845294608198591e-01 3.616845294611245043e-01
5.018843862549080548e-01 5.018843862549079438e-01 5.018843862549079438e-01 5.018843862549081658e-01 5.018843862549082768e-01 5.018843862549092760e-01 5.018843862549121626e-01 5.018843862549213775e-01 5.018843862549502433e-01 5.018843862550418367e-01 5.018843862553316049e-01
