-7.085693634946700348e-01 -7.085693634946700348e-01 -7.085693634946700348e-01 -7.085693634946700348e-01 -7.085693634946700348e-01 -7.085693634946700348e-01 -7.085693634946700348e-01 -7.085693634946700348e-01 -7.085693634946700348e-01 -7.085693634946700348e-01 -7.085693634946700348e-01
-1.023828800609198009e+00 -1.023828800609198009e+00 -1.023828800609198009e+00 -1.023828800609198009e+00 -1.023828800609198009e+00 -1.023828800609198009e+00 -1.023828800609198009e+00 -1.023828800609198009e+00 -1.023828800609198009e+00 -1.023828800609198009e+00 -1.023828800609198009e+00
-1.431313326058924362e+00 -1.431313326058924362e+00 -1.431313326058924362e+00 -1.431313326058924362e+00 -1.431313326058924362e+00 -1.431313326058924362e+00 -1.431313326058924362e+00 -1.431313326058924362e+00 -1.431313326058924362e+00 -1.431313326058924362e+00 -1.431313326058924362e+00
-1.977770087864711757e+00 -1.977770087864711757e+00 -1.977770087864711757e+00 -1.977770087864711757e+00 -1.977770087864711757e+00 -1.977770087864711757e+00 -1.977770087864711757e+00 -1.977770087864711757e+00 -1.977770087864711757e+00 -1.977770087864711757e+00 -1.977770087864711757e+00
-2.749940293838294192e+00 -2.749940293838294192e+00 -2.749940293838294192e+00 -2.749940293838294192e+00 -2.749940293838294192e+00 -2.749940293838294192e+00 -2.749940293838294192e+00 -2.749940293838294192e+00 -2.749940293838294192e+00 -2.749940293838294192e+00 -2.749940293838294192e+00
-3.938715345420373826e+00 -3.938715345420373826e+00 -3.938715345420373826e+00 -3.938715345420373826e+00 -3.938715345420373826e+00 -3.938715345420373826e+00 -3.938715345420373826e+00 -3.938715345420373826e+00 -3.938715345420373826e+00 -3.938715345420373826e+00 -3.938715345420373826e+00
-5.968428642287955554e+00 -5.968428642287955554e+00 -5.968428642287955554e+00 -5.968428642287955554e+00 -5.968428642287955554e+00 -5.968428642287955554e+00 -5.968428642287955554e+00 -5.968428642287955554e+00 -5.968428642287955554e+00 -5.968428642287955554e+00 -5.968428642287955554e+00
-9.186552261605360314e+00 -9.186552261605360314e+00 -9.186552261605360314e+00 -9.186552261605360314e+00 -9.186552261605360314e+00 -9.186552261605360314e+00 -9.186552261605360314e+00 -9.186552261605360314e+00 -9.186552261605360314e+00 -9.186552261605360314e+00 -9.186552261605360314e+00
-1.460706937378716930e+01 -1.460706937378716930e+01 -1.460706937378716930e+01 -1.460706937378716930e+01 -1.460706937378716752e+01 -1.460706937378716397e+01 -1.460706937378715153e+01 -1.460706937378711245e+01 -1.460706937378698811e+01 -1.460706937378659731e+01 -1.460706937378536274e+01
-3.091253871197357483e+01 -3.083200284038271022e+01 -3.064582287596471843e+01 -3.032308655714603773e+01 -2.989849518060653821e+01 -2.942535042979074689e+01 -2.893420043425678045e+01 -2.843703700434880943e+01 -2.793793787602865919e+01 -2.743822314601109014e+01 -2.693831339531108426e+01
-3.304015022662431988e+01 -3.254015022662431988e+01 -3.204015022662431988e+01 -3.154015022662431988e+01 -3.104015022662431988e+01 -3.054015022662431988e+01 -3.004015022662431988e+01 -2.954015022662431988e+01 -2.904015022662431988e+01 -2.854015022662431988e+01 -2.804015022662431988e+01
