9.264111735399081837e+00 9.264111735399081837e+00 9.264111735399081837e+00 9.264111735399081837e+00 9.264111735399081837e+00 9.264111735399081837e+00 9.264111735399081837e+00 9.264111735399080061e+00 9.264111735399076508e+00 9.264111735399067626e+00 9.264111735399037428e+00
9.277308075366541118e+00 9.277308075366541118e+00 9.277308075366541118e+00 9.277308075366541118e+00 9.277308075366541118e+00 9.277308075366539342e+00 9.277308075366539342e+00 9.277308075366535789e+00 9.277308075366526907e+00 9.277308075366498485e+00 9.277308075366409668e+00
9.288449914288387177e+00 9.288449914288387177e+00 9.288449914288387177e+00 9.288449914288387177e+00 9.288449914288387177e+00 9.288449914288387177e+00 9.288449914288385401e+00 9.288449914288380072e+00 9.288449914288364084e+00 9.288449914288312570e+00 9.288449914288152698e+00
9.297795909031087547e+00 9.297795909031087547e+00 9.297795909031087547e+00 9.297795909031087547e+00 9.297795909031087547e+00 9.297795909031085770e+00 9.297795909031083994e+00 9.297795909031076889e+00 9.297795909031052020e+00 9.297795909030975636e+00 9.297795909030732275e+00
9.305583605867187913e+00 9.305583605867187913e+00 9.305583605867187913e+00 9.305583605867187913e+00 9.305583605867187913e+00 9.305583605867186137e+00 9.305583605867184360e+00 9.305583605867173702e+00 9.305583605867139951e+00 9.305583605867033370e+00 9.305583605866699415e+00
9.312029483385700246e+00 9.312029483385700246e+00 9.312029483385700246e+00 9.312029483385700246e+00 9.312029483385698470e+00 9.312029483385698470e+00 9.312029483385693140e+00 9.312029483385678930e+00 9.312029483385636297e+00 9.312029483385497741e+00 9.312029483385062534e+00
9.317329130583393848e+00 9.317329130583393848e+00 9.317329130583393848e+00 9.317329130583393848e+00 9.317329130583392072e+00 9.317329130583392072e+00 9.317329130583384966e+00 9.317329130583368979e+00 9.317329130583313912e+00 9.317329130583143382e+00 9.317329130582601593e+00
9.321657602041609536e+00 9.321657602041609536e+00 9.321657602041609536e+00 9.321657602041609536e+00 9.321657602041607760e+00 9.321657602041605983e+00 9.321657602041600654e+00 9.321657602041579338e+00 9.321657602041513613e+00 9.321657602041307555e+00 9.321657602040653856e+00
9.325169993217453879e+00 9.325169993217453879e+00 9.325169993217453879e+00 9.325169993217453879e+00 9.325169993217453879e+00 9.325169993217450326e+00 9.325169993217443221e+00 9.325169993217418352e+00 9.325169993217341968e+00 9.325169993217100384e+00 9.325169993216334774e+00
9.328002262261216870e+00 9.328002262261216870e+00 9.328002262261216870e+00 9.328002262261216870e+00 9.328002262261216870e+00 9.328002262261213318e+00 9.328002262261204436e+00 9.328002262261177790e+00 9.328002262261088973e+00 9.328002262260811861e+00 9.328002262259932564e+00
9.338543844669928262e+00 9.338543844669928262e+00 9.338543844669928262e+00 9.338543844669928262e+00 9.338543844669926486e+00 9.338543844669919380e+00 9.338543844669899840e+00 9.338543844669834115e+00 9.338543844669631611e+00 9.338543844668992122e+00 9.338543844666967075e+00
