1.083692659102757894e+01 1.035917343414705805e+01 9.867663847567358815e+00 9.370588006444826590e+00 8.871543475296455483e+00 8.371849041255142509e+00 7.871946025131779656e+00 7.371976730130704425e+00 6.871986443519333854e+00 6.371989515524541403e+00 5.871990487014102200e+00
1.083692622513575010e+01 1.035917327901916529e+01 9.867663791209817958e+00 9.370587987612093883e+00 8.871543469224505429e+00 8.371849039322736274e+00 7.871946024519449026e+00 7.371976729936942085e+00 6.871986443458048655e+00 6.371989515505159574e+00 5.871990487007972881e+00
1.083692590993423543e+01 1.035917314636052033e+01 9.867663743159234002e+00 9.370587971573058894e+00 8.871543464055241301e+00 8.371849037677815630e+00 7.871946023998234843e+00 7.371976729772015346e+00 6.871986443405884160e+00 6.371989515488662548e+00 5.871990487002755721e+00
1.083692563891615279e+01 1.035917303299739878e+01 9.867663702201522113e+00 9.370587957914462862e+00 8.871543459654594344e+00 8.371849036277625444e+00 7.871946023554581728e+00 7.371976729631631642e+00 6.871986443361481456e+00 6.371989515474620447e+00 5.871990486998315717e+00
1.083692540625725442e+01 1.035917293618149415e+01 9.867663667297170704e+00 9.370587946283858827e+00 8.871543455908369680e+00 8.371849035085764612e+00 7.871946023176949581e+00 7.371976729512139670e+00 6.871986443323687688e+00 6.371989515462668230e+00 5.871990486994535630e+00
1.083692520679305993e+01 1.035917285353951378e+01 9.867663637556930212e+00 9.370587936380745830e+00 8.871543452719315326e+00 8.371849034071244589e+00 7.871946022855513370e+00 7.371976729410430806e+00 6.871986443291518754e+00 6.371989515452495034e+00 5.871990486991318647e+00
1.083692503597770163e+01 1.035917278302675015e+01 9.867663612220686886e+00 9.370587927948985651e+00 8.871543450004612197e+00 8.371849033207682922e+00 7.871946022581912672e+00 7.371976729323858279e+00 6.871986443264136213e+00 6.371989515443835295e+00 5.871990486988580393e+00
1.083692488983319357e+01 1.035917272288495461e+01 9.867663590639120130e+00 9.370587920770292456e+00 8.871543447693738926e+00 8.371849032472622909e+00 7.871946022349028738e+00 7.371976729250170557e+00 6.871986443240829523e+00 6.371989515436465190e+00 5.871990486986249813e+00
1.083692476489484413e+01 1.035917267160462885e+01 9.867663572257864502e+00 9.370587914658678130e+00 8.871543445726649324e+00 8.371849031846945621e+00 7.871946022150803302e+00 7.371976729187448285e+00 6.871986443220992058e+00 6.371989515430191098e+00 5.871990486984265623e+00
1.083692465815656369e+01 1.035917262789155835e+01 9.867663556603833541e+00 9.370587909455693421e+00 8.871543444052216287e+00 8.371849031314374301e+00 7.871946021982076935e+00 7.371976729134061657e+00 6.871986443204106010e+00 6.371989515424851369e+00 5.871990486982576307e+00
1.083692456701832896e+01 1.035917259063736395e+01 9.867663543273465621e+00 9.370587905026372511e+00 8.871543442626913745e+00 8.371849030861058694e+00 7.871946021838461149e+00 7.371976729088619784e+00 6.871986443189733507e+00 6.371989515420305672e+00 5.871990486981139235e+00
