1.240588287941523937e+01 1.240588287941523937e+01 1.240588287941523937e+01 1.240588287941523937e+01 1.240588287941523937e+01 1.240588287941523937e+01 1.240588287941523937e+01 1.240588287941523937e+01 1.240588287941523937e+01 1.240588287941523760e+01 1.240588287941523404e+01
1.240587142074068083e+01 1.240587142074068083e+01 1.240587142074068083e+01 1.240587142074068083e+01 1.240587142074068083e+01 1.240587142074068083e+01 1.240587142074068083e+01 1.240587142074068083e+01 1.240587142074067906e+01 1.240587142074067906e+01 1.240587142074067373e+01
1.240585684019771762e+01 1.240585684019771762e+01 1.240585684019771762e+01 1.240585684019771762e+01 1.240585684019771762e+01 1.240585684019771762e+01 1.240585684019771762e+01 1.240585684019771762e+01 1.240585684019771762e+01 1.240585684019771584e+01 1.240585684019771229e+01
1.240583833608972242e+01 1.240583833608972242e+01 1.240583833608972242e+01 1.240583833608972242e+01 1.240583833608972242e+01 1.240583833608972242e+01 1.240583833608972242e+01 1.240583833608972242e+01 1.240583833608972242e+01 1.240583833608972064e+01 1.240583833608971709e+01
1.240581491930392666e+01 1.240581491930392666e+01 1.240581491930392666e+01 1.240581491930392666e+01 1.240581491930392666e+01 1.240581491930392666e+01 1.240581491930392666e+01 1.240581491930392666e+01 1.240581491930392666e+01 1.240581491930392488e+01 1.240581491930392133e+01
1.240578537611817467e+01 1.240578537611817467e+01 1.240578537611817467e+01 1.240578537611817467e+01 1.240578537611817467e+01 1.240578537611817467e+01 1.240578537611817467e+01 1.240578537611817467e+01 1.240578537611817467e+01 1.240578537611817467e+01 1.240578537611817111e+01
1.240574822582534864e+01 1.240574822582534864e+01 1.240574822582534864e+01 1.240574822582534864e+01 1.240574822582534864e+01 1.240574822582534864e+01 1.240574822582534864e+01 1.240574822582534864e+01 1.240574822582534686e+01 1.240574822582534686e+01 1.240574822582534331e+01
1.240570167309841665e+01 1.240570167309841665e+01 1.240570167309841665e+01 1.240570167309841665e+01 1.240570167309841665e+01 1.240570167309841665e+01 1.240570167309841665e+01 1.240570167309841665e+01 1.240570167309841665e+01 1.240570167309841487e+01 1.240570167309841132e+01
1.240564355518094608e+01 1.240564355518094608e+01 1.240564355518094608e+01 1.240564355518094608e+01 1.240564355518094608e+01 1.240564355518094608e+01 1.240564355518094608e+01 1.240564355518094608e+01 1.240564355518094608e+01 1.240564355518094430e+01 1.240564355518094253e+01
1.240557128414057608e+01 1.240557128414057608e+01 1.240557128414057608e+01 1.240557128414057608e+01 1.240557128414057608e+01 1.240557128414057608e+01 1.240557128414057608e+01 1.240557128414057608e+01 1.240557128414057608e+01 1.240557128414057431e+01 1.240557128414057253e+01
1.240548178452324635e+01 1.240548178452324635e+01 1.240548178452324635e+01 1.240548178452324635e+01 1.240548178452324635e+01 1.240548178452324635e+01 1.240548178452324635e+01 1.240548178452324635e+01 1.240548178452324635e+01 1.240548178452324635e+01 1.240548178452324279e+01
