1.240548178417076564e+01 1.240548178340860375e+01 1.240548178099843390e+01 1.240548177337680258e+01 1.240548174927504377e+01 1.240548167305812299e+01 1.240548143203439224e+01 1.240548066980405650e+01 1.240547825896496370e+01 1.240547063094212099e+01 1.240544647461198657e+01
1.240537142643763424e+01 1.240537142574504337e+01 1.240537142355487710e+01 1.240537141662895593e+01 1.240537139472720085e+01 1.240537132546707610e+01 1.240537110644039309e+01 1.240537041374806471e+01 1.240536822257802818e+01 1.240536128686034090e+01 1.240533929463065732e+01
1.240523595622075526e+01 1.240523595559879055e+01 1.240523595363196563e+01 1.240523594741230973e+01 1.240523592774394324e+01 1.240523586554627045e+01 1.240523566885153528e+01 1.240523504676410660e+01 1.240523307871564640e+01 1.240522684701439537e+01 1.240520706402937279e+01
1.240507041957626377e+01 1.240507041902492524e+01 1.240507041728144166e+01 1.240507041176804748e+01 1.240507039433307668e+01 1.240507033919793756e+01 1.240507016483611125e+01 1.240506961336370040e+01 1.240506786853972621e+01 1.240506234189658663e+01 1.240504477881647283e+01
1.240486908320750814e+01 1.240486908272566957e+01 1.240486908120196219e+01 1.240486907638356939e+01 1.240486906114638010e+01 1.240486901296121758e+01 1.240486886057697546e+01 1.240486837860198577e+01 1.240486685352910357e+01 1.240486202157505957e+01 1.240484665197471870e+01
1.240462534834865949e+01 1.240462534793405780e+01 1.240462534662297145e+01 1.240462534247694570e+01 1.240462532936596851e+01 1.240462528790451202e+01 1.240462515678280297e+01 1.240462474204892196e+01 1.240462342964095477e+01 1.240461927046363044e+01 1.240460603022500585e+01
1.240433165589102416e+01 1.240433165554031447e+01 1.240433165443127450e+01 1.240433165092416878e+01 1.240433163983364295e+01 1.240433160476148089e+01 1.240433149384516653e+01 1.240433114301303519e+01 1.240433003274626422e+01 1.240432651343583892e+01 1.240431530237862034e+01
1.240397937942914552e+01 1.240397937913802373e+01 1.240397937821741614e+01 1.240397937530619110e+01 1.240397936610001750e+01 1.240397933698678656e+01 1.240397924491517578e+01 1.240397895368426795e+01 1.240397803198304416e+01 1.240397510985322427e+01 1.240396579560220935e+01
1.240355870206793476e+01 1.240355870183131870e+01 1.240355870108306924e+01 1.240355869871688732e+01 1.240355869123430388e+01 1.240355866757164982e+01 1.240355859273730132e+01 1.240355835602567502e+01 1.240355760683193154e+01 1.240355523123170478e+01 1.240354765504867274e+01
1.240305847221195457e+01 1.240305847202420075e+01 1.240305847143046947e+01 1.240305846955291713e+01 1.240305846361552078e+01 1.240305844483928865e+01 1.240305838545821437e+01 1.240305819762468431e+01 1.240305760310232230e+01 1.240305571766142201e+01 1.240304970172495480e+01
1.240246603329662456e+01 1.240246603315177687e+01 1.240246603269372905e+01 1.240246603124525038e+01 1.240246602666471354e+01 1.240246601217934064e+01 1.240246596636817245e+01 1.240246582145654841e+01 1.240246536276599443e+01 1.240246390786669473e+01 1.240245926331448523e+01
