-4.657473004957363827e+00 -4.657473004957356721e+00 -4.657473004957335405e+00 -4.657473004957265239e+00 -4.657473004957045859e+00 -4.657473004956349527e+00 -4.657473004954148621e+00 -4.657473004947189743e+00 -4.657473004925182458e+00 -4.657473004855589238e+00 -4.657473004635518166e+00
-4.521928464147356941e+00 -4.521928464147350724e+00 -4.521928464147328519e+00 -4.521928464147258353e+00 -4.521928464147038085e+00 -4.521928464146340865e+00 -4.521928464144136406e+00 -4.521928464137165982e+00 -4.521928464115122281e+00 -4.521928464045412710e+00 -4.521928463824973932e+00
-4.385867775452589434e+00 -4.385867775452581441e+00 -4.385867775452560124e+00 -4.385867775452489958e+00 -4.385867775452269690e+00 -4.385867775451570694e+00 -4.385867775449362682e+00 -4.385867775442379823e+00 -4.385867775420297043e+00 -4.385867775350467568e+00 -4.385867775129645096e+00
-4.249337240101176860e+00 -4.249337240101169755e+00 -4.249337240101147550e+00 -4.249337240101077384e+00 -4.249337240100856228e+00 -4.249337240100157231e+00 -4.249337240097944779e+00 -4.249337240090949486e+00 -4.249337240068829402e+00 -4.249337239998878246e+00 -4.249337239777674746e+00
-4.112382393084196508e+00 -4.112382393084189403e+00 -4.112382393084167198e+00 -4.112382393084097032e+00 -4.112382393083875876e+00 -4.112382393083175103e+00 -4.112382393080959098e+00 -4.112382393073952258e+00 -4.112382393051794871e+00 -4.112382392981727364e+00 -4.112382392760155270e+00
-3.975047016505132813e+00 -3.975047016505125708e+00 -3.975047016505103503e+00 -3.975047016505033337e+00 -3.975047016504811292e+00 -3.975047016504109632e+00 -3.975047016501890518e+00 -3.975047016494872576e+00 -3.975047016472680550e+00 -3.975047016402502909e+00 -3.975047016180581760e+00
-3.837372458988329349e+00 -3.837372458988322244e+00 -3.837372458988300483e+00 -3.837372458988229873e+00 -3.837372458988007828e+00 -3.837372458987304835e+00 -3.837372458985082169e+00 -3.837372458978054457e+00 -3.837372458955830012e+00 -3.837372458885550230e+00 -3.837372458663305785e+00
-3.699397204517395732e+00 -3.699397204517388626e+00 -3.699397204517366866e+00 -3.699397204517296256e+00 -3.699397204517073323e+00 -3.699397204516369886e+00 -3.699397204514144555e+00 -3.699397204507107073e+00 -3.699397204484853319e+00 -3.699397204414480278e+00 -3.699397204191939625e+00
-3.561156639121527689e+00 -3.561156639121520584e+00 -3.561156639121498380e+00 -3.561156639121428213e+00 -3.561156639121205281e+00 -3.561156639120500511e+00 -3.561156639118272516e+00 -3.561156639111226596e+00 -3.561156639088946196e+00 -3.561156639018487891e+00 -3.561156638795680340e+00
-3.422682969919722318e+00 -3.422682969919715212e+00 -3.422682969919693008e+00 -3.422682969919622398e+00 -3.422682969919399465e+00 -3.422682969918694251e+00 -3.422682969916463591e+00 -3.422682969909410122e+00 -3.422682969887105298e+00 -3.422682969816571052e+00 -3.422682969593523250e+00
-3.284005257571716463e+00 -3.284005257571709802e+00 -3.284005257571687153e+00 -3.284005257571616543e+00 -3.284005257571393610e+00 -3.284005257570687508e+00 -3.284005257568454628e+00 -3.284005257561394497e+00 -3.284005257539068356e+00 -3.284005257468466610e+00 -3.284005257245204312e+00
