9.536384836300831225e+00 9.536384836300831225e+00 9.536384836300831225e+00 9.536384836300831225e+00 9.536384836300827672e+00 9.536384836300820567e+00 9.536384836300795698e+00 9.536384836300719314e+00 9.536384836300474177e+00 9.536384836299703238e+00 9.536384836297264300e+00
9.532559221627545654e+00 9.532559221627545654e+00 9.532559221627545654e+00 9.532559221627545654e+00 9.532559221627543877e+00 9.532559221627536772e+00 9.532559221627517232e+00 9.532559221627453283e+00 9.532559221627250778e+00 9.532559221626609514e+00 9.532559221624582690e+00
9.527964536379377236e+00 9.527964536379377236e+00 9.527964536379377236e+00 9.527964536379375460e+00 9.527964536379373683e+00 9.527964536379370131e+00 9.527964536379352367e+00 9.527964536379300853e+00 9.527964536379137428e+00 9.527964536378622284e+00 9.527964536376988036e+00
9.522476705195950686e+00 9.522476705195950686e+00 9.522476705195950686e+00 9.522476705195950686e+00 9.522476705195948909e+00 9.522476705195945357e+00 9.522476705195932922e+00 9.522476705195892066e+00 9.522476705195765945e+00 9.522476705195366264e+00 9.522476705194099722e+00
9.515958468994872632e+00 9.515958468994872632e+00 9.515958468994872632e+00 9.515958468994870856e+00 9.515958468994870856e+00 9.515958468994867303e+00 9.515958468994858421e+00 9.515958468994828223e+00 9.515958468994735853e+00 9.515958468994442754e+00 9.515958468993511943e+00
9.508259038318879419e+00 9.508259038318879419e+00 9.508259038318879419e+00 9.508259038318879419e+00 9.508259038318879419e+00 9.508259038318877643e+00 9.508259038318870537e+00 9.508259038318850997e+00 9.508259038318788825e+00 9.508259038318588097e+00 9.508259038317957490e+00
9.499213782516669369e+00 9.499213782516669369e+00 9.499213782516667592e+00 9.499213782516667592e+00 9.499213782516667592e+00 9.499213782516667592e+00 9.499213782516662263e+00 9.499213782516651605e+00 9.499213782516614302e+00 9.499213782516497062e+00 9.499213782516125804e+00
9.488643932600194120e+00 9.488643932600194120e+00 9.488643932600194120e+00 9.488643932600192343e+00 9.488643932600192343e+00 9.488643932600192343e+00 9.488643932600190567e+00 9.488643932600187014e+00 9.488643932600171027e+00 9.488643932600123065e+00 9.488643932599970299e+00
9.476356289475104333e+00 9.476356289475104333e+00 9.476356289475104333e+00 9.476356289475104333e+00 9.476356289475104333e+00 9.476356289475104333e+00 9.476356289475106109e+00 9.476356289475106109e+00 9.476356289475109662e+00 9.476356289475116768e+00 9.476356289475143413e+00
9.462142952980624244e+00 9.462142952980624244e+00 9.462142952980624244e+00 9.462142952980624244e+00 9.462142952980624244e+00 9.462142952980626021e+00 9.462142952980627797e+00 9.462142952980633126e+00 9.462142952980649113e+00 9.462142952980702404e+00 9.462142952980869381e+00
9.445781117765125856e+00 9.445781117765125856e+00 9.445781117765125856e+00 9.445781117765125856e+00 9.445781117765127632e+00 9.445781117765127632e+00 9.445781117765131185e+00 9.445781117765138291e+00 9.445781117765166712e+00 9.445781117765251977e+00 9.445781117765525536e+00
