1.030175364765225510e+01 1.014771486639686593e+01 9.947013891905900351e+00 9.691011239072819805e+00 9.373884864598430511e+00 8.996037507551006840e+00 8.566368424236438628e+00 8.100461386569110189e+00 7.614433279913775721e+00 7.119463779254289193e+00 6.621142505479036267e+00
1.030168192526186743e+01 1.014767619032529922e+01 9.946994286451637635e+00 9.691002142802696895e+00 9.373881112480507483e+00 8.996036164435643911e+00 8.566368007290627418e+00 8.100461268748388122e+00 7.614433246866183502e+00 7.119463769539730258e+00 6.621142502501757399e+00
1.030158570566829646e+01 1.014762437258623784e+01 9.946968081711938581e+00 9.690990035774865063e+00 9.373876155788758879e+00 8.996034413525890727e+00 8.566367475616088356e+00 8.100461123052582479e+00 7.614433207230408840e+00 7.119463758117344554e+00 6.621142499032218076e+00
1.030145659368158384e+01 1.014755491654002206e+01 9.946933028718934366e+00 9.690973900062159530e+00 9.373869593417090584e+00 8.996032123035421435e+00 8.566366794286704334e+00 8.100460941905485157e+00 7.614433159502310033e+00 7.119463744660440518e+00 6.621142494986010263e+00
1.030128331977572387e+01 1.014746178389602882e+01 9.946886108096732571e+00 9.690952370146437289e+00 9.373860888253112478e+00 8.996029117146141729e+00 8.566365917072401359e+00 8.100460715443281501e+00 7.614433101781626689e+00 7.119463728771547650e+00 6.621142490263252967e+00
1.030105076220555915e+01 1.014733686729415219e+01 9.946823265936362901e+00 9.690923613770257461e+00 9.373849320677535957e+00 8.996025161053671226e+00 8.566364782659343646e+00 8.100460430777541632e+00 7.614433031654942674e+00 7.119463709964686693e+00 6.621142484745424106e+00
1.030073864208953616e+01 1.014716928393371731e+01 9.946739059430147023e+00 9.690885171955244459e+00 9.373833926118933846e+00 8.996019940896140099e+00 8.566363309585819152e+00 8.100460071012291152e+00 7.614432946041404193e+00 7.119463687642608285e+00 6.621142478291458744e+00
1.030031978673368798e+01 1.014694443081872954e+01 9.946626181762773911e+00 9.690833744260965332e+00 9.373813411202290169e+00 8.996013036811529417e+00 8.566361389454273834e+00 8.100459613931754177e+00 7.614432840988855311e+00 7.119463661067407578e+00 6.621142470732906737e+00
1.029975782670068085e+01 1.014664272350507090e+01 9.946474825723830904e+00 9.690764900673107363e+00 9.373786041170548700e+00 8.996003886767752533e+00 8.566358877829108209e+00 8.100459030246675241e+00 7.614432711403861020e+00 7.119463629322444476e+00 6.621142461867877138e+00
1.029900415698862481e+01 1.014623791653808027e+01 9.946271832400981339e+00 9.690672695302037454e+00 9.373749488776477179e+00 8.995991738004409655e+00 8.566355582027428639e+00 8.100458281248858583e+00 7.614432550693475577e+00 7.119463591262792157e+00 6.621142451453444266e+00
1.029799395398286244e+01 1.014569487444239293e+01 9.945999554382392915e+00 9.690549148892255715e+00 9.373700631538039119e+00 8.995975581847101665e+00 8.566351244738099169e+00 8.100457315671951264e+00 7.614432350289108697e+00 7.119463545450529729e+00 6.621142439196062490e+00
