6.429202585156128080e+00 6.429202327502213876e+00 6.429201512744188385e+00 6.429198936404820763e+00 6.429190790815960455e+00 6.429165047140894096e+00 6.429083782761699339e+00 6.428828118690550930e+00 6.428030531187086005e+00 6.425589474121315092e+00 6.418413912075448202e+00
6.429178513623045710e+00 6.429178258549074876e+00 6.429177451943058230e+00 6.429174901317890267e+00 6.429166836403142682e+00 6.429141341606343651e+00 6.429060807013798673e+00 6.428807003256040709e+00 6.428012923288040525e+00 6.425576223317079005e+00 6.418404915871639638e+00
6.429171024046679506e+00 6.429170769416091780e+00 6.429169964211816080e+00 6.429167418015755864e+00 6.429159367071207498e+00 6.429133916093223711e+00 6.429053516476975538e+00 6.428800103878233863e+00 6.428006945764362712e+00 6.425571654415369593e+00 6.418401805863723553e+00
6.429161237746762403e+00 6.429160983630309190e+00 6.429160180051498585e+00 6.429157638991899404e+00 6.429149604253120209e+00 6.429124204151128730e+00 6.429043961717847644e+00 6.428791009682199409e+00 6.427998979570888949e+00 6.425565519488409372e+00 6.418397623075753344e+00
6.429148460803105536e+00 6.429148207282080918e+00 6.429147405585804442e+00 6.429144870475528073e+00 6.429136854512456978e+00 6.429111513407712586e+00 6.429031453782553918e+00 6.428779042762754692e+00 6.427988383463109301e+00 6.425557287280297736e+00 6.418391998304943336e+00
6.429131794819790358e+00 6.429131541987247012e+00 6.429130742467761728e+00 6.429128214237326944e+00 6.429120219992443097e+00 6.429094947188952247e+00 6.429015099780341913e+00 6.428763322504916999e+00 6.427974318145678545e+00 6.425546250025616857e+00 6.418384435790890130e+00
6.429110077022803793e+00 6.429109824987736310e+00 6.429109027989717617e+00 6.429106507729099640e+00 6.429098538649426153e+00 6.429073345049527433e+00 6.428993744344504435e+00 6.428742709721904092e+00 6.427955688130622569e+00 6.425531467229640192e+00 6.418374270215817745e+00
6.429081808661009312e+00 6.429081557542289715e+00 6.429080763441638702e+00 6.429078252339549771e+00 6.429070312184150815e+00 6.429045209675549266e+00 6.428965893277787558e+00 6.428715720453629601e+00 6.427931067447656410e+00 6.425511692913440598e+00 6.418360609377879555e+00
6.429045052481530576e+00 6.429044802419674021e+00 6.429044011660741909e+00 6.429041511122356667e+00 6.429033604334912333e+00 6.429008606970998407e+00 6.428929619331042566e+00 6.428680448876795239e+00 6.427898604981884034e+00 6.425485282081929483e+00 6.418342257985703014e+00
6.428997316744522905e+00 6.428997067900046325e+00 6.428996280990435075e+00 6.428993792620952163e+00 6.428985924277759167e+00 6.428961048113260190e+00 6.428882440019932254e+00 6.428634432676512134e+00 6.427855904142509402e+00 6.425450071240084604e+00 6.418317616731580522e+00
6.428935399779778237e+00 6.428935152335987446e+00 6.428934369855365816e+00 6.428931895487881576e+00 6.428924071385927697e+00 6.428899334754822448e+00 6.428821164207612959e+00 6.428574503574045806e+00 6.427799870355699774e+00 6.425403226653875421e+00 6.418284549266897621e+00
