7.663995249670940701e+00 7.269536426042460420e+00 6.827334494355547179e+00 6.353921568792904040e+00 5.864347428721258026e+00 5.367996691722351166e+00 4.869197908678728481e+00 4.369583131112958263e+00 3.869705511689097044e+00 3.369744268993140057e+00 2.869756530875517520e+00
7.663995055421279901e+00 7.269536362250677897e+00 6.827334476502464611e+00 6.353921564237408504e+00 5.864347427532978330e+00 5.367996691385313213e+00 4.869197908576818001e+00 4.369583131081232530e+00 3.869705511679115695e+00 3.369744268989988800e+00 2.869756530874521427e+00
7.663994797950480553e+00 7.269536278690262421e+00 6.827334453602268205e+00 6.353921558574378459e+00 5.864347426103520000e+00 5.367996690988558584e+00 4.869197908458011703e+00 4.369583131044376678e+00 3.869705511667534292e+00 3.369744268986333946e+00 2.869756530873366351e+00
7.663994456056641091e+00 7.269536168899649375e+00 6.827334424091534792e+00 6.353921551495869124e+00 5.864347424376633811e+00 5.367996690520516978e+00 4.869197908319398138e+00 4.369583131001550491e+00 3.869705511654094376e+00 3.369744268982094226e+00 2.869756530872026534e+00
7.663994001321749572e+00 7.269536024245646821e+00 6.827334385895940549e+00 6.353921542599550776e+00 5.864347422280972388e+00 5.367996689967069912e+00 4.869197908157524957e+00 4.369583130951770755e+00 3.869705511638497075e+00 3.369744268977176382e+00 2.869756530870473110e+00
7.663993395638350137e+00 7.269535833183552676e+00 6.827334336258568115e+00 6.353921531358043495e+00 5.864347419725571164e+00 5.367996689310903236e+00 4.869197907968289663e+00 4.369583130893887279e+00 3.869705511620392890e+00 3.369744268971471612e+00 2.869756530868670996e+00
7.663992587885701369e+00 7.269535580263539742e+00 6.827334271509724495e+00 6.353921517077976588e+00 5.864347416593871820e+00 5.367996688530666916e+00 4.869197907746804610e+00 4.369583130826552697e+00 3.869705511599377257e+00 3.369744268964853795e+00 2.869756530866581112e+00
7.663991509462633189e+00 7.269535244796081486e+00 6.827334186758219126e+00 6.353921498845276794e+00 5.864347412735828158e+00 5.367996687599899452e+00 4.869197907487215815e+00 4.369583130748187827e+00 3.869705511574977219e+00 3.369744268957176381e+00 2.869756530864156829e+00
7.663990068283269785e+00 7.269534799059043095e+00 6.827334075477118347e+00 6.353921475451996592e+00 5.864347407957420266e+00 5.367996686485616564e+00 4.869197907182498675e+00 4.369583130656933712e+00 3.869705511546642995e+00 3.369744268948268839e+00 2.869756530861345745e+00
7.663988140706381458e+00 7.269534205888768419e+00 6.827333928947778574e+00 6.353921445298368553e+00 5.864347402006736765e+00 5.367996685146484204e+00 4.869197906824177302e+00 4.369583130550602768e+00 3.869705511513732876e+00 3.369744268937933551e+00 2.869756530858084798e+00
7.663985560686803922e+00 7.269533415443116375e+00 6.827333735513430923e+00 6.353921406261630267e+00 5.864347394555441184e+00 5.367996683530416924e+00 4.869197906401987908e+00 4.369583130426614836e+00 3.869705511475499016e+00 3.369744268925941366e+00 2.869756530854302046e+00
