1.280567553661794022e+01 1.280567276345973760e+01 1.280566391775282042e+01 1.280563523151821315e+01 1.280553891761542928e+01 1.280521613591626284e+01 1.280433488022289978e+01 1.280252327406513935e+01 1.279933690262599733e+01 1.279409835933537209e+01 1.278578701886087110e+01
1.280544453226982071e+01 1.280544222264627408e+01 1.280543485066221976e+01 1.280541088675906458e+01 1.280532962645592931e+01 1.280504675936425585e+01 1.280422216363264276e+01 1.280245442961398439e+01 1.279929549865170380e+01 1.279407336832727005e+01 1.278577175191946225e+01
1.280516865840596097e+01 1.280516677268416892e+01 1.280516075038707946e+01 1.280514113443867963e+01 1.280507404818887451e+01 1.280483206695315879e+01 1.280407420796076146e+01 1.280236282473182996e+01 1.279924022218149560e+01 1.279404004141160733e+01 1.278575147441863180e+01
1.280484057102544959e+01 1.280483906531242688e+01 1.280483425426511523e+01 1.280481855605827590e+01 1.280476446944746804e+01 1.280456288260819875e+01 1.280388123533397149e+01 1.280224121153248085e+01 1.279916645341607229e+01 1.279399557083287853e+01 1.278572450385769343e+01
1.280445191697920748e+01 1.280445074504171998e+01 1.280444699869363490e+01 1.280443475424787891e+01 1.280439228334070201e+01 1.280422915992931898e+01 1.280363152751011313e+01 1.280208026257271570e+01 1.279906808323626777e+01 1.279393620876181537e+01 1.278568858868404945e+01
1.280399319307463202e+01 1.280399230823972978e+01 1.280398947816422073e+01 1.280398021184491597e+01 1.280394785590206475e+01 1.280382002906370253e+01 1.280331143824050599e+01 1.280186813727636874e+01 1.279893707501985922e+01 1.279385696146506746e+01 1.278564071699048377e+01
1.280345357967997799e+01 1.280345293655817152e+01 1.280345087811196692e+01 1.280344412279875499e+01 1.280342035315040228e+01 1.280332376035804387e+01 1.280290557055215572e+01 1.280159006542192834e+01 1.279876292964516971e+01 1.279375119169139374e+01 1.278557686254580794e+01
1.280282074584976293e+01 1.280282030176023333e+01 1.280281887876465774e+01 1.280281419257588027e+01 1.280279752882709943e+01 1.280272761580677354e+01 1.280239709661454661e+01 1.280122802196669873e+01 1.279853205627173729e+01 1.279361010786874608e+01 1.278549164905745350e+01
1.280208062331053931e+01 1.280208033933739031e+01 1.280207942754743122e+01 1.280207640625967613e+01 1.280206547450042009e+01 1.280201758610079743e+01 1.280176812445936463e+01 1.280076059100634644e+01 1.279822707194391462e+01 1.279342211862113032e+01 1.278537790890232095e+01
1.280121714690382184e+01 1.280121698856364532e+01 1.280121647786215888e+01 1.280121476280826798e+01 1.280120833410032333e+01 1.280117803396760223e+01 1.280099995560331294e+01 1.280016311640899751e+01 1.279782608604073069e+01 1.279317203563153882e+01 1.278522610772667001e+01
1.280021195921750810e+01 1.280021189676260995e+01 1.280021169216251486e+01 1.280021097392708285e+01 1.280020798427670670e+01 1.280019127466028017e+01 1.280007307599263022e+01 1.279940818762054633e+01 1.279730207071740011e+01 1.279284012077139288e+01 1.278502360223980716e+01
