2.955266466901926403e+00 2.955266496287787259e+00 2.955266589214025963e+00 2.955266883072463102e+00 2.955267812333123967e+00 2.955270750900250487e+00 2.955280043334401086e+00 2.955309427281153312e+00 2.955402334380468954e+00 2.955696001517938765e+00 2.956623352108983305e+00
3.095086628629904801e+00 3.095086658008744163e+00 3.095086750912779294e+00 3.095087044701002821e+00 3.095087973739628850e+00 3.095090911604618356e+00 3.095100201818414831e+00 3.095129578743757826e+00 3.095222463639102806e+00 3.095516060558134885e+00 3.096443189063845303e+00
3.234880336418355817e+00 3.234880365791230616e+00 3.234880458676404391e+00 3.234880752404982740e+00 3.234881681254993424e+00 3.234884618523525379e+00 3.234893906851119549e+00 3.234923277811391440e+00 3.235016143839759550e+00 3.235309681058470943e+00 3.236236620396436781e+00
3.374633256113140689e+00 3.374633285480949318e+00 3.374633378350101243e+00 3.374633672028015230e+00 3.374634600717810073e+00 3.374637537479685978e+00 3.374646824205013385e+00 3.374676190097672723e+00 3.374769040092831407e+00 3.375062526529916784e+00 3.375989304479092734e+00
3.514326309334405263e+00 3.514326338697908447e+00 3.514326431553445040e+00 3.514326725188302358e+00 3.514327653741940338e+00 3.514330590073236671e+00 3.514339875436817362e+00 3.514369237021910841e+00 3.514462073381902751e+00 3.514755516566298699e+00 3.515682156392000657e+00
3.653933841009774586e+00 3.653933870369610482e+00 3.653933963213551461e+00 3.653934256811739445e+00 3.653935185249414630e+00 3.653938121213986534e+00 3.653947405417676375e+00 3.653976763332813071e+00 3.654069588066804819e+00 3.654362994280717203e+00 3.655289515135748513e+00
3.793421158426900863e+00 3.793421187783593052e+00 3.793421280617591318e+00 3.793421574184338230e+00 3.793422502522585837e+00 3.793425438172708386e+00 3.793434721381720998e+00 3.793464076148403752e+00 3.793556890896002010e+00 3.793850265229059548e+00 3.794776682255637468e+00
3.932741248438500481e+00 3.932741277792448642e+00 3.932741370617770293e+00 3.932741664157079153e+00 3.932742592408555726e+00 3.932745527784240025e+00 3.932754810124973410e+00 3.932784162141618189e+00 3.932876968149865871e+00 3.933170314416950308e+00 3.934096638392582612e+00
4.071830444369474833e+00 4.071830473720927657e+00 4.071830566538358731e+00 4.071830860052713774e+00 4.071831788225273918e+00 4.071834723351344110e+00 4.071844004902123615e+00 4.071873354414671908e+00 4.071966152443821763e+00 4.072259472874264041e+00 4.073185709100595631e+00
4.210602794164928220e+00 4.210602823513913684e+00 4.210602916323542999e+00 4.210603209813226222e+00 4.210604137907758115e+00 4.210607072786998195e+00 4.210616353556385860e+00 4.210645700589528140e+00 4.210738490693822555e+00 4.211031785220725077e+00 4.211957931101706798e+00
4.348942898452842876e+00 4.348942927799031466e+00 4.348943020599814524e+00 4.348943314061520127e+00 4.348944242067569910e+00 4.348947176666886349e+00 4.348956456549911032e+00 4.348985800768441656e+00 4.349078581855292391e+00 4.349371846697884791e+00 4.350297887020165177e+00
