-2.506594631575230991e+00 -2.506594631575230991e+00 -2.506594631575230991e+00 -2.506594631575230991e+00 -2.506594631575230991e+00 -2.506594631575230547e+00 -2.506594631575230103e+00 -2.506594631575227883e+00 -2.506594631575220333e+00 -2.506594631575196797e+00 -2.506594631575122190e+00
-2.367996771231340336e+00 -2.367996771231340336e+00 -2.367996771231340336e+00 -2.367996771231340336e+00 -2.367996771231339892e+00 -2.367996771231339892e+00 -2.367996771231339004e+00 -2.367996771231336783e+00 -2.367996771231329234e+00 -2.367996771231305697e+00 -2.367996771231231534e+00
-2.229210639923747461e+00 -2.229210639923747461e+00 -2.229210639923747461e+00 -2.229210639923747461e+00 -2.229210639923747461e+00 -2.229210639923747017e+00 -2.229210639923746573e+00 -2.229210639923743908e+00 -2.229210639923736359e+00 -2.229210639923712822e+00 -2.229210639923638659e+00
-2.090260829908406226e+00 -2.090260829908406226e+00 -2.090260829908406226e+00 -2.090260829908406670e+00 -2.090260829908406226e+00 -2.090260829908406226e+00 -2.090260829908405338e+00 -2.090260829908403117e+00 -2.090260829908395568e+00 -2.090260829908372031e+00 -2.090260829908297424e+00
-1.951169181601965175e+00 -1.951169181601965175e+00 -1.951169181601965175e+00 -1.951169181601965175e+00 -1.951169181601965175e+00 -1.951169181601964731e+00 -1.951169181601964064e+00 -1.951169181601961844e+00 -1.951169181601954294e+00 -1.951169181601930758e+00 -1.951169181601856151e+00
-1.811955029566458153e+00 -1.811955029566458153e+00 -1.811955029566458153e+00 -1.811955029566458153e+00 -1.811955029566457931e+00 -1.811955029566457931e+00 -1.811955029566457043e+00 -1.811955029566454822e+00 -1.811955029566447273e+00 -1.811955029566423736e+00 -1.811955029566348907e+00
-1.672635462371948156e+00 -1.672635462371948156e+00 -1.672635462371948156e+00 -1.672635462371948156e+00 -1.672635462371947934e+00 -1.672635462371947712e+00 -1.672635462371947046e+00 -1.672635462371944381e+00 -1.672635462371937054e+00 -1.672635462371913517e+00 -1.672635462371838688e+00
-1.533225589904710473e+00 -1.533225589904710473e+00 -1.533225589904710473e+00 -1.533225589904710473e+00 -1.533225589904710251e+00 -1.533225589904710029e+00 -1.533225589904709363e+00 -1.533225589904706920e+00 -1.533225589904699371e+00 -1.533225589904675834e+00 -1.533225589904601227e+00
-1.393738815457865377e+00 -1.393738815457865377e+00 -1.393738815457865377e+00 -1.393738815457865377e+00 -1.393738815457865377e+00 -1.393738815457865154e+00 -1.393738815457864266e+00 -1.393738815457862046e+00 -1.393738815457854496e+00 -1.393738815457830960e+00 -1.393738815457755909e+00
-1.254187113522940544e+00 -1.254187113522940544e+00 -1.254187113522940544e+00 -1.254187113522940544e+00 -1.254187113522940322e+00 -1.254187113522940100e+00 -1.254187113522939212e+00 -1.254187113522936992e+00 -1.254187113522929442e+00 -1.254187113522905905e+00 -1.254187113522830854e+00
-1.114581317783346792e+00 -1.114581317783346792e+00 -1.114581317783346792e+00 -1.114581317783346792e+00 -1.114581317783346570e+00 -1.114581317783346348e+00 -1.114581317783345904e+00 -1.114581317783343239e+00 -1.114581317783335690e+00 -1.114581317783312153e+00 -1.114581317783237324e+00
