-1.249817108243894559e+01 -1.199818074944783319e+01 -1.149822820050443006e+01 -1.099868686312856170e+01 -1.050324044994265549e+01 -1.004618482550002057e+01 -9.830562132976531586e+00 -1.008753683163841508e+01 -1.055265592632441951e+01 -1.104898263400608904e+01 -1.154861328474644289e+01
-1.249750861145219183e+01 -1.199753002096466048e+01 -1.149758125169606160e+01 -1.099804176956340385e+01 -1.050260245480807875e+01 -1.004560683093882645e+01 -9.830258447117662612e+00 -1.008748184457615515e+01 -1.055264989802825859e+01 -1.104898202554132602e+01 -1.154861322396109458e+01
-1.249582630753319812e+01 -1.199587746166029412e+01 -1.149593826804914265e+01 -1.099640349462536193e+01 -1.050098224912453482e+01 -1.004413935364140542e+01 -9.829488252722732966e+00 -1.008734253066536901e+01 -1.055263462829253740e+01 -1.104898048433385327e+01 -1.154861306999563553e+01
-1.249218196909260037e+01 -1.199229719184320508e+01 -1.149237863098865731e+01 -1.099285404553510936e+01 -1.049747215685909651e+01 -1.004096189466445743e+01 -9.827824704781191301e+00 -1.008704231892972913e+01 -1.055260173970843951e+01 -1.104897716501259275e+01 -1.154861273840017866e+01
-1.248527995150121583e+01 -1.198551514982711552e+01 -1.148563525298987109e+01 -1.098612991775527803e+01 -1.049082337674992083e+01 -1.003494981600566582e+01 -9.824692519090252318e+00 -1.008647963598857267e+01 -1.055254015823170555e+01 -1.104897095054059264e+01 -1.154861211759144979e+01
-1.247360306130049956e+01 -1.197403722441091922e+01 -1.147422152683931884e+01 -1.097474863511911281e+01 -1.047957202536895771e+01 -1.002479595165711679e+01 -9.819448367060935823e+00 -1.008554501978461460e+01 -1.055243804760786652e+01 -1.104896064813915402e+01 -1.154861108843315698e+01
-1.245562125051057301e+01 -1.195635216613220742e+01 -1.145663241536837162e+01 -1.095720921765970601e+01 -1.046223891894122993e+01 -1.000920391867857973e+01 -9.811507717227833325e+00 -1.008414751601350545e+01 -1.055228577458771078e+01 -1.104894528938768872e+01 -1.154860955422483570e+01
-1.243000304742403017e+01 -1.193113721189223142e+01 -1.143154824619915289e+01 -1.093219540721950445e+01 -1.043753266510253397e+01 -9.987088381087925626e+00 -9.800477853804297368e+00 -1.008224130525069206e+01 -1.055207886354374480e+01 -1.104892442879849490e+01 -1.154860747053283632e+01
-1.239576646504055191e+01 -1.189740537901802320e+01 -1.139798086190713633e+01 -1.089872156207393417e+01 -1.040449646550345619e+01 -9.957725826305011907e+00 -9.786255813616971722e+00 -1.007984258395353194e+01 -1.055181978733779324e+01 -1.104889832378931480e+01 -1.154860486315948087e+01
-1.235234332086479547e+01 -1.185456966522096067e+01 -1.135533777262308774e+01 -1.085619700825362166e+01 -1.036257455145037376e+01 -9.920831494141058471e+00 -9.769066715265909195e+00 -1.007703075496303491e+01 -1.055151792594372040e+01 -1.104886792844238208e+01 -1.154860182749454012e+01
-1.229956607884349040e+01 -1.180243311859211097e+01 -1.130341323948795207e+01 -1.080441776420965105e+01 -1.031160711410415232e+01 -9.876568891489162283e+00 -9.749439406055669721e+00 -1.007393435306002871e+01 -1.055118779728396028e+01 -1.104883471235135239e+01 -1.154859851038703411e+01
