8.680987300405476503e+00 8.680987300405478280e+00 8.680987300405478280e+00 8.680987300405480056e+00 8.680987300405483609e+00 8.680987300405499596e+00 8.680987300405545781e+00 8.680987300405693219e+00 8.680987300406162177e+00 8.680987300407643659e+00 8.680987300412326135e+00
8.820424816905649834e+00 8.820424816905649834e+00 8.820424816905649834e+00 8.820424816905651610e+00 8.820424816905655163e+00 8.820424816905671150e+00 8.820424816905717336e+00 8.820424816905864773e+00 8.820424816906328402e+00 8.820424816907797450e+00 8.820424816912444399e+00
8.959638401894670423e+00 8.959638401894670423e+00 8.959638401894670423e+00 8.959638401894672199e+00 8.959638401894677529e+00 8.959638401894691739e+00 8.959638401894737925e+00 8.959638401894883586e+00 8.959638401895345439e+00 8.959638401896807380e+00 8.959638401901425908e+00
9.098552286133624989e+00 9.098552286133624989e+00 9.098552286133624989e+00 9.098552286133626765e+00 9.098552286133630318e+00 9.098552286133646305e+00 9.098552286133690714e+00 9.098552286133836375e+00 9.098552286134296452e+00 9.098552286135751288e+00 9.098552286140350276e+00
9.237063057468329674e+00 9.237063057468329674e+00 9.237063057468329674e+00 9.237063057468331451e+00 9.237063057468336780e+00 9.237063057468350991e+00 9.237063057468397176e+00 9.237063057468541061e+00 9.237063057468999361e+00 9.237063057470450644e+00 9.237063057475038974e+00
9.375032029337349471e+00 9.375032029337349471e+00 9.375032029337351247e+00 9.375032029337351247e+00 9.375032029337356576e+00 9.375032029337370787e+00 9.375032029337416972e+00 9.375032029337560857e+00 9.375032029338020934e+00 9.375032029339470441e+00 9.375032029344055218e+00
9.512276295678594451e+00 9.512276295678594451e+00 9.512276295678596227e+00 9.512276295678598004e+00 9.512276295678601556e+00 9.512276295678615767e+00 9.512276295678661953e+00 9.512276295678807614e+00 9.512276295679265914e+00 9.512276295680718974e+00 9.512276295685310856e+00
9.648559010286586357e+00 9.648559010286586357e+00 9.648559010286586357e+00 9.648559010286588133e+00 9.648559010286591686e+00 9.648559010286607673e+00 9.648559010286653859e+00 9.648559010286799520e+00 9.648559010287259596e+00 9.648559010288717985e+00 9.648559010293327631e+00
9.783579960757633032e+00 9.783579960757633032e+00 9.783579960757633032e+00 9.783579960757634808e+00 9.783579960757640137e+00 9.783579960757654348e+00 9.783579960757700533e+00 9.783579960757847971e+00 9.783579960758311600e+00 9.783579960759778871e+00 9.783579960764422268e+00
9.916968133212908043e+00 9.916968133212909819e+00 9.916968133212909819e+00 9.916968133212911596e+00 9.916968133212915149e+00 9.916968133212931136e+00 9.916968133212977321e+00 9.916968133213126535e+00 9.916968133213595493e+00 9.916968133215078751e+00 9.916968133219770110e+00
1.004827850216456930e+01 1.004827850216456930e+01 1.004827850216456930e+01 1.004827850216457108e+01 1.004827850216457641e+01 1.004827850216459062e+01 1.004827850216463858e+01 1.004827850216478957e+01 1.004827850216526564e+01 1.004827850216677199e+01 1.004827850217153440e+01
