-5.383676486340255529e+00 -5.883676484205144774e+00 -6.383676483571662175e+00 -6.883676483375507971e+00 -7.383676483313895034e+00 -7.883676483294453696e+00 -8.383676483288310166e+00 -8.883676483286366832e+00 -9.383676483285752212e+00 -9.883676483285558589e+00 -1.038367648328549819e+01
-5.383676486288211827e+00 -5.883676484201147083e+00 -6.383676483571644411e+00 -6.883676483375626987e+00 -7.383676483313945660e+00 -7.883676483294470572e+00 -8.383676483288315495e+00 -8.883676483286368608e+00 -9.383676483285753989e+00 -9.883676483285558589e+00 -1.038367648328549819e+01
-5.383676486250178250e+00 -5.883676484198261392e+00 -6.383676483571646187e+00 -6.883676483375718469e+00 -7.383676483313983852e+00 -7.883676483294483894e+00 -8.383676483288319048e+00 -8.883676483286370384e+00 -9.383676483285753989e+00 -9.883676483285558589e+00 -1.038367648328549819e+01
-5.383676486222435109e+00 -5.883676484196183942e+00 -6.383676483571658622e+00 -6.883676483375789523e+00 -7.383676483314013161e+00 -7.883676483294493664e+00 -8.383676483288322601e+00 -8.883676483286372161e+00 -9.383676483285753989e+00 -9.883676483285558589e+00 -1.038367648328549819e+01
-5.383676486202232603e+00 -5.883676484194690914e+00 -6.383676483571676386e+00 -6.883676483375843702e+00 -7.383676483314034478e+00 -7.883676483294500770e+00 -8.383676483288324377e+00 -8.883676483286372161e+00 -9.383676483285753989e+00 -9.883676483285558589e+00 -1.038367648328549819e+01
-5.383676486187541244e+00 -5.883676484193619771e+00 -6.383676483571695037e+00 -6.883676483375886335e+00 -7.383676483314051353e+00 -7.883676483294506987e+00 -8.383676483288326153e+00 -8.883676483286372161e+00 -9.383676483285753989e+00 -9.883676483285558589e+00 -1.038367648328549819e+01
-5.383676486176869780e+00 -5.883676484192852385e+00 -6.383676483571712801e+00 -6.883676483375917421e+00 -7.383676483314064676e+00 -7.883676483294511428e+00 -8.383676483288327930e+00 -8.883676483286373937e+00 -9.383676483285755765e+00 -9.883676483285558589e+00 -1.038367648328549819e+01
-5.383676486169125752e+00 -5.883676484192302603e+00 -6.383676483571728788e+00 -6.883676483375941402e+00 -7.383676483314073558e+00 -7.883676483294514092e+00 -8.383676483288329706e+00 -8.883676483286373937e+00 -9.383676483285755765e+00 -9.883676483285558589e+00 -1.038367648328549819e+01
-5.383676486163511576e+00 -5.883676484191910028e+00 -6.383676483571743887e+00 -6.883676483375960053e+00 -7.383676483314080663e+00 -7.883676483294516757e+00 -8.383676483288329706e+00 -8.883676483286373937e+00 -9.383676483285755765e+00 -9.883676483285558589e+00 -1.038367648328549819e+01
-5.383676486159444607e+00 -5.883676484191630252e+00 -6.383676483571755433e+00 -6.883676483375974264e+00 -7.383676483314086880e+00 -7.883676483294518533e+00 -8.383676483288329706e+00 -8.883676483286373937e+00 -9.383676483285755765e+00 -9.883676483285558589e+00 -1.038367648328549819e+01
-5.383676486156499408e+00 -5.883676484191430411e+00 -6.383676483571765203e+00 -6.883676483375984034e+00 -7.383676483314090433e+00 -7.883676483294519421e+00 -8.383676483288331482e+00 -8.883676483286373937e+00 -9.383676483285755765e+00 -9.883676483285558589e+00 -1.038367648328549819e+01
