9.986604526810273441e+00 9.957569394342675295e+00 9.906765318832835732e+00 9.830504903062626809e+00 9.723748158161500399e+00 9.579693624621118175e+00 9.390068669600816875e+00 9.146299664488553915e+00 8.841911418199812189e+00 8.475915041251177229e+00 8.055563355335983999e+00
9.994438936078077873e+00 9.962611254699918817e+00 9.909816125696586653e+00 9.832286593580413125e+00 9.724755125664671596e+00 9.580238135197458149e+00 9.390344316316637574e+00 9.146426304216225489e+00 8.841962106877502947e+00 8.475931831965858976e+00 8.055567696985663773e+00
1.000041043614153402e+01 9.966351937378155057e+00 9.912051031916933042e+00 9.833584236010278090e+00 9.725486516575161389e+00 9.580633078740840247e+00 9.390544082378740498e+00 9.146518021705082546e+00 8.841998788591833858e+00 8.475943966462910595e+00 8.055570825542188729e+00
1.000490869385474468e+01 9.969110329489847544e+00 9.913683364414492161e+00 9.834527945014880146e+00 9.726017343193076314e+00 9.580919416283057544e+00 9.390688816185743804e+00 9.146584431352204447e+00 8.842025326184272060e+00 8.475952731686357211e+00 8.055573077701177809e+00
1.000826524786349836e+01 9.971134968488724937e+00 9.914872957357689032e+00 9.835213512407666059e+00 9.726402386670899958e+00 9.581126945056613664e+00 9.390793653576734457e+00 9.146632505316723893e+00 8.842044518834494937e+00 8.475959059586047672e+00 8.055574697046868238e+00
1.001075136421370004e+01 9.972615881658713377e+00 9.915738483742090992e+00 9.835711152003280944e+00 9.726681565134146723e+00 9.581277316119113152e+00 9.390869576210064906e+00 9.146667297849798928e+00 8.842058394474825889e+00 8.475963624898787074e+00 8.055575859747529321e+00
1.001258230471835375e+01 9.973696293211675723e+00 9.916367470121601357e+00 9.836072164728033584e+00 9.726883919502869347e+00 9.581386248137881978e+00 9.390924548019661700e+00 9.146692471860342621e+00 8.842068421995721295e+00 8.475966916034556320e+00 8.055576693169758329e+00
1.001392492620886365e+01 9.974483011333179050e+00 9.916824157123928174e+00 9.836333945644300414e+00 9.727030552652289330e+00 9.581465145805992734e+00 9.390964342466553205e+00 9.146710681340806559e+00 8.842075665165010534e+00 8.475969286451405793e+00 8.055577289360705606e+00
1.001490629103521890e+01 9.975055066495983169e+00 9.917155526972694091e+00 9.836523707059498633e+00 9.727136786090120779e+00 9.581522280031196104e+00 9.390993143914492691e+00 9.146723848912181154e+00 8.842080894227709820e+00 8.475970991881499828e+00 8.055577714811573031e+00
1.001562188356480299e+01 9.975470600997340398e+00 9.917395850965256443e+00 9.836661226828116611e+00 9.727213736868286276e+00 9.581563646998144890e+00 9.391013984384297686e+00 9.146733367147922067e+00 8.842084666799026493e+00 8.475972217300252964e+00 8.055578017526972445e+00
1.001752173041420768e+01 9.976566970306988580e+00 9.918028123251827921e+00 9.837022354650631684e+00 9.727415425864339937e+00 9.581671780951497297e+00 9.391068222485717598e+00 9.146757942898037896e+00 8.842094257257048895e+00 8.475975228820946228e+00 8.055578698956983530e+00
