1.090851157669811400e+01 1.086218729948603290e+01 1.079713793680551426e+01 1.070804957171928251e+01 1.058832319722185389e+01 1.042998582130989504e+01 1.022409551349351808e+01 9.962151100735349374e+00 9.638793565071724245e+00 9.255215635890712278e+00 8.821152689321587914e+00
1.090802445238275986e+01 1.086190149743881150e+01 1.079697189537416868e+01 1.070795457493443159e+01 1.058827028950416604e+01 1.042995764992107155e+01 1.022408152417433591e+01 9.962144824073174476e+00 9.638791115363032347e+00 9.255214836549063406e+00 8.821152476229487505e+00
1.090737188700955151e+01 1.086151783104317126e+01 1.079674882018911575e+01 1.070782691955685806e+01 1.058819920068155618e+01 1.042991981308477101e+01 1.022406275041683088e+01 9.962136413537125534e+00 9.638787842326385302e+00 9.255213774662047754e+00 8.821152196413407864e+00
1.090649880758217272e+01 1.086100307252293007e+01 1.079644918832520872e+01 1.070765538910628401e+01 1.058810367933283558e+01 1.042986898768697834e+01 1.022403754915425189e+01 9.962125138241027855e+00 9.638783465469202838e+00 9.255212361781149255e+00 8.821151827941921653e+00
1.090533268384244536e+01 1.086031294499075983e+01 1.079604685576036260e+01 1.070742493074584978e+01 1.058797532792119789e+01 1.042980070806927628e+01 1.022400371226129323e+01 9.962110016146016989e+00 9.638777608134184050e+00 9.255210479290990833e+00 8.821151341492456055e+00
1.090377866348407032e+01 1.085938863297211121e+01 1.079550686235419654e+01 1.070711535703799733e+01 1.058780286977808416e+01 1.042970897409099429e+01 1.022395827233373033e+01 9.962089727681780360e+00 9.638769764442596255e+00 9.255207968061519352e+00 8.821150697829938991e+00
1.090171385042912000e+01 1.085815233517167222e+01 1.079478254948772253e+01 1.070669961969347206e+01 1.058757116889961836e+01 1.042958572560080732e+01 1.022389724191648419e+01 9.962062499691496598e+00 9.638759254868716653e+00 9.255204614542376973e+00 8.821149844420471453e+00
1.089898095019478319e+01 1.085650170895733702e+01 1.079381180721479971e+01 1.070614152331937596e+01 1.058725992178609765e+01 1.042942013850161942e+01 1.022381526356116410e+01 9.962025949545934012e+00 9.638745166541530907e+00 9.255200132075863451e+00 8.821148710882591004e+00
1.089538183550860673e+01 1.085430312461322444e+01 1.079251224481562232e+01 1.070539271380873991e+01 1.058684191625220095e+01 1.042919768313961093e+01 1.022370514055884705e+01 9.961976875832574407e+00 9.638726273035709724e+00 9.255194135784837073e+00 8.821147202876371551e+00
1.089067205896525969e+01 1.085138380612780828e+01 1.079077507574259798e+01 1.070438874033715315e+01 1.058628072223510408e+01 1.042889886711060576e+01 1.022355720827335190e+01 9.961910977450445515e+00 9.638700926629519827e+00 9.255186108828342029e+00 8.821145193893189074e+00
1.088455790244659482e+01 1.084752323366605076e+01 1.078845754873371909e+01 1.070304395767563932e+01 1.058552764431040849e+01 1.042849756093394831e+01 1.022335849303968480e+01 9.961822476878284149e+00 9.638666913625012711e+00 9.255175357062359609e+00 8.821142514224304065e+00
