4.868522773043201468e+00 4.868522773043201468e+00 4.868522773043201468e+00 4.868522773043201468e+00 4.868522773043201468e+00 4.868522773043201468e+00 4.868522773043201468e+00 4.868522773043201468e+00 4.868522773043201468e+00 4.868522773043201468e+00 4.868522773043201468e+00
5.009388191391924039e+00 5.009388191391924039e+00 5.009388191391924039e+00 5.009388191391924039e+00 5.009388191391924039e+00 5.009388191391924039e+00 5.009388191391924039e+00 5.009388191391924039e+00 5.009388191391924039e+00 5.009388191391924039e+00 5.009388191391924039e+00
5.150003837148442010e+00 5.150003837148442010e+00 5.150003837148442010e+00 5.150003837148442010e+00 5.150003837148442010e+00 5.150003837148442010e+00 5.150003837148442010e+00 5.150003837148442010e+00 5.150003837148442010e+00 5.150003837148442010e+00 5.150003837148442010e+00
5.290438199387867968e+00 5.290438199387867968e+00 5.290438199387867968e+00 5.290438199387867968e+00 5.290438199387867968e+00 5.290438199387867968e+00 5.290438199387867968e+00 5.290438199387867968e+00 5.290438199387867968e+00 5.290438199387867968e+00 5.290438199387867968e+00
5.430740753032173629e+00 5.430740753032173629e+00 5.430740753032173629e+00 5.430740753032173629e+00 5.430740753032173629e+00 5.430740753032173629e+00 5.430740753032173629e+00 5.430740753032173629e+00 5.430740753032173629e+00 5.430740753032173629e+00 5.430740753032173629e+00
5.570947110092864918e+00 5.570947110092864918e+00 5.570947110092864918e+00 5.570947110092864918e+00 5.570947110092864918e+00 5.570947110092864918e+00 5.570947110092864918e+00 5.570947110092864918e+00 5.570947110092864918e+00 5.570947110092864918e+00 5.570947110092864918e+00
5.711082738920690183e+00 5.711082738920690183e+00 5.711082738920690183e+00 5.711082738920690183e+00 5.711082738920690183e+00 5.711082738920690183e+00 5.711082738920690183e+00 5.711082738920690183e+00 5.711082738920690183e+00 5.711082738920690183e+00 5.711082738920690183e+00
5.851165630722446664e+00 5.851165630722446664e+00 5.851165630722446664e+00 5.851165630722446664e+00 5.851165630722446664e+00 5.851165630722446664e+00 5.851165630722446664e+00 5.851165630722446664e+00 5.851165630722446664e+00 5.851165630722446664e+00 5.851165630722446664e+00
5.991208187324300383e+00 5.991208187324300383e+00 5.991208187324300383e+00 5.991208187324300383e+00 5.991208187324300383e+00 5.991208187324300383e+00 5.991208187324300383e+00 5.991208187324300383e+00 5.991208187324300383e+00 5.991208187324300383e+00 5.991208187324300383e+00
6.131218525260992536e+00 6.131218525260992536e+00 6.131218525260992536e+00 6.131218525260992536e+00 6.131218525260992536e+00 6.131218525260992536e+00 6.131218525260992536e+00 6.131218525260992536e+00 6.131218525260992536e+00 6.131218525260992536e+00 6.131218525260992536e+00
6.271201331611917951e+00 6.271201331611917951e+00 6.271201331611917951e+00 6.271201331611917951e+00 6.271201331611917951e+00 6.271201331611917951e+00 6.271201331611917951e+00 6.271201331611917951e+00 6.271201331611917951e+00 6.271201331611917951e+00 6.271201331611917951e+00
