5.371498027465112735e+00 5.371498027491642624e+00 5.371498027575538181e+00 5.371498027840838851e+00 5.371498028679791759e+00 5.371498031332796685e+00 5.371498039722333750e+00 5.371498066252377690e+00 5.371498150147732353e+00 5.371498415448029640e+00 5.371499254400146306e+00
5.243813604862493705e+00 5.243813604888995172e+00 5.243813604972797471e+00 5.243813605237805930e+00 5.243813606075835132e+00 5.243813608725917952e+00 5.243813617106212632e+00 5.243813643607031949e+00 5.243813727409968983e+00 5.243813992418017378e+00 5.243814830445968411e+00
5.115874840877109087e+00 5.115874840903587462e+00 5.115874840987318706e+00 5.115874841252100680e+00 5.115874842089414898e+00 5.115874844737234639e+00 5.115874853110375042e+00 5.115874879588568902e+00 5.115874963319960500e+00 5.115875228101759653e+00 5.115876065414256324e+00
4.987744727522660071e+00 4.987744727549120682e+00 4.987744727632795971e+00 4.987744727897400310e+00 4.987744728734154087e+00 4.987744731380199248e+00 4.987744739747729028e+00 4.987744766208182412e+00 4.987744849883470444e+00 4.987745114487856846e+00 4.987745951239329401e+00
4.859470971718183208e+00 4.859470971744628720e+00 4.859470971828259600e+00 4.859470972092721830e+00 4.859470972929026189e+00 4.859470975573652929e+00 4.859470983936696520e+00 4.859471010382959477e+00 4.859471094013375847e+00 4.859471358475868641e+00 4.859472194778633458e+00
4.731089520158359818e+00 4.731089520184793784e+00 4.731089520268387361e+00 4.731089520532733239e+00 4.731089521368669004e+00 4.731089524012128678e+00 4.731089532371480999e+00 4.731089558806075068e+00 4.731089642399589401e+00 4.731089906745385321e+00 4.731090742679126215e+00
4.602627355118658059e+00 4.602627355145082255e+00 4.602627355228644745e+00 4.602627355492891148e+00 4.602627356328511610e+00 4.602627358970975635e+00 4.602627367327181140e+00 4.602627393751821394e+00 4.602627477313860460e+00 4.602627741560124441e+00 4.602628577179118885e+00
4.474104658435065218e+00 4.474104658461480533e+00 4.474104658545014601e+00 4.474104658809172186e+00 4.474104659644512871e+00 4.474104662286089606e+00 4.474104670639491133e+00 4.474104697055262925e+00 4.474104780589256869e+00 4.474105044746835347e+00 4.474105880085383014e+00
4.345536477737182324e+00 4.345536477763590533e+00 4.345536477847097956e+00 4.345536478111172940e+00 4.345536478946250725e+00 4.345536481586999678e+00 4.345536489937778413e+00 4.345536516345260836e+00 4.345536599853041970e+00 4.345536863927725868e+00 4.345537699004141885e+00
4.216933993253255686e+00 4.216933993279655013e+00 4.216933993363137567e+00 4.216933993627130839e+00 4.216933994461951940e+00 4.216933997101888210e+00 4.216934005450097445e+00 4.216934031849454811e+00 4.216934115331541832e+00 4.216934379324975168e+00 4.216935214144452715e+00
4.088305481207985537e+00 4.088305481234376870e+00 4.088305481317832779e+00 4.088305481581742562e+00 4.088305482416300762e+00 4.088305485055405697e+00 4.088305493400986812e+00 4.088305519792030829e+00 4.088305603247827769e+00 4.088305867158125828e+00 4.088306701714709668e+00
