7.124771783544703752e+00 7.243131108952901798e+00 7.444497295235181333e+00 7.690382455842330600e+00 7.925840157297754374e+00 8.110339948037399438e+00 8.215356279679133067e+00 8.211651854560583885e+00 8.067875049958425748e+00 7.770032008936939683e+00 7.348897844356105935e+00
7.263780287634247657e+00 7.379114705426839116e+00 7.572821258755578988e+00 7.808105336958018228e+00 8.031672632798441569e+00 8.203180676365374069e+00 8.292983470262631940e+00 8.270369433559830341e+00 8.104494227132303052e+00 7.786288421902920476e+00 7.353220132122449293e+00
7.402753691170449457e+00 7.514908420385626897e+00 7.700876384386155848e+00 7.925411339791323506e+00 8.136807583476974415e+00 8.294875408930625582e+00 8.368769593005529472e+00 8.326428101129044634e+00 8.138081598612004086e+00 7.800266313658175577e+00 7.356650682764914961e+00
7.541642292088654997e+00 7.650456817517704344e+00 7.828606798917065568e+00 8.042230546816393044e+00 8.241153773617686085e+00 8.385286822093494408e+00 8.442521169946942905e+00 8.379635370110886328e+00 8.168585616928139004e+00 7.812118468521228820e+00 7.359337664643487820e+00
7.680389216314195799e+00 7.785708317411946133e+00 7.955959828301192083e+00 8.158498209935064693e+00 8.344621052318672128e+00 8.474271005310964000e+00 8.514036228523004013e+00 8.429805938762399364e+00 8.195990323659540167e+00 7.822023316987667840e+00 7.361416251677008304e+00
7.818928360760063256e+00 7.920610081089962229e+00 8.082881581227903567e+00 8.274149512514377136e+00 8.447114039349683523e+00 8.561671438113915400e+00 8.583099722827041589e+00 8.476762713474075284e+00 8.220318191576376776e+00 7.830178137856032450e+00 7.363005913212342435e+00
7.957181604790402929e+00 8.055102140242400566e+00 8.209311702524518140e+00 8.389113205545777774e+00 8.548524524946296665e+00 8.647309873675830261e+00 8.649479018785303452e+00 8.520339425441886050e+00 8.241632949325502722e+00 7.836791350692144498e+00 7.364209189310678916e+00
8.095054789027379627e+00 8.189110680569108069e+00 8.335176898810107815e+00 8.503303681140486958e+00 8.648722133625325270e+00 8.730978620093127418e+00 8.712919846441714355e+00 8.560385421430170894e+00 8.260041821363746095e+00 7.842074345424744131e+00 7.365111751166940834e+00
8.232431991201066168e+00 8.322540259494880743e+00 8.460382827438122533e+00 8.616610994031288939e+00 8.747530979664118078e+00 8.812429476897632341e+00 8.773143540636484161e+00 8.596773265938407960e+00 8.275696339941200463e+00 7.846233446848113857e+00 7.365783447739216783e+00
8.369167856159869245e+00 8.455264726501370731e+00 8.584803974100276847e+00 8.728888340952353886e+00 8.844765134043290900e+00 8.891362513395767664e+00 8.829847010512482441e+00 8.629409629431199491e+00 8.288790798915620428e+00 7.849462714709542155e+00 7.366279999772977760e+00
8.505078131464570035e+00 8.587116748252929810e+00 8.708271270319141166e+00 8.839936638531888491e+00 8.940140951451470031e+00 8.967414890634190172e+00 8.882707650981153336e+00 8.658249348288826752e+00 8.299557294240615946e+00 7.851938242197380013e+00 7.366645019209294709e+00
