1.260065542406993622e+01 1.230832075090328637e+01 1.195416251999384549e+01 1.154361169021935041e+01 1.109012864493851502e+01 1.061045888688107119e+01 1.011811960604342708e+01 9.620738898488214730e+00 9.121592018843047711e+00 8.621864532480467247e+00 8.121950991808770226e+00
1.260065485533132268e+01 1.230832032409857923e+01 1.195416223756557272e+01 1.154361153072535906e+01 1.109012856966361937e+01 1.061045885686029067e+01 1.011811959544685458e+01 9.620738894988608791e+00 9.121592017719471812e+00 8.621864532123389324e+00 8.121950991695671362e+00
1.260065436919020954e+01 1.230831995996691219e+01 1.195416199687617720e+01 1.154361139488716148e+01 1.109012850557459728e+01 1.061045883130470457e+01 1.011811958642700127e+01 9.620738892009802257e+00 9.121592016763109712e+00 8.621864531819452893e+00 8.121950991599405256e+00
1.260065395391783127e+01 1.230831964941438272e+01 1.195416179179492211e+01 1.154361127920657815e+01 1.109012845101141842e+01 1.061045880955053100e+01 1.011811957874930279e+01 9.620738889474298006e+00 9.121592015949079979e+00 8.621864531560751388e+00 8.121950991517467244e+00
1.260065359937556551e+01 1.230831938463613717e+01 1.195416161708111780e+01 1.154361118069985714e+01 1.109012840455980609e+01 1.061045879103256340e+01 1.011811957221408242e+01 9.620738887316129251e+00 9.121592015256197783e+00 8.621864531340552418e+00 8.121950991447722146e+00
1.260065329682109869e+01 1.230831915894226469e+01 1.195416146825782810e+01 1.154361109682283093e+01 1.109012836501501376e+01 1.061045877526956183e+01 1.011811956665135881e+01 9.620738885479143576e+00 9.121592014666436654e+00 8.621864531153123679e+00 8.121950991388358077e+00
1.260065303873164311e+01 1.230831896660471791e+01 1.195416134150266707e+01 1.154361102540672057e+01 1.109012833135091114e+01 1.061045876185179893e+01 1.011811956191643347e+01 9.620738883915542772e+00 9.121592014164445317e+00 8.621864530993590847e+00 8.121950991337829606e+00
1.260065281864491027e+01 1.230831880272346446e+01 1.195416123355362181e+01 1.154361096460316816e+01 1.109012830269359107e+01 1.061045875043044440e+01 1.011811955788613382e+01 9.620738882584644713e+00 9.121592013737165772e+00 8.621864530857800801e+00 8.121950991294820454e+00
1.260065263101756905e+01 1.230831866311000056e+01 1.195416114162799381e+01 1.154361091283720064e+01 1.109012827829883996e+01 1.061045874070852690e+01 1.011811955445561040e+01 9.620738881451817548e+00 9.121592013373478025e+00 8.621864530742220367e+00 8.121950991258211516e+00
1.260065247110027720e+01 1.230831854418634919e+01 1.195416106335276929e+01 1.154361086876700959e+01 1.109012825753295317e+01 1.061045873243323001e+01 1.011811955153561193e+01 9.620738880487584410e+00 9.121592013063915871e+00 8.621864530643840396e+00 8.121950991227052441e+00
1.260065155273141890e+01 1.230831786248345061e+01 1.195416061514539585e+01 1.154361061657528964e+01 1.109012813873939152e+01 1.061045868510105805e+01 1.011811953483526061e+01 9.620738874972982302e+00 9.121592011293500946e+00 8.621864530081204236e+00 8.121950991048848323e+00
