1.114709932858249175e+01 1.084238158484962966e+01 1.047622899217302184e+01 1.005581315865561010e+01 9.595774381492702787e+00 9.112675276207513164e+00 8.618893532184298323e+00 8.120992029132859003e+00 7.621671729645564497e+00 7.121888412057138851e+00 6.621957112202048634e+00
1.114709928072042722e+01 1.084238155013650129e+01 1.047622897001339659e+01 1.005581314661744052e+01 9.595774376022127683e+00 9.112675274089973243e+00 8.618893531450071421e+00 8.120992028892333181e+00 7.621671729568576303e+00 7.121888412032696181e+00 6.621957112194309936e+00
1.114709927307087689e+01 1.084238154459043102e+01 1.047622896647372137e+01 1.005581314469474385e+01 9.595774375148440782e+00 9.112675273751799310e+00 8.618893531332815883e+00 8.120992028853921241e+00 7.621671729556281250e+00 7.121888412028792636e+00 6.621957112193073591e+00
1.114709926419762098e+01 1.084238153815782368e+01 1.047622896236848433e+01 1.005581314246492397e+01 9.595774374135212170e+00 9.112675273359615247e+00 8.618893531196833990e+00 8.120992028809375540e+00 7.621671729542022433e+00 7.121888412024265591e+00 6.621957112191640071e+00
1.114709925390451950e+01 1.084238153069681232e+01 1.047622895760726891e+01 1.005581313987890368e+01 9.595774372960152121e+00 9.112675272904796842e+00 8.618893531039136136e+00 8.120992028757715531e+00 7.621671729525487216e+00 7.121888412019016457e+00 6.621957112189978290e+00
1.114709924196386126e+01 1.084238152204277661e+01 1.047622895208519012e+01 1.005581313687976852e+01 9.595774371597409313e+00 9.112675272377341429e+00 8.618893530856253093e+00 8.120992028697806120e+00 7.621671729506310555e+00 7.121888412012927994e+00 6.621957112188050942e+00
1.114709922811123377e+01 1.084238151200466937e+01 1.047622894568056395e+01 1.005581313340149485e+01 9.595774370017004173e+00 9.112675271765645846e+00 8.618893530644163192e+00 8.120992028628327475e+00 7.621671729484072344e+00 7.121888412005867863e+00 6.621957112185815397e+00
1.114709921203955290e+01 1.084238150036075510e+01 1.047622893825221446e+01 1.005581312936750571e+01 9.595774368184160963e+00 9.112675271056255966e+00 8.618893530398201719e+00 8.120992028547753705e+00 7.621671729458281419e+00 7.121888411997679746e+00 6.621957112183222804e+00
1.114709919339209243e+01 1.084238148685364855e+01 1.047622892963634023e+01 1.005581312468896904e+01 9.595774366058549276e+00 9.112675270233568270e+00 8.618893530112957890e+00 8.120992028454313783e+00 7.621671729428372899e+00 7.121888411988184231e+00 6.621957112180216320e+00
1.114709917175434661e+01 1.084238147118453099e+01 1.047622891964287284e+01 1.005581311926284371e+01 9.595774363593394085e+00 9.112675269279483459e+00 8.618893529782161167e+00 8.120992028345948910e+00 7.621671729393687755e+00 7.121888411977172595e+00 6.621957112176729332e+00
1.114709914664453017e+01 1.084238145300642664e+01 1.047622890805124207e+01 1.005581311296958980e+01 9.595774360734440123e+00 9.112675268173015652e+00 8.618893529398533815e+00 8.120992028220280545e+00 7.621671729353463043e+00 7.121888411964402366e+00 6.621957112172686344e+00
