6.384762363799245222e+00 6.384762363799251439e+00 6.384762363799270091e+00 6.384762363799327822e+00 6.384762363799509899e+00 6.384762363800086327e+00 6.384762363801908869e+00 6.384762363807673147e+00 6.384762363825901232e+00 6.384762363883543124e+00 6.384762364065821316e+00
6.261656653441815656e+00 6.261656653441820986e+00 6.261656653441838749e+00 6.261656653441896481e+00 6.261656653442077669e+00 6.261656653442650544e+00 6.261656653444461540e+00 6.261656653450188514e+00 6.261656653468300249e+00 6.261656653525574434e+00 6.261656653706690001e+00
6.137253256567512416e+00 6.137253256567517745e+00 6.137253256567535509e+00 6.137253256567593240e+00 6.137253256567772652e+00 6.137253256568342863e+00 6.137253256570144977e+00 6.137253256575843530e+00 6.137253256593864670e+00 6.137253256650852862e+00 6.137253256831063375e+00
6.011831456066611956e+00 6.011831456066618173e+00 6.011831456066635937e+00 6.011831456066692780e+00 6.011831456066872192e+00 6.011831456067439738e+00 6.011831456069234747e+00 6.011831456074911983e+00 6.011831456092862958e+00 6.011831456149629993e+00 6.011831456329144174e+00
5.885619301195213815e+00 5.885619301195219144e+00 5.885619301195236908e+00 5.885619301195293751e+00 5.885619301195472275e+00 5.885619301196038933e+00 5.885619301197828612e+00 5.885619301203488085e+00 5.885619301221385768e+00 5.885619301277984938e+00 5.885619301456963548e+00
5.758799418011163240e+00 5.758799418011169458e+00 5.758799418011187221e+00 5.758799418011243176e+00 5.758799418011421700e+00 5.758799418011986582e+00 5.758799418013772708e+00 5.758799418019419747e+00 5.758799418037276574e+00 5.758799418093746070e+00 5.758799418272318782e+00
5.631515722596297735e+00 5.631515722596303064e+00 5.631515722596320828e+00 5.631515722596377671e+00 5.631515722596556195e+00 5.631515722597119300e+00 5.631515722598901874e+00 5.631515722604539143e+00 5.631515722622365772e+00 5.631515722678737568e+00 5.631515722857000306e+00
5.503880154311846518e+00 5.503880154311852735e+00 5.503880154311870498e+00 5.503880154311926454e+00 5.503880154312104089e+00 5.503880154312668083e+00 5.503880154314447992e+00 5.503880154320077267e+00 5.503880154337879915e+00 5.503880154394177104e+00 5.503880154572204475e+00
5.375978874403418928e+00 5.375978874403424257e+00 5.375978874403442020e+00 5.375978874403498864e+00 5.375978874403676500e+00 5.375978874404238717e+00 5.375978874406016850e+00 5.375978874411640795e+00 5.375978874429425680e+00 5.375978874485666026e+00 5.375978874663513984e+00
5.247877658009929114e+00 5.247877658009934443e+00 5.247877658009952206e+00 5.247877658010009050e+00 5.247877658010186686e+00 5.247877658010748014e+00 5.247877658012525259e+00 5.247877658018144764e+00 5.247877658035916326e+00 5.247877658092113151e+00 5.247877658269823442e+00
5.119626394128864888e+00 5.119626394128870217e+00 5.119626394128887981e+00 5.119626394128943936e+00 5.119626394129121572e+00 5.119626394129682900e+00 5.119626394131459257e+00 5.119626394137075209e+00 5.119626394154836113e+00 5.119626394210999187e+00 5.119626394388602009e+00
