7.779200914070480088e+00 7.346940459814998547e+00 6.865742975914892909e+00 6.370210258564084072e+00 5.871346789283029999e+00 5.371671873276421039e+00 4.871770994195388838e+00 4.371801962877404968e+00 3.871811718164555494e+00 3.371814799261995343e+00 2.871815773210772971e+00
7.765435928851315950e+00 7.343333737602992350e+00 6.865164916711077758e+00 6.370141259067660933e+00 5.871339421288831240e+00 5.371671093580359546e+00 4.871770905887829350e+00 4.371801950877264531e+00 3.871811715965420841e+00 3.371814798726230578e+00 2.871815773057318832e+00
7.749328182653486330e+00 7.338830530762458615e+00 6.864403525643785642e+00 6.370048847352977717e+00 5.871329538466055098e+00 5.371670053014466539e+00 4.871770789768346432e+00 4.371801935586405286e+00 3.871811713277184541e+00 3.371814798090984056e+00 2.871815772877925443e+00
7.730725465791692841e+00 7.336110161481795622e+00 6.863405939651507914e+00 6.369925203571693118e+00 5.871316278646050435e+00 5.371668662715963549e+00 4.871770636646503227e+00 4.371801916003208888e+00 3.871811709973965066e+00 3.371814797335547009e+00 2.871815772667953848e+00
7.709503494492116360e+00 7.328647553290310590e+00 6.862106997018496912e+00 6.369759996350366826e+00 5.871298484388795202e+00 5.371666803261495815e+00 4.871770434214815815e+00 4.371801890800722568e+00 3.871811705893184463e+00 3.371814796434227102e+00 2.871815772421852930e+00
7.685565586377378189e+00 7.318096315098302718e+00 6.860427750059922225e+00 6.369539647658200465e+00 5.871274602641392448e+00 5.371664314097434278e+00 4.871770165975739530e+00 4.371801858217003733e+00 3.871811700823915015e+00 3.371814795354970418e+00 2.871815772132950695e+00
7.658841038733687157e+00 7.308170594370435147e+00 6.858274325605213662e+00 6.369246425587062888e+00 5.871242551620269090e+00 5.371660979300959760e+00 4.871769809795391204e+00 4.371801815907686795e+00 3.871811694491337441e+00 3.371814794057555353e+00 2.871815771793198024e+00
7.629282738179354872e+00 7.296435981288318828e+00 6.855555439203935286e+00 6.368857353874608052e+00 5.871199543237445084e+00 5.371656508396196905e+00 4.871769335952796709e+00 4.371801760747532128e+00 3.871811686535954866e+00 3.371814792491219404e+00 2.871815771392835615e+00
7.596864397624154996e+00 7.282721467460837594e+00 6.852118773858112633e+00 6.368342934679658285e+00 5.871141849763782616e+00 5.371650510507810061e+00 4.871768704506779457e+00 4.371801688563018651e+00 3.871811676485750642e+00 3.371814790591531885e+00 2.871815770919973421e+00
7.561577696137499416e+00 7.266867879932704000e+00 6.847831915974333050e+00 6.367665703668146548e+00 5.871064497205754407e+00 5.371642459542417036e+00 4.871767861738995897e+00 4.371801593771590611e+00 3.871811663718815577e+00 3.371814788276251029e+00 2.871815770360049314e+00
7.523429487312840891e+00 7.248730534403282633e+00 6.842504077941859109e+00 6.366778658959769466e+00 5.870960866431341074e+00 5.371631647297790302e+00 4.871766735344814414e+00 4.371801468894410014e+00 3.871811647413093027e+00 3.371814785439826156e+00 2.871815769695129195e+00
