7.832695059514247937e+00 7.358320287588369979e+00 6.867400804564833372e+00 6.370403522457914747e+00 5.871367789358795442e+00 5.371674244601607029e+00 4.871771308671567269e+00 4.371802018513657906e+00 3.871811731368755893e+00 3.371814802998307048e+00 2.871815774348367434e+00
7.833788390190151496e+00 7.358505729864052824e+00 6.867424995787941633e+00 6.370406177990910024e+00 5.871368046154350040e+00 5.371674264140247068e+00 4.871771308566289704e+00 4.371802017848142263e+00 3.871811731094956244e+00 3.371814802905385822e+00 2.871815774318349224e+00
7.834591047835219868e+00 7.358640511536925111e+00 6.867442501764347007e+00 6.370408090460343509e+00 5.871368228411971479e+00 5.371674277086182947e+00 4.871771308106388254e+00 4.371802017244556637e+00 3.871811730858182088e+00 3.371814802825917834e+00 2.871815774292759915e+00
7.835178208252743914e+00 7.358738356770984979e+00 6.867455162502142940e+00 6.370409466172389124e+00 5.871368357225962953e+00 5.371674285435324769e+00 4.871771307446612909e+00 4.371802016703905558e+00 3.871811730653947681e+00 3.371814802758005047e+00 2.871815774270951138e+00
7.835606568105472292e+00 7.358809322077986437e+00 6.867464313614864757e+00 6.370410454409952017e+00 5.871368447798007928e+00 5.371674290607150404e+00 4.871771306690607872e+00 4.371802016224231480e+00 3.871811730478154523e+00 3.371814802700001668e+00 2.871815774252367781e+00
7.835918439765140242e+00 7.358860753443099867e+00 6.867470923847559305e+00 6.370411163147287503e+00 5.871368511071818119e+00 5.371674293607393125e+00 4.871771305906242411e+00 4.371802015801824481e+00 3.871811730327106904e+00 3.371814802650488385e+00 2.871815774236535113e+00
7.836145152434735195e+00 7.358898004444226260e+00 6.867475695422621484e+00 6.370411670444934060e+00 5.871368554916103655e+00 5.371674295145368205e+00 4.871771305136540775e+00 4.371802015432053601e+00 3.871811730197513679e+00 3.371814802608240402e+00 2.871815774223048567e+00
7.836309767277392702e+00 7.358924969919940828e+00 6.867479137112269427e+00 6.370412032708849814e+00 5.871368584980380945e+00 5.371674295718483094e+00 4.871771304407435110e+00 4.371802015109901518e+00 3.871811730086463399e+00 3.371814802572205227e+00 2.871815774211561312e+00
7.836429185858484026e+00 7.358944479808063655e+00 6.867481617372750868e+00 6.370412290674603462e+00 5.871368605313820765e+00 5.371674295673061650e+00 4.871771303733256175e+00 4.371802014830323380e+00 3.871811729991402107e+00 3.371814802541478251e+00 2.871815774201778027e+00
7.836515755779136505e+00 7.358958588319935323e+00 6.867483402938751702e+00 6.370412473741875026e+00 5.871368618812581097e+00 5.371674295248048736e+00 4.871771303120589813e+00 4.371802014588463514e+00 3.871811729910098254e+00 3.371814802515285425e+00 2.871815774193446913e+00
7.836578476476205424e+00 7.358968785481284414e+00 6.867484686834071539e+00 6.370412603113177141e+00 5.871368627542970842e+00 5.371674294606366473e+00 4.871771302570976125e+00 4.371802014379779777e+00 3.871811729840612060e+00 3.371814802492961949e+00 2.871815774186352588e+00
