1.173543553201937861e+01 1.173543553201937861e+01 1.173543553201937861e+01 1.173543553201937861e+01 1.173543553201937861e+01 1.173543553201937861e+01 1.173543553201937861e+01 1.173543553201937861e+01 1.173543553201937861e+01 1.173543553201937861e+01 1.173543553201937861e+01
1.179111666257646895e+01 1.179111666257646895e+01 1.179111666257646895e+01 1.179111666257646895e+01 1.179111666257646895e+01 1.179111666257646895e+01 1.179111666257646895e+01 1.179111666257646895e+01 1.179111666257646895e+01 1.179111666257646895e+01 1.179111666257647073e+01
1.184118199784028747e+01 1.184118199784028747e+01 1.184118199784028747e+01 1.184118199784028747e+01 1.184118199784028747e+01 1.184118199784028747e+01 1.184118199784028747e+01 1.184118199784028747e+01 1.184118199784028747e+01 1.184118199784028747e+01 1.184118199784028747e+01
1.188600847955492590e+01 1.188600847955492590e+01 1.188600847955492590e+01 1.188600847955492590e+01 1.188600847955492590e+01 1.188600847955492590e+01 1.188600847955492590e+01 1.188600847955492590e+01 1.188600847955492767e+01 1.188600847955492767e+01 1.188600847955492767e+01
1.192598934277058476e+01 1.192598934277058476e+01 1.192598934277058476e+01 1.192598934277058476e+01 1.192598934277058476e+01 1.192598934277058476e+01 1.192598934277058476e+01 1.192598934277058476e+01 1.192598934277058476e+01 1.192598934277058476e+01 1.192598934277058476e+01
1.196152193963611232e+01 1.196152193963611232e+01 1.196152193963611232e+01 1.196152193963611232e+01 1.196152193963611232e+01 1.196152193963611232e+01 1.196152193963611232e+01 1.196152193963611232e+01 1.196152193963611232e+01 1.196152193963611232e+01 1.196152193963611410e+01
1.199299812616764349e+01 1.199299812616764349e+01 1.199299812616764349e+01 1.199299812616764349e+01 1.199299812616764349e+01 1.199299812616764349e+01 1.199299812616764349e+01 1.199299812616764349e+01 1.199299812616764349e+01 1.199299812616764527e+01 1.199299812616764527e+01
1.202079700658444317e+01 1.202079700658444317e+01 1.202079700658444317e+01 1.202079700658444317e+01 1.202079700658444317e+01 1.202079700658444317e+01 1.202079700658444317e+01 1.202079700658444317e+01 1.202079700658444317e+01 1.202079700658444494e+01 1.202079700658444494e+01
1.204527973189551382e+01 1.204527973189551382e+01 1.204527973189551382e+01 1.204527973189551382e+01 1.204527973189551382e+01 1.204527973189551382e+01 1.204527973189551382e+01 1.204527973189551382e+01 1.204527973189551382e+01 1.204527973189551560e+01 1.204527973189551737e+01
1.206678602131480460e+01 1.206678602131480460e+01 1.206678602131480460e+01 1.206678602131480460e+01 1.206678602131480460e+01 1.206678602131480460e+01 1.206678602131480460e+01 1.206678602131480460e+01 1.206678602131480460e+01 1.206678602131480460e+01 1.206678602131480815e+01
1.208563207681894625e+01 1.208563207681894625e+01 1.208563207681894625e+01 1.208563207681894625e+01 1.208563207681894625e+01 1.208563207681894625e+01 1.208563207681894625e+01 1.208563207681894625e+01 1.208563207681894625e+01 1.208563207681894802e+01 1.208563207681894980e+01
