2.103350277410203528e+00 1.611146811436064974e+00 1.113712581237112920e+00 6.145352356920718018e-01 1.147965602574384791e-01 -3.851206821075356390e-01 -8.850944998345356973e-01 -1.385086219240984295e+00 -1.885083600512968527e+00 -2.385082772386422079e+00 -2.885082510508610643e+00
2.103350233100970801e+00 1.611146806381204000e+00 1.113712580670351615e+00 6.145352356215562084e-01 1.147965602462036883e-01 -3.851206821099755206e-01 -8.850944998351957249e-01 -1.385086219241181693e+00 -1.885083600513029811e+00 -2.385082772386441174e+00 -2.885082510508616416e+00
2.103350173600314843e+00 1.611146799616072212e+00 1.113712579919123646e+00 6.145352355302569070e-01 1.147965602322184725e-01 -3.851206821129009583e-01 -8.850944998359708826e-01 -1.385086219241411731e+00 -1.885083600513101310e+00 -2.385082772386463823e+00 -2.885082510508623965e+00
2.103350093683217903e+00 1.611146790556089448e+00 1.113712578921564056e+00 6.145352354115711790e-01 1.147965602147135583e-01 -3.851206821164223082e-01 -8.850944998368828198e-01 -1.385086219241679961e+00 -1.885083600513183910e+00 -2.385082772386489580e+00 -2.885082510508631959e+00
2.103349986324901444e+00 1.611146778415906589e+00 1.113712577594754283e+00 6.145352352567087229e-01 1.147965601926837220e-01 -3.851206821206792918e-01 -8.850944998379572937e-01 -1.385086219241992822e+00 -1.885083600513280055e+00 -2.385082772386519778e+00 -2.885082510508641729e+00
2.103349842080321164e+00 1.611146762140248878e+00 1.113712575827490392e+00 6.145352350539493580e-01 1.147965601648086448e-01 -3.851206821258489899e-01 -8.850944998392270557e-01 -1.385086219242357641e+00 -1.885083600513391966e+00 -2.385082772386554861e+00 -2.885082510508652387e+00
2.103349648250147919e+00 1.611146740311064196e+00 1.113712573470608147e+00 6.145352347876562593e-01 1.147965601293533672e-01 -3.851206821321577767e-01 -8.850944998407307418e-01 -1.385086219242784189e+00 -1.885083600513521862e+00 -2.385082772386595273e+00 -2.885082510508665266e+00
2.103349387758666200e+00 1.611146711022509503e+00 1.113712570323926787e+00 6.145352344369388042e-01 1.147965600840278738e-01 -3.851206821398953095e-01 -8.850944998425167576e-01 -1.385086219243282679e+00 -1.885083600513672630e+00 -2.385082772386642347e+00 -2.885082510508680365e+00
2.103349037645070307e+00 1.611146671712942569e+00 1.113712566118731262e+00 6.145352339738634484e-01 1.147965600258046281e-01 -3.851206821494352894e-01 -8.850944998446448331e-01 -1.385086219243866656e+00 -1.885083600513848712e+00 -2.385082772386696970e+00 -2.885082510508697240e+00
2.103348567034482031e+00 1.611146618938982034e+00 1.113712560494214188e+00 6.145352333610519802e-01 1.147965599506720058e-01 -3.851206821612609410e-01 -8.850944998471890202e-01 -1.385086219244551664e+00 -1.885083600514053215e+00 -2.385082772386760919e+00 -2.885082510508717224e+00
2.103347934409409259e+00 1.611146548071678897e+00 1.113712552965807623e+00 6.145352325484538802e-01 1.147965598533044057e-01 -3.851206821760000398e-01 -8.850944998502418004e-01 -1.385086219245356132e+00 -1.885083600514291691e+00 -2.385082772386834638e+00 -2.885082510508740317e+00
