2.102431776660732776e+00 1.611044201126727859e+00 1.113701878056883032e+00 6.145341439899811853e-01 1.147964484245161954e-01 -3.851206939991150824e-01 -8.850945012434014991e-01 -1.385086219451213241e+00 -1.885083600555914840e+00 -2.385082772397649542e+00 -2.885082510511925769e+00
2.102116610921900719e+00 1.611008848556844342e+00 1.113698191914549440e+00 6.145337692408419095e-01 1.147964104329958906e-01 -3.851206979153948828e-01 -8.850945016705934476e-01 -1.385086219505131666e+00 -1.885083600564847028e+00 -2.385082772399662154e+00 -2.885082510512481324e+00
2.101694041901922994e+00 1.610961326555901518e+00 1.113693235526342695e+00 6.145332655338636707e-01 1.147963594327272435e-01 -3.851207031522416724e-01 -8.850945022355598546e-01 -1.385086219574620081e+00 -1.885083600575902185e+00 -2.385082772402066009e+00 -2.885082510513131915e+00
2.101128037149942340e+00 1.610897455343599738e+00 1.113686571100036993e+00 6.145325884371328762e-01 1.147962909520043318e-01 -3.851207101602481808e-01 -8.850945029842655076e-01 -1.385086219664554807e+00 -1.885083600589656738e+00 -2.385082772404946816e+00 -2.885082510513896192e+00
2.100370907003989540e+00 1.610811627318932349e+00 1.113677610018487973e+00 6.145316782005607603e-01 1.147961989789521575e-01 -3.851207195446821330e-01 -8.850945039782894819e-01 -1.385086219781419548e+00 -1.885083600606861642e+00 -2.385082772408412488e+00 -2.885082510514794585e+00
2.099359846050094180e+00 1.610696325517336103e+00 1.113665560939488097e+00 6.145304544705706418e-01 1.147960754295707098e-01 -3.851207321190378563e-01 -8.850945053002714502e-01 -1.385086219933875817e+00 -1.885083600628508771e+00 -2.385082772412601138e+00 -2.885082510515853293e+00
2.098012662018667651e+00 1.610541484661115241e+00 1.113649360136704569e+00 6.145288091936409458e-01 1.147959094358496079e-01 -3.851207489759208569e-01 -8.850945070608738918e-01 -1.385086220133419754e+00 -1.885083600655882652e+00 -2.385082772417685071e+00 -2.885082510517103405e+00
2.096222634269273577e+00 1.610333646742337033e+00 1.113627577952881031e+00 6.145265970559978808e-01 1.147956863828395041e-01 -3.851207715840997969e-01 -8.850945094086872800e-01 -1.385086220395434164e+00 -1.885083600690687256e+00 -2.385082772423885444e+00 -2.885082510518583998e+00
2.093852524376549340e+00 1.610054851843883750e+00 1.113598293387877636e+00 6.145236226437514881e-01 1.147953866184897170e-01 -3.851208019174476860e-01 -8.850945125430456084e-01 -1.385086220740443075e+00 -1.885083600735160569e+00 -2.385082772431486031e+00 -2.885082510520341259e+00
2.090727880658518778e+00 1.609681191697059255e+00 1.113558926025735252e+00 6.145196231665452924e-01 1.147949837145037510e-01 -3.851208426295658627e-01 -8.850945167316366380e-01 -1.385086221195918066e+00 -1.885083600792271108e+00 -2.385082772440853205e+00 -2.885082510522433807e+00
2.086629938947705210e+00 1.609180941741605420e+00 1.113506011171590648e+00 6.145142452428687951e-01 1.147944421309146368e-01 -3.851208972874325953e-01 -8.850945223337922663e-01 -1.385086221798579986e+00 -1.885083600865938847e+00 -2.385082772452457256e+00 -2.885082510524934474e+00
