8.771581245826999051e+00 8.771581245826370221e+00 8.771581245824380701e+00 8.771581245818090622e+00 8.771581245798200754e+00 8.771581245735298182e+00 8.771581245536385296e+00 8.771581244907368458e+00 8.771581242918239596e+00 8.771581236628062328e+00 8.771581216736771935e+00
8.768696926317433693e+00 8.768696926316867035e+00 8.768696926315076468e+00 8.768696926309416995e+00 8.768696926291518423e+00 8.768696926234920141e+00 8.768696926055936203e+00 8.768696925489940952e+00 8.768696923700105117e+00 8.768696918040150834e+00 8.768696900141797812e+00
8.765159098914395486e+00 8.765159098913894553e+00 8.765159098912310043e+00 8.765159098907297164e+00 8.765159098891448508e+00 8.765159098841330376e+00 8.765159098682842043e+00 8.765159098181658948e+00 8.765159096596775612e+00 8.765159091584937556e+00 8.765159075736109529e+00
8.760841941378934905e+00 8.760841941378499698e+00 8.760841941377123021e+00 8.760841941372767394e+00 8.760841941358997076e+00 8.760841941315446135e+00 8.760841941177728742e+00 8.760841940742229994e+00 8.760841939365059616e+00 8.760841935010065029e+00 8.760841921238361252e+00
8.755601946431433191e+00 8.755601946431061933e+00 8.755601946429893090e+00 8.755601946426192939e+00 8.755601946414492076e+00 8.755601946377494116e+00 8.755601946260494373e+00 8.755601945890507665e+00 8.755601944720508456e+00 8.755601941020644929e+00 8.755601929320647514e+00
8.749277091952517793e+00 8.749277091952212260e+00 8.749277091951245922e+00 8.749277091948187035e+00 8.749277091938518325e+00 8.749277091907940118e+00 8.749277091811247686e+00 8.749277091505476278e+00 8.749277090538541302e+00 8.749277087480823667e+00 8.749277077811468573e+00
8.741686324678882514e+00 8.741686324678639153e+00 8.741686324677866438e+00 8.741686324675427500e+00 8.741686324667711006e+00 8.741686324643309192e+00 8.741686324566147803e+00 8.741686324322140322e+00 8.741686323550519333e+00 8.741686321110440971e+00 8.741686313394232855e+00
8.732629395233264091e+00 8.732629395233077574e+00 8.732629395232491376e+00 8.732629395230633307e+00 8.732629395224757118e+00 8.732629395206176426e+00 8.732629395147421647e+00 8.732629394961618274e+00 8.732629394374056275e+00 8.732629392516024325e+00 8.732629386640409663e+00
8.721887063497042902e+00 8.721887063496909676e+00 8.721887063496492232e+00 8.721887063495170622e+00 8.721887063490990855e+00 8.721887063477776536e+00 8.721887063435985965e+00 8.721887063303833898e+00 8.721887062885933517e+00 8.721887061564416399e+00 8.721887057385405484e+00
8.709221674852937412e+00 8.709221674852852146e+00 8.709221674852587469e+00 8.709221674851749029e+00 8.709221674849096928e+00 8.709221674840710747e+00 8.709221674814189740e+00 8.709221674730322604e+00 8.709221674465112528e+00 8.709221673626444726e+00 8.709221670974343965e+00
8.694378095740066925e+00 8.694378095740026069e+00 8.694378095739894619e+00 8.694378095739478951e+00 8.694378095738166223e+00 8.694378095734013101e+00 8.694378095720880495e+00 8.694378095679354601e+00 8.694378095548032093e+00 8.694378095132758943e+00 8.694378093819546294e+00
