-5.315369409354230079e+00 -5.315353141651189439e+00 -5.315301702667144745e+00 -5.315139078401487360e+00 -5.314625215716010764e+00 -5.313004229093396091e+00 -5.307917677761357922e+00 -5.292213795263702281e+00 -5.245990375071405865e+00 -5.125653563510329747e+00 -4.878833958804171367e+00
-5.574431303102016955e+00 -5.574411941585895924e+00 -5.574350720775996137e+00 -5.574157180352597329e+00 -5.573545718801664606e+00 -5.571617753916858540e+00 -5.565576717217004088e+00 -5.547008204404516363e+00 -5.493029443589584560e+00 -5.356427354791228446e+00 -5.088454445833972883e+00
-5.872060902822846096e+00 -5.872036283644207266e+00 -5.871958440148991265e+00 -5.871712369188013980e+00 -5.870935140784265371e+00 -5.868486443029216737e+00 -5.860832611940568704e+00 -5.837480340793260503e+00 -5.770950595228935498e+00 -5.609837301685641542e+00 -5.312417689976198787e+00
-6.212060777363182851e+00 -6.212027188500994335e+00 -6.211920988285742240e+00 -6.211585324525596086e+00 -6.210525566662645325e+00 -6.207191236167192372e+00 -6.196812538465226616e+00 -6.165535093217591189e+00 -6.079269093179911820e+00 -5.883456110652222293e+00 -5.551616398729208868e+00
-6.624188336678980882e+00 -6.624135964312399594e+00 -6.623970389899679567e+00 -6.623447212682044949e+00 -6.621796916662321841e+00 -6.616619114029061777e+00 -6.600640274062388180e+00 -6.553663803254811349e+00 -6.431708620911820162e+00 -6.182701162396303296e+00 -5.805625301047431464e+00
-7.116159761790996185e+00 -7.116065392831385950e+00 -7.115767106857724400e+00 -7.114825189817331363e+00 -7.111859960249027779e+00 -7.102614140140233623e+00 -7.074608052777255907e+00 -6.996336945313896827e+00 -6.814059877450166169e+00 -6.495181473336569589e+00 -6.072811889138958641e+00
-7.724745614281850692e+00 -7.724533479124525925e+00 -7.723863329976925485e+00 -7.721750912261048150e+00 -7.715137688575348207e+00 -7.694863920268888435e+00 -7.636350953977871114e+00 -7.490656730007831499e+00 -7.211617384894551286e+00 -6.814994223980511912e+00 -6.351919636923958556e+00
-8.525957614480724089e+00 -8.525256093236965427e+00 -8.523045116585564074e+00 -8.516331117712207188e+00 -8.495141303279844180e+00 -8.434221378335438501e+00 -8.283809808614241987e+00 -7.999226343872845035e+00 -7.597806220716631032e+00 -7.134292150453841685e+00 -6.646498476383277065e+00
-9.567546206559065070e+00 -9.563791533985659399e+00 -9.552127440626748012e+00 -9.579424769577935095e+00 -9.471471637775051633e+00 -9.242052914157680377e+00 -8.880760238971051379e+00 -8.435779751484028921e+00 -7.954736363121027942e+00 -7.460907360184998005e+00 -6.962877191491364748e+00
-1.096552849017649756e+01 -1.092513748295049147e+01 -1.081764207169579706e+01 -1.060581800815610620e+01 -1.023543443432032696e+01 -9.786032306257462565e+00 -9.303342548924817379e+00 -8.808963300229182281e+00 -8.310755984510270977e+00 -7.811324424535363242e+00 -7.311504336006269256e+00
-1.251712788050328662e+01 -1.213531706711035341e+01 -1.168054748853418090e+01 -1.119850708136373107e+01 -1.070169193002063324e+01 -1.020270394771919698e+01 -9.703024467225180416e+00 -9.203125873641827326e+00 -8.703157946094789210e+00 -8.203168087991896229e+00 -7.703171295442480471e+00
