3.417979058812181670e+00 3.417979058812181670e+00 3.417979058812181670e+00 3.417979058812181670e+00 3.417979058812181670e+00 3.417979058812181670e+00 3.417979058812181670e+00 3.417979058812181670e+00 3.417979058812181670e+00 3.417979058812181670e+00 3.417979058812181670e+00
3.226575415447614503e+00 3.226575415447614503e+00 3.226575415447614503e+00 3.226575415447614503e+00 3.226575415447614503e+00 3.226575415447614503e+00 3.226575415447614503e+00 3.226575415447614503e+00 3.226575415447614503e+00 3.226575415447614503e+00 3.226575415447614503e+00
3.014941864915023917e+00 3.014941864915023917e+00 3.014941864915023917e+00 3.014941864915023917e+00 3.014941864915023917e+00 3.014941864915023917e+00 3.014941864915023917e+00 3.014941864915023917e+00 3.014941864915023917e+00 3.014941864915023917e+00 3.014941864915023917e+00
2.776498781642501967e+00 2.776498781642501967e+00 2.776498781642501967e+00 2.776498781642501967e+00 2.776498781642501967e+00 2.776498781642501967e+00 2.776498781642501967e+00 2.776498781642501967e+00 2.776498781642501967e+00 2.776498781642501967e+00 2.776498781642501967e+00
2.501618348029253092e+00 2.501618348029253092e+00 2.501618348029253092e+00 2.501618348029253092e+00 2.501618348029253092e+00 2.501618348029253092e+00 2.501618348029253092e+00 2.501618348029253092e+00 2.501618348029253092e+00 2.501618348029253092e+00 2.501618348029253092e+00
2.174727116135848792e+00 2.174727116135848792e+00 2.174727116135848792e+00 2.174727116135848792e+00 2.174727116135848792e+00 2.174727116135848792e+00 2.174727116135848792e+00 2.174727116135848792e+00 2.174727116135848792e+00 2.174727116135848792e+00 2.174727116135848792e+00
1.767427328297686895e+00 1.767427328297686895e+00 1.767427328297686895e+00 1.767427328297686895e+00 1.767427328297686895e+00 1.767427328297686895e+00 1.767427328297686895e+00 1.767427328297686895e+00 1.767427328297686895e+00 1.767427328297686895e+00 1.767427328297686895e+00
1.213964575916477440e+00 1.213964575916477440e+00 1.213964575916477440e+00 1.213964575916477440e+00 1.213964575916477440e+00 1.213964575916477440e+00 1.213964575916477440e+00 1.213964575916477440e+00 1.213964575916477440e+00 1.213964575916477440e+00 1.213964575916477440e+00
3.439224759490512318e-01 3.439224759490512318e-01 3.439224759490512318e-01 3.439224759490512318e-01 3.439224759490512318e-01 3.439224759490512318e-01 3.439224759490512318e-01 3.439224759490512318e-01 3.439224759490512318e-01 3.439224759490512318e-01 3.439224759490512318e-01
-1.248773195543338987e+00 -1.248773195543338987e+00 -1.248773195543338987e+00 -1.248773195543338987e+00 -1.248773195543338987e+00 -1.248773195543338987e+00 -1.248773195543338987e+00 -1.248773195543338987e+00 -1.248773195543338987e+00 -1.248773195543338987e+00 -1.248773195543338987e+00
-5.090735717797961080e+00 -5.090735717797961080e+00 -5.090735717797961080e+00 -5.090735717797961080e+00 -5.090735717797961080e+00 -5.090735717797961080e+00 -5.090735717797961080e+00 -5.090735717797961080e+00 -5.090735717797961080e+00 -5.090735717797961080e+00 -5.090735717797961080e+00
