2.554796393267885435e+00 2.554796393267885435e+00 2.554796393267885435e+00 2.554796393267885435e+00 2.554796393267885435e+00 2.554796393267885435e+00 2.554796393267885435e+00 2.554796393267885435e+00 2.554796393267885435e+00 2.554796393267885435e+00 2.554796393267885435e+00
2.554706771582728297e+00 2.554706771582728297e+00 2.554706771582728297e+00 2.554706771582728297e+00 2.554706771582728297e+00 2.554706771582728297e+00 2.554706771582728297e+00 2.554706771582728297e+00 2.554706771582728297e+00 2.554706771582728297e+00 2.554706771582728297e+00
2.554679280915125528e+00 2.554679280915125528e+00 2.554679280915125528e+00 2.554679280915125528e+00 2.554679280915125528e+00 2.554679280915125528e+00 2.554679280915125528e+00 2.554679280915125528e+00 2.554679280915125528e+00 2.554679280915125528e+00 2.554679280915125528e+00
2.554643510055576439e+00 2.554643510055576439e+00 2.554643510055576439e+00 2.554643510055576439e+00 2.554643510055576439e+00 2.554643510055576439e+00 2.554643510055576439e+00 2.554643510055576439e+00 2.554643510055576439e+00 2.554643510055576439e+00 2.554643510055576439e+00
2.554597017875595455e+00 2.554597017875595455e+00 2.554597017875595455e+00 2.554597017875595455e+00 2.554597017875595455e+00 2.554597017875595455e+00 2.554597017875595455e+00 2.554597017875595455e+00 2.554597017875595455e+00 2.554597017875595455e+00 2.554597017875595455e+00
2.554536665428355668e+00 2.554536665428355668e+00 2.554536665428355668e+00 2.554536665428355668e+00 2.554536665428355668e+00 2.554536665428355668e+00 2.554536665428355668e+00 2.554536665428355668e+00 2.554536665428355668e+00 2.554536665428355668e+00 2.554536665428355668e+00
2.554458424626390389e+00 2.554458424626390389e+00 2.554458424626390389e+00 2.554458424626390389e+00 2.554458424626390389e+00 2.554458424626390389e+00 2.554458424626390389e+00 2.554458424626390389e+00 2.554458424626390389e+00 2.554458424626390389e+00 2.554458424626390389e+00
2.554357132995528801e+00 2.554357132995528801e+00 2.554357132995528801e+00 2.554357132995528801e+00 2.554357132995528801e+00 2.554357132995528801e+00 2.554357132995528801e+00 2.554357132995528801e+00 2.554357132995528801e+00 2.554357132995528801e+00 2.554357132995528801e+00
2.554226194019667329e+00 2.554226194019667329e+00 2.554226194019667329e+00 2.554226194019667329e+00 2.554226194019667329e+00 2.554226194019667329e+00 2.554226194019667329e+00 2.554226194019667329e+00 2.554226194019667329e+00 2.554226194019667329e+00 2.554226194019667329e+00
2.554057197779532551e+00 2.554057197779532551e+00 2.554057197779532551e+00 2.554057197779532551e+00 2.554057197779532551e+00 2.554057197779532551e+00 2.554057197779532551e+00 2.554057197779532551e+00 2.554057197779532551e+00 2.554057197779532551e+00 2.554057197779532551e+00
2.553839451275349504e+00 2.553839451275349504e+00 2.553839451275349504e+00 2.553839451275349504e+00 2.553839451275349504e+00 2.553839451275349504e+00 2.553839451275349504e+00 2.553839451275349504e+00 2.553839451275349504e+00 2.553839451275349504e+00 2.553839451275349504e+00
