2.553839451275349504e+00 2.553839451275349504e+00 2.553839451275349504e+00 2.553839451275349504e+00 2.553839451275349504e+00 2.553839451275349504e+00 2.553839451275349504e+00 2.553839451275349504e+00 2.553839451275349504e+00 2.553839451275349504e+00 2.553839451275349504e+00
2.553559398569910766e+00 2.553559398569910766e+00 2.553559398569910766e+00 2.553559398569910766e+00 2.553559398569910766e+00 2.553559398569910766e+00 2.553559398569910766e+00 2.553559398569910766e+00 2.553559398569910766e+00 2.553559398569910766e+00 2.553559398569910766e+00
2.553199908807046281e+00 2.553199908807046281e+00 2.553199908807046281e+00 2.553199908807046281e+00 2.553199908807046281e+00 2.553199908807046281e+00 2.553199908807046281e+00 2.553199908807046281e+00 2.553199908807046281e+00 2.553199908807046281e+00 2.553199908807046281e+00
2.552739407863579224e+00 2.552739407863579224e+00 2.552739407863579224e+00 2.552739407863579224e+00 2.552739407863579224e+00 2.552739407863579224e+00 2.552739407863579224e+00 2.552739407863579224e+00 2.552739407863579224e+00 2.552739407863579224e+00 2.552739407863579224e+00
2.552150827347419604e+00 2.552150827347419604e+00 2.552150827347419604e+00 2.552150827347419604e+00 2.552150827347419604e+00 2.552150827347419604e+00 2.552150827347419604e+00 2.552150827347419604e+00 2.552150827347419604e+00 2.552150827347419604e+00 2.552150827347419604e+00
2.551400343513443136e+00 2.551400343513443136e+00 2.551400343513443136e+00 2.551400343513443136e+00 2.551400343513443136e+00 2.551400343513443136e+00 2.551400343513443136e+00 2.551400343513443136e+00 2.551400343513443136e+00 2.551400343513443136e+00 2.551400343513443136e+00
2.550445877738723777e+00 2.550445877738723777e+00 2.550445877738723777e+00 2.550445877738723777e+00 2.550445877738723777e+00 2.550445877738723777e+00 2.550445877738723777e+00 2.550445877738723777e+00 2.550445877738723777e+00 2.550445877738723777e+00 2.550445877738723777e+00
2.549235333074599819e+00 2.549235333074599819e+00 2.549235333074599819e+00 2.549235333074599819e+00 2.549235333074599819e+00 2.549235333074599819e+00 2.549235333074599819e+00 2.549235333074599819e+00 2.549235333074599819e+00 2.549235333074599819e+00 2.549235333074599819e+00
2.547704544914515257e+00 2.547704544914515257e+00 2.547704544914515257e+00 2.547704544914515257e+00 2.547704544914515257e+00 2.547704544914515257e+00 2.547704544914515257e+00 2.547704544914515257e+00 2.547704544914515257e+00 2.547704544914515257e+00 2.547704544914515257e+00
2.545774932623606546e+00 2.545774932623606546e+00 2.545774932623606546e+00 2.545774932623606546e+00 2.545774932623606546e+00 2.545774932623606546e+00 2.545774932623606546e+00 2.545774932623606546e+00 2.545774932623606546e+00 2.545774932623606546e+00 2.545774932623606546e+00
2.543350851549730507e+00 2.543350851549730507e+00 2.543350851549730507e+00 2.543350851549730507e+00 2.543350851549730507e+00 2.543350851549730507e+00 2.543350851549730507e+00 2.543350851549730507e+00 2.543350851549730507e+00 2.543350851549730507e+00 2.543350851549730507e+00
