6.322448463695542031e+00 6.322448622997230316e+00 6.322449126753014959e+00 6.322450719764832527e+00 6.322455757272053667e+00 6.322471686883997855e+00 6.322522056894263720e+00 6.322681302405323223e+00 6.323184496774280738e+00 6.324771905584543497e+00 6.329753731681939222e+00
6.188871614856947367e+00 6.188871758958353730e+00 6.188872214646697678e+00 6.188873655656619732e+00 6.188878212498635456e+00 6.188892622183641556e+00 6.188938186461883539e+00 6.189082241901547654e+00 6.189537470854770795e+00 6.190973895622320811e+00 6.195485160168695771e+00
6.053623563794769069e+00 6.053623692076206098e+00 6.053624097737482224e+00 6.053625380548576906e+00 6.053629437128505764e+00 6.053642264911202275e+00 6.053682827428150226e+00 6.053811072438117336e+00 6.054216369639926931e+00 6.055495546443713906e+00 6.059515985510626201e+00
5.916142202339040423e+00 5.916142314436799943e+00 5.916142668920850944e+00 5.916143789895941474e+00 5.916147334711383543e+00 5.916158544211638670e+00 5.916193989859697133e+00 5.916306059802958650e+00 5.916660265830152809e+00 5.917778465125747900e+00 5.921295661988685843e+00
5.775681798016981006e+00 5.775681893886480900e+00 5.775682197052320888e+00 5.775683155745491071e+00 5.775686187385557169e+00 5.775695774133929206e+00 5.775726088701390815e+00 5.775821937855942778e+00 5.776124900328229117e+00 5.777081562668611170e+00 5.780092983856957467e+00
5.631257900045969933e+00 5.631257980015059061e+00 5.631258232899424065e+00 5.631259032589032820e+00 5.631261561419927730e+00 5.631269558188460422e+00 5.631294845221874290e+00 5.631374800153522209e+00 5.631627543003625114e+00 5.632425819146020807e+00 5.634940568296985752e+00
5.481578028014751247e+00 5.481578092817401604e+00 5.481578297741310557e+00 5.481578945766974797e+00 5.481580994997693246e+00 5.481587475170575097e+00 5.481607966640158480e+00 5.481672759993926114e+00 5.481877590967752845e+00 5.482524688184557959e+00 5.484564663019085629e+00
5.324959248420522151e+00 5.324959299200017426e+00 5.324959459778842330e+00 5.324959967573280828e+00 5.324961573356381983e+00 5.324966651249335214e+00 5.324982708566039058e+00 5.325033482352894865e+00 5.325194004106998946e+00 5.325701228283623578e+00 5.327301322685864093e+00
5.159231718510263853e+00 5.159231756782837408e+00 5.159231877811317979e+00 5.159232260536756876e+00 5.159233470818641365e+00 5.159237298043811926e+00 5.159249400570499411e+00 5.159287669900753492e+00 5.159408665959123397e+00 5.159791067365450346e+00 5.160998114940933412e+00
4.981629185269150994e+00 4.981629212843577292e+00 4.981629300041559461e+00 4.981629575785672337e+00 4.981630447763968128e+00 4.981633205189932134e+00 4.981641924821236245e+00 4.981669497564366722e+00 4.981756678714580389e+00 4.982032254588681042e+00 4.982902552760894999e+00
4.788680702012910295e+00 4.788680720868595309e+00 4.788680780495501388e+00 4.788680969052280467e+00 4.788681565320632494e+00 4.788683450881332071e+00 4.788689413493932179e+00 4.788708268391800971e+00 4.788767887427264114e+00 4.788956365523416636e+00 4.789551847773227955e+00
