2.163644726924466521e+00 2.163644726924466521e+00 2.163644726924466521e+00 2.163644726924466521e+00 2.163644726924466521e+00 2.163644726924466521e+00 2.163644726924466521e+00 2.163644726924466521e+00 2.163644726924466521e+00 2.163644726924466521e+00 2.163644726924466521e+00
2.302555800273090814e+00 2.302555800273090814e+00 2.302555800273090814e+00 2.302555800273090814e+00 2.302555800273090814e+00 2.302555800273090814e+00 2.302555800273090814e+00 2.302555800273090814e+00 2.302555800273090814e+00 2.302555800273090814e+00 2.302555800273090814e+00
2.441167899815862796e+00 2.441167899815862796e+00 2.441167899815862796e+00 2.441167899815862796e+00 2.441167899815862796e+00 2.441167899815862796e+00 2.441167899815862796e+00 2.441167899815862796e+00 2.441167899815862796e+00 2.441167899815862796e+00 2.441167899815862796e+00
2.579359271089831207e+00 2.579359271089831207e+00 2.579359271089831207e+00 2.579359271089831207e+00 2.579359271089831207e+00 2.579359271089831207e+00 2.579359271089831207e+00 2.579359271089831207e+00 2.579359271089831207e+00 2.579359271089831207e+00 2.579359271089831207e+00
2.716968890872634823e+00 2.716968890872634823e+00 2.716968890872634823e+00 2.716968890872634823e+00 2.716968890872634823e+00 2.716968890872634823e+00 2.716968890872634823e+00 2.716968890872634823e+00 2.716968890872634823e+00 2.716968890872634823e+00 2.716968890872634823e+00
2.853785199640272108e+00 2.853785199640272108e+00 2.853785199640272108e+00 2.853785199640272108e+00 2.853785199640272108e+00 2.853785199640272108e+00 2.853785199640272108e+00 2.853785199640272108e+00 2.853785199640272108e+00 2.853785199640272108e+00 2.853785199640272108e+00
2.989533372113919896e+00 2.989533372113919896e+00 2.989533372113919896e+00 2.989533372113919896e+00 2.989533372113919896e+00 2.989533372113919896e+00 2.989533372113919896e+00 2.989533372113919896e+00 2.989533372113919896e+00 2.989533372113919896e+00 2.989533372113919896e+00
3.123862138083497442e+00 3.123862138083497442e+00 3.123862138083497442e+00 3.123862138083497442e+00 3.123862138083497442e+00 3.123862138083497442e+00 3.123862138083497442e+00 3.123862138083497442e+00 3.123862138083497442e+00 3.123862138083497442e+00 3.123862138083497442e+00
3.256332026329369356e+00 3.256332026329369356e+00 3.256332026329369356e+00 3.256332026329369356e+00 3.256332026329369356e+00 3.256332026329369356e+00 3.256332026329369356e+00 3.256332026329369356e+00 3.256332026329369356e+00 3.256332026329369356e+00 3.256332026329369356e+00
3.386407848536079346e+00 3.386407848536079346e+00 3.386407848536079346e+00 3.386407848536079346e+00 3.386407848536079346e+00 3.386407848536079346e+00 3.386407848536079346e+00 3.386407848536079346e+00 3.386407848536079346e+00 3.386407848536079346e+00 3.386407848536079346e+00
3.513458928782502877e+00 3.513458928782502877e+00 3.513458928782502877e+00 3.513458928782502877e+00 3.513458928782502877e+00 3.513458928782502877e+00 3.513458928782502877e+00 3.513458928782502877e+00 3.513458928782502877e+00 3.513458928782502877e+00 3.513458928782502877e+00
