1.371292073639603037e+00 8.712921123518695410e-01 3.712921245937690351e-01 -1.287078715350019609e-01 -6.287078703083628373e-01 -1.128708309286726497e+00 -1.628708309164305090e+00 -2.128707869766612415e+00 -2.628707869754370208e+00 -3.128707869750499082e+00 -3.628707869749274728e+00
1.371292073639591935e+00 8.712921123518660993e-01 3.712921245937678694e-01 -1.287078715350022939e-01 -6.287078703083629483e-01 -1.128708309286726497e+00 -1.628708309164305090e+00 -2.128707869766612415e+00 -2.628707869754370208e+00 -3.128707869750499082e+00 -3.628707869749274728e+00
1.371292073639578835e+00 8.712921123518618804e-01 3.712921245937665371e-01 -1.287078715350026825e-01 -6.287078703083630593e-01 -1.128708309286726497e+00 -1.628708309164305090e+00 -2.128707869766612415e+00 -2.628707869754370208e+00 -3.128707869750499082e+00 -3.628707869749274728e+00
1.371292073639563958e+00 8.712921123518571065e-01 3.712921245937649828e-01 -1.287078715350031266e-01 -6.287078703083631703e-01 -1.128708309286726719e+00 -1.628708309164305090e+00 -2.128707869766612415e+00 -2.628707869754370208e+00 -3.128707869750499082e+00 -3.628707869749274728e+00
1.371292073639546860e+00 8.712921123518517774e-01 3.712921245937632619e-01 -1.287078715350037095e-01 -6.287078703083632814e-01 -1.128708309286726719e+00 -1.628708309164305090e+00 -2.128707869766612415e+00 -2.628707869754370208e+00 -3.128707869750499082e+00 -3.628707869749274728e+00
1.371292073639526432e+00 8.712921123518454491e-01 3.712921245937613191e-01 -1.287078715350042368e-01 -6.287078703083635034e-01 -1.128708309286726719e+00 -1.628708309164305312e+00 -2.128707869766612415e+00 -2.628707869754370208e+00 -3.128707869750499082e+00 -3.628707869749274728e+00
1.371292073639503117e+00 8.712921123518380107e-01 3.712921245937590431e-01 -1.287078715350051528e-01 -6.287078703083638365e-01 -1.128708309286726941e+00 -1.628708309164305312e+00 -2.128707869766612415e+00 -2.628707869754370208e+00 -3.128707869750499082e+00 -3.628707869749274728e+00
1.371292073639476028e+00 8.712921123518295730e-01 3.712921245937563786e-01 -1.287078715350059299e-01 -6.287078703083640585e-01 -1.128708309286726941e+00 -1.628708309164305312e+00 -2.128707869766612415e+00 -2.628707869754370208e+00 -3.128707869750499082e+00 -3.628707869749274728e+00
1.371292073639444720e+00 8.712921123518194699e-01 3.712921245937532144e-01 -1.287078715350069569e-01 -6.287078703083643916e-01 -1.128708309286727163e+00 -1.628708309164305312e+00 -2.128707869766612415e+00 -2.628707869754370208e+00 -3.128707869750499082e+00 -3.628707869749274728e+00
1.371292073639408304e+00 8.712921123518080346e-01 3.712921245937493286e-01 -1.287078715350079283e-01 -6.287078703083647246e-01 -1.128708309286726941e+00 -1.628708309164305312e+00 -2.128707869766612415e+00 -2.628707869754370208e+00 -3.128707869750499082e+00 -3.628707869749274728e+00
1.371292073639365894e+00 8.712921123517946009e-01 3.712921245937451653e-01 -1.287078715350094271e-01 -6.287078703083651687e-01 -1.128708309286727163e+00 -1.628708309164305312e+00 -2.128707869766612415e+00 -2.628707869754370208e+00 -3.128707869750499082e+00 -3.628707869749274728e+00
