5.217366481744365458e+00 5.217366481779077247e+00 5.217366481888843666e+00 5.217366482235958003e+00 5.217366483333626626e+00 5.217366486804762893e+00 5.217366497781457113e+00 5.217366532492807352e+00 5.217366642259680276e+00 5.217366989372469455e+00 5.217368087034085278e+00
5.123909699822903896e+00 5.123909699859244604e+00 5.123909699974164234e+00 5.123909700337570428e+00 5.123909701486761392e+00 5.123909705120824221e+00 5.123909716612737419e+00 5.123909752953353269e+00 5.123909867872423973e+00 5.123910231277954530e+00 5.123911380462361720e+00
5.024882619542984763e+00 5.024882619580575138e+00 5.024882619699447162e+00 5.024882620075353579e+00 5.024882621264072924e+00 5.024882625023135319e+00 5.024882636910334988e+00 5.024882674500953605e+00 5.024882793372884571e+00 5.024883169278509421e+00 5.024884357992183581e+00
4.920799187919159934e+00 4.920799187957694443e+00 4.920799188079551634e+00 4.920799188464899387e+00 4.920799189683474850e+00 4.920799193536949723e+00 4.920799205722707015e+00 4.920799244257451299e+00 4.920799366114971818e+00 4.920799751461897742e+00 4.920800970031984356e+00
4.812227770956541306e+00 4.812227770995780141e+00 4.812227771119862219e+00 4.812227771512247010e+00 4.812227772753074895e+00 4.812227776676916591e+00 4.812227789085194551e+00 4.812227828323611512e+00 4.812227952406344045e+00 4.812228344790040246e+00 4.812229585612658234e+00
4.699760424948807191e+00 4.699760424988563834e+00 4.699760425114288154e+00 4.699760425511861683e+00 4.699760426769099553e+00 4.699760430744834849e+00 4.699760443317211767e+00 4.699760483074557627e+00 4.699760608798292161e+00 4.699761006371312888e+00 4.699762263604259971e+00
4.583983186650077535e+00 4.583983186690214318e+00 4.583983186817139455e+00 4.583983187218509947e+00 4.583983188487756877e+00 4.583983192501466242e+00 4.583983205193929322e+00 4.583983245331017642e+00 4.583983372255605815e+00 4.583983773626079561e+00 4.583985042867813497e+00
4.465450684434351558e+00 4.465450684474764564e+00 4.465450684602563669e+00 4.465450685006699949e+00 4.465450686284690995e+00 4.465450690326052907e+00 4.465450703105962482e+00 4.465450743519578936e+00 4.465450871318626724e+00 4.465451275454399571e+00 4.465452553440921513e+00
4.344667335998203761e+00 4.344667336038818384e+00 4.344667336167252536e+00 4.344667336573397876e+00 4.344667337857741174e+00 4.344667341919191905e+00 4.344667354762627554e+00 4.344667395377132202e+00 4.344667523811444276e+00 4.344667929956111507e+00 4.344669214295421966e+00
4.222076025912708808e+00 4.222076025953469092e+00 4.222076026082365097e+00 4.222076026489968825e+00 4.222076027778925322e+00 4.222076031854965272e+00 4.222076044744533796e+00 4.222076085504925302e+00 4.222076214400573235e+00 4.222076622004118818e+00 4.222077910956891778e+00
4.098053822797258938e+00 4.098053822838125804e+00 4.098053822967356652e+00 4.098053823376021754e+00 4.098053824668332012e+00 4.098053828754977701e+00 4.098053841678083842e+00 4.098053882544532733e+00 4.098054011775563943e+00 4.098054420439692258e+00 4.098055712746380586e+00
