4.521759656254053183e+00 4.521759656254053183e+00 4.521759656254054072e+00 4.521759656254056736e+00 4.521759656254066506e+00 4.521759656254096704e+00 4.521759656254191739e+00 4.521759656254491944e+00 4.521759656255440518e+00 4.521759656258441673e+00 4.521759656267932748e+00
4.388128166099257044e+00 4.388128166099257044e+00 4.388128166099257932e+00 4.388128166099260596e+00 4.388128166099269478e+00 4.388128166099296124e+00 4.388128166099382277e+00 4.388128166099654059e+00 4.388128166100512928e+00 4.388128166103228089e+00 4.388128166111814110e+00
4.252812146057448395e+00 4.252812146057448395e+00 4.252812146057449283e+00 4.252812146057451947e+00 4.252812146057459941e+00 4.252812146057483922e+00 4.252812146057560305e+00 4.252812146057801890e+00 4.252812146058566611e+00 4.252812146060984233e+00 4.252812146068628785e+00
4.115243469828675060e+00 4.115243469828675948e+00 4.115243469828676837e+00 4.115243469828678613e+00 4.115243469828684830e+00 4.115243469828706147e+00 4.115243469828772760e+00 4.115243469828984146e+00 4.115243469829652945e+00 4.115243469831765921e+00 4.115243469838447687e+00
3.974667726789252953e+00 3.974667726789253397e+00 3.974667726789253841e+00 3.974667726789255617e+00 3.974667726789261391e+00 3.974667726789279598e+00 3.974667726789336886e+00 3.974667726789517186e+00 3.974667726790089173e+00 3.974667726791896616e+00 3.974667726797612488e+00
3.830086260321873048e+00 3.830086260321873048e+00 3.830086260321873493e+00 3.830086260321875269e+00 3.830086260321879710e+00 3.830086260321894809e+00 3.830086260321942770e+00 3.830086260322093317e+00 3.830086260322570713e+00 3.830086260324078840e+00 3.830086260328848358e+00
3.680185194203458021e+00 3.680185194203458021e+00 3.680185194203458465e+00 3.680185194203459798e+00 3.680185194203463794e+00 3.680185194203475785e+00 3.680185194203514421e+00 3.680185194203636989e+00 3.680185194204023791e+00 3.680185194205246368e+00 3.680185194209113497e+00
3.523245291221968500e+00 3.523245291221968500e+00 3.523245291221968944e+00 3.523245291221969833e+00 3.523245291221972941e+00 3.523245291221982711e+00 3.523245291222012909e+00 3.523245291222108833e+00 3.523245291222411701e+00 3.523245291223370934e+00 3.523245291226403175e+00
3.357033753090365114e+00 3.357033753090365114e+00 3.357033753090365558e+00 3.357033753090366002e+00 3.357033753090368222e+00 3.357033753090375328e+00 3.357033753090398420e+00 3.357033753090470807e+00 3.357033753090699513e+00 3.357033753091423378e+00 3.357033753093711326e+00
3.178670975906839669e+00 3.178670975906839669e+00 3.178670975906840113e+00 3.178670975906840557e+00 3.178670975906841889e+00 3.178670975906847218e+00 3.178670975906864093e+00 3.178670975906916052e+00 3.178670975907081253e+00 3.178670975907603502e+00 3.178670975909255070e+00
2.984469766812074099e+00 2.984469766812074099e+00 2.984469766812074543e+00 2.984469766812074543e+00 2.984469766812075875e+00 2.984469766812079428e+00 2.984469766812090530e+00 2.984469766812126501e+00 2.984469766812239744e+00 2.984469766812597680e+00 2.984469766813730107e+00
