3.909857082585492360e+00 4.409091209834200775e+00 4.903964532777241203e+00 5.372202013713593516e+00 5.779306828482196678e+00 6.115847100511961010e+00 6.378109519574872266e+00 6.558098077986276309e+00 6.640337191851694243e+00 6.598923701756777227e+00 6.406483709910602897e+00
3.911380556316431889e+00 4.410140412010288280e+00 4.904855498195276553e+00 5.373007959831123337e+00 5.780040672199135088e+00 6.116516194637654280e+00 6.378712242818139977e+00 6.558626449017730842e+00 6.640774371799560427e+00 6.599245161029542395e+00 6.406672812729477862e+00
3.915080297362991679e+00 4.412692116953797594e+00 4.907023121604916049e+00 5.374968821195951207e+00 5.781826129269858505e+00 6.118144099788967338e+00 6.380178627796464497e+00 6.559911868121099054e+00 6.641837816437699438e+00 6.600026932980069816e+00 6.407132506197228849e+00
3.922777860706240904e+00 4.418017944610014069e+00 4.911550749343191136e+00 5.379064940954823903e+00 5.785555932949900004e+00 6.121544710787199861e+00 6.383241648552833603e+00 6.562596553240408248e+00 6.644058319683895597e+00 6.601658467128554086e+00 6.408090982662267621e+00
3.936808368100906286e+00 4.427783450439892299e+00 4.919864655164866818e+00 5.386587757522169007e+00 5.792406308729750819e+00 6.127790229210008377e+00 6.388866506515254784e+00 6.567525478828654784e+00 6.648133008984155268e+00 6.604649457017606196e+00 6.409844963747478808e+00
3.959649022797822493e+00 4.443838911383235057e+00 4.933566713151362748e+00 5.398989528843550545e+00 5.803700433893698829e+00 6.138086433056228586e+00 6.398137664947341818e+00 6.575646250698302886e+00 6.654840605682054822e+00 6.609564817259456326e+00 6.412718578689303506e+00
3.993425442823683280e+00 4.467931845207846031e+00 4.954203571706606191e+00 5.417675886954715025e+00 5.820719945608104240e+00 6.153600441721437164e+00 6.412102792476238378e+00 6.587870670177995436e+00 6.664924078808365238e+00 6.616934438555535536e+00 6.417006180167012630e+00
4.039493288314733199e+00 4.501442416460688989e+00 4.983052118017698540e+00 5.443812658263925464e+00 5.844529397737297849e+00 6.175300182314898301e+00 6.431627120056581326e+00 6.604945203609940307e+00 6.678980331813805016e+00 6.627167777698707241e+00 6.422917894270719685e+00
4.098252111064344838e+00 4.545220028735280415e+00 5.020980283964704860e+00 5.478199642738893260e+00 5.875861438272751869e+00 6.203849188918096225e+00 6.457297789186115189e+00 6.627365550264504357e+00 6.697386947214983621e+00 6.640496769973984748e+00 6.430543394114529576e+00
4.169225253555551625e+00 4.599546437474203664e+00 5.068401281272075565e+00 5.521227319596570204e+00 5.915077040882589898e+00 6.239569886826614287e+00 6.489390269279420309e+00 6.655346314239085181e+00 6.720275859438327615e+00 6.656955499825129685e+00 6.439840215131640733e+00
4.251320010195408727e+00 4.664202697748458526e+00 5.125305194418031007e+00 5.572902484529496547e+00 5.962188086032888634e+00 6.282463849766493524e+00 6.527886556988207190e+00 6.688836912492571507e+00 6.747546902936484514e+00 6.676391856839996919e+00 6.450644189350733804e+00
