3.436058852354723636e-01 -1.563794494641242427e-01 -6.563748114144700718e-01 -1.156373344686924876e+00 -1.656372880862202912e+00 -2.156372734187472773e+00 -2.656372687804803068e+00 -3.156372673137310070e+00 -3.656372668499041190e+00 -4.156372667032291801e+00 -4.656372666568464602e+00
3.436058851776670475e-01 -1.563794494724039807e-01 -6.563748114160877778e-01 -1.156373344687336324e+00 -1.656372880862323260e+00 -2.156372734187509632e+00 -2.656372687804814614e+00 -3.156372673137313623e+00 -3.656372668499042078e+00 -4.156372667032291801e+00 -4.656372666568464602e+00
3.436058851020629690e-01 -1.563794494828626980e-01 -6.563748114180495419e-01 -1.156373344687822380e+00 -1.656372880862463148e+00 -2.156372734187552709e+00 -2.656372687804827937e+00 -3.156372673137318063e+00 -3.656372668499043854e+00 -4.156372667032292689e+00 -4.656372666568464602e+00
3.436058850028623768e-01 -1.563794494961446568e-01 -6.563748114204400741e-01 -1.156373344688397253e+00 -1.656372880862627017e+00 -2.156372734187602447e+00 -2.656372687804843480e+00 -3.156372673137322948e+00 -3.656372668499045187e+00 -4.156372667032292689e+00 -4.656372666568464602e+00
3.436058848723226311e-01 -1.563794495130978734e-01 -6.563748114233671771e-01 -1.156373344689079152e+00 -1.656372880862818420e+00 -2.156372734187660622e+00 -2.656372687804861688e+00 -3.156372673137328722e+00 -3.656372668499046963e+00 -4.156372667032293577e+00 -4.656372666568465490e+00
3.436058847000948435e-01 -1.563794495348433955e-01 -6.563748114269702949e-01 -1.156373344689891391e+00 -1.656372880863042463e+00 -2.156372734187728568e+00 -2.656372687804882560e+00 -3.156372673137334939e+00 -3.656372668499049183e+00 -4.156372667032294466e+00 -4.656372666568465490e+00
3.436058844723327010e-01 -1.563794495628656467e-01 -6.563748114314295057e-01 -1.156373344690861282e+00 -1.656372880863304919e+00 -2.156372734187806728e+00 -2.656372687804907429e+00 -3.156372673137342932e+00 -3.656372668499051404e+00 -4.156372667032294466e+00 -4.656372666568465490e+00
3.436058841704997535e-01 -1.563794495991341627e-01 -6.563748114369776232e-01 -1.156373344692023686e+00 -1.656372880863613561e+00 -2.156372734187898210e+00 -2.656372687804935850e+00 -3.156372673137351814e+00 -3.656372668499054068e+00 -4.156372667032295354e+00 -4.656372666568466379e+00
3.436058837697648083e-01 -1.563794496462664052e-01 -6.563748114439191816e-01 -1.156373344693422123e+00 -1.656372880863976160e+00 -2.156372734188005236e+00 -2.656372687804968713e+00 -3.156372673137362028e+00 -3.656372668499057621e+00 -4.156372667032297130e+00 -4.656372666568466379e+00
3.436058832368465987e-01 -1.563794497077467816e-01 -6.563748114526516408e-01 -1.156373344695112770e+00 -1.656372880864403374e+00 -2.156372734188129581e+00 -2.656372687805006905e+00 -3.156372673137374019e+00 -3.656372668499061174e+00 -4.156372667032298018e+00 -4.656372666568466379e+00
3.436058825271171568e-01 -1.563794497882192713e-01 -6.563748114636959174e-01 -1.156373344697164463e+00 -1.656372880864908304e+00 -2.156372734188274798e+00 -2.656372687805051314e+00 -3.156372673137388229e+00 -3.656372668499065615e+00 -4.156372667032299795e+00 -4.656372666568467267e+00
