-4.656372666561725993e+00 -5.156372666411730421e+00 -5.656372666371432878e+00 -6.156372666359403389e+00 -6.656372666355671264e+00 -7.156372666354497980e+00 -7.656372666354127610e+00 -8.156372666354011258e+00 -8.656372666353973955e+00 -9.156372666353961520e+00 -9.656372666353957968e+00
-4.656372666558992179e+00 -5.156372666412802452e+00 -5.656372666371966673e+00 -6.156372666359591683e+00 -6.656372666355732548e+00 -7.156372666354517520e+00 -7.656372666354133827e+00 -8.156372666354013035e+00 -8.656372666353973955e+00 -9.156372666353961520e+00 -9.656372666353957968e+00
-4.656372666557489381e+00 -5.156372666413818528e+00 -5.656372666372436520e+00 -6.156372666359755108e+00 -6.656372666355785839e+00 -7.156372666354534395e+00 -7.656372666354139156e+00 -8.156372666354014811e+00 -8.656372666353973955e+00 -9.156372666353961520e+00 -9.656372666353957968e+00
-4.656372666556878315e+00 -5.156372666414762662e+00 -5.656372666372848634e+00 -6.156372666359897217e+00 -6.656372666355832024e+00 -7.156372666354548606e+00 -7.656372666354143597e+00 -8.156372666354014811e+00 -8.656372666353975731e+00 -9.156372666353961520e+00 -9.656372666353957968e+00
-4.656372666556889861e+00 -5.156372666415627748e+00 -5.656372666373208347e+00 -6.156372666360019785e+00 -6.656372666355871104e+00 -7.156372666354561041e+00 -7.656372666354148038e+00 -8.156372666354016587e+00 -8.656372666353975731e+00 -9.156372666353961520e+00 -9.656372666353957968e+00
-4.656372666557317075e+00 -5.156372666416411121e+00 -5.656372666373520985e+00 -6.156372666360124590e+00 -6.656372666355904855e+00 -7.156372666354572587e+00 -7.656372666354150702e+00 -8.156372666354018364e+00 -8.656372666353975731e+00 -9.156372666353963297e+00 -9.656372666353957968e+00
-4.656372666558002749e+00 -5.156372666417111894e+00 -5.656372666373790992e+00 -6.156372666360215185e+00 -6.656372666355934165e+00 -7.156372666354581469e+00 -7.656372666354154255e+00 -8.156372666354018364e+00 -8.656372666353975731e+00 -9.156372666353963297e+00 -9.656372666353957968e+00
-4.656372666558833195e+00 -5.156372666417735395e+00 -5.656372666374024583e+00 -6.156372666360292456e+00 -6.656372666355959034e+00 -7.156372666354589462e+00 -7.656372666354156920e+00 -8.156372666354020140e+00 -8.656372666353975731e+00 -9.156372666353963297e+00 -9.656372666353957968e+00
-4.656372666559726703e+00 -5.156372666418286066e+00 -5.656372666374225311e+00 -6.156372666360358181e+00 -6.656372666355980350e+00 -7.156372666354596568e+00 -7.656372666354158696e+00 -8.156372666354020140e+00 -8.656372666353975731e+00 -9.156372666353963297e+00 -9.656372666353957968e+00
-4.656372666560628204e+00 -5.156372666418768347e+00 -5.656372666374397618e+00 -6.156372666360415025e+00 -6.656372666355998113e+00 -7.156372666354601897e+00 -7.656372666354160472e+00 -8.156372666354020140e+00 -8.656372666353977507e+00 -9.156372666353963297e+00 -9.656372666353957968e+00
-4.656372666561499507e+00 -5.156372666419189343e+00 -5.656372666374545055e+00 -6.156372666360462986e+00 -6.656372666356013212e+00 -7.156372666354607226e+00 -7.656372666354162249e+00 -8.156372666354021916e+00 -8.656372666353977507e+00 -9.156372666353963297e+00 -9.656372666353957968e+00
