-1.330058215896865477e+02 -1.330058215889897610e+02 -1.330058215867863112e+02 -1.330058215798184449e+02 -1.330058215577841452e+02 -1.330058214881055108e+02 -1.330058212677624283e+02 -1.330058205709771642e+02 -1.330058183675560883e+02 -1.330058113998003080e+02 -1.330057893665576216e+02
-1.324411144646911112e+02 -1.324411144645011120e+02 -1.324411144639002487e+02 -1.324411144620002005e+02 -1.324411144559917091e+02 -1.324411144369911426e+02 -1.324411143769061141e+02 -1.324411141869005917e+02 -1.324411135860509319e+02 -1.324411116860029836e+02 -1.324411056775785198e+02
-1.319599091169024518e+02 -1.319599091168395546e+02 -1.319599091166406879e+02 -1.319599091160117439e+02 -1.319599091140229064e+02 -1.319599091077336084e+02 -1.319599090878451193e+02 -1.319599090249522249e+02 -1.319599088260674478e+02 -1.319599081971391854e+02 -1.319599062082994010e+02
-1.315491541594075500e+02 -1.315491541593829652e+02 -1.315491541593052887e+02 -1.315491541590596682e+02 -1.315491541582829029e+02 -1.315491541558266135e+02 -1.315491541480590456e+02 -1.315491541234959243e+02 -1.315491540458204724e+02 -1.315491538001892025e+02 -1.315491530234358777e+02
-1.311973827351276327e+02 -1.311973827351165767e+02 -1.311973827350816464e+02 -1.311973827349711144e+02 -1.311973827346216126e+02 -1.311973827335164060e+02 -1.311973827300214452e+02 -1.311973827189694077e+02 -1.311973826840197717e+02 -1.311973825734993682e+02 -1.311973822240033485e+02
-1.308944883085894446e+02 -1.308944883085838171e+02 -1.308944883085660820e+02 -1.308944883085099207e+02 -1.308944883083323418e+02 -1.308944883077708425e+02 -1.308944883059951394e+02 -1.308944883003799475e+02 -1.308944882826231719e+02 -1.308944882264712248e+02 -1.308944880489033267e+02
-1.306316170857129180e+02 -1.306316170857097632e+02 -1.306316170856997303e+02 -1.306316170856680685e+02 -1.306316170855679104e+02 -1.306316170852511505e+02 -1.306316170842495126e+02 -1.306316170810819983e+02 -1.306316170710655058e+02 -1.306316170393905622e+02 -1.306316169392255517e+02
-1.304011257324297901e+02 -1.304011257324278290e+02 -1.304011257324216615e+02 -1.304011257324020789e+02 -1.304011257323402617e+02 -1.304011257321446919e+02 -1.304011257315262640e+02 -1.304011257295706230e+02 -1.304011257233863432e+02 -1.304011257038299618e+02 -1.304011256419872495e+02
-1.301965460997164712e+02 -1.301965460997151638e+02 -1.301965460997110426e+02 -1.301965460996979971e+02 -1.301965460996567003e+02 -1.301965460995261594e+02 -1.301965460991133057e+02 -1.301965460978077829e+02 -1.301965460936793590e+02 -1.301965460806241026e+02 -1.301965460393398359e+02
-1.300125196713484570e+02 -1.300125196713475475e+02 -1.300125196713445916e+02 -1.300125196713352693e+02 -1.300125196713057676e+02 -1.300125196712125160e+02 -1.300125196709176407e+02 -1.300125196699851529e+02 -1.300125196670363437e+02 -1.300125196577114082e+02 -1.300125196282234015e+02
-1.298446932287560571e+02 -1.298446932287553466e+02 -1.298446932287531297e+02 -1.298446932287460527e+02 -1.298446932287237132e+02 -1.298446932286531137e+02 -1.298446932284297759e+02 -1.298446932277236101e+02 -1.298446932254904311e+02 -1.298446932184285743e+02 -1.298446931960969550e+02
