-1.127416628317694958e+01 -1.077416630422046318e+01 -1.027416631087500676e+01 -9.774166312979357230e+00 -9.274166313644812476e+00 -8.774166313855246813e+00 -8.274166313921792693e+00 -7.774166313942836304e+00 -7.274166313949490537e+00 -6.774166313951595519e+00 -6.274166313952260765e+00
-1.127414946110421745e+01 -1.077416098454327908e+01 -1.027416462863830482e+01 -9.774165781008695930e+00 -9.274166145420847940e+00 -8.774166260658152083e+00 -8.274166297099393219e+00 -7.774166308623126298e+00 -7.274166312267250412e+00 -6.774166313419624608e+00 -6.274166313784037108e+00
-1.127057056070118435e+01 -1.077302601500183066e+01 -1.027380539596472175e+01 -9.774052149232671738e+00 -9.274130208653506457e+00 -8.774154896129955361e+00 -8.274162703287549547e+00 -7.774165172156762615e+00 -7.274165952884679598e+00 -6.774166199772816199e+00 -6.274166277845729667e+00
-1.101857692511176445e+01 -1.067607742400349125e+01 -1.024068972844730396e+01 -9.763298511653635714e+00 -9.270700121173064190e+00 -8.773067213726099212e+00 -8.273818447120923736e+00 -7.774056278671165110e+00 -7.274131514724456515e+00 -6.774155309166262739e+00 -6.274162833900757796e+00
-9.670685419539097438e+00 -9.647894104410223548e+00 -9.582809964725036878e+00 -9.424416170222178479e+00 -9.130742143956501522e+00 -8.723499177600135823e+00 -8.257495977366058781e+00 -7.768825186902648561e+00 -7.272470188763225707e+00 -6.773629235435471685e+00 -6.273996402863559751e+00
-8.243852342557632440e+00 -8.242977471000813239e+00 -8.240222426080711315e+00 -8.231623478093988311e+00 -8.205500307494439483e+00 -8.131926434357563238e+00 -7.957924514858945031e+00 -7.647459370543002954e+00 -7.229967916302751263e+00 -6.759697314911713661e+00 -6.269538481826593568e+00
-7.020772872258514319e+00 -7.020720478902044981e+00 -7.020554838146781051e+00 -7.020031451468116579e+00 -7.018380496381759315e+00 -7.013200642114571615e+00 -6.997215622850262662e+00 -6.950222248713001427e+00 -6.828230840898678267e+00 -6.579174628532959979e+00 -6.202574027202911289e+00
-5.979421518443558625e+00 -5.979416754687027158e+00 -5.979401690710048456e+00 -5.979354057670597911e+00 -5.979203463147025666e+00 -5.978727584823550600e+00 -5.977226147973097703e+00 -5.972512063135087423e+00 -5.957932902827172583e+00 -5.914808535954732882e+00 -5.801226207644669230e+00
-5.093032477160084781e+00 -5.093031858333401551e+00 -5.093029901437410523e+00 -5.093023713246964235e+00 -5.093004145050827880e+00 -5.092942270783238357e+00 -5.092746665163473629e+00 -5.092128685046672487e+00 -5.090180227464512264e+00 -5.084075571584474318e+00 -5.065317015856347638e+00
-4.338536113198753874e+00 -4.338536004278764402e+00 -4.338535659843695491e+00 -4.338534570646170430e+00 -4.338531126319145947e+00 -4.338520234580511392e+00 -4.338485793676313484e+00 -4.338376899945766141e+00 -4.338032727313811066e+00 -4.336946149443376974e+00 -4.333527871128082687e+00
-3.696225495453323351e+00 -3.696225470625449372e+00 -3.696225392112827635e+00 -3.696225143834211746e+00 -3.696224358709225388e+00 -3.696221875935360668e+00 -3.696214024808442300e+00 -3.696189198299212109e+00 -3.696110699322415982e+00 -3.695862557098595236e+00 -3.695078794266320799e+00
