6.778836562399304100e+00 6.778836562399304100e+00 6.778836562399304100e+00 6.778836562399304100e+00 6.778836562399304100e+00 6.778836562399304100e+00 6.778836562399304100e+00 6.778836562399304100e+00 6.778836562399304100e+00 6.778836562399304100e+00 6.778836562399304100e+00
6.941451181308040397e+00 6.941451181308040397e+00 6.941451181308040397e+00 6.941451181308040397e+00 6.941451181308040397e+00 6.941451181308040397e+00 6.941451181308040397e+00 6.941451181308040397e+00 6.941451181308040397e+00 6.941451181308040397e+00 6.941451181308040397e+00
7.097969776045045975e+00 7.097969776045045975e+00 7.097969776045045975e+00 7.097969776045045975e+00 7.097969776045045975e+00 7.097969776045045975e+00 7.097969776045045975e+00 7.097969776045045975e+00 7.097969776045045975e+00 7.097969776045045975e+00 7.097969776045045975e+00
7.250003740670405428e+00 7.250003740670405428e+00 7.250003740670405428e+00 7.250003740670405428e+00 7.250003740670405428e+00 7.250003740670405428e+00 7.250003740670405428e+00 7.250003740670405428e+00 7.250003740670405428e+00 7.250003740670405428e+00 7.250003740670405428e+00
7.398751061052424305e+00 7.398751061052424305e+00 7.398751061052424305e+00 7.398751061052424305e+00 7.398751061052424305e+00 7.398751061052424305e+00 7.398751061052424305e+00 7.398751061052424305e+00 7.398751061052424305e+00 7.398751061052424305e+00 7.398751061052424305e+00
7.545095993257086242e+00 7.545095993257086242e+00 7.545095993257086242e+00 7.545095993257086242e+00 7.545095993257086242e+00 7.545095993257086242e+00 7.545095993257086242e+00 7.545095993257086242e+00 7.545095993257086242e+00 7.545095993257086242e+00 7.545095993257086242e+00
7.689687524165810473e+00 7.689687524165810473e+00 7.689687524165810473e+00 7.689687524165810473e+00 7.689687524165810473e+00 7.689687524165810473e+00 7.689687524165810473e+00 7.689687524165810473e+00 7.689687524165810473e+00 7.689687524165810473e+00 7.689687524165810473e+00
7.832999669479235649e+00 7.832999669479235649e+00 7.832999669479235649e+00 7.832999669479235649e+00 7.832999669479235649e+00 7.832999669479235649e+00 7.832999669479235649e+00 7.832999669479235649e+00 7.832999669479235649e+00 7.832999669479235649e+00 7.832999669479235649e+00
7.975376993261767744e+00 7.975376993261767744e+00 7.975376993261767744e+00 7.975376993261767744e+00 7.975376993261767744e+00 7.975376993261767744e+00 7.975376993261767744e+00 7.975376993261767744e+00 7.975376993261767744e+00 7.975376993261767744e+00 7.975376993261767744e+00
8.117068488550721383e+00 8.117068488550721383e+00 8.117068488550721383e+00 8.117068488550721383e+00 8.117068488550721383e+00 8.117068488550721383e+00 8.117068488550721383e+00 8.117068488550721383e+00 8.117068488550721383e+00 8.117068488550721383e+00 8.117068488550721383e+00
8.258252478068172309e+00 8.258252478068172309e+00 8.258252478068172309e+00 8.258252478068172309e+00 8.258252478068172309e+00 8.258252478068172309e+00 8.258252478068172309e+00 8.258252478068172309e+00 8.258252478068172309e+00 8.258252478068172309e+00 8.258252478068172309e+00
