9.553043026203990706e+00 9.553043026203990706e+00 9.553043026203990706e+00 9.553043026203990706e+00 9.553043026203990706e+00 9.553043026203990706e+00 9.553043026203990706e+00 9.553043026203990706e+00 9.553043026203992483e+00 9.553043026203996035e+00 9.553043026204010246e+00
9.418796483394928032e+00 9.418796483394928032e+00 9.418796483394928032e+00 9.418796483394928032e+00 9.418796483394928032e+00 9.418796483394928032e+00 9.418796483394928032e+00 9.418796483394928032e+00 9.418796483394929808e+00 9.418796483394933361e+00 9.418796483394945795e+00
9.282582253261011829e+00 9.282582253261011829e+00 9.282582253261011829e+00 9.282582253261011829e+00 9.282582253261011829e+00 9.282582253261011829e+00 9.282582253261011829e+00 9.282582253261013605e+00 9.282582253261013605e+00 9.282582253261017158e+00 9.282582253261027816e+00
9.143757188125110957e+00 9.143757188125110957e+00 9.143757188125110957e+00 9.143757188125110957e+00 9.143757188125110957e+00 9.143757188125110957e+00 9.143757188125110957e+00 9.143757188125110957e+00 9.143757188125110957e+00 9.143757188125114510e+00 9.143757188125123392e+00
9.001466465359085234e+00 9.001466465359085234e+00 9.001466465359085234e+00 9.001466465359085234e+00 9.001466465359085234e+00 9.001466465359085234e+00 9.001466465359085234e+00 9.001466465359085234e+00 9.001466465359085234e+00 9.001466465359088787e+00 9.001466465359095892e+00
8.854582288280688829e+00 8.854582288280688829e+00 8.854582288280688829e+00 8.854582288280688829e+00 8.854582288280688829e+00 8.854582288280688829e+00 8.854582288280688829e+00 8.854582288280690605e+00 8.854582288280690605e+00 8.854582288280692381e+00 8.854582288280699487e+00
8.701628785683556799e+00 8.701628785683556799e+00 8.701628785683556799e+00 8.701628785683556799e+00 8.701628785683556799e+00 8.701628785683556799e+00 8.701628785683556799e+00 8.701628785683558576e+00 8.701628785683558576e+00 8.701628785683560352e+00 8.701628785683565681e+00
8.540693220041063682e+00 8.540693220041063682e+00 8.540693220041063682e+00 8.540693220041063682e+00 8.540693220041063682e+00 8.540693220041063682e+00 8.540693220041063682e+00 8.540693220041063682e+00 8.540693220041063682e+00 8.540693220041065459e+00 8.540693220041069011e+00
8.369325970538030290e+00 8.369325970538030290e+00 8.369325970538030290e+00 8.369325970538030290e+00 8.369325970538030290e+00 8.369325970538030290e+00 8.369325970538030290e+00 8.369325970538030290e+00 8.369325970538030290e+00 8.369325970538032067e+00 8.369325970538033843e+00
8.184435221404820382e+00 8.184435221404820382e+00 8.184435221404820382e+00 8.184435221404820382e+00 8.184435221404820382e+00 8.184435221404820382e+00 8.184435221404822158e+00 8.184435221404822158e+00 8.184435221404822158e+00 8.184435221404822158e+00 8.184435221404823935e+00
7.982186559166619233e+00 7.982186559166619233e+00 7.982186559166619233e+00 7.982186559166619233e+00 7.982186559166619233e+00 7.982186559166619233e+00 7.982186559166619233e+00 7.982186559166619233e+00 7.982186559166619233e+00 7.982186559166620121e+00 7.982186559166621009e+00
