8.206625675312153589e+00 8.206625675312180235e+00 8.206625675312261947e+00 8.206625675312521295e+00 8.206625675313340196e+00 8.206625675315930124e+00 8.206625675324119129e+00 8.206625675350016635e+00 8.206625675431910238e+00 8.206625675690883526e+00 8.206625676509826661e+00
8.345629510792681671e+00 8.345629510792708317e+00 8.345629510792790029e+00 8.345629510793049377e+00 8.345629510793868278e+00 8.345629510796458206e+00 8.345629510804648987e+00 8.345629510830551823e+00 8.345629510912463189e+00 8.345629511171486214e+00 8.345629511990592775e+00
8.484276487770916475e+00 8.484276487770943120e+00 8.484276487771024833e+00 8.484276487771284181e+00 8.484276487772103081e+00 8.484276487774696562e+00 8.484276487782898002e+00 8.484276487808831035e+00 8.484276487890836549e+00 8.484276488150161555e+00 8.484276488970218466e+00
8.622440665214144317e+00 8.622440665214170963e+00 8.622440665214252675e+00 8.622440665214512023e+00 8.622440665215334477e+00 8.622440665217933287e+00 8.622440665226152490e+00 8.622440665252145919e+00 8.622440665334343279e+00 8.622440665594272247e+00 8.622440666416242294e+00
8.759955902457834398e+00 8.759955902457861043e+00 8.759955902457944532e+00 8.759955902458205657e+00 8.759955902459029886e+00 8.759955902461639354e+00 8.759955902469890532e+00 8.759955902495981661e+00 8.759955902578491660e+00 8.759955902839408282e+00 8.759955903664501164e+00
8.896606273287291700e+00 8.896606273287316569e+00 8.896606273287400057e+00 8.896606273287662958e+00 8.896606273288492517e+00 8.896606273291116196e+00 8.896606273299413559e+00 8.896606273325653902e+00 8.896606273408629306e+00 8.896606273671023857e+00 8.896606274500788558e+00
9.032116333781376127e+00 9.032116333781402773e+00 9.032116333781486262e+00 9.032116333781750939e+00 9.032116333782587603e+00 9.032116333785232598e+00 9.032116333793597462e+00 9.032116333820047416e+00 9.032116333903690730e+00 9.032116334168193816e+00 9.032116335004626961e+00
9.166142681550915938e+00 9.166142681550942584e+00 9.166142681551027849e+00 9.166142681551294302e+00 9.166142681552139848e+00 9.166142681554815042e+00 9.166142681563272276e+00 9.166142681590013552e+00 9.166142681674582349e+00 9.166142681942011095e+00 9.166142682787693730e+00
9.298268841351866598e+00 9.298268841351893244e+00 9.298268841351980285e+00 9.298268841352250291e+00 9.298268841353110048e+00 9.298268841355822545e+00 9.298268841364405901e+00 9.298268841391546857e+00 9.298268841477371538e+00 9.298268841748773994e+00 9.298268842607026130e+00
9.428005854932720808e+00 9.428005854932747454e+00 9.428005854932836272e+00 9.428005854933111607e+00 9.428005854933987351e+00 9.428005854936754915e+00 9.428005854945505249e+00 9.428005854973177335e+00 9.428005855060682450e+00 9.428005855337397989e+00 9.428005856212450908e+00
9.554800737277652445e+00 9.554800737277680867e+00 9.554800737277769684e+00 9.554800737278053901e+00 9.554800737278950962e+00 9.554800737281787804e+00 9.554800737290760182e+00 9.554800737319132153e+00 9.554800737408850608e+00 9.554800737692568546e+00 9.554800738589765530e+00
