2.623639092616831259e-01 2.623651502633671528e-01 2.623690746319306544e-01 2.623814843415985809e-01 2.624207249557405919e-01 2.625447913444050041e-01 2.629368906244010651e-01 2.641744927934977505e-01 2.680650845250339143e-01 2.801437371456797498e-01 3.162685454642068517e-01
1.346910704679106507e-02 1.347009348688476410e-02 1.347321286961033690e-02 1.348307707646686539e-02 1.351426896303809140e-02 1.361289162822531748e-02 1.392461657005572562e-02 1.490890744977186287e-02 1.800690797747802815e-02 2.766069190691121393e-02 5.684866255477086239e-02
-2.907297519382446294e-01 -2.907289470799842568e-01 -2.907264019045039394e-01 -2.907183534511036949e-01 -2.906929029882896476e-01 -2.906124313722904251e-01 -2.903580558644548448e-01 -2.895546290232940412e-01 -2.870237079024487437e-01 -2.791159406055888081e-01 -2.550168458418990425e-01
-6.841702615768956441e-01 -6.841695475633179369e-01 -6.841672896618575805e-01 -6.841601496277642802e-01 -6.841375716299606946e-01 -6.840661814557211784e-01 -6.838405031029355374e-01 -6.831276162971280375e-01 -6.808809407414275761e-01 -6.738518649137165140e-01 -6.523443470511584019e-01
-1.236245736901112169e+00 -1.236244948143248701e+00 -1.236242453881305048e+00 -1.236234566426756665e+00 -1.236209625048137584e+00 -1.236130762909051439e+00 -1.235881473130653774e+00 -1.235094090044225545e+00 -1.232613519547949732e+00 -1.224861230298242676e+00 -1.201219190444997142e+00
-2.048943468058598505e+00 -2.048942133630506479e+00 -2.048937913825347401e+00 -2.048924569899591486e+00 -2.048882375399334599e+00 -2.048748971646551897e+00 -2.048327381419803750e+00 -2.063777307186235532e+00 -2.042816104262543231e+00 -2.029854123583044956e+00 -1.991239131289827657e+00
-3.373630319451455861e+00 -3.373624345603489338e+00 -3.373605455178287027e+00 -3.373545723815650099e+00 -3.373356890709492628e+00 -3.372760287770784071e+00 -3.370879039311934111e+00 -3.364983078922682669e+00 -3.330542519271314283e+00 -3.294028450140558117e+00 -3.159808172668467030e+00
-5.590159621070511342e+00 -5.589996001181162910e+00 -5.589478994972516546e+00 -5.587848116550542699e+00 -5.582730765452645016e+00 -5.566934051498400038e+00 -5.520456186131685428e+00 -5.399571560936072601e+00 -5.166056241791595838e+00 -4.782392362574920952e+00 -4.324709608505295400e+00
-9.739654912085697447e+00 -9.517874882089842004e+00 -9.162881305116801656e+00 -8.721046613380520895e+00 -8.241188647252977617e+00 -7.747757561292585748e+00 -7.249855732427649357e+00 -6.750521332107139116e+00 -6.250732025680598269e+00 -5.750798675528229431e+00 -5.250819753672089973e+00
-1.129608121555427758e+01 -1.079608121556856837e+01 -1.029608121557308742e+01 -9.796081215574515610e+00 -9.296081215574968581e+00 -8.796081215575110690e+00 -8.296081215575155099e+00 -7.796081215575171086e+00 -7.296081215575175527e+00 -6.796081215575178192e+00 -6.296081215575193291e+00
-1.250792115959053241e+01 -1.200792115959053241e+01 -1.150792115959053241e+01 -1.100792115959053241e+01 -1.050792115959053241e+01 -1.000792115959053241e+01 -9.507921159590532412e+00 -9.007921159590532412e+00 -8.507921159590532412e+00 -8.007921159590532412e+00 -7.507921159590533300e+00
