-3.218207070565339478e+01 -3.218207070565339478e+01 -3.218207070565339478e+01 -3.218207070565339478e+01 -3.218207070565338768e+01 -3.218207070565338768e+01 -3.218207070565338768e+01 -3.218207070565337347e+01 -3.218207070565333794e+01 -3.218207070565322425e+01 -3.218207070565285477e+01
-3.231164068796544342e+01 -3.231164068796544342e+01 -3.231164068796544342e+01 -3.231164068796544342e+01 -3.231164068796544342e+01 -3.231164068796544342e+01 -3.231164068796543631e+01 -3.231164068796542921e+01 -3.231164068796538658e+01 -3.231164068796527289e+01 -3.231164068796490341e+01
-3.244159672835846919e+01 -3.244159672835846919e+01 -3.244159672835846919e+01 -3.244159672835846919e+01 -3.244159672835846209e+01 -3.244159672835846209e+01 -3.244159672835846209e+01 -3.244159672835844788e+01 -3.244159672835841235e+01 -3.244159672835829156e+01 -3.244159672835792207e+01
-3.257194603874395966e+01 -3.257194603874395966e+01 -3.257194603874395966e+01 -3.257194603874395966e+01 -3.257194603874395966e+01 -3.257194603874395966e+01 -3.257194603874395256e+01 -3.257194603874393835e+01 -3.257194603874390282e+01 -3.257194603874378203e+01 -3.257194603874341254e+01
-3.270271292233364591e+01 -3.270271292233364591e+01 -3.270271292233364591e+01 -3.270271292233364591e+01 -3.270271292233364591e+01 -3.270271292233363880e+01 -3.270271292233363880e+01 -3.270271292233362459e+01 -3.270271292233358906e+01 -3.270271292233346827e+01 -3.270271292233309168e+01
-3.283393808282885828e+01 -3.283393808282885828e+01 -3.283393808282885828e+01 -3.283393808282885828e+01 -3.283393808282885828e+01 -3.283393808282885118e+01 -3.283393808282885118e+01 -3.283393808282883697e+01 -3.283393808282880144e+01 -3.283393808282868065e+01 -3.283393808282830406e+01
-3.296567872006809097e+01 -3.296567872006809097e+01 -3.296567872006809097e+01 -3.296567872006809097e+01 -3.296567872006809097e+01 -3.296567872006809097e+01 -3.296567872006808386e+01 -3.296567872006807676e+01 -3.296567872006803412e+01 -3.296567872006791333e+01 -3.296567872006753674e+01
-3.309801029378234460e+01 -3.309801029378234460e+01 -3.309801029378234460e+01 -3.309801029378234460e+01 -3.309801029378234460e+01 -3.309801029378234460e+01 -3.309801029378234460e+01 -3.309801029378233039e+01 -3.309801029378228776e+01 -3.309801029378216697e+01 -3.309801029378178328e+01
-3.323102574840666534e+01 -3.323102574840666534e+01 -3.323102574840666534e+01 -3.323102574840666534e+01 -3.323102574840666534e+01 -3.323102574840666534e+01 -3.323102574840665824e+01 -3.323102574840664403e+01 -3.323102574840660850e+01 -3.323102574840648060e+01 -3.323102574840609691e+01
-3.336484177959005137e+01 -3.336484177959005137e+01 -3.336484177959005137e+01 -3.336484177959005137e+01 -3.336484177959005137e+01 -3.336484177959004427e+01 -3.336484177959004427e+01 -3.336484177959003006e+01 -3.336484177958998742e+01 -3.336484177958986663e+01 -3.336484177958947583e+01
-3.349959643803341436e+01 -3.349959643803341436e+01 -3.349959643803341436e+01 -3.349959643803341436e+01 -3.349959643803341436e+01 -3.349959643803340725e+01 -3.349959643803340725e+01 -3.349959643803339304e+01 -3.349959643803335041e+01 -3.349959643803322962e+01 -3.349959643803282461e+01
