-3.349959643803282461e+01 -3.349959643803156695e+01 -3.349959643802757370e+01 -3.349959643801494735e+01 -3.349959643797501485e+01 -3.349959643784874430e+01 -3.349959643744943349e+01 -3.349959643618672089e+01 -3.349959643219365546e+01 -3.349959641956648682e+01 -3.349959637963588222e+01
-3.363546418123498682e+01 -3.363546418123370074e+01 -3.363546418122964354e+01 -3.363546418121681114e+01 -3.363546418117623915e+01 -3.363546418104792934e+01 -3.363546418064218813e+01 -3.363546417935911137e+01 -3.363546417530167787e+01 -3.363546416247093163e+01 -3.363546412189656820e+01
-3.377264432107734393e+01 -3.377264432107603653e+01 -3.377264432107190117e+01 -3.377264432105882719e+01 -3.377264432101748071e+01 -3.377264432088672663e+01 -3.377264432047325471e+01 -3.377264431916573528e+01 -3.377264431503100184e+01 -3.377264430195581468e+01 -3.377264426060845182e+01
-3.391137871639101320e+01 -3.391137871638967738e+01 -3.391137871638544965e+01 -3.391137871637207724e+01 -3.391137871632979994e+01 -3.391137871619609712e+01 -3.391137871577330287e+01 -3.391137871443629592e+01 -3.391137871020831795e+01 -3.391137869683827688e+01 -3.391137865455850431e+01
-3.405196505300485654e+01 -3.405196505300348520e+01 -3.405196505299914378e+01 -3.405196505298541609e+01 -3.405196505294200193e+01 -3.405196505280472508e+01 -3.405196505237061899e+01 -3.405196505099784332e+01 -3.405196504665676116e+01 -3.405196503292903998e+01 -3.405196498951818285e+01
-3.419475128525110819e+01 -3.419475128524969421e+01 -3.419475128524521779e+01 -3.419475128523104956e+01 -3.419475128518625695e+01 -3.419475128504461736e+01 -3.419475128459671964e+01 -3.419475128318031665e+01 -3.419475127870127551e+01 -3.419475126453730240e+01 -3.419475121974689102e+01
-3.434013078596188961e+01 -3.434013078596041879e+01 -3.434013078595577184e+01 -3.434013078594107071e+01 -3.434013078589458701e+01 -3.434013078574760414e+01 -3.434013078528279550e+01 -3.434013078381293127e+01 -3.434013077916482359e+01 -3.434013076446621682e+01 -3.434013071798513295e+01
-3.448865833445477591e+01 -3.448865833445324114e+01 -3.448865833444838103e+01 -3.448865833443302620e+01 -3.448865833438444639e+01 -3.448865833423084126e+01 -3.448865833374508583e+01 -3.448865833220900612e+01 -3.448865832735148729e+01 -3.448865831199066889e+01 -3.448865826341549479e+01
-3.464079204310008464e+01 -3.464079204309847171e+01 -3.464079204309334870e+01 -3.464079204307716964e+01 -3.464079204302599635e+01 -3.464079204286417024e+01 -3.464079204235243736e+01 -3.464079204073419760e+01 -3.464079203561687592e+01 -3.464079201943447828e+01 -3.464079196826124729e+01
-3.479736643889639680e+01 -3.479736643889467729e+01 -3.479736643888922742e+01 -3.479736643887201097e+01 -3.479736643881756208e+01 -3.479736643864538337e+01 -3.479736643810090868e+01 -3.479736643637912863e+01 -3.479736643093436754e+01 -3.479736641371652439e+01 -3.479736635926892774e+01
-3.495914010049239806e+01 -3.495914010049054355e+01 -3.495914010048468157e+01 -3.495914010046615061e+01 -3.495914010040753794e+01 -3.495914010022220708e+01 -3.495914009963612301e+01 -3.495914009778275755e+01 -3.495914009192191685e+01 -3.495914007338831908e+01 -3.495914001477991917e+01
