3.241822756497397595e+00 3.241822807421537167e+00 3.241822968457766851e+00 3.241823477698645650e+00 3.241825088055771520e+00 3.241830180412836881e+00 3.241846283466869316e+00 3.241897201865787448e+00 3.242058180703848436e+00 3.242566848148136227e+00 3.244171486129573179e+00
3.401874358539079601e+00 3.401874399638824098e+00 3.401874529607603392e+00 3.401874940604713515e+00 3.401876240289134046e+00 3.401880350226544447e+00 3.401893346733840140e+00 3.401934442739119824e+00 3.402064374131753777e+00 3.402474997632551013e+00 3.403770953958923595e+00
3.556504551274684900e+00 3.556504585520683825e+00 3.556504693816024520e+00 3.556505036275783294e+00 3.556506119226850338e+00 3.556509543801044337e+00 3.556520373077800556e+00 3.556554616480754216e+00 3.556662885863027146e+00 3.557005086185053955e+00 3.558085447517737254e+00
3.707153942468068841e+00 3.707153971788718305e+00 3.707154064508738855e+00 3.707154357715059412e+00 3.707155284913553839e+00 3.707158216959612229e+00 3.707167488773089659e+00 3.707196807519080206e+00 3.707289508510798193e+00 3.707582524631397813e+00 3.708507824034479761e+00
3.854890818019260479e+00 3.854890843709904757e+00 3.854890924950844067e+00 3.854891181857153182e+00 3.854891994265234878e+00 3.854894563315161005e+00 3.854902687264336603e+00 3.854928376447254390e+00 3.855009602777542455e+00 3.855266363053406753e+00 3.856077312760307851e+00
4.000502480327894794e+00 4.000502503285151334e+00 4.000502575882362244e+00 4.000502805454820177e+00 4.000503531425877668e+00 4.000505827139947179e+00 4.000513086745399960e+00 4.000536042834953676e+00 4.000608628379444198e+00 4.000838084218346857e+00 4.001562890479434920e+00
4.144566490064237385e+00 4.144566510925320912e+00 4.144566576893851106e+00 4.144566785504594009e+00 4.144567445189028199e+00 4.144569531287783271e+00 4.144576128045327046e+00 4.144596988164917839e+00 4.144662947061829250e+00 4.144871461505306165e+00 4.145530183987479411e+00
4.287505102794384904e+00 4.287505122022786885e+00 4.287505182828327044e+00 4.287505375112269590e+00 4.287505983166928658e+00 4.287507905998989344e+00 4.287513986471832794e+00 4.287533214055022412e+00 4.287594011410097217e+00 4.287786213534183766e+00 4.288393450819060426e+00
4.429626254778912475e+00 4.429626272718716784e+00 4.429626329449354749e+00 4.429626508847334776e+00 4.429627076153071386e+00 4.429628870126451012e+00 4.429634543119624901e+00 4.429652482211531073e+00 4.429709205724977394e+00 4.429888532482026520e+00 4.430455126655846065e+00
4.571154094595660133e+00 4.571154111506932516e+00 4.571154164985063773e+00 4.571154334097721872e+00 4.571154868878468669e+00 4.571156559999344005e+00 4.571161907749771380e+00 4.571178818388119680e+00 4.571232290188900649e+00 4.571401339554954646e+00 4.571935487940494980e+00
4.712251552505687613e+00 4.712251568588110118e+00 4.712251619445190443e+00 4.712251780269359536e+00 4.712252288839644976e+00 4.712253897076177367e+00 4.712258982727444590e+00 4.712275064576910921e+00 4.712325915931415921e+00 4.712486682859452714e+00 4.712994681212688164e+00
