-3.715717961178700790e+01 -3.715717960781039153e+01 -3.715717959523521330e+01 -3.715717955546900697e+01 -3.715717942971724597e+01 -3.715717903205551664e+01 -3.715717777454111825e+01 -3.715717379795550102e+01 -3.715716122312831970e+01 -3.715712146044001685e+01 -3.715699574384013459e+01
-3.729211253980525242e+01 -3.729211253577015839e+01 -3.729211252301005430e+01 -3.729211248265906420e+01 -3.729211235505806599e+01 -3.729211195154852021e+01 -3.729211067554176395e+01 -3.729210664047887036e+01 -3.729209388073714138e+01 -3.729205353336591600e+01 -3.729192596851821406e+01
-3.742824428047373431e+01 -3.742824427636914919e+01 -3.742824426338931687e+01 -3.742824422234347992e+01 -3.742824409254517803e+01 -3.742824368208716379e+01 -3.742824238410750581e+01 -3.742823827956102889e+01 -3.742822530010126769e+01 -3.742818425800425075e+01 -3.742805449707672238e+01
-3.756576754318413691e+01 -3.756576753899651067e+01 -3.756576752575406175e+01 -3.756576748387777798e+01 -3.756576735145334567e+01 -3.756576693269081346e+01 -3.756576560845005019e+01 -3.756576142085970105e+01 -3.756574817880245831e+01 -3.756570630640208464e+01 -3.756557392085238689e+01
-3.770497507662511083e+01 -3.770497507233712042e+01 -3.770497505877729338e+01 -3.770497501589737510e+01 -3.770497488029918287e+01 -3.770497445150032689e+01 -3.770497309552207810e+01 -3.770496880757024627e+01 -3.770495524815490995e+01 -3.770491237230788073e+01 -3.770477681485809995e+01
-3.784610064775436200e+01 -3.784610064334511037e+01 -3.784610062940183894e+01 -3.784610058530934396e+01 -3.784610044587666522e+01 -3.784610000495210613e+01 -3.784609861062918412e+01 -3.784609420142242442e+01 -3.784608025858124591e+01 -3.784603617039415013e+01 -3.784589678077709607e+01
-3.798953459366604335e+01 -3.798953458910892067e+01 -3.798953457469804107e+01 -3.798953452912684270e+01 -3.798953438501808222e+01 -3.798953392930647510e+01 -3.798953248822301276e+01 -3.798952793114844440e+01 -3.798951352072821663e+01 -3.798946795412659583e+01 -3.798932389135385534e+01
-3.813570992312100572e+01 -3.813570991838228963e+01 -3.813570990339716360e+01 -3.813570985601002405e+01 -3.813570970615877087e+01 -3.813570923228785148e+01 -3.813570773377981737e+01 -3.813570299511538764e+01 -3.813568801048312906e+01 -3.813564062831890311e+01 -3.813549082678468238e+01
-3.828514752505485319e+01 -3.828514752009134980e+01 -3.828514750439538261e+01 -3.828514745476037717e+01 -3.828514729780074788e+01 -3.828514680145117666e+01 -3.828514523185976515e+01 -3.828514026841323670e+01 -3.828512457299058980e+01 -3.828507494343986650e+01 -3.828491803834457841e+01
-3.843848076437453187e+01 -3.843848075913012963e+01 -3.843848074254587743e+01 -3.843848069010186919e+01 -3.843848052425938988e+01 -3.843847999981985453e+01 -3.843847834140058239e+01 -3.843847309706006854e+01 -3.843845651341603542e+01 -3.843840407549684812e+01 -3.843823829389994273e+01
-3.859662738779909574e+01 -3.859662738219781630e+01 -3.859662736448500198e+01 -3.859662730847217205e+01 -3.859662713134409984e+01 -3.859662657121643292e+01 -3.859662479994197071e+01 -3.859661919872786484e+01 -3.859660148660908163e+01 -3.859654548072560942e+01 -3.859636842209364715e+01
