1.226763843599985471e+01 1.226784755987308095e+01 1.226847155850526683e+01 1.227014639389802220e+01 1.227385426536560331e+01 1.227930160151212391e+01 1.228035723621716890e+01 1.226284095862067858e+01 1.221126305266523993e+01 1.211523386400107682e+01 1.196803717201435724e+01
1.222462095673068205e+01 1.222480466996468529e+01 1.222536019941729712e+01 1.222689651682342316e+01 1.223052460283915188e+01 1.223679522201045877e+01 1.224148377070246774e+01 1.223140439509552557e+01 1.218907556164577244e+01 1.210130403064576399e+01 1.196012084149534971e+01
1.217708542943947236e+01 1.217724723451733304e+01 1.217774162360237078e+01 1.217914184151211288e+01 1.218261618643164113e+01 1.218934098678225553e+01 1.219690812728509677e+01 1.219385003294915748e+01 1.216148245491782909e+01 1.208346334381727338e+01 1.194980053367196682e+01
1.212475189479696702e+01 1.212489493573205834e+01 1.212533553632109395e+01 1.212660770709623037e+01 1.212988867272665061e+01 1.213679116548370374e+01 1.214651278269917789e+01 1.214978621655337498e+01 1.212772700850543472e+01 1.206088491988433375e+01 1.193644434936291354e+01
1.206736683380846387e+01 1.206749389091949354e+01 1.206788771472047017e+01 1.206904292962266290e+01 1.207211512843035095e+01 1.207900223310843124e+01 1.209024078857617468e+01 1.209898095607022483e+01 1.208716545355008165e+01 1.203271331057272242e+01 1.191932022190045970e+01
1.200471445696823380e+01 1.200482796175906230e+01 1.200518148076829483e+01 1.200623212583513499e+01 1.200909632748239275e+01 1.201584362698296538e+01 1.202807714588371368e+01 1.204135489031791550e+01 1.203932768303936207e+01 1.199813162261409794e+01 1.189761856590807731e+01
1.193662868809747657e+01 1.193673074895067998e+01 1.193704980273307648e+01 1.193800843773990294e+01 1.194067546418561321e+01 1.194721128936770427e+01 1.196003914375984145e+01 1.197695767673378953e+01 1.198395536182234800e+01 1.195644112225596700e+01 1.187049704920575621e+01
1.186300510750235127e+01 1.186309754019847240e+01 1.186338731047179884e+01 1.186426598566507273e+01 1.186675232683588987e+01 1.187304322656936684e+01 1.188617631303391775e+01 1.190593878535623418e+01 1.192100959289202144e+01 1.190713765784749256e+01 1.183714795846056766e+01
1.178381185641041284e+01 1.178389621572092771e+01 1.178416124134132836e+01 1.178497111085646942e+01 1.178729590154559581e+01 1.179333459857405764e+01 1.180657752610288469e+01 1.182852209500436480e+01 1.185065049087519640e+01 1.184996647530322278e+01 1.179688103559844947e+01
1.169909827328784147e+01 1.169917588339173520e+01 1.169942009779267700e+01 1.170017122725818659e+01 1.170235423862435731e+01 1.170815026691384908e+01 1.172138111116803572e+01 1.174498887328227070e+01 1.177319897062200837e+01 1.178494183526272998e+01 1.174920618379789872e+01
1.160899995696556530e+01 1.160907193944172100e+01 1.160929871882269460e+01 1.161000001533095372e+01 1.161206036990001422e+01 1.161763312038580231e+01 1.163078425386647652e+01 1.165566865868063040e+01 1.168909314013255063e+01 1.171232870159734141e+01 1.169389567187326762e+01
