-7.702095077344135454e+00 -7.702095077344135454e+00 -7.702095077344135454e+00 -7.702095077344136342e+00 -7.702095077344136342e+00 -7.702095077344136342e+00 -7.702095077344138119e+00 -7.702095077344143448e+00 -7.702095077344160323e+00 -7.702095077344213614e+00 -7.702095077344380591e+00
-7.706547255255264517e+00 -7.706547255255264517e+00 -7.706547255255264517e+00 -7.706547255255264517e+00 -7.706547255255264517e+00 -7.706547255255264517e+00 -7.706547255255266293e+00 -7.706547255255271622e+00 -7.706547255255287610e+00 -7.706547255255338236e+00 -7.706547255255497220e+00
-7.712061786035762978e+00 -7.712061786035762978e+00 -7.712061786035762978e+00 -7.712061786035762978e+00 -7.712061786035762978e+00 -7.712061786035763866e+00 -7.712061786035765643e+00 -7.712061786035770083e+00 -7.712061786035785182e+00 -7.712061786035832256e+00 -7.712061786035983246e+00
-7.718861030314986493e+00 -7.718861030314986493e+00 -7.718861030314986493e+00 -7.718861030314987381e+00 -7.718861030314987381e+00 -7.718861030314987381e+00 -7.718861030314989158e+00 -7.718861030314993599e+00 -7.718861030315007810e+00 -7.718861030315052218e+00 -7.718861030315193439e+00
-7.727203707971128210e+00 -7.727203707971128210e+00 -7.727203707971128210e+00 -7.727203707971128210e+00 -7.727203707971128210e+00 -7.727203707971128210e+00 -7.727203707971129987e+00 -7.727203707971134428e+00 -7.727203707971146862e+00 -7.727203707971188607e+00 -7.727203707971320057e+00
-7.737387643721300279e+00 -7.737387643721300279e+00 -7.737387643721300279e+00 -7.737387643721300279e+00 -7.737387643721300279e+00 -7.737387643721300279e+00 -7.737387643721302055e+00 -7.737387643721305608e+00 -7.737387643721318042e+00 -7.737387643721355346e+00 -7.737387643721476138e+00
-7.749751653272530127e+00 -7.749751653272530127e+00 -7.749751653272530127e+00 -7.749751653272530127e+00 -7.749751653272530127e+00 -7.749751653272531016e+00 -7.749751653272531904e+00 -7.749751653272534568e+00 -7.749751653272546115e+00 -7.749751653272580754e+00 -7.749751653272690000e+00
-7.764676182515349190e+00 -7.764676182515349190e+00 -7.764676182515349190e+00 -7.764676182515348302e+00 -7.764676182515349190e+00 -7.764676182515349190e+00 -7.764676182515350078e+00 -7.764676182515353631e+00 -7.764676182515362513e+00 -7.764676182515393599e+00 -7.764676182515490410e+00
-7.782582189977798492e+00 -7.782582189977798492e+00 -7.782582189977798492e+00 -7.782582189977798492e+00 -7.782582189977798492e+00 -7.782582189977798492e+00 -7.782582189977799381e+00 -7.782582189977802045e+00 -7.782582189977810927e+00 -7.782582189977837572e+00 -7.782582189977921061e+00
-7.803927723356519408e+00 -7.803927723356519408e+00 -7.803927723356519408e+00 -7.803927723356519408e+00 -7.803927723356519408e+00 -7.803927723356520296e+00 -7.803927723356520296e+00 -7.803927723356522961e+00 -7.803927723356530066e+00 -7.803927723356552271e+00 -7.803927723356623325e+00
-7.829201654490899109e+00 -7.829201654490899109e+00 -7.829201654490899109e+00 -7.829201654490899109e+00 -7.829201654490899109e+00 -7.829201654490899998e+00 -7.829201654490899998e+00 -7.829201654490901774e+00 -7.829201654490907991e+00 -7.829201654490925755e+00 -7.829201654490983486e+00
