-3.166204500170147984e+00 -3.166204407572883905e+00 -3.166204114754763488e+00 -3.166203188783963896e+00 -3.166200260621216955e+00 -3.166191001097813817e+00 -3.166161721316105737e+00 -3.166069144536634017e+00 -3.165776531167492802e+00 -3.164852604771112965e+00 -3.161944788308525656e+00
-3.029966323939754069e+00 -3.029966232083140198e+00 -3.029965941607163593e+00 -3.029965023042891392e+00 -3.029962118301803731e+00 -3.029952932845851432e+00 -3.029923887302582219e+00 -3.029832051416022409e+00 -3.029541782615015055e+00 -3.028625286976045494e+00 -3.025741134189660730e+00
-2.895028865387775152e+00 -2.895028774532319993e+00 -2.895028487222289559e+00 -2.895027578669639112e+00 -2.895024705588300939e+00 -2.895015620251486066e+00 -2.894986891334906165e+00 -2.894896056931635986e+00 -2.894608957316292308e+00 -2.893702505684548232e+00 -2.890850336079397120e+00
-2.761807674819541258e+00 -2.761807585306217838e+00 -2.761807302240381734e+00 -2.761806407109082429e+00 -2.761803576470077015e+00 -2.761794625350641130e+00 -2.761766320896072546e+00 -2.761676829053422821e+00 -2.761393977925828747e+00 -2.760500990556983503e+00 -2.757691691775522536e+00
-2.630818795615931904e+00 -2.630818707884059027e+00 -2.630818430451669077e+00 -2.630817553134929376e+00 -2.630814778830892209e+00 -2.630806005862118546e+00 -2.630778264807904332e+00 -2.630690554978542650e+00 -2.630413342920232544e+00 -2.629538226312018168e+00 -2.626785823566767153e+00
-2.502683715410004783e+00 -2.502683630014658434e+00 -2.502683359971018096e+00 -2.502682506019607178e+00 -2.502679805603723828e+00 -2.502671266294774988e+00 -2.502644264187484424e+00 -2.502558891610221270e+00 -2.502289075558211895e+00 -2.501437396796623691e+00 -2.498759605951264451e+00
-2.378123466729966218e+00 -2.378123384356157555e+00 -2.378123123867465161e+00 -2.378122300131515043e+00 -2.378119695265938471e+00 -2.378111458119885224e+00 -2.378085411598516608e+00 -2.378003061478680014e+00 -2.377742809568438531e+00 -2.376921438138051457e+00 -2.374340114114565470e+00
-2.257938044376812226e+00 -2.257937965846962047e+00 -2.257937717513940346e+00 -2.257936932217673220e+00 -2.257934448909829417e+00 -2.257926596170881872e+00 -2.257901765329548560e+00 -2.257823260307753710e+00 -2.257575175464403561e+00 -2.256792357575585939e+00 -2.254333726538168658e+00
-2.142969511427849305e+00 -2.142969437698985402e+00 -2.142969204548026418e+00 -2.142968467261751275e+00 -2.142966135775773662e+00 -2.142958763149152013e+00 -2.142935450650592877e+00 -2.142861747993002552e+00 -2.142628858981858286e+00 -2.141894188622489814e+00 -2.139588749811338619e+00
-2.034050878769406712e+00 -2.034050810917411578e+00 -2.034050596350754248e+00 -2.034049917833311127e+00 -2.034047772191806214e+00 -2.034040987268075362e+00 -2.034019533359896936e+00 -2.033951709187531431e+00 -2.033737420635994830e+00 -2.033061680453025044e+00 -2.030943692086147667e+00
-1.931946982449516348e+00 -1.931946921639595249e+00 -1.931946729341943891e+00 -1.931946121245406545e+00 -1.931944198295615589e+00 -1.931938117597484128e+00 -1.931918890771848307e+00 -1.931858110509156345e+00 -1.931666109309037038e+00 -1.931060973141284887e+00 -1.929167496674674354e+00
