2.939918335672012439e+00 2.939918335672012439e+00 2.939918335672012439e+00 2.939918335672012439e+00 2.939918335672012439e+00 2.939918335672012439e+00 2.939918335672012439e+00 2.939918335672012439e+00 2.939918335672012439e+00 2.939918335672012439e+00 2.939918335672013328e+00
3.460429433293906509e+00 3.460429433293906509e+00 3.460429433293906509e+00 3.460429433293906509e+00 3.460429433293906509e+00 3.460429433293906509e+00 3.460429433293906509e+00 3.460429433293906509e+00 3.460429433293906953e+00 3.460429433293906953e+00 3.460429433293906953e+00
3.904562286941898108e+00 3.904562286941898108e+00 3.904562286941898108e+00 3.904562286941898108e+00 3.904562286941898108e+00 3.904562286941898108e+00 3.904562286941898108e+00 3.904562286941898108e+00 3.904562286941898108e+00 3.904562286941898108e+00 3.904562286941898108e+00
4.284750434643073369e+00 4.284750434643073369e+00 4.284750434643073369e+00 4.284750434643073369e+00 4.284750434643073369e+00 4.284750434643073369e+00 4.284750434643073369e+00 4.284750434643073369e+00 4.284750434643073369e+00 4.284750434643073369e+00 4.284750434643073369e+00
4.612059323469054561e+00 4.612059323469054561e+00 4.612059323469054561e+00 4.612059323469054561e+00 4.612059323469054561e+00 4.612059323469054561e+00 4.612059323469054561e+00 4.612059323469054561e+00 4.612059323469054561e+00 4.612059323469054561e+00 4.612059323469054561e+00
4.896314973280190053e+00 4.896314973280190053e+00 4.896314973280190053e+00 4.896314973280190053e+00 4.896314973280190053e+00 4.896314973280190053e+00 4.896314973280190053e+00 4.896314973280190053e+00 4.896314973280190053e+00 4.896314973280190053e+00 4.896314973280190053e+00
5.146120834080945450e+00 5.146120834080945450e+00 5.146120834080945450e+00 5.146120834080945450e+00 5.146120834080945450e+00 5.146120834080945450e+00 5.146120834080945450e+00 5.146120834080945450e+00 5.146120834080945450e+00 5.146120834080945450e+00 5.146120834080945450e+00
5.368839638573449591e+00 5.368839638573449591e+00 5.368839638573449591e+00 5.368839638573449591e+00 5.368839638573449591e+00 5.368839638573449591e+00 5.368839638573449591e+00 5.368839638573449591e+00 5.368839638573449591e+00 5.368839638573449591e+00 5.368839638573449591e+00
5.570605091369810857e+00 5.570605091369810857e+00 5.570605091369810857e+00 5.570605091369810857e+00 5.570605091369810857e+00 5.570605091369810857e+00 5.570605091369810857e+00 5.570605091369810857e+00 5.570605091369810857e+00 5.570605091369810857e+00 5.570605091369810857e+00
5.756391650672737725e+00 5.756391650672737725e+00 5.756391650672737725e+00 5.756391650672737725e+00 5.756391650672737725e+00 5.756391650672737725e+00 5.756391650672737725e+00 5.756391650672737725e+00 5.756391650672737725e+00 5.756391650672737725e+00 5.756391650672737725e+00
5.930136971828432912e+00 5.930136971828432912e+00 5.930136971828432912e+00 5.930136971828432912e+00 5.930136971828432912e+00 5.930136971828432912e+00 5.930136971828432912e+00 5.930136971828432912e+00 5.930136971828432912e+00 5.930136971828432912e+00 5.930136971828432912e+00
