9.009181741673147670e+00 9.009181741673147670e+00 9.009181741673147670e+00 9.009181741673147670e+00 9.009181741673147670e+00 9.009181741673147670e+00 9.009181741673147670e+00 9.009181741673147670e+00 9.009181741673145893e+00 9.009181741673145893e+00 9.009181741673140564e+00
9.009146471603470374e+00 9.009146471603470374e+00 9.009146471603470374e+00 9.009146471603470374e+00 9.009146471603470374e+00 9.009146471603470374e+00 9.009146471603470374e+00 9.009146471603470374e+00 9.009146471603470374e+00 9.009146471603468598e+00 9.009146471603463269e+00
9.009100843745246223e+00 9.009100843745246223e+00 9.009100843745246223e+00 9.009100843745246223e+00 9.009100843745246223e+00 9.009100843745246223e+00 9.009100843745246223e+00 9.009100843745246223e+00 9.009100843745244447e+00 9.009100843745242670e+00 9.009100843745239118e+00
9.009041904653921407e+00 9.009041904653921407e+00 9.009041904653921407e+00 9.009041904653921407e+00 9.009041904653921407e+00 9.009041904653921407e+00 9.009041904653921407e+00 9.009041904653921407e+00 9.009041904653919630e+00 9.009041904653917854e+00 9.009041904653912525e+00
9.008965893412721471e+00 9.008965893412721471e+00 9.008965893412721471e+00 9.008965893412721471e+00 9.008965893412721471e+00 9.008965893412721471e+00 9.008965893412719694e+00 9.008965893412719694e+00 9.008965893412719694e+00 9.008965893412717918e+00 9.008965893412712589e+00
9.008868034392991220e+00 9.008868034392991220e+00 9.008868034392991220e+00 9.008868034392991220e+00 9.008868034392991220e+00 9.008868034392991220e+00 9.008868034392991220e+00 9.008868034392991220e+00 9.008868034392991220e+00 9.008868034392989443e+00 9.008868034392984114e+00
9.008742282097756515e+00 9.008742282097756515e+00 9.008742282097756515e+00 9.008742282097756515e+00 9.008742282097756515e+00 9.008742282097756515e+00 9.008742282097756515e+00 9.008742282097756515e+00 9.008742282097754739e+00 9.008742282097752962e+00 9.008742282097749410e+00
9.008581009641140724e+00 9.008581009641140724e+00 9.008581009641140724e+00 9.008581009641140724e+00 9.008581009641140724e+00 9.008581009641140724e+00 9.008581009641140724e+00 9.008581009641140724e+00 9.008581009641140724e+00 9.008581009641138948e+00 9.008581009641135395e+00
9.008374630370925118e+00 9.008374630370925118e+00 9.008374630370925118e+00 9.008374630370925118e+00 9.008374630370925118e+00 9.008374630370925118e+00 9.008374630370925118e+00 9.008374630370925118e+00 9.008374630370925118e+00 9.008374630370923342e+00 9.008374630370918013e+00
9.008111142740220956e+00 9.008111142740220956e+00 9.008111142740220956e+00 9.008111142740220956e+00 9.008111142740220956e+00 9.008111142740220956e+00 9.008111142740220956e+00 9.008111142740220956e+00 9.008111142740220956e+00 9.008111142740219179e+00 9.008111142740215627e+00
9.007775587886522217e+00 9.007775587886522217e+00 9.007775587886522217e+00 9.007775587886522217e+00 9.007775587886522217e+00 9.007775587886522217e+00 9.007775587886522217e+00 9.007775587886522217e+00 9.007775587886522217e+00 9.007775587886520441e+00 9.007775587886516888e+00
