7.654547111187909536e+00 7.654547111187909536e+00 7.654547111187909536e+00 7.654547111187909536e+00 7.654547111187909536e+00 7.654547111187909536e+00 7.654547111187909536e+00 7.654547111187909536e+00 7.654547111187909536e+00 7.654547111187909536e+00 7.654547111187909536e+00
7.794501791231310150e+00 7.794501791231310150e+00 7.794501791231310150e+00 7.794501791231310150e+00 7.794501791231310150e+00 7.794501791231310150e+00 7.794501791231310150e+00 7.794501791231310150e+00 7.794501791231310150e+00 7.794501791231310150e+00 7.794501791231310150e+00
7.934431771385607846e+00 7.934431771385607846e+00 7.934431771385607846e+00 7.934431771385607846e+00 7.934431771385607846e+00 7.934431771385607846e+00 7.934431771385607846e+00 7.934431771385607846e+00 7.934431771385607846e+00 7.934431771385607846e+00 7.934431771385607846e+00
8.074333048079889608e+00 8.074333048079889608e+00 8.074333048079889608e+00 8.074333048079889608e+00 8.074333048079889608e+00 8.074333048079889608e+00 8.074333048079889608e+00 8.074333048079889608e+00 8.074333048079889608e+00 8.074333048079889608e+00 8.074333048079889608e+00
8.214198617466955454e+00 8.214198617466955454e+00 8.214198617466955454e+00 8.214198617466955454e+00 8.214198617466955454e+00 8.214198617466955454e+00 8.214198617466955454e+00 8.214198617466955454e+00 8.214198617466955454e+00 8.214198617466955454e+00 8.214198617466955454e+00
8.354017761801767250e+00 8.354017761801767250e+00 8.354017761801767250e+00 8.354017761801767250e+00 8.354017761801767250e+00 8.354017761801767250e+00 8.354017761801767250e+00 8.354017761801767250e+00 8.354017761801767250e+00 8.354017761801767250e+00 8.354017761801767250e+00
8.493774966894305223e+00 8.493774966894305223e+00 8.493774966894305223e+00 8.493774966894305223e+00 8.493774966894305223e+00 8.493774966894305223e+00 8.493774966894305223e+00 8.493774966894305223e+00 8.493774966894305223e+00 8.493774966894305223e+00 8.493774966894305223e+00
8.633448375330342373e+00 8.633448375330342373e+00 8.633448375330342373e+00 8.633448375330342373e+00 8.633448375330342373e+00 8.633448375330342373e+00 8.633448375330342373e+00 8.633448375330342373e+00 8.633448375330342373e+00 8.633448375330342373e+00 8.633448375330342373e+00
8.773007647091844774e+00 8.773007647091844774e+00 8.773007647091844774e+00 8.773007647091844774e+00 8.773007647091844774e+00 8.773007647091844774e+00 8.773007647091844774e+00 8.773007647091844774e+00 8.773007647091844774e+00 8.773007647091844774e+00 8.773007647091844774e+00
8.912411065391943055e+00 8.912411065391943055e+00 8.912411065391943055e+00 8.912411065391943055e+00 8.912411065391943055e+00 8.912411065391943055e+00 8.912411065391943055e+00 8.912411065391943055e+00 8.912411065391943055e+00 8.912411065391943055e+00 8.912411065391943055e+00
9.051601696850903878e+00 9.051601696850903878e+00 9.051601696850903878e+00 9.051601696850903878e+00 9.051601696850903878e+00 9.051601696850903878e+00 9.051601696850903878e+00 9.051601696850903878e+00 9.051601696850903878e+00 9.051601696850903878e+00 9.051601696850903878e+00
