2.621903408494373089e+00 2.121903495096781889e+00 1.621903522482896820e+00 1.121903531143149779e+00 6.219035338817623382e-01 1.219035347477878811e-01 -3.780964649783509768e-01 -8.780964648575305675e-01 -1.378096464830144585e+00 -1.878096464821484401e+00 -2.378096464818745481e+00
2.621903408494329568e+00 2.121903495096768122e+00 1.621903522482892379e+00 1.121903531143148225e+00 6.219035338817620051e-01 1.219035347477875897e-01 -3.780964649783509768e-01 -8.780964648575305675e-01 -1.378096464830144585e+00 -1.878096464821484401e+00 -2.378096464818745481e+00
2.621903408494322463e+00 2.121903495096765901e+00 1.621903522482891713e+00 1.121903531143148225e+00 6.219035338817618941e-01 1.219035347477875897e-01 -3.780964649783509768e-01 -8.780964648575305675e-01 -1.378096464830144585e+00 -1.878096464821484401e+00 -2.378096464818745481e+00
2.621903408494314469e+00 2.121903495096763237e+00 1.621903522482891047e+00 1.121903531143147781e+00 6.219035338817617831e-01 1.219035347477876591e-01 -3.780964649783509768e-01 -8.780964648575305675e-01 -1.378096464830144585e+00 -1.878096464821484401e+00 -2.378096464818745481e+00
2.621903408494305143e+00 2.121903495096760128e+00 1.621903522482890159e+00 1.121903531143147559e+00 6.219035338817616720e-01 1.219035347477876591e-01 -3.780964649783510323e-01 -8.780964648575305675e-01 -1.378096464830144585e+00 -1.878096464821484401e+00 -2.378096464818745481e+00
2.621903408494294041e+00 2.121903495096756576e+00 1.621903522482889048e+00 1.121903531143147115e+00 6.219035338817615610e-01 1.219035347477875064e-01 -3.780964649783510878e-01 -8.780964648575305675e-01 -1.378096464830144585e+00 -1.878096464821484401e+00 -2.378096464818745481e+00
2.621903408494281607e+00 2.121903495096752579e+00 1.621903522482887716e+00 1.121903531143146671e+00 6.219035338817613390e-01 1.219035347477874370e-01 -3.780964649783510878e-01 -8.780964648575305675e-01 -1.378096464830144585e+00 -1.878096464821484401e+00 -2.378096464818745481e+00
2.621903408494266952e+00 2.121903495096748138e+00 1.621903522482886384e+00 1.121903531143146227e+00 6.219035338817613390e-01 1.219035347477874370e-01 -3.780964649783510878e-01 -8.780964648575305675e-01 -1.378096464830144585e+00 -1.878096464821484401e+00 -2.378096464818745481e+00
2.621903408494250076e+00 2.121903495096742809e+00 1.621903522482884386e+00 1.121903531143145782e+00 6.219035338817611169e-01 1.219035347477875064e-01 -3.780964649783510878e-01 -8.780964648575305675e-01 -1.378096464830144585e+00 -1.878096464821484401e+00 -2.378096464818745481e+00
2.621903408494230092e+00 2.121903495096736592e+00 1.621903522482882387e+00 1.121903531143145116e+00 6.219035338817607839e-01 1.219035347477872983e-01 -3.780964649783510878e-01 -8.780964648575305675e-01 -1.378096464830144585e+00 -1.878096464821484401e+00 -2.378096464818745481e+00
2.621903408494207444e+00 2.121903495096729486e+00 1.621903522482880167e+00 1.121903531143144450e+00 6.219035338817605618e-01 1.219035347477872983e-01 -3.780964649783511988e-01 -8.780964648575305675e-01 -1.378096464830144585e+00 -1.878096464821484401e+00 -2.378096464818745481e+00
