3.746037007911157790e+00 3.746037008059535101e+00 3.746037008528744661e+00 3.746037010012516433e+00 3.746037014704614254e+00 3.746037029542329755e+00 3.746037076463303084e+00 3.746037224840415458e+00 3.746037694049709099e+00 3.746039177816439025e+00 3.746043869865445242e+00
3.617358885530497670e+00 3.617358885678827907e+00 3.617358886147888697e+00 3.617358887631189290e+00 3.617358892321797637e+00 3.617358907154803571e+00 3.617358954060883036e+00 3.617359102390896641e+00 3.617359571451251643e+00 3.617361054746998317e+00 3.617365745306649671e+00
3.488672626397721910e+00 3.488672626545999300e+00 3.488672627014892225e+00 3.488672628497662576e+00 3.488672633186594041e+00 3.488672648014296662e+00 3.488672694903606430e+00 3.488672843180590455e+00 3.488673312073250266e+00 3.488674794838701132e+00 3.488679483721436103e+00
3.359979510822045601e+00 3.359979510970262151e+00 3.359979511438964561e+00 3.359979512921131839e+00 3.359979517608156385e+00 3.359979532429828719e+00 3.359979579300068409e+00 3.359979727516748227e+00 3.359980196218711246e+00 3.359981678381127157e+00 3.359986365356927962e+00
3.231280358035625522e+00 3.231280358183772794e+00 3.231280358652257156e+00 3.231280360133734320e+00 3.231280364818575723e+00 3.231280379633345134e+00 3.231280426481756507e+00 3.231280574629406654e+00 3.231281043113079399e+00 3.231282524585206151e+00 3.231287209378153058e+00
3.102575630228058934e+00 3.102575630376127158e+00 3.102575630844360610e+00 3.102575632325043742e+00 3.102575637007375597e+00 3.102575651814208690e+00 3.102575698637523693e+00 3.102575846705812879e+00 3.102576314938523261e+00 3.102577795617041723e+00 3.102582477900415192e+00
2.973865482883658817e+00 2.973865483031636003e+00 2.973865483499579909e+00 2.973865484979348217e+00 2.973865489658786831e+00 2.973865504456470799e+00 2.973865551250853390e+00 2.973865699227650428e+00 2.973866167171038910e+00 2.973867646934643449e+00 2.973872326324847659e+00
2.845149822837339304e+00 2.845149822985210353e+00 2.845149823452820304e+00 2.845149824931532123e+00 2.845149829607629410e+00 2.845149844394747163e+00 2.845149891155716482e+00 2.845150039026851374e+00 2.845150506636107579e+00 2.845151985343097767e+00 2.845156661392043151e+00
2.716428334132257039e+00 2.716428334280005963e+00 2.716428334747229556e+00 2.716428336224719686e+00 2.716428340896953841e+00 2.716428355671856032e+00 2.716428402394194919e+00 2.716428550143171083e+00 2.716429017366125631e+00 2.716430494851530320e+00 2.716435167037536846e+00
2.587700491754918009e+00 2.587700491902526156e+00 2.587700492369302552e+00 2.587700493845379590e+00 2.587700498513144876e+00 2.587700513273914371e+00 2.587700559951563228e+00 2.587700707559216440e+00 2.587701174335270249e+00 2.587702650407455618e+00 2.587707318124534694e+00
2.458965543372013673e+00 2.458965543519457952e+00 2.458965543985716984e+00 2.458965545460158886e+00 2.458965550122752308e+00 2.458965564867168219e+00 2.458965611493100667e+00 2.458965758937212254e+00 2.458966225196103750e+00 2.458967699632885751e+00 2.458972362178438953e+00
