5.958404239633129373e-01 1.861028987815524782e-01 -2.953318640239787074e-01 -7.929197020492945169e-01 -1.292665829649194853e+00 -1.792640283874060936e+00 -2.292637727656337443e+00 -2.792637472018102418e+00 -3.292637446454114158e+00 -3.792637443897713734e+00 -4.292637443642073336e+00
5.958404239633189325e-01 1.861028987815539770e-01 -2.953318640239785964e-01 -7.929197020492945169e-01 -1.292665829649194853e+00 -1.792640283874060936e+00 -2.292637727656337443e+00 -2.792637472018102418e+00 -3.292637446454114158e+00 -3.792637443897713734e+00 -4.292637443642073336e+00
5.958404239638944722e-01 1.861028987816996660e-01 -2.953318640239570025e-01 -7.929197020492922965e-01 -1.292665829649194631e+00 -1.792640283874060936e+00 -2.292637727656337443e+00 -2.792637472018102418e+00 -3.292637446454114158e+00 -3.792637443897713734e+00 -4.292637443642073336e+00
5.958404239919846690e-01 1.861028987888122266e-01 -2.953318640229075087e-01 -7.929197020491777215e-01 -1.292665829649183085e+00 -1.792640283874059826e+00 -2.292637727656337443e+00 -2.792637472018102418e+00 -3.292637446454114158e+00 -3.792637443897713734e+00 -4.292637443642073336e+00
5.958404247546686960e-01 1.861028989819299428e-01 -2.953318639944120250e-01 -7.929197020460719836e-01 -1.292665829648869114e+00 -1.792640283874028295e+00 -2.292637727656334334e+00 -2.792637472018101974e+00 -3.292637446454114158e+00 -3.792637443897713734e+00 -4.292637443642073336e+00
5.958404372935429683e-01 1.861029021568736119e-01 -2.953318635259360447e-01 -7.929197019950131597e-01 -1.292665829643708797e+00 -1.792640283873512930e+00 -2.292637727656282820e+00 -2.792637472018096645e+00 -3.292637446454113714e+00 -3.792637443897713734e+00 -4.292637443642073336e+00
5.958405714553263177e-01 1.861029361277051764e-01 -2.953318585134006580e-01 -7.929197014487017192e-01 -1.292665829588496518e+00 -1.792640283867995343e+00 -2.292637727655734370e+00 -2.792637472018042910e+00 -3.292637446454108385e+00 -3.792637443897712846e+00 -4.292637443642073336e+00
5.958415650825620302e-01 1.861031877215297836e-01 -2.953318213897602740e-01 -7.929196974026336830e-01 -1.292665829179584724e+00 -1.792640283827131142e+00 -2.292637727651670954e+00 -2.792637472017644118e+00 -3.292637446454070638e+00 -3.792637443897710181e+00 -4.292637443642073336e+00
5.958469349823629635e-01 1.861045474049234094e-01 -2.953316207650619751e-01 -7.929196755368190797e-01 -1.292665826969739085e+00 -1.792640283606291129e+00 -2.292637727629711630e+00 -2.792637472015488509e+00 -3.292637446453868133e+00 -3.792637443897693750e+00 -4.292637443642073336e+00
5.958690924773730746e-01 1.861101575122023344e-01 -2.953307930124472458e-01 -7.929195853224143553e-01 -1.292665817852335364e+00 -1.792640282695148635e+00 -2.292637727539112102e+00 -2.792637472006594290e+00 -3.292637446453031469e+00 -3.792637443897626692e+00 -4.292637443642071560e+00
5.959416645654497247e-01 1.861285291331734038e-01 -2.953280827106688489e-01 -7.929192899482202517e-01 -1.292665788000943339e+00 -1.792640279711970708e+00 -2.292637727242479606e+00 -2.792637471977474473e+00 -3.292637446450290994e+00 -3.792637443897407312e+00 -4.292637443642067119e+00
