9.973427954081277136e+00 9.973427820381839837e+00 9.973427397599285982e+00 9.973426060765360646e+00 9.973421834544538456e+00 9.973408482260758490e+00 9.973366380823851074e+00 9.973234467849859897e+00 9.972829243683385414e+00 9.971647059537612989e+00 9.968515130079238062e+00
9.973413943754636080e+00 9.973413811062259882e+00 9.973413391463443745e+00 9.973412064688739420e+00 9.973407870191506319e+00 9.973394617361964976e+00 9.973352821793501022e+00 9.973221791236859701e+00 9.972818631840240755e+00 9.971639487845269656e+00 9.968510388730933869e+00
9.973395797701943621e+00 9.973395666165306039e+00 9.973395250220400854e+00 9.973393934991786836e+00 9.973389776920617678e+00 9.973376638421536100e+00 9.973335195816252607e+00 9.973205196690830832e+00 9.972804547860850022e+00 9.971629337961344319e+00 9.968504018713737480e+00
9.973372328220074579e+00 9.973372198007664835e+00 9.973371786249483506e+00 9.973370484251935508e+00 9.973366367935904364e+00 9.973353360626386888e+00 9.973312324364492554e+00 9.973183525811100125e+00 9.972785903585833722e+00 9.971615744035569051e+00 9.968495461424183191e+00
9.973342019543931514e+00 9.973341890845986768e+00 9.973341483876122737e+00 9.973340197012134922e+00 9.973336128468337947e+00 9.973323271384899158e+00 9.973282701749869972e+00 9.973155294992123387e+00 9.972761291623061908e+00 9.971597558346774193e+00 9.968483967744404595e+00
9.973302942370583679e+00 9.973302815400986177e+00 9.973302413895803298e+00 9.973301144304338450e+00 9.973297130297853030e+00 9.973284444844356500e+00 9.973244409626746076e+00 9.973118609893813158e+00 9.972728899642849143e+00 9.971573265454141577e+00 9.968468533981170054e+00
9.973252648131401443e+00 9.973252523129426450e+00 9.973252127845595894e+00 9.973250877919580759e+00 9.973246926018839886e+00 9.973234436142005777e+00 9.973195011198226823e+00 9.973071059515108416e+00 9.972686404051099629e+00 9.971540873613204070e+00 9.968447816980006593e+00
9.973188039032697461e+00 9.973187916264487640e+00 9.973187528043636618e+00 9.973186300444700336e+00 9.973182419068127302e+00 9.973170151405433614e+00 9.973131421129759033e+00 9.973009585842017799e+00 9.972630838878529858e+00 9.971497779039395937e+00 9.968420022199495634e+00
9.973105209387316705e+00 9.973105089146905300e+00 9.973104708918873129e+00 9.973103506587621681e+00 9.973099705036164053e+00 9.973087689019239477e+00 9.973049746675469507e+00 9.972930324537525593e+00 9.972558435203863425e+00 9.971440598229047936e+00 9.968382757063718458e+00
9.972999253388460161e+00 9.972999135998144027e+00 9.972998764782149195e+00 9.972997590941863777e+00 9.972993879410777751e+00 9.972982147303136813e+00 9.972945095149029271e+00 9.972828411762460377e+00 9.972464426037911167e+00 9.971364963245756385e+00 9.968332840407493123e+00
9.972864034209555584e+00 9.972863920019358730e+00 9.972863558922291816e+00 9.972862417073548258e+00 9.972858806635388262e+00 9.972847393479199241e+00 9.972811342603279172e+00 9.972697751948352618e+00 9.972342811329484746e+00 9.971265274613310581e+00 9.968266057468619934e+00
