3.310203291883464072e+00 3.310203291883464072e+00 3.310203291883464072e+00 3.310203291883464516e+00 3.310203291883464516e+00 3.310203291883464960e+00 3.310203291883465848e+00 3.310203291883469401e+00 3.310203291883480059e+00 3.310203291883513366e+00 3.310203291883619059e+00
3.260601158431150282e+00 3.260601158431150282e+00 3.260601158431150282e+00 3.260601158431150726e+00 3.260601158431152058e+00 3.260601158431155167e+00 3.260601158431166269e+00 3.260601158431200020e+00 3.260601158431308377e+00 3.260601158431649882e+00 3.260601158432729907e+00
3.204586619391385227e+00 3.204586619391385227e+00 3.204586619391385671e+00 3.204586619391386115e+00 3.204586619391388336e+00 3.204586619391394553e+00 3.204586619391414537e+00 3.204586619391477154e+00 3.204586619391675661e+00 3.204586619392302715e+00 3.204586619394286462e+00
3.141899938653568203e+00 3.141899938653568203e+00 3.141899938653568647e+00 3.141899938653569535e+00 3.141899938653572200e+00 3.141899938653581081e+00 3.141899938653609059e+00 3.141899938653697877e+00 3.141899938653978985e+00 3.141899938654866276e+00 3.141899938657673363e+00
3.072394775891500451e+00 3.072394775891500451e+00 3.072394775891500895e+00 3.072394775891501784e+00 3.072394775891505336e+00 3.072394775891516439e+00 3.072394775891552410e+00 3.072394775891664320e+00 3.072394775892018703e+00 3.072394775893139141e+00 3.072394775896683861e+00
2.996055273468533287e+00 2.996055273468533287e+00 2.996055273468533731e+00 2.996055273468535063e+00 2.996055273468539504e+00 2.996055273468552826e+00 2.996055273468594571e+00 2.996055273468727354e+00 2.996055273469146574e+00 2.996055273470472180e+00 2.996055273474665270e+00
2.913005842993950267e+00 2.913005842993950267e+00 2.913005842993950711e+00 2.913005842993952044e+00 2.913005842993956929e+00 2.913005842993972028e+00 2.913005842994019545e+00 2.913005842994169647e+00 2.913005842994645267e+00 2.913005842996148065e+00 2.913005843000901152e+00
2.823511384601647300e+00 2.823511384601647300e+00 2.823511384601647745e+00 2.823511384601649521e+00 2.823511384601654850e+00 2.823511384601671281e+00 2.823511384601723240e+00 2.823511384601888885e+00 2.823511384602411578e+00 2.823511384604064922e+00 2.823511384609292740e+00
2.727966541788290566e+00 2.727966541788290566e+00 2.727966541788291011e+00 2.727966541788292787e+00 2.727966541788298560e+00 2.727966541788316324e+00 2.727966541788372723e+00 2.727966541788550359e+00 2.727966541789113020e+00 2.727966541790891153e+00 2.727966541796515099e+00
2.626874234009951348e+00 2.626874234009951348e+00 2.626874234009951792e+00 2.626874234009954012e+00 2.626874234009959785e+00 2.626874234009978881e+00 2.626874234010038389e+00 2.626874234010226239e+00 2.626874234010820874e+00 2.626874234012702036e+00 2.626874234018650167e+00
2.520815482280579278e+00 2.520815482280579278e+00 2.520815482280580166e+00 2.520815482280581943e+00 2.520815482280588160e+00 2.520815482280607700e+00 2.520815482280669872e+00 2.520815482280866160e+00 2.520815482281487441e+00 2.520815482283451203e+00 2.520815482289661347e+00
