-1.257464882911645931e+00 -1.257464882904286485e+00 -1.257464882881013768e+00 -1.257464882807419304e+00 -1.257464882574692799e+00 -1.257464881838747051e+00 -1.257464879511482225e+00 -1.257464872152025182e+00 -1.257464848879380037e+00 -1.257464775284830250e+00 -1.257464542558597742e+00
-1.146614540552964190e+00 -1.146614540546132543e+00 -1.146614540524528492e+00 -1.146614540456210252e+00 -1.146614540240169955e+00 -1.146614539556989998e+00 -1.146614537396585254e+00 -1.146614530564785461e+00 -1.146614508960740020e+00 -1.146614440642767185e+00 -1.146614224602545251e+00
-1.042344957203187539e+00 -1.042344957196994271e+00 -1.042344957177409048e+00 -1.042344957115475257e+00 -1.042344956919623478e+00 -1.042344956300286229e+00 -1.042344954341769325e+00 -1.042344948148395067e+00 -1.042344928563228246e+00 -1.042344866629512312e+00 -1.042344670778095006e+00
-9.453360193696687119e-01 -9.453360193642312836e-01 -9.453360193470365935e-01 -9.453360192926623107e-01 -9.453360191207157426e-01 -9.453360185769728030e-01 -9.453360168575070110e-01 -9.453360114200786146e-01 -9.453359942254222492e-01 -9.453359398511652634e-01 -9.453357679048699502e-01
-8.561080973954440232e-01 -8.561080973908822278e-01 -8.561080973764567670e-01 -8.561080973308390352e-01 -8.561080971865836498e-01 -8.561080967304079969e-01 -8.561080952878538097e-01 -8.561080907260971706e-01 -8.561080763005582961e-01 -8.561080306830203268e-01 -8.561078864279171308e-01
-7.749868675777736859e-01 -7.749868675742044299e-01 -7.749868675629174586e-01 -7.749868675272246765e-01 -7.749868674143547409e-01 -7.749868670574284746e-01 -7.749868659287283412e-01 -7.749868623594654560e-01 -7.749868510724674531e-01 -7.749868153798692427e-01 -7.749867025101959683e-01
-7.020881895943460460e-01 -7.020881895918780202e-01 -7.020881895840735964e-01 -7.020881895593936717e-01 -7.020881894813489899e-01 -7.020881892345499642e-01 -7.020881884541025908e-01 -7.020881859861121121e-01 -7.020881781816430411e-01 -7.020881535017698960e-01 -7.020880754574050364e-01
-6.373230519145083317e-01 -6.373230519132375704e-01 -6.373230519092193402e-01 -6.373230518965130598e-01 -6.373230518563316460e-01 -6.373230517292669539e-01 -6.373230513274533715e-01 -6.373230500568072276e-01 -6.373230460386746232e-01 -6.373230333322489338e-01 -6.373229931512629509e-01
-5.804191160266336524e-01 -5.804191160266400917e-01 -5.804191160266598537e-01 -5.804191160267225813e-01 -5.804191160269209782e-01 -5.804191160275482542e-01 -5.804191160295320007e-01 -5.804191160358056489e-01 -5.804191160556473328e-01 -5.804191161184192316e-01 -5.804191163171914525e-01
-5.309534728309222018e-01 -5.309534728322656827e-01 -5.309534728365145062e-01 -5.309534728499504252e-01 -5.309534728924385494e-01 -5.309534730267977398e-01 -5.309534734516786481e-01 -5.309534747952707745e-01 -5.309534790440847418e-01 -5.309534924800415334e-01 -5.309535349685446937e-01
-2.868454967078321038e-01 -2.868454967296020786e-01 -2.868454967984443438e-01 -2.868454970161429807e-01 -2.868454977045661325e-01 -2.868454998815519463e-01 -2.868455067657843527e-01 -2.868455285356341644e-01 -2.868455973778905044e-01 -2.868458150756966196e-01 -2.868465034913667000e-01
