1.018537509906862581e+01 1.006337329714111739e+01 9.829255298866867108e+00 9.488931293946434309e+00 9.069311411525180944e+00 8.603297085069158356e+00 8.115779056397879998e+00 7.619983010956237202e+00 7.121342987465467900e+00 6.621776305158165066e+00 6.121913664460920224e+00
1.012320114587426900e+01 1.002357164110233967e+01 9.809078686206952113e+00 9.481316440451145411e+00 9.067266159713138762e+00 8.602907417319842764e+00 8.115722886127057834e+00 7.619976055973964435e+00 7.121342117121503001e+00 6.621776173553972633e+00 6.121913637590882473e+00
1.005506499346339133e+01 9.978007214721937856e+00 9.784770426979262581e+00 9.471695587098563962e+00 9.064591922185012862e+00 8.602388782503535225e+00 8.115647800371885268e+00 7.619966813945251438e+00 7.121340982698313837e+00 6.621776008149547366e+00 6.121913605137615733e+00
9.981626508076081095e+00 9.926877354753555593e+00 9.756047197931650317e+00 9.459713777305331917e+00 9.061121862903716462e+00 8.601700274209068908e+00 8.115547433132505262e+00 7.619954514202139428e+00 7.121339498726197093e+00 6.621775799119664185e+00 6.121913565761937015e+00
9.903594968607563942e+00 9.870547480126688811e+00 9.722764378027903831e+00 9.445027966041461553e+00 9.056660584742781239e+00 8.600789355431317063e+00 8.115413316516837838e+00 7.619938123795105156e+00 7.121337551072943306e+00 6.621775533532757052e+00 6.121913517755378287e+00
9.821662423079727589e+00 9.809490845928941383e+00 9.684921466060083972e+00 9.427332535038118522e+00 9.050986990439193747e+00 8.599589441579583493e+00 8.115234223611080822e+00 7.619916258309009649e+00 7.121334987148668638e+00 6.621775194318918700e+00 6.121913458927001450e+00
9.736457846815856243e+00 9.744225518877366099e+00 9.642643332760234998e+00 9.406381479510640631e+00 9.043860656138198451e+00 8.598017505748989819e+00 8.114995333679807743e+00 7.619887062803416100e+00 7.121331602728573351e+00 6.621774758885100809e+00 6.121913386453129213e+00
9.648522404123797358e+00 9.675262692010784704e+00 9.596147995050184676e+00 9.382002316916565832e+00 9.035031336604793850e+00 8.595972011111362221e+00 8.114677190859792333e+00 7.619848053301204516e+00 7.121327124219663851e+00 6.621774197254580940e+00 6.121913296677277572e+00
9.558301728001607600e+00 9.603071352835812036e+00 9.545708202216628635e+00 9.354099286035642891e+00 9.024250565148582481e+00 8.593331555638915376e+00 8.114254435489920425e+00 7.619795906530615781e+00 7.121321184790232017e+00 6.621773469564197434e+00 6.121913184843178257e+00
9.466149662743644555e+00 9.528059548152066682e+00 9.491619656212993306e+00 9.322646735546895158e+00 9.011283414902138134e+00 8.589954625784944398e+00 8.113694304271513502e+00 7.619726182401907799e+00 7.121313292234100700e+00 6.621772522693620822e+00 6.121913044737677723e+00
9.372338360875808405e+00 9.450568476602011714e+00 9.434172538615655412e+00 9.287675771657113444e+00 8.995918503615333961e+00 8.585680760916702070e+00 8.112954923765002491e+00 7.619632960077335149e+00 7.121302785710025063e+00 6.621771285720081224e+00 6.121912868212014303e+00
