5.806949120937495934e+00 5.807124759588570662e+00 5.807679710720386801e+00 5.809429966990559357e+00 5.814918767217931439e+00 5.831832190892320966e+00 5.881333551567030860e+00 6.008164633678880762e+00 6.257174977622277368e+00 6.601782643964871689e+00 6.969167325736824736e+00
5.947743128914934729e+00 5.947911369547425942e+00 5.948442964574734759e+00 5.950119744907248709e+00 5.955379948051154670e+00 5.971605894023947592e+00 6.019230210835939232e+00 6.141951351076207821e+00 6.384151288331285201e+00 6.720248550059556791e+00 7.079263367462036882e+00
6.088307586045845099e+00 6.088469776046633086e+00 6.088982267536358073e+00 6.090598937758458398e+00 6.095672005287469553e+00 6.111333972875096165e+00 6.157407101160044860e+00 6.276627347152368586e+00 6.512505592154017364e+00 6.840260473377778538e+00 7.190768824018920924e+00
6.228705123843954361e+00 6.228862335961887986e+00 6.229359110044883074e+00 6.230926316360552164e+00 6.235845307211263844e+00 6.251042047329085527e+00 6.295825847291168564e+00 6.412026713532259947e+00 6.641940878475591781e+00 6.961477004361601217e+00 7.303324281958170516e+00
6.368980920963066339e+00 6.369134017299533213e+00 6.369617795439962649e+00 6.371144096657463507e+00 6.375935609593991416e+00 6.390746736186263099e+00 6.434452486671704996e+00 6.548007203684647948e+00 6.772207205481235448e+00 7.083604202446704079e+00 7.416617458242240168e+00
6.509167401943374287e+00 6.509317081015640660e+00 6.509790068439936128e+00 6.511282401383846619e+00 6.515968007830048592e+00 6.530458159679808361e+00 6.573256569260485627e+00 6.684445202251218632e+00 6.903095247392864842e+00 7.206389580673004502e+00 7.530378368526080557e+00
6.649287617673234507e+00 6.649434449563971228e+00 6.649898446136693231e+00 6.651362473509118800e+00 6.655959790237088392e+00 6.670181756929348893e+00 6.712210440608060047e+00 6.821232238847881213e+00 7.034430223513218117e+00 7.329616738770635465e+00 7.644374699499309145e+00
6.789357652942616284e+00 6.789502105934827725e+00 6.789958590189307586e+00 6.791398964330707777e+00 6.795922467761944752e+00 6.809919563919835994e+00 6.851288597836317606e+00 6.958272779806196517e+00 7.166066260871563287e+00 7.453100658506772724e+00 7.758407481263455807e+00
6.929388308790299433e+00 6.929530769833112558e+00 6.929980963547513362e+00 6.931401529205262868e+00 6.935863181788174181e+00 6.949671067080967823e+00 6.990467060903460705e+00 7.095482975480818411e+00 7.297881733263687387e+00 7.576683620247605333e+00 7.872307092669585060e+00
7.069386233685422738e+00 7.069527024337463494e+00 7.069971942846406066e+00 7.071375895190437078e+00 7.075785633443940625e+00 7.089433717090721565e+00 7.129722733719088268e+00 7.232789949341078106e+00 7.429774421725710454e+00 7.700231658206352137e+00 7.985929590325529404e+00
7.209354621201110369e+00 7.209494010228758576e+00 7.209934502181843285e+00 7.211324511685219818e+00 7.215690631389401588e+00 7.229203159386848654e+00 7.269032751942398285e+00 7.370131178606605715e+00 7.561658533310622765e+00 7.823631465376200467e+00 8.099153323076587085e+00
