1.120590599776599916e+00 6.205906432491770097e-01 1.205906569964204089e-01 -3.794093386564999504e-01 -8.794093372817752829e-01 -1.379409336847348788e+00 -1.879409336709876532e+00 -2.379409336666403529e+00 -2.879409336652656748e+00 -3.379409336648309115e+00 -3.879409336646934658e+00
1.120590599776587704e+00 6.205906432491733460e-01 1.205906569964191738e-01 -3.794093386565002834e-01 -8.794093372817753940e-01 -1.379409336847348788e+00 -1.879409336709876532e+00 -2.379409336666403529e+00 -2.879409336652656748e+00 -3.379409336648309115e+00 -3.879409336646934658e+00
1.120590599776573937e+00 6.205906432491689051e-01 1.205906569964177860e-01 -3.794093386565007275e-01 -8.794093372817753940e-01 -1.379409336847348788e+00 -1.879409336709876310e+00 -2.379409336666403973e+00 -2.879409336652656748e+00 -3.379409336648309115e+00 -3.879409336646934658e+00
1.120590599776557506e+00 6.205906432491637981e-01 1.205906569964161068e-01 -3.794093386565013382e-01 -8.794093372817756160e-01 -1.379409336847348788e+00 -1.879409336709876310e+00 -2.379409336666403973e+00 -2.879409336652656748e+00 -3.379409336648309115e+00 -3.879409336646934658e+00
1.120590599776538632e+00 6.205906432491579139e-01 1.205906569964142749e-01 -3.794093386565017822e-01 -8.794093372817758381e-01 -1.379409336847349232e+00 -1.879409336709876532e+00 -2.379409336666403973e+00 -2.879409336652656748e+00 -3.379409336648309115e+00 -3.879409336646934658e+00
1.120590599776516871e+00 6.205906432491508085e-01 1.205906569964120822e-01 -3.794093386565025039e-01 -8.794093372817759491e-01 -1.379409336847349010e+00 -1.879409336709876532e+00 -2.379409336666403973e+00 -2.879409336652656748e+00 -3.379409336648309115e+00 -3.879409336646934658e+00
1.120590599776491336e+00 6.205906432491427038e-01 1.205906569964095287e-01 -3.794093386565032811e-01 -8.794093372817761711e-01 -1.379409336847349232e+00 -1.879409336709876532e+00 -2.379409336666403973e+00 -2.879409336652656748e+00 -3.379409336648309115e+00 -3.879409336646934658e+00
1.120590599776462026e+00 6.205906432491334890e-01 1.205906569964064617e-01 -3.794093386565043358e-01 -8.794093372817765042e-01 -1.379409336847349232e+00 -1.879409336709876532e+00 -2.379409336666403973e+00 -2.879409336652656748e+00 -3.379409336648309115e+00 -3.879409336646934658e+00
1.120590599776427609e+00 6.205906432491227198e-01 1.205906569964031727e-01 -3.794093386565052795e-01 -8.794093372817769483e-01 -1.379409336847349232e+00 -1.879409336709876532e+00 -2.379409336666403973e+00 -2.879409336652656748e+00 -3.379409336648309115e+00 -3.879409336646934658e+00
1.120590599776388308e+00 6.205906432491101743e-01 1.205906569963991481e-01 -3.794093386565066117e-01 -8.794093372817773924e-01 -1.379409336847349454e+00 -1.879409336709876532e+00 -2.379409336666403973e+00 -2.879409336652656748e+00 -3.379409336648309115e+00 -3.879409336646934658e+00
1.120590599776342566e+00 6.205906432490956304e-01 1.205906569963945546e-01 -3.794093386565079995e-01 -8.794093372817778365e-01 -1.379409336847349676e+00 -1.879409336709876754e+00 -2.379409336666403973e+00 -2.879409336652656748e+00 -3.379409336648309115e+00 -3.879409336646934658e+00
