8.552907923743346075e+00 8.552907951292311850e+00 8.552908038409775315e+00 8.552908313899273196e+00 8.552909185072406828e+00 8.552911939952213771e+00 8.552920651531810137e+00 8.552948198811868963e+00 8.553035299402191427e+00 8.553310619342513021e+00 8.554180071321560774e+00
8.693667187890907755e+00 8.693667214215052397e+00 8.693667297459295895e+00 8.693667560700603758e+00 8.693668393141658512e+00 8.693671025540876229e+00 8.693679349812754253e+00 8.693705672417182839e+00 8.693788901225413923e+00 8.694051987119836511e+00 8.694882840803733970e+00
8.834105254236112259e+00 8.834105279565036994e+00 8.834105359662121515e+00 8.834105612951242747e+00 8.834106413920800094e+00 8.834108946799171136e+00 8.834116956366173667e+00 8.834142283862865597e+00 8.834222366619609801e+00 8.834475511091799405e+00 8.835274990822648888e+00
8.974269325060609148e+00 8.974269349577957300e+00 8.974269427108611197e+00 8.974269672281970145e+00 8.974270447587294086e+00 8.974272899308829210e+00 8.974280652241359846e+00 8.974305168247953546e+00 8.974382685429096895e+00 8.974627722268273544e+00 8.975401605620813683e+00
9.114177959921091698e+00 9.114177983776050596e+00 9.114178059212044047e+00 9.114178297761512226e+00 9.114179052120299218e+00 9.114181437603541269e+00 9.114188981076836171e+00 9.114212834761088899e+00 9.114288257937895210e+00 9.114526676865533972e+00 9.115279655457403152e+00
9.253823232602735871e+00 9.253823255918678825e+00 9.253823329650151308e+00 9.253823562809458281e+00 9.253824300123094204e+00 9.253826631705189598e+00 9.253834004731656293e+00 9.253857319450649044e+00 9.253931038596945768e+00 9.254164071482540166e+00 9.254900021836821367e+00
9.393170411705227707e+00 9.393170434586435746e+00 9.393170506943155473e+00 9.393170735755113299e+00 9.393171459321248307e+00 9.393173747430202170e+00 9.393180982985173344e+00 9.393203863006652554e+00 9.393276207744005291e+00 9.393504895674096744e+00 9.394227089608776282e+00
9.532155353151550159e+00 9.532155375688676102e+00 9.532155446957315093e+00 9.532155672328462614e+00 9.532156385013818678e+00 9.532158638714914645e+00 9.532165765464508667e+00 9.532188301430124966e+00 9.532259558296038549e+00 9.532484806073640016e+00 9.533196081194789784e+00
9.670679730521984041e+00 9.670679752796740303e+00 9.670679823235696304e+00 9.670680045983155892e+00 9.670680750371694501e+00 9.670682977836055016e+00 9.670690021618840504e+00 9.670712295228945266e+00 9.670782722483695082e+00 9.671005345336894266e+00 9.671708250524501338e+00
9.808604279337458820e+00 9.808604301426887773e+00 9.808604371279782796e+00 9.808604592173956860e+00 9.808605290701892798e+00 9.808607499633430038e+00 9.808614484810499690e+00 9.808636573092748279e+00 9.808706414209556357e+00 9.808927180314508831e+00 9.809624107341011978e+00
9.945740431919702473e+00 9.945740453900304701e+00 9.945740523409062561e+00 9.945740743214978252e+00 9.945741438301537229e+00 9.945743636350421468e+00 9.945750587112813790e+00 9.945772566555877603e+00 9.945842063282812617e+00 9.946061734892518658e+00 9.946755044664163492e+00
