1.189335743892510067e+01 1.189335743892510067e+01 1.189335743892510067e+01 1.189335743892510067e+01 1.189335743892510244e+01 1.189335743892510244e+01 1.189335743892510600e+01 1.189335743892511488e+01 1.189335743892514152e+01 1.189335743892523212e+01 1.189335743892551278e+01
1.193252744572928847e+01 1.193252744572928847e+01 1.193252744572928847e+01 1.193252744572928847e+01 1.193252744572928847e+01 1.193252744572929025e+01 1.193252744572929380e+01 1.193252744572930446e+01 1.193252744572933643e+01 1.193252744572943946e+01 1.193252744572976454e+01
1.196732204195306615e+01 1.196732204195306615e+01 1.196732204195306615e+01 1.196732204195306615e+01 1.196732204195306615e+01 1.196732204195306792e+01 1.196732204195307148e+01 1.196732204195308391e+01 1.196732204195312121e+01 1.196732204195324023e+01 1.196732204195361859e+01
1.199812970768416065e+01 1.199812970768416065e+01 1.199812970768416065e+01 1.199812970768416065e+01 1.199812970768416243e+01 1.199812970768416243e+01 1.199812970768416776e+01 1.199812970768418197e+01 1.199812970768422460e+01 1.199812970768436315e+01 1.199812970768480191e+01
1.202532559868432216e+01 1.202532559868432216e+01 1.202532559868432216e+01 1.202532559868432216e+01 1.202532559868432216e+01 1.202532559868432394e+01 1.202532559868432926e+01 1.202532559868434525e+01 1.202532559868439677e+01 1.202532559868455664e+01 1.202532559868506645e+01
1.204926656847494826e+01 1.204926656847494826e+01 1.204926656847494826e+01 1.204926656847494826e+01 1.204926656847495003e+01 1.204926656847495181e+01 1.204926656847495714e+01 1.204926656847497668e+01 1.204926656847503530e+01 1.204926656847522182e+01 1.204926656847580979e+01
1.207028786851850910e+01 1.207028786851850910e+01 1.207028786851850910e+01 1.207028786851850910e+01 1.207028786851851088e+01 1.207028786851851265e+01 1.207028786851851976e+01 1.207028786851854107e+01 1.207028786851860858e+01 1.207028786851882352e+01 1.207028786851950386e+01
1.208870119880167238e+01 1.208870119880167238e+01 1.208870119880167238e+01 1.208870119880167238e+01 1.208870119880167415e+01 1.208870119880167593e+01 1.208870119880168481e+01 1.208870119880170790e+01 1.208870119880178784e+01 1.208870119880203475e+01 1.208870119880281813e+01
1.210479381848087321e+01 1.210479381848087321e+01 1.210479381848087321e+01 1.210479381848087499e+01 1.210479381848087499e+01 1.210479381848087854e+01 1.210479381848088742e+01 1.210479381848091585e+01 1.210479381848100466e+01 1.210479381848128888e+01 1.210479381848218772e+01
1.211882846392334834e+01 1.211882846392334834e+01 1.211882846392334834e+01 1.211882846392334834e+01 1.211882846392334834e+01 1.211882846392335189e+01 1.211882846392336255e+01 1.211882846392339452e+01 1.211882846392349755e+01 1.211882846392382085e+01 1.211882846392484403e+01
1.213104386275596092e+01 1.213104386275596092e+01 1.213104386275596092e+01 1.213104386275596092e+01 1.213104386275596269e+01 1.213104386275596625e+01 1.213104386275597690e+01 1.213104386275601421e+01 1.213104386275612967e+01 1.213104386275649560e+01 1.213104386275765378e+01
