6.860572158811491406e+00 6.860572158811963916e+00 6.860572158813458721e+00 6.860572158818186494e+00 6.860572158833136314e+00 6.860572158880413163e+00 6.860572159029914907e+00 6.860572159502680734e+00 6.860572160997698177e+00 6.860572165725358218e+00 6.860572180675532650e+00
6.609070694238950772e+00 6.609070694239223442e+00 6.609070694240084087e+00 6.609070694242808131e+00 6.609070694251419908e+00 6.609070694278654123e+00 6.609070694364774567e+00 6.609070694637112275e+00 6.609070695498320269e+00 6.609070698221699125e+00 6.609070706833779951e+00
6.323661991087397460e+00 6.323661991087541345e+00 6.323661991087995204e+00 6.323661991089432277e+00 6.323661991093975310e+00 6.323661991108340708e+00 6.323661991153769257e+00 6.323661991297425899e+00 6.323661991751709621e+00 6.323661993188278707e+00 6.323661997731110596e+00
5.997037324863011776e+00 5.997037324863079277e+00 5.997037324863295993e+00 5.997037324863980778e+00 5.997037324866144381e+00 5.997037324872986908e+00 5.997037324894623822e+00 5.997037324963048199e+00 5.997037325179425338e+00 5.997037325863669111e+00 5.997037328027437830e+00
5.620978307331110813e+00 5.620978307331139234e+00 5.620978307331230717e+00 5.620978307331520263e+00 5.620978307332435975e+00 5.620978307335331436e+00 5.620978307344488556e+00 5.620978307373444061e+00 5.620978307465009038e+00 5.620978307754564085e+00 5.620978308670216528e+00
5.186218259892195981e+00 5.186218259892206639e+00 5.186218259892240390e+00 5.186218259892346971e+00 5.186218259892685367e+00 5.186218259893753846e+00 5.186218259897133365e+00 5.186218259907820816e+00 5.186218259941616004e+00 5.186218260048486073e+00 5.186218260386438850e+00
4.681898042346019473e+00 4.681898042346023026e+00 4.681898042346033684e+00 4.681898042346067434e+00 4.681898042346174016e+00 4.681898042346511524e+00 4.681898042347577338e+00 4.681898042350947975e+00 4.681898042361608780e+00 4.681898042395321369e+00 4.681898042501929424e+00
4.093280846085326274e+00 4.093280846085327163e+00 4.093280846085330715e+00 4.093280846085339597e+00 4.093280846085368019e+00 4.093280846085456837e+00 4.093280846085739277e+00 4.093280846086631897e+00 4.093280846089456304e+00 4.093280846098385162e+00 4.093280846126621242e+00
3.389957355806239025e+00 3.389957355806239470e+00 3.389957355806239914e+00 3.389957355806241690e+00 3.389957355806248351e+00 3.389957355806268335e+00 3.389957355806331840e+00 3.389957355806532568e+00 3.389957355807167172e+00 3.389957355809174011e+00 3.389957355815520490e+00
2.450751265626325281e+00 2.450751265626325281e+00 2.450751265626325726e+00 2.450751265626326170e+00 2.450751265626327502e+00 2.450751265626332387e+00 2.450751265626347042e+00 2.450751265626394559e+00 2.450751265626543773e+00 2.450751265627016284e+00 2.450751265628510200e+00
6.101951465394199747e-01 6.101951465394200858e-01 6.101951465394200858e-01 6.101951465394207519e-01 6.101951465394221952e-01 6.101951465394271912e-01 6.101951465394429563e-01 6.101951465394925833e-01 6.101951465396502350e-01 6.101951465401481700e-01 6.101951465417231324e-01
