4.866376957587632113e+00 4.367143464556844101e+00 3.867387797308503572e+00 3.367465261977039326e+00 2.867489778634014552e+00 2.367497533505643403e+00 1.867499986013967384e+00 1.367500761585461300e+00 8.675010068447288614e-01 3.675010844027220003e-01 -1.324988910712669998e-01
4.866377237662818267e+00 4.367143475002948527e+00 3.867387792439468619e+00 3.367465259607721695e+00 2.867489777801409456e+00 2.367497533234001583e+00 1.867499985927231432e+00 1.367500761557949307e+00 8.675010068360204940e-01 3.675010843999672039e-01 -1.324988910721381641e-01
4.866377429783447006e+00 4.367143479104910853e+00 3.867387787810300015e+00 3.367465257542259671e+00 2.867489777087802505e+00 2.367497533002285159e+00 1.867499985853350308e+00 1.367500761534525600e+00 8.675010068286073128e-01 3.675010843976223018e-01 -1.324988910728795988e-01
4.866377559780183937e+00 4.367143479125776828e+00 3.867387783518794198e+00 3.367465255748859576e+00 2.867489776476837893e+00 2.367497532804690330e+00 1.867499985790425976e+00 1.367500761514583107e+00 8.675010068222964721e-01 3.675010843956264539e-01 -1.324988910735110659e-01
4.866377646132301393e+00 4.367143476628695176e+00 3.867387779611439758e+00 3.367465254196762903e+00 2.867489775954219944e+00 2.367497532636238855e+00 1.867499985736838619e+00 1.367500761497605355e+00 8.675010068169244359e-01 3.675010843939271465e-01 -1.324988910740482195e-01
4.866377702026757568e+00 4.367143472681014771e+00 3.867387776101169905e+00 3.367465252857108737e+00 2.867489775507512384e+00 2.367497532492666590e+00 1.867499985691205566e+00 1.367500761483152028e+00 8.675010068123515383e-01 3.675010843924808590e-01 -1.324988910745057424e-01
4.866377736845475255e+00 4.367143468000511675e+00 3.867387772979686389e+00 3.367465251703390727e+00 2.867489775125932283e+00 2.367497532370323565e+00 1.867499985652349759e+00 1.367500761470847870e+00 8.675010068084588744e-01 3.675010843912497882e-01 -1.324988910748951254e-01
4.866377757238804946e+00 4.367143463059925068e+00 3.867387770225937604e+00 3.367465250711639158e+00 2.867489774800160429e+00 2.367497532266088278e+00 1.867499985619266001e+00 1.367500761460373582e+00 8.675010068051454137e-01 3.675010843902019042e-01 -1.324988910752265270e-01
4.866377767899685125e+00 4.367143458161477199e+00 3.867387767811866883e+00 3.367465249860431165e+00 2.867489774522161028e+00 2.367497532177293529e+00 1.867499985591098088e+00 1.367500761451457381e+00 8.675010068023250032e-01 3.675010843893100621e-01 -1.324988910755085236e-01
4.866377772121392553e+00 4.367143453489834570e+00 3.867387765706246316e+00 3.367465249130794369e+00 2.867489774285020498e+00 2.367497532101661140e+00 1.867499985567116827e+00 1.367500761443867452e+00 8.675010067999242569e-01 3.675010843885503919e-01 -1.324988910757486649e-01
4.866377772198957175e+00 4.367143449149587298e+00 3.867387763877172979e+00 3.367465248506044340e+00 2.867489774082800036e+00 2.367497532037246888e+00 1.867499985546700714e+00 1.367500761437406620e+00 8.675010067978807804e-01 3.675010843879044087e-01 -1.324988910759531124e-01
