1.304954773133422563e+00 1.304954773133422563e+00 1.304954773133422785e+00 1.304954773133423451e+00 1.304954773133425228e+00 1.304954773133431667e+00 1.304954773133451651e+00 1.304954773133514045e+00 1.304954773133712331e+00 1.304954773134339385e+00 1.304954773136322022e+00
1.176415232309221848e+00 1.176415232309221848e+00 1.176415232309221848e+00 1.176415232309222514e+00 1.176415232309224512e+00 1.176415232309230730e+00 1.176415232309250714e+00 1.176415232309313330e+00 1.176415232309511616e+00 1.176415232310138892e+00 1.176415232312121750e+00
1.047821229890774086e+00 1.047821229890774086e+00 1.047821229890774086e+00 1.047821229890774974e+00 1.047821229890776751e+00 1.047821229890783190e+00 1.047821229890802952e+00 1.047821229890865569e+00 1.047821229891064077e+00 1.047821229891691130e+00 1.047821229893674877e+00
9.191840826201773673e-01 9.191840826201774783e-01 9.191840826201775894e-01 9.191840826201783665e-01 9.191840826201802539e-01 9.191840826201865822e-01 9.191840826202063441e-01 9.191840826202689607e-01 9.191840826204674686e-01 9.191840826210949666e-01 9.191840826230788242e-01
7.905118480839691264e-01 7.905118480839693484e-01 7.905118480839695705e-01 7.905118480839701256e-01 7.905118480839719020e-01 7.905118480839784523e-01 7.905118480839982142e-01 7.905118480840608308e-01 7.905118480842593387e-01 7.905118480848867257e-01 7.905118480868706943e-01
6.618100976931703405e-01 6.618100976931705626e-01 6.618100976931706736e-01 6.618100976931713397e-01 6.618100976931734492e-01 6.618100976931795554e-01 6.618100976931995394e-01 6.618100976932621560e-01 6.618100976934604418e-01 6.618100976940880509e-01 6.618100976960721304e-01
5.330823540085244394e-01 5.330823540085244394e-01 5.330823540085245504e-01 5.330823540085253276e-01 5.330823540085274370e-01 5.330823540085335432e-01 5.330823540085534162e-01 5.330823540086161438e-01 5.330823540088146517e-01 5.330823540094420387e-01 5.330823540114264514e-01
4.043305879158311522e-01 4.043305879158310412e-01 4.043305879158314853e-01 4.043305879158320959e-01 4.043305879158339833e-01 4.043305879158403116e-01 4.043305879158602401e-01 4.043305879159228566e-01 4.043305879161213645e-01 4.043305879167490291e-01 4.043305879187334417e-01
2.755554877339692621e-01 2.755554877339691511e-01 2.755554877339694286e-01 2.755554877339700393e-01 2.755554877339719266e-01 2.755554877339783659e-01 2.755554877339981834e-01 2.755554877340609665e-01 2.755554877342593079e-01 2.755554877348869169e-01 2.755554877368716071e-01
1.467568635464809590e-01 1.467568635464810145e-01 1.467568635464812365e-01 1.467568635464819859e-01 1.467568635464839844e-01 1.467568635464901738e-01 1.467568635465100468e-01 1.467568635465727189e-01 1.467568635467711435e-01 1.467568635473988914e-01 1.467568635493839146e-01
1.793324951094669995e-02 1.793324951094679362e-02 1.793324951094707118e-02 1.793324951094753261e-02 1.793324951094966285e-02 1.793324951095586275e-02 1.793324951097584677e-02 1.793324951103849110e-02 1.793324951123715857e-02 1.793324951186480234e-02 1.793324951384970417e-02
