-4.444695749994588496e+00 -4.944695737144309433e+00 -5.444695735859281349e+00 -5.944695735730778807e+00 -6.444695735717928642e+00 -6.944695735716643448e+00 -7.444695735716514662e+00 -7.944695735716502227e+00 -8.444695735716500451e+00 -8.944695735716500451e+00 -9.444695735716500451e+00
-4.444695749994588496e+00 -4.944695737144309433e+00 -5.444695735859281349e+00 -5.944695735730778807e+00 -6.444695735717928642e+00 -6.944695735716643448e+00 -7.444695735716514662e+00 -7.944695735716502227e+00 -8.444695735716500451e+00 -8.944695735716500451e+00 -9.444695735716500451e+00
-4.444695749994588496e+00 -4.944695737144309433e+00 -5.444695735859281349e+00 -5.944695735730778807e+00 -6.444695735717928642e+00 -6.944695735716643448e+00 -7.444695735716514662e+00 -7.944695735716502227e+00 -8.444695735716500451e+00 -8.944695735716500451e+00 -9.444695735716500451e+00
-4.444695749994588496e+00 -4.944695737144309433e+00 -5.444695735859281349e+00 -5.944695735730778807e+00 -6.444695735717928642e+00 -6.944695735716643448e+00 -7.444695735716514662e+00 -7.944695735716502227e+00 -8.444695735716500451e+00 -8.944695735716500451e+00 -9.444695735716500451e+00
-4.444695749994588496e+00 -4.944695737144309433e+00 -5.444695735859281349e+00 -5.944695735730778807e+00 -6.444695735717928642e+00 -6.944695735716643448e+00 -7.444695735716514662e+00 -7.944695735716502227e+00 -8.444695735716500451e+00 -8.944695735716500451e+00 -9.444695735716500451e+00
-4.444695749994587608e+00 -4.944695737144309433e+00 -5.444695735859281349e+00 -5.944695735730778807e+00 -6.444695735717928642e+00 -6.944695735716643448e+00 -7.444695735716514662e+00 -7.944695735716502227e+00 -8.444695735716500451e+00 -8.944695735716500451e+00 -9.444695735716500451e+00
-4.444695749994575174e+00 -4.944695737144308545e+00 -5.444695735859281349e+00 -5.944695735730778807e+00 -6.444695735717928642e+00 -6.944695735716643448e+00 -7.444695735716514662e+00 -7.944695735716502227e+00 -8.444695735716500451e+00 -8.944695735716500451e+00 -9.444695735716500451e+00
-4.444695749994475698e+00 -4.944695737144300551e+00 -5.444695735859281349e+00 -5.944695735730778807e+00 -6.444695735717928642e+00 -6.944695735716643448e+00 -7.444695735716514662e+00 -7.944695735716502227e+00 -8.444695735716500451e+00 -8.944695735716500451e+00 -9.444695735716500451e+00
-4.444695749993878842e+00 -4.944695737144249925e+00 -5.444695735859279573e+00 -5.944695735730779695e+00 -6.444695735717928642e+00 -6.944695735716643448e+00 -7.444695735716514662e+00 -7.944695735716502227e+00 -8.444695735716500451e+00 -8.944695735716500451e+00 -9.444695735716500451e+00
-4.444695749991184996e+00 -4.944695737144024328e+00 -5.444695735859269803e+00 -5.944695735730783248e+00 -6.444695735717930418e+00 -6.944695735716644336e+00 -7.444695735716515550e+00 -7.944695735716502227e+00 -8.444695735716500451e+00 -8.944695735716500451e+00 -9.444695735716500451e+00
-4.444695749981672606e+00 -4.944695737143225855e+00 -5.444695735859238717e+00 -5.944695735730794794e+00 -6.444695735717936635e+00 -6.944695735716646112e+00 -7.444695735716515550e+00 -7.944695735716502227e+00 -8.444695735716500451e+00 -8.944695735716500451e+00 -9.444695735716500451e+00
