-1.641567451527701782e-01 -1.641561180556596888e-01 -1.641541350064358862e-01 -1.641478641137767980e-01 -1.641280344059919682e-01 -1.640653333230413513e-01 -1.638671146533303979e-01 -1.632408870133454371e-01 -1.612665041392504495e-01 -1.550813910809567542e-01 -1.360827492624496760e-01
-2.438694645609521330e-02 -2.438631931981122963e-02 -2.438433614671153826e-02 -2.437806486233353928e-02 -2.435823391593626430e-02 -2.429552891726393868e-02 -2.409729787610205565e-02 -2.347103122544764650e-02 -2.149652609584493460e-02 -1.531103732027632412e-02 3.688689133749363785e-03
1.154068309473680193e-01 1.154074581138303385e-01 1.154094413823609916e-01 1.154157129685078609e-01 1.154355448690736891e-01 1.154982528840061140e-01 1.156964934525706035e-01 1.163227901231910222e-01 1.182973891062001764e-01 1.244831640528059752e-01 1.434836940437109742e-01
2.552192159069727739e-01 2.552198430943708463e-01 2.552218264291050143e-01 2.552280982245941354e-01 2.552479307870478831e-01 2.553106408939495586e-01 2.555088880668639484e-01 2.561352055120369453e-01 2.581098690922567496e-01 2.642958374804983968e-01 2.832968751395288920e-01
3.950448834467021886e-01 3.950455106450772580e-01 3.950474940145230485e-01 3.950537659197672080e-01 3.950735988291796397e-01 3.951363100320763322e-01 3.953345606590019101e-01 3.959608889085538541e-01 3.979355854778296453e-01 4.041216465442045713e-01 4.231228647532171983e-01
5.348782793666498891e-01 5.348789065647125973e-01 5.348808899331688460e-01 5.348871618352714075e-01 5.349069947346141163e-01 5.349697059043295733e-01 5.351679564129386835e-01 5.357942841545927370e-01 5.377689777842349361e-01 5.439550163426047913e-01 5.629560349064214320e-01
6.747132800846058487e-01 6.747139072689199990e-01 6.747158905938976936e-01 6.747221623584938044e-01 6.747419948228428055e-01 6.748047046153933248e-01 6.750029507530799222e-01 6.756292645133514796e-01 6.776039123407278097e-01 6.837897902867265953e-01 7.027901467700703453e-01
8.145427587465682295e-01 8.145433859004583832e-01 8.145453691292245946e-01 8.145516405895526502e-01 8.145714720915249174e-01 8.146341788387889693e-01 8.148324153266121028e-01 8.154586983732267091e-01 8.174332470983379784e-01 8.236187920058183343e-01 8.426179024489059977e-01
9.543580185767539525e-01 9.543586456788286654e-01 9.543606287437379487e-01 9.543668996858795106e-01 9.543867295489462110e-01 9.544494311109880114e-01 9.546476511762163053e-01 9.552738820353359195e-01 9.572482631864345226e-01 9.634332528828488673e-01 9.824303585299005714e-01
1.094148040852441550e+00 1.094148667874588199e+00 1.094150650686738890e+00 1.094156920829553847e+00 1.094176748164593205e+00 1.094239441728954043e+00 1.094437636469741904e+00 1.095063786910578152e+00 1.097037910407832495e+00 1.103222051991388897e+00 1.122216146698291395e+00
1.233898476905706199e+00 1.233899103810351505e+00 1.233901086250927204e+00 1.233907355218673674e+00 1.233927178837370686e+00 1.233989860645133829e+00 1.234188018163387746e+00 1.234814050447337497e+00 1.236787795816492119e+00 1.242970697000525426e+00 1.261960427989315736e+00
