7.507644498859807669e+00 7.507644498932831922e+00 7.507644499163752094e+00 7.507644499893988410e+00 7.507644502203198122e+00 7.507644509505556840e+00 7.507644532597609555e+00 7.507644605620783729e+00 7.507644836537227029e+00 7.507645566728072595e+00 7.507647875483618449e+00
7.551511987249748259e+00 7.551511987303465290e+00 7.551511987473334742e+00 7.551511988010506826e+00 7.551511989709196904e+00 7.551511995080919526e+00 7.551512012067759905e+00 7.551512065784473648e+00 7.551512235647718008e+00 7.551512772763275372e+00 7.551514470879955532e+00
7.589669874156313334e+00 7.589669874185674736e+00 7.589669874278523132e+00 7.589669874572134489e+00 7.589669875500615781e+00 7.589669878436727579e+00 7.589669887721479213e+00 7.589669917081956818e+00 7.589670009923088934e+00 7.589670303464020940e+00 7.589671231236906124e+00
7.622589592177677176e+00 7.622589592177437368e+00 7.622589592176680640e+00 7.622589592174286111e+00 7.622589592166715278e+00 7.622589592142767323e+00 7.622589592066979058e+00 7.622589591826727684e+00 7.622589591061115222e+00 7.622589588581315745e+00 7.622589580152342670e+00
7.650759710353703724e+00 7.650759710318673967e+00 7.650759710207899467e+00 7.650759709857599233e+00 7.650759708749853338e+00 7.650759705246844788e+00 7.650759694169291691e+00 7.650759659138300250e+00 7.650759548353647688e+00 7.650759197952519131e+00 7.650758089193944400e+00
7.674671950046905167e+00 7.674671949972213802e+00 7.674671949736019627e+00 7.674671948989108650e+00 7.674671946627166896e+00 7.674671939158044687e+00 7.674671915538525013e+00 7.674671840846252202e+00 7.674671604640596279e+00 7.674670857613239860e+00 7.674668494510505035e+00
7.694809214050716051e+00 7.694809213932065184e+00 7.694809213556858651e+00 7.694809212370352647e+00 7.694809208618288210e+00 7.694809196753212177e+00 7.694809159232458562e+00 7.694809040580532056e+00 7.694808665361360767e+00 7.694807478725798511e+00 7.694803725371216707e+00
7.711635683914543016e+00 7.711635683748420789e+00 7.711635683223094340e+00 7.711635681561865852e+00 7.711635676308601361e+00 7.711635659696309375e+00 7.711635607163534800e+00 7.711635441039367933e+00 7.711634915699141501e+00 7.711633254332642906e+00 7.711627999682320045e+00
7.725588998243868133e+00 7.725588998027699716e+00 7.725588997344116748e+00 7.725588995182436136e+00 7.725588988346600239e+00 7.725588966729780793e+00 7.725588898371298363e+00 7.725588682201816937e+00 7.725587998604113160e+00 7.725585836780555660e+00 7.725578999516391043e+00
7.737074479945136751e+00 7.737074479677372274e+00 7.737074478830625601e+00 7.737074476152978164e+00 7.737074467685511436e+00 7.737074440909021966e+00 7.737074356234231232e+00 7.737074088468070876e+00 7.737073241707498106e+00 7.737070563919231425e+00 7.737062095047362753e+00
7.746461324288916650e+00 7.746461323969033863e+00 7.746461322957478579e+00 7.746461319758657815e+00 7.746461309643097870e+00 7.746461277654879574e+00 7.746461176499163770e+00 7.746460856615809298e+00 7.746459845046908654e+00 7.746456646096016918e+00 7.746446529234028766e+00
