1.068180749265651386e+01 1.068180760629557469e+01 1.068180796565362733e+01 1.068180910204146095e+01 1.068181269559400981e+01 1.068182405918504685e+01 1.068185999159957333e+01 1.068197358889980464e+01 1.068233229746616431e+01 1.068345656245598541e+01 1.068687965718662625e+01
1.081758522480514806e+01 1.081758533841606074e+01 1.081758569768509659e+01 1.081758683379137764e+01 1.081759042645293434e+01 1.081760178721737731e+01 1.081763771052319711e+01 1.081775127480901943e+01 1.081810976387636458e+01 1.081923100859320641e+01 1.082262685302106142e+01
1.095191797114918586e+01 1.095191808520580956e+01 1.095191844588429220e+01 1.095191958644753782e+01 1.095192319320217855e+01 1.095193459851854101e+01 1.095197066245472328e+01 1.095208466540293557e+01 1.095244438215126515e+01 1.095356660297817619e+01 1.095694591964310050e+01
1.108439772993856742e+01 1.108439784498939673e+01 1.108439820881183024e+01 1.108439935931696674e+01 1.108440299750897751e+01 1.108441450221752866e+01 1.108445088008654622e+01 1.108456586713837488e+01 1.108492847563815253e+01 1.108605625537109418e+01 1.108943128644065368e+01
1.121454199167275156e+01 1.121454210836876264e+01 1.121454247739368704e+01 1.121454364435032858e+01 1.121454733456412711e+01 1.121455900374852810e+01 1.121459590119658856e+01 1.121471251896582366e+01 1.121507998068497081e+01 1.121621872581030210e+01 1.121960376746610244e+01
1.134180154585447120e+01 1.134180166497922748e+01 1.134180204168449535e+01 1.134180323292818926e+01 1.134180699994084662e+01 1.134181891193891012e+01 1.134185657645245193e+01 1.134197560221212342e+01 1.134235026087684872e+01 1.134350644067441216e+01 1.134691831919991856e+01
1.146557748939518184e+01 1.146557761189736269e+01 1.146557799928293342e+01 1.146557922430024945e+01 1.146558309810935050e+01 1.146559534776129574e+01 1.146563407890097253e+01 1.146575645211000172e+01 1.146614112202850677e+01 1.146732250013903709e+01 1.147078094616463240e+01
1.158524701135484669e+01 1.158524713838349562e+01 1.158524754008294799e+01 1.158524881036406029e+01 1.158525282730241734e+01 1.158526552947257571e+01 1.158530568995011656e+01 1.158543254598490968e+01 1.158583060328916226e+01 1.158704645224391605e+01 1.159057432230867235e+01
1.170019566372938868e+01 1.170019579667272858e+01 1.170019621707598567e+01 1.170019754650273391e+01 1.170020175046514943e+01 1.170021504391601930e+01 1.170025707174951179e+01 1.170038977831986671e+01 1.170080525510148028e+01 1.170206654408254821e+01 1.170568982955773585e+01
1.180985211810758884e+01 1.180985225863670784e+01 1.180985270302816481e+01 1.180985410831081772e+01 1.180985855213462798e+01 1.180987260388400806e+01 1.180991702602169724e+01 1.181005722308792016e+01 1.181049490472052632e+01 1.181181444875104525e+01 1.181556199413840957e+01
1.191372069412463475e+01 1.191372084424382116e+01 1.191372131896152808e+01 1.191372282014204842e+01 1.191372756719756509e+01 1.191374257753401089e+01 1.191379002546166532e+01 1.191393966963391904e+01 1.191440519494681993e+01 1.191579774689039617e+01 1.191970051664371510e+01
