1.260417620071801892e+01 1.260417668905350119e+01 1.260417823324762665e+01 1.260418311580665218e+01 1.260419854878567669e+01 1.260424725369763976e+01 1.260439955622896413e+01 1.260485677373231717e+01 1.260610861786277148e+01 1.260899224450777467e+01 1.261356255009232008e+01
1.264215548293420355e+01 1.264215605133142439e+01 1.264215784866436643e+01 1.264216353131084780e+01 1.264218148963545829e+01 1.264223811245494211e+01 1.264241432395783882e+01 1.264293451688184611e+01 1.264430616972472521e+01 1.264720256090057582e+01 1.265076201575357828e+01
1.267586341551361784e+01 1.267586407853791286e+01 1.267586617504253965e+01 1.267587280306063491e+01 1.267589374278919401e+01 1.267595967673416979e+01 1.267616346076679790e+01 1.267675190308654543e+01 1.267822749483504552e+01 1.268097927547257164e+01 1.268300258965963501e+01
1.270568563259607942e+01 1.270568640700065721e+01 1.270568885560955330e+01 1.270569659589939882e+01 1.270572103899665883e+01 1.270579784979592830e+01 1.270603294975050801e+01 1.270669220773879182e+01 1.270823578404532483e+01 1.271061642988282792e+01 1.271053160362304268e+01
1.273199296160765392e+01 1.273199386653616294e+01 1.273199672770879154e+01 1.273200577062411298e+01 1.273203430897375732e+01 1.273212372141100168e+01 1.273239365201234286e+01 1.273312139772195373e+01 1.273466838393543199e+01 1.273637916771571810e+01 1.273363666155760754e+01
1.275513692190332193e+01 1.275513797906693014e+01 1.275514132132667733e+01 1.275515188212330742e+01 1.275518517899064719e+01 1.275528903706759110e+01 1.275559656379481233e+01 1.275638242290856894e+01 1.275783054573578745e+01 1.275851225269913947e+01 1.275266669626893545e+01
1.277544681348579658e+01 1.277544804729123129e+01 1.277545194759133551e+01 1.277546426715672823e+01 1.277550305410323617e+01 1.277562323680558265e+01 1.277596954346436853e+01 1.277679082868829319e+01 1.277799272712342216e+01 1.277725659887538434e+01 1.276803787889386577e+01
1.279322807606315493e+01 1.279322951365744920e+01 1.279323405745642006e+01 1.279324840181808653e+01 1.279329346785574728e+01 1.279343173264377143e+01 1.279381515115389689e+01 1.279463156992245665e+01 1.279539277494598970e+01 1.279286912749424943e+01 1.278021967020335836e+01
1.280876163735307927e+01 1.280876330853579859e+01 1.280876858940828811e+01 1.280878524726091960e+01 1.280883741511362928e+01 1.280899512770509041e+01 1.280940929321517530e+01 1.281015721775333738e+01 1.281024384562918783e+01 1.280563812312093575e+01 1.278970549094613141e+01
1.282230400872609621e+01 1.282230594565934467e+01 1.282231206419159797e+01 1.282233134129925389e+01 1.282239142265002307e+01 1.282256911484874529e+01 1.282300044362687075e+01 1.282358812638051759e+01 1.282274727743208764e+01 1.281588700212531329e+01 1.279697843207279107e+01
1.283408792731326287e+01 1.283409016393220448e+01 1.283409722554451449e+01 1.283411943430659008e+01 1.283418815137362046e+01 1.283438483142579400e+01 1.283480934851688460e+01 1.283511537656621293e+01 1.283310710191319082e+01 1.282396438335359967e+01 1.280248218742880439e+01
