5.587147472610088927e-01 5.587259880822627034e-01 5.587615327655631736e-01 5.588739157818567449e-01 5.592291108149965995e-01 5.603504281069660031e-01 5.638774105419173122e-01 5.748458598399552866e-01 6.078132513139197224e-01 6.981292799444978048e-01 9.005499105438683483e-01
7.179209007578136736e-01 7.179300124488063872e-01 7.179588248876450640e-01 7.180499252414686007e-01 7.183378841554177718e-01 7.192472356822477986e-01 7.221103905523892363e-01 7.310422211938546466e-01 7.581357170868903150e-01 8.341391064498664409e-01 1.012451959747531438e+00
8.718977509638422552e-01 8.719053716427859202e-01 8.719294694655592703e-01 8.720056646735753203e-01 8.722465271377732865e-01 8.730073231822643720e-01 8.754044377702189239e-01 8.828988605436459691e-01 9.057814329217023230e-01 9.711012007994095363e-01 1.129940032398101479e+00
1.022038722840560299e+00 1.022045268545047625e+00 1.022065967230864958e+00 1.022131415731019954e+00 1.022338317174148026e+00 1.022991949039335324e+00 1.025052464020844267e+00 1.031504782164456735e+00 1.051299916203499940e+00 1.108547887017259370e+00 1.251731545039427740e+00
1.169376666211219051e+00 1.169382417469035484e+00 1.169400604041926250e+00 1.169458110023520403e+00 1.169639909808514844e+00 1.170214310873367136e+00 1.172025742877922605e+00 1.177704771100533065e+00 1.195189776561156103e+00 1.246259947039667138e+00 1.376860988058135948e+00
1.314672497522025418e+00 1.314677649160503892e+00 1.314693939669622003e+00 1.314745450761564571e+00 1.314908302939969742e+00 1.315422885226264826e+00 1.317046136259999001e+00 1.322139738466046932e+00 1.337864874811669935e+00 1.384146567534397132e+00 1.504608908034527515e+00
1.458484203328429318e+00 1.458488894216330101e+00 1.458503727772907377e+00 1.458550632263449609e+00 1.458698923956375904e+00 1.459167530506807697e+00 1.460646075655151366e+00 1.465288791477076247e+00 1.479651998300900884e+00 1.522177864494527189e+00 1.634437905241928890e+00
1.601219513172083220e+00 1.601223844579871658e+00 1.601237541409666898e+00 1.601280851745892964e+00 1.601417782636552767e+00 1.601850512219942901e+00 1.603216092606747356e+00 1.607506393409479317e+00 1.620801138848846135e+00 1.660349228074432304e+00 1.765942344801999520e+00
1.743175543875120193e+00 1.743179591153974695e+00 1.743192389525263675e+00 1.743232859046915717e+00 1.743360810098447677e+00 1.743765178941327099e+00 1.745041433284425292e+00 1.749052796946783728e+00 1.761499368692191148e+00 1.798663725553950821e+00 1.898811451343725087e+00
1.884568335444631870e+00 1.884572155659608672e+00 1.884584236018938208e+00 1.884622435258076711e+00 1.884743209751478243e+00 1.885124911345684495e+00 1.886329754670628578e+00 1.890117953944753459e+00 1.901884353929146787e+00 1.937124246920156390e+00 2.032803144961935260e+00
2.025554693693213171e+00 2.025558330736481505e+00 2.025569831876707916e+00 2.025606199671176721e+00 2.025721184696824384e+00 2.026084599049461588e+00 2.027231818877132774e+00 2.030839830312332950e+00 2.042056010674702549e+00 2.075730640157800622e+00 2.167725759626104587e+00
