-8.224464400083336457e+00 -8.224464379104789558e+00 -8.224464312764807161e+00 -8.224464102979428759e+00 -8.224463439580480539e+00 -8.224461341735477049e+00 -8.224454707833773526e+00 -8.224433730261482722e+00 -8.224367400020964780e+00 -8.224157712029777301e+00 -8.223495285886217587e+00
-7.736461705249721099e+00 -7.736461698414825783e+00 -7.736461676800991505e+00 -7.736461608452052552e+00 -7.736461392313799479e+00 -7.736460708825338095e+00 -7.736458547452124357e+00 -7.736451712660685764e+00 -7.736430099860274190e+00 -7.736361761261959735e+00 -7.736145726381952414e+00
-7.319847951380405782e+00 -7.319847948747740141e+00 -7.319847940422520516e+00 -7.319847914095868546e+00 -7.319847830843693615e+00 -7.319847567577305369e+00 -7.319846735056937170e+00 -7.319844102406879216e+00 -7.319835777341438643e+00 -7.319809452223175583e+00 -7.319726215389884771e+00
-6.962925946589009207e+00 -6.962925945419145002e+00 -6.962925941719708689e+00 -6.962925930021064858e+00 -6.962925893026707946e+00 -6.962925776040298942e+00 -6.962925406096999836e+00 -6.962924236235643605e+00 -6.962920536829947160e+00 -6.962908838489340724e+00 -6.962871847161838268e+00
-6.655341246020716639e+00 -6.655341245433267439e+00 -6.655341243575590759e+00 -6.655341237701100532e+00 -6.655341219124331076e+00 -6.655341160379435905e+00 -6.655340974611817728e+00 -6.655340387163550808e+00 -6.655338529494250643e+00 -6.655332655080413495e+00 -6.655314079075688838e+00
-6.387979048821972761e+00 -6.387979048494404566e+00 -6.387979047458542503e+00 -6.387979044182859667e+00 -6.387979033824239927e+00 -6.387979001067410678e+00 -6.387978897481238150e+00 -6.387978569913160598e+00 -6.387977534053572271e+00 -6.387974258394197413e+00 -6.387963900012329610e+00
-6.152934954910916687e+00 -6.152934954711079207e+00 -6.152934954079138485e+00 -6.152934952080763686e+00 -6.152934945761350249e+00 -6.152934925777608477e+00 -6.152934862583475883e+00 -6.152934662746141647e+00 -6.152934030805609744e+00 -6.152932032440234345e+00 -6.152925713114567152e+00
-5.943494641780205257e+00 -5.943494641648507049e+00 -5.943494641232041076e+00 -5.943494639915059885e+00 -5.943494635750399269e+00 -5.943494622580587361e+00 -5.943494580933985638e+00 -5.943494449235894095e+00 -5.943494032770225033e+00 -5.943492715792771719e+00 -5.943488551170674761e+00
-5.754079554385750583e+00 -5.754079554293010546e+00 -5.754079553999742913e+00 -5.754079553072346087e+00 -5.754079550139660881e+00 -5.754079540865696174e+00 -5.754079511538845004e+00 -5.754079418799213030e+00 -5.754079125530878080e+00 -5.754078198136276967e+00 -5.754075265470079970e+00
-5.580147953157891472e+00 -5.580147953088767210e+00 -5.580147952870177619e+00 -5.580147952178938553e+00 -5.580147949993046197e+00 -5.580147943080647543e+00 -5.580147921221724872e+00 -5.580147852097749883e+00 -5.580147633508621752e+00 -5.580146942269828436e+00 -5.580144756388074612e+00
-5.418063396032061441e+00 -5.418063395977973151e+00 -5.418063395806931304e+00 -5.418063395266049298e+00 -5.418063393555629936e+00 -5.418063388146808990e+00 -5.418063371042617149e+00 -5.418063316954419228e+00 -5.418063145912561218e+00 -5.418062605031156664e+00 -5.418060894618408341e+00
