-6.421285626617536657e+00 -6.421243711226846784e+00 -6.421111189740392078e+00 -6.420692385933429946e+00 -6.419370663665268317e+00 -6.415217288413557206e+00 -6.402338622053830974e+00 -6.363957675833179728e+00 -6.261018481154479787e+00 -6.038995968537572701e+00 -5.683799307576382631e+00
-6.292955943572085431e+00 -6.292914635230869358e+00 -6.292784032638102154e+00 -6.292371289263079426e+00 -6.291068655663019094e+00 -6.286974893260569353e+00 -6.274277539631533784e+00 -6.236406527786356513e+00 -6.134634229949928574e+00 -5.914363701066579715e+00 -5.560639092870707678e+00
-6.164154678572602464e+00 -6.164113771477462755e+00 -6.163984437236472047e+00 -6.163575699751385528e+00 -6.162285684192719160e+00 -6.158231333163422860e+00 -6.145653904642462528e+00 -6.108120623524004422e+00 -6.007123650635201706e+00 -5.788023736255229146e+00 -5.435288819273164762e+00
-6.034759549208115637e+00 -6.034718887931515674e+00 -6.034590330733262675e+00 -6.034184047439688392e+00 -6.032901762509268018e+00 -6.028871559768860244e+00 -6.016367633967824702e+00 -5.979041525795318002e+00 -5.878521142635893426e+00 -5.660143411337762664e+00 -5.308021524415950765e+00
-5.904688895002344395e+00 -5.904648363305476266e+00 -5.904520215714937237e+00 -5.904115226123033189e+00 -5.902837016386306423e+00 -5.898819544108116375e+00 -5.886354374025497549e+00 -5.849137555694789548e+00 -5.748868890305523394e+00 -5.530873396376600581e+00 -5.179076740170908799e+00
-5.773894364845116201e+00 -5.773853877131237766e+00 -5.773725868573141184e+00 -5.773321318101327648e+00 -5.772044491615687889e+00 -5.768031340575597632e+00 -5.755579326809507457e+00 -5.718399617331571427e+00 -5.618216469175495220e+00 -5.400350961936408289e+00 -5.048665030374118956e+00
-5.642354597921524828e+00 -5.642314092571663053e+00 -5.642186028265327558e+00 -5.641781301718195252e+00 -5.640503920585474340e+00 -5.636489036836552557e+00 -5.624031747652779245e+00 -5.586837157767837070e+00 -5.486619714959814154e+00 -5.268702072775713674e+00 -4.916971732250932980e+00
-5.510069709372557689e+00 -5.510029143466784518e+00 -5.509900887740214692e+00 -5.509495556611862632e+00 -5.508216271021631805e+00 -5.504195437846431282e+00 -5.491720035643117725e+00 -5.454474359477902823e+00 -5.354139208266978756e+00 -5.136042702527431558e+00 -4.784160067248747872e+00
-5.377056471909829938e+00 -5.377015817002524400e+00 -5.376887279937903941e+00 -5.376481060234116427e+00 -5.375198975612037522e+00 -5.371169398602074985e+00 -5.358667377627793549e+00 -5.321346640178018284e+00 -5.220838622465763024e+00 -5.002479658954541719e+00 -4.650373761254712690e+00
-5.243344131692502685e+00 -5.243303370414200693e+00 -5.243174497106142695e+00 -5.242767215417411641e+00 -5.241481785550959671e+00 -5.237441758709664441e+00 -5.224907928258748058e+00 -5.187497515491823030e+00 -5.086783104420012691e+00 -4.868111124835021286e+00 -4.515739284960188726e+00
-5.108970819724627077e+00 -5.108929943048567957e+00 -5.108800704963472050e+00 -5.108392271173677557e+00 -5.107103212236165923e+00 -5.103051849324808487e+00 -5.090483515170865836e+00 -5.052975860050078261e+00 -4.952037798581343075e+00 -4.733027053598545919e+00 -4.380367798144519931e+00
