-1.875835380851382350e+00 -1.875835380851382350e+00 -1.875835380851382350e+00 -1.875835380851382350e+00 -1.875835380851382350e+00 -1.875835380851382350e+00 -1.875835380851382350e+00 -1.875835380851382350e+00 -1.875835380851382350e+00 -1.875835380851382350e+00 -1.875835380851382128e+00
-2.011393325565141943e+00 -2.011393325565141943e+00 -2.011393325565141943e+00 -2.011393325565141943e+00 -2.011393325565141943e+00 -2.011393325565141943e+00 -2.011393325565141943e+00 -2.011393325565141943e+00 -2.011393325565141943e+00 -2.011393325565141943e+00 -2.011393325565141943e+00
-2.148407539760846863e+00 -2.148407539760846863e+00 -2.148407539760846863e+00 -2.148407539760846863e+00 -2.148407539760846863e+00 -2.148407539760846863e+00 -2.148407539760846863e+00 -2.148407539760846863e+00 -2.148407539760846863e+00 -2.148407539760846863e+00 -2.148407539760846419e+00
-2.287242974827357500e+00 -2.287242974827357500e+00 -2.287242974827357500e+00 -2.287242974827357500e+00 -2.287242974827357500e+00 -2.287242974827357500e+00 -2.287242974827357500e+00 -2.287242974827357500e+00 -2.287242974827357500e+00 -2.287242974827357500e+00 -2.287242974827357056e+00
-2.428364985552013966e+00 -2.428364985552013966e+00 -2.428364985552013966e+00 -2.428364985552013966e+00 -2.428364985552013966e+00 -2.428364985552013966e+00 -2.428364985552013966e+00 -2.428364985552013966e+00 -2.428364985552013966e+00 -2.428364985552013966e+00 -2.428364985552013966e+00
-2.572326186229308753e+00 -2.572326186229308753e+00 -2.572326186229308753e+00 -2.572326186229308753e+00 -2.572326186229308753e+00 -2.572326186229308753e+00 -2.572326186229308753e+00 -2.572326186229308753e+00 -2.572326186229308753e+00 -2.572326186229308753e+00 -2.572326186229308753e+00
-2.719934452925095059e+00 -2.719934452925095059e+00 -2.719934452925095059e+00 -2.719934452925095059e+00 -2.719934452925095059e+00 -2.719934452925095059e+00 -2.719934452925095059e+00 -2.719934452925095059e+00 -2.719934452925095059e+00 -2.719934452925095059e+00 -2.719934452925095059e+00
-2.872161595644250109e+00 -2.872161595644250109e+00 -2.872161595644250109e+00 -2.872161595644250109e+00 -2.872161595644250109e+00 -2.872161595644250109e+00 -2.872161595644250109e+00 -2.872161595644250109e+00 -2.872161595644250109e+00 -2.872161595644250109e+00 -2.872161595644250109e+00
-3.030314361004522006e+00 -3.030314361004522006e+00 -3.030314361004522006e+00 -3.030314361004522006e+00 -3.030314361004522006e+00 -3.030314361004522006e+00 -3.030314361004522006e+00 -3.030314361004522006e+00 -3.030314361004522006e+00 -3.030314361004522006e+00 -3.030314361004521562e+00
-3.196279632847747632e+00 -3.196279632847747632e+00 -3.196279632847747632e+00 -3.196279632847747632e+00 -3.196279632847747632e+00 -3.196279632847747632e+00 -3.196279632847747632e+00 -3.196279632847747632e+00 -3.196279632847747632e+00 -3.196279632847747632e+00 -3.196279632847747632e+00
-3.372291071992842504e+00 -3.372291071992842504e+00 -3.372291071992842504e+00 -3.372291071992842504e+00 -3.372291071992842504e+00 -3.372291071992842504e+00 -3.372291071992842504e+00 -3.372291071992842504e+00 -3.372291071992842504e+00 -3.372291071992842504e+00 -3.372291071992842060e+00
