1.318163257403593924e+01 1.317835290187271546e+01 1.317006841923319627e+01 1.315458264590957604e+01 1.312962374861411874e+01 1.309233011189065543e+01 1.303901027703350302e+01 1.296500275536628166e+01 1.286449236701066212e+01 1.273031824983459614e+01 1.255402267869997779e+01
1.318480775565767615e+01 1.318076159552103022e+01 1.317166742443026806e+01 1.315556366051955806e+01 1.313020068071386603e+01 1.309265950034211912e+01 1.303919202129789845e+01 1.296509755334577818e+01 1.286453659471326816e+01 1.273033384522920386e+01 1.255402313891144317e+01
1.318735174518004527e+01 1.318260086277843612e+01 1.317285102594414603e+01 1.315627806884358719e+01 1.313061677821543860e+01 1.309289496520426077e+01 1.303932031653536505e+01 1.296516295548964059e+01 1.286456557492764219e+01 1.273034237712490935e+01 1.255402107698714254e+01
1.318935564710523778e+01 1.318398788083895923e+01 1.317372123651932370e+01 1.315679640843171683e+01 1.313091603219890580e+01 1.309306270457474497e+01 1.303941035255524916e+01 1.296520753865757669e+01 1.286458396179232011e+01 1.273034620281194407e+01 1.255401754419923854e+01
1.319090887459964812e+01 1.318502308820881908e+01 1.317435759870082457e+01 1.315717130551517755e+01 1.313113064359036208e+01 1.309318172261257551e+01 1.303947308356685753e+01 1.296523745033274189e+01 1.286459506094098160e+01 1.273034696921322428e+01 1.255401324920092421e+01
1.319209545833354014e+01 1.318578928320649979e+01 1.317482094213707455e+01 1.315744168840877037e+01 1.313128409050938572e+01 1.309326577405179215e+01 1.303951639388263395e+01 1.296525708551269496e+01 1.286460121028742698e+01 1.273034581751372585e+01 1.255400866027377837e+01
1.319299071289709424e+01 1.318635259809249227e+01 1.317515710735393952e+01 1.315763616884166431e+01 1.313139343873399945e+01 1.309332479457118836e+01 1.303954594682644696e+01 1.296526957708989869e+01 1.286460405481545699e+01 1.273034353016026010e+01 1.255400407825375986e+01
1.319365920204506892e+01 1.318676455742330589e+01 1.317540026012069099e+01 1.315777567458878394e+01 1.313147106243929585e+01 1.309336594793182762e+01 1.303956580149105271e+01 1.296527715058013719e+01 1.286460474459586223e+01 1.273034063625847168e+01 1.255399968837651237e+01
1.319415418816816121e+01 1.318706454439691811e+01 1.317557565535620689e+01 1.315787545662402991e+01 1.313152591535408931e+01 1.309339438984817861e+01 1.303957886000138622e+01 1.296528138037683320e+01 1.286460407726729471e+01 1.273033748697434042e+01 1.255399559699262646e+01
1.319451825027096881e+01 1.318728222830880981e+01 1.317570184602278616e+01 1.315794659695339774e+01 1.313156446428445712e+01 1.309341382373683160e+01 1.303958719136825195e+01 1.296528337462809155e+01 1.286460260038982106e+01 1.273033430933718613e+01 1.255399185744511747e+01
1.319478459044606744e+01 1.318743971795593950e+01 1.317579239817669290e+01 1.315799712947939248e+01 1.313159137173389013e+01 1.309342690421633471e+01 1.303959226567265439e+01 1.296528390844207479e+01 1.286460068483699715e+01 1.273033124451273324e+01 1.255398848820148139e+01
