1.067362228294805782e+01 1.067362228294800275e+01 1.067362228294782511e+01 1.067362228294726734e+01 1.067362228294550164e+01 1.067362228293991677e+01 1.067362228292225446e+01 1.067362228286640402e+01 1.067362228268978974e+01 1.067362228213128539e+01 1.067362228036514082e+01
1.067714297891673425e+01 1.067714297891665431e+01 1.067714297891640030e+01 1.067714297891559738e+01 1.067714297891305897e+01 1.067714297890503516e+01 1.067714297887965813e+01 1.067714297879940766e+01 1.067714297854563554e+01 1.067714297774313970e+01 1.067714297520541855e+01
1.068007873688192433e+01 1.068007873688181597e+01 1.068007873688147313e+01 1.068007873688038956e+01 1.068007873687696296e+01 1.068007873686612896e+01 1.068007873683187015e+01 1.068007873672353192e+01 1.068007873638093663e+01 1.068007873529755436e+01 1.068007873187159440e+01
1.068251284645225141e+01 1.068251284645211285e+01 1.068251284645167054e+01 1.068251284645027255e+01 1.068251284644585120e+01 1.068251284643187127e+01 1.068251284638766485e+01 1.068251284624787090e+01 1.068251284580579963e+01 1.068251284440784943e+01 1.068251283998714030e+01
1.068451921414485994e+01 1.068451921414468586e+01 1.068451921414413519e+01 1.068451921414239436e+01 1.068451921413688765e+01 1.068451921411947581e+01 1.068451921406441230e+01 1.068451921389028847e+01 1.068451921333965871e+01 1.068451921159841511e+01 1.068451920609211570e+01
1.068616314191855210e+01 1.068616314191834249e+01 1.068616314191767636e+01 1.068616314191556960e+01 1.068616314190890648e+01 1.068616314188783711e+01 1.068616314182121130e+01 1.068616314161052294e+01 1.068616314094426478e+01 1.068616313883737412e+01 1.068616313217479252e+01
1.068750201378439790e+01 1.068750201378414921e+01 1.068750201378336406e+01 1.068750201378087539e+01 1.068750201377300968e+01 1.068750201374813358e+01 1.068750201366946939e+01 1.068750201342071193e+01 1.068750201263407362e+01 1.068750201014650081e+01 1.068750200228009994e+01
1.068858592250665218e+01 1.068858592250636441e+01 1.068858592250545492e+01 1.068858592250257900e+01 1.068858592249348582e+01 1.068858592246473016e+01 1.068858592237379668e+01 1.068858592208624003e+01 1.068858592117690876e+01 1.068858591830134586e+01 1.068858590920801177e+01
1.068945826383134090e+01 1.068945826383101583e+01 1.068945826382998376e+01 1.068945826382672060e+01 1.068945826381639996e+01 1.068945826378376829e+01 1.068945826368057439e+01 1.068945826335424698e+01 1.068945826232230978e+01 1.068945825905903746e+01 1.068945824873966188e+01
1.069015631759299545e+01 1.069015631759263130e+01 1.069015631759147844e+01 1.069015631758783513e+01 1.069015631757631191e+01 1.069015631753987527e+01 1.069015631742465189e+01 1.069015631706028024e+01 1.069015631590803572e+01 1.069015631226432284e+01 1.069015630074188472e+01
1.069268920611356144e+01 1.069268920611283136e+01 1.069268920611052387e+01 1.069268920610322482e+01 1.069268920608014817e+01 1.069268920600717365e+01 1.069268920577640536e+01 1.069268920504664955e+01 1.069268920273896661e+01 1.069268919544144936e+01 1.069268917236487226e+01
