-2.094695975549258626e-02 -2.094651789954767029e-02 -2.094512063132218313e-02 -2.094070211081275681e-02 -2.092672981795705781e-02 -2.088254850653288586e-02 -2.074286450478647625e-02 -2.030144034651825899e-02 -1.890848005020765929e-02 -1.453272774035368337e-02 -9.785868557054017581e-04
4.789542095679759082e-01 4.789543495945424723e-01 4.789547923971290144e-01 4.789561926588846719e-01 4.789606206456413218e-01 4.789746228721307175e-01 4.790188988293275218e-01 4.791588820004659133e-01 4.796012509490402143e-01 4.809971863283362126e-01 4.853822224054037959e-01
9.057684657592761646e-01 9.057685184116219812e-01 9.057686849129176210e-01 9.057692114358250057e-01 9.057708764432513826e-01 9.057761416170306834e-01 9.057927911383730768e-01 9.058454373474729149e-01 9.060118772906675666e-01 9.065377872073985266e-01 9.081966815287136896e-01
1.271561409772095530e+00 1.271561432672799974e+00 1.271561505091178157e+00 1.271561734098118679e+00 1.271562458280855568e+00 1.271564748339799156e+00 1.271571990062566826e+00 1.271594889606032508e+00 1.271667296375386114e+00 1.271896187270326051e+00 1.272619210939559542e+00
1.587077009208279987e+00 1.587077020482731804e+00 1.587077056135677289e+00 1.587077168880171474e+00 1.587077525409374079e+00 1.587078652851779959e+00 1.587082218118450960e+00 1.587093492288981444e+00 1.587129142420577343e+00 1.587241858779930626e+00 1.587598106800401476e+00
1.861831760804832037e+00 1.861831766972906532e+00 1.861831786478070017e+00 1.861831848158807201e+00 1.861832043210367216e+00 1.861832660016981666e+00 1.861834610524992550e+00 1.861840778515251760e+00 1.861860282836570235e+00 1.861921955152060937e+00 1.862116922521109608e+00
2.104115384953293866e+00 2.104115388644729467e+00 2.104115400318073092e+00 2.104115437232424224e+00 2.104115553965832053e+00 2.104115923109072916e+00 2.104117090440432936e+00 2.104120781845664645e+00 2.104132454887478243e+00 2.104169366222133686e+00 2.104286069469389897e+00
2.320975548939001598e+00 2.320975551323684272e+00 2.320975558864712518e+00 2.320975582711537921e+00 2.320975658121811058e+00 2.320975896589946963e+00 2.320976650691544574e+00 2.320979035361562470e+00 2.320986576264114642e+00 2.321010421830115078e+00 2.321085819515404935e+00
2.518243278720424971e+00 2.518243280364481862e+00 2.518243285563445788e+00 2.518243302004013362e+00 2.518243353993648181e+00 2.518243518399268410e+00 2.518244038295078369e+00 2.518245682345888081e+00 2.518250881250077011e+00 2.518267321219081811e+00 2.518319304870566988e+00
2.700617613213859514e+00 2.700617614411839895e+00 2.700617618200187309e+00 2.700617630179993789e+00 2.700617668063466148e+00 2.700617787861502084e+00 2.700618166695936573e+00 2.700619364673432443e+00 2.700623152989157116e+00 2.700635132477871458e+00 2.700673012772890846e+00
2.871798067759956385e+00 2.871798068675018634e+00 2.871798071568699484e+00 2.871798080719322410e+00 2.871798109656131359e+00 2.871798201162342412e+00 2.871798490530263592e+00 2.871799405590707011e+00 2.871802299253217061e+00 2.871811449690644835e+00 2.871840384645746536e+00
