7.843581840538738525e+00 7.843581840538738525e+00 7.843581840538739414e+00 7.843581840538740302e+00 7.843581840538742966e+00 7.843581840538752736e+00 7.843581840538782934e+00 7.843581840538879746e+00 7.843581840539184391e+00 7.843581840540148065e+00 7.843581840543195405e+00
7.984031084012914725e+00 7.984031084012914725e+00 7.984031084012915613e+00 7.984031084012916502e+00 7.984031084012919166e+00 7.984031084012928048e+00 7.984031084012957358e+00 7.984031084013048840e+00 7.984031084013338386e+00 7.984031084014254986e+00 7.984031084017153113e+00
8.123855732185894851e+00 8.123855732185894851e+00 8.123855732185894851e+00 8.123855732185896628e+00 8.123855732185898404e+00 8.123855732185907286e+00 8.123855732185935707e+00 8.123855732186022749e+00 8.123855732186301637e+00 8.123855732187179157e+00 8.123855732189959156e+00
8.263036802156515037e+00 8.263036802156515037e+00 8.263036802156515037e+00 8.263036802156516814e+00 8.263036802156518590e+00 8.263036802156527472e+00 8.263036802156554117e+00 8.263036802156639382e+00 8.263036802156907612e+00 8.263036802157756711e+00 8.263036802160440786e+00
8.401493330750980704e+00 8.401493330750980704e+00 8.401493330750980704e+00 8.401493330750982480e+00 8.401493330750984256e+00 8.401493330750993138e+00 8.401493330751019784e+00 8.401493330751101496e+00 8.401493330751362620e+00 8.401493330752188626e+00 8.401493330754798095e+00
8.539079555814154787e+00 8.539079555814154787e+00 8.539079555814154787e+00 8.539079555814154787e+00 8.539079555814158340e+00 8.539079555814165445e+00 8.539079555814192091e+00 8.539079555814272027e+00 8.539079555814527822e+00 8.539079555815334288e+00 8.539079555817888689e+00
8.675579577471790316e+00 8.675579577471790316e+00 8.675579577471792092e+00 8.675579577471792092e+00 8.675579577471793868e+00 8.675579577471802750e+00 8.675579577471827619e+00 8.675579577471907555e+00 8.675579577472158022e+00 8.675579577472952053e+00 8.675579577475465598e+00
8.810701243327509147e+00 8.810701243327509147e+00 8.810701243327509147e+00 8.810701243327510923e+00 8.810701243327512699e+00 8.810701243327521581e+00 8.810701243327546450e+00 8.810701243327624610e+00 8.810701243327873300e+00 8.810701243328660226e+00 8.810701243331147126e+00
8.944071550063259934e+00 8.944071550063259934e+00 8.944071550063259934e+00 8.944071550063261711e+00 8.944071550063263487e+00 8.944071550063272369e+00 8.944071550063297238e+00 8.944071550063375398e+00 8.944071550063622311e+00 8.944071550064407461e+00 8.944071550066885479e+00
9.075236287146376313e+00 9.075236287146376313e+00 9.075236287146376313e+00 9.075236287146378089e+00 9.075236287146379865e+00 9.075236287146388747e+00 9.075236287146411840e+00 9.075236287146491776e+00 9.075236287146740466e+00 9.075236287147525616e+00 9.075236287150012515e+00
9.203666627267018896e+00 9.203666627267018896e+00 9.203666627267018896e+00 9.203666627267018896e+00 9.203666627267022449e+00 9.203666627267029554e+00 9.203666627267054423e+00 9.203666627267134359e+00 9.203666627267384825e+00 9.203666627268178857e+00 9.203666627270690626e+00
