-3.515263661446485166e+00 -3.015346972198916564e+00 -2.515373320698364168e+00 -2.015381653158174746e+00 -1.515384288146597314e+00 -1.015389084038132550e+00 -5.153853846011022810e-01 -1.538546792711667152e-02 4.846145057228806730e-01 9.846144973902776210e-01 1.484614494755274183e+00
-3.486057090773152289e+00 -3.005895172084179556e+00 -2.512361918403427818e+00 -2.014427085975316611e+00 -1.515082198902605759e+00 -1.015293155308140793e+00 -5.153551661816785368e-01 -1.537591179468090694e-02 4.846175276602211479e-01 9.846154530130751814e-01 1.484614796949977666e+00
-2.578251875227467682e+00 -2.481374293165561351e+00 -2.268582954288330011e+00 -1.921267902923869952e+00 -1.483244211220094755e+00 -1.004964714954233562e+00 -5.120747882349664382e-01 -1.433583427752428176e-02 4.849467033960562778e-01 9.847195749962212030e-01 1.484647725962067399e+00
-8.945519206659109379e-01 -8.923093794514026511e-01 -8.852931015319528418e-01 -8.638234826375245090e-01 -8.021720158375447163e-01 -6.503419355837039006e-01 -3.641167197291575452e-01 3.856534929171957088e-02 5.023434117366535334e-01 9.902995037600621497e-01 1.486420310180492699e+00
5.820710624102680697e-01 5.821460866656597011e-01 5.823832489340899921e-01 5.831323706817758135e-01 5.854928333284716846e-01 5.928739429237044334e-01 6.154222223699921113e-01 6.798779706040753990e-01 8.370814511399866653e-01 1.129422399935069876e+00 1.535823921248003598e+00
1.839751851734988009e+00 1.839755997039098867e+00 1.839769105381296788e+00 1.839810554995354286e+00 1.839941604154968324e+00 1.840355757929679426e+00 1.841662833993572113e+00 1.845770470928205231e+00 1.858510032987307214e+00 1.896499826758935026e+00 1.998544339349904053e+00
2.910278515391161225e+00 2.910278867788183010e+00 2.910279982163531010e+00 2.910283506108979790e+00 2.910294649614772133e+00 2.910329886592569082e+00 2.910441296888569340e+00 2.910793419205715438e+00 2.911905052553297235e+00 2.915401736289489953e+00 2.926277504733111545e+00
3.821484051310977570e+00 3.821484094545586352e+00 3.821484231265395604e+00 3.821484663611110388e+00 3.821486030805473888e+00 3.821490354225341335e+00 3.821504025796158999e+00 3.821547256266959902e+00 3.821683934705670360e+00 3.822115867011423695e+00 3.823478936593797339e+00
4.597097355032749633e+00 4.597097362281193256e+00 4.597097385202783215e+00 4.597097457687208788e+00 4.597097686903008018e+00 4.597098411746213031e+00 4.597100703893727491e+00 4.597107952220989446e+00 4.597130872648251376e+00 4.597203345443467981e+00 4.597432444985652289e+00
5.257367265644741217e+00 5.257367267229957619e+00 5.257367272242853495e+00 5.257367288095021074e+00 5.257367338223972730e+00 5.257367496745599666e+00 5.257367998034616186e+00 5.257369583245867339e+00 5.257374596085913510e+00 5.257390447697229519e+00 5.257440571086201331e+00
5.819657897569918248e+00 5.819657898004612306e+00 5.819657899379235388e+00 5.819657903726175974e+00 5.819657917472409459e+00 5.819657960941811758e+00 5.819658098404102198e+00 5.819658533097748609e+00 5.819659907716891567e+00 5.819664254615664056e+00 5.819678000430214659e+00
