8.125844432640384696e+00 8.125844432640384696e+00 8.125844432640384696e+00 8.125844432640384696e+00 8.125844432640386472e+00 8.125844432640391801e+00 8.125844432640406012e+00 8.125844432640453974e+00 8.125844432640604964e+00 8.125844432641081028e+00 8.125844432642583826e+00
8.078647407272468328e+00 8.078647407272468328e+00 8.078647407272468328e+00 8.078647407272468328e+00 8.078647407272470105e+00 8.078647407272475434e+00 8.078647407272491421e+00 8.078647407272541159e+00 8.078647407272697478e+00 8.078647407273196634e+00 8.078647407274770487e+00
8.026171544171967653e+00 8.026171544171967653e+00 8.026171544171967653e+00 8.026171544171967653e+00 8.026171544171969430e+00 8.026171544171974759e+00 8.026171544171990746e+00 8.026171544172042260e+00 8.026171544172202132e+00 8.026171544172710171e+00 8.026171544174315997e+00
7.968181314422150940e+00 7.968181314422150940e+00 7.968181314422151829e+00 7.968181314422151829e+00 7.968181314422153605e+00 7.968181314422158934e+00 7.968181314422174921e+00 7.968181314422225547e+00 7.968181314422386308e+00 7.968181314422894346e+00 7.968181314424502837e+00
7.904491646168025909e+00 7.904491646168025909e+00 7.904491646168025909e+00 7.904491646168026797e+00 7.904491646168028574e+00 7.904491646168033014e+00 7.904491646168049002e+00 7.904491646168099628e+00 7.904491646168257724e+00 7.904491646168760433e+00 7.904491646170348496e+00
7.834979550976517437e+00 7.834979550976517437e+00 7.834979550976518325e+00 7.834979550976518325e+00 7.834979550976520102e+00 7.834979550976524543e+00 7.834979550976540530e+00 7.834979550976589380e+00 7.834979550976744811e+00 7.834979550977236862e+00 7.834979550978791174e+00
7.759595188667334220e+00 7.759595188667334220e+00 7.759595188667334220e+00 7.759595188667335108e+00 7.759595188667335997e+00 7.759595188667341326e+00 7.759595188667356425e+00 7.759595188667404386e+00 7.759595188667555377e+00 7.759595188668034105e+00 7.759595188669547561e+00
7.678371235505124126e+00 7.678371235505124126e+00 7.678371235505125014e+00 7.678371235505125014e+00 7.678371235505126791e+00 7.678371235505131231e+00 7.678371235505146331e+00 7.678371235505192516e+00 7.678371235505339065e+00 7.678371235505803583e+00 7.678371235507271741e+00
7.591429224512976859e+00 7.591429224512977747e+00 7.591429224512977747e+00 7.591429224512977747e+00 7.591429224512979523e+00 7.591429224512983964e+00 7.591429224512998175e+00 7.591429224513042584e+00 7.591429224513185581e+00 7.591429224513634999e+00 7.591429224515058749e+00
7.498981500633002284e+00 7.498981500633002284e+00 7.498981500633003172e+00 7.498981500633003172e+00 7.498981500633004948e+00 7.498981500633009389e+00 7.498981500633023600e+00 7.498981500633066233e+00 7.498981500633204789e+00 7.498981500633640884e+00 7.498981500635021114e+00
7.401327672101790434e+00 7.401327672101790434e+00 7.401327672101790434e+00 7.401327672101790434e+00 7.401327672101792210e+00 7.401327672101795763e+00 7.401327672101809085e+00 7.401327672101851718e+00 7.401327672101985833e+00 7.401327672102409494e+00 7.401327672103750643e+00
