4.433981872774476862e+00 4.433981872774471533e+00 4.433981872774453770e+00 4.433981872774397814e+00 4.433981872774221067e+00 4.433981872773662403e+00 4.433981872771895816e+00 4.433981872766308285e+00 4.433981872748637976e+00 4.433981872692761783e+00 4.433981872516064904e+00
4.433793518774555409e+00 4.433793518774550080e+00 4.433793518774533204e+00 4.433793518774477249e+00 4.433793518774302278e+00 4.433793518773748055e+00 4.433793518771996567e+00 4.433793518766457886e+00 4.433793518748943008e+00 4.433793518693557090e+00 4.433793518518409194e+00
4.433551031392735986e+00 4.433551031392730657e+00 4.433551031392712893e+00 4.433551031392658714e+00 4.433551031392484632e+00 4.433551031391936625e+00 4.433551031390202901e+00 4.433551031384720176e+00 4.433551031367382933e+00 4.433551031312555679e+00 4.433551031139177923e+00
4.433239437109375736e+00 4.433239437109370407e+00 4.433239437109353531e+00 4.433239437109299352e+00 4.433239437109127934e+00 4.433239437108586145e+00 4.433239437106871961e+00 4.433239437101453184e+00 4.433239437084317558e+00 4.433239437030129793e+00 4.433239436858770866e+00
4.432839855591506506e+00 4.432839855591501177e+00 4.432839855591484302e+00 4.432839855591430123e+00 4.432839855591261369e+00 4.432839855590726685e+00 4.432839855589036482e+00 4.432839855583690536e+00 4.432839855566784060e+00 4.432839855513322824e+00 4.432839855344261615e+00
4.432328556622743498e+00 4.432328556622738169e+00 4.432328556622721294e+00 4.432328556622668891e+00 4.432328556622502802e+00 4.432328556621976112e+00 4.432328556620311666e+00 4.432328556615048321e+00 4.432328556598402969e+00 4.432328556545765963e+00 4.432328556379314222e+00
4.431675831412139388e+00 4.431675831412134059e+00 4.431675831412117184e+00 4.431675831412065669e+00 4.431675831411902244e+00 4.431675831411385325e+00 4.431675831409750188e+00 4.431675831404580101e+00 4.431675831388230513e+00 4.431675831336527871e+00 4.431675831173030211e+00
4.430844644939237575e+00 4.430844644939232246e+00 4.430844644939216259e+00 4.430844644939165633e+00 4.430844644939004873e+00 4.430844644938498611e+00 4.430844644936897225e+00 4.430844644931831944e+00 4.430844644915816311e+00 4.430844644865167936e+00 4.430844644705005386e+00
4.429789043370535140e+00 4.429789043370530699e+00 4.429789043370514712e+00 4.429789043370464974e+00 4.429789043370308654e+00 4.429789043369813939e+00 4.429789043368249857e+00 4.429789043363303591e+00 4.429789043347662769e+00 4.429789043298201001e+00 4.429789043141791005e+00
4.428452293383961624e+00 4.428452293383956295e+00 4.428452293383941196e+00 4.428452293383893235e+00 4.428452293383741356e+00 4.428452293383259963e+00 4.428452293381737626e+00 4.428452293376924587e+00 4.428452293361703873e+00 4.428452293313572596e+00 4.428452293161367237e+00
4.426764736819754020e+00 4.426764736819749579e+00 4.426764736819734480e+00 4.426764736819688295e+00 4.426764736819540857e+00 4.426764736819074564e+00 4.426764736817599299e+00 4.426764736812934586e+00 4.426764736798183719e+00 4.426764736751536589e+00 4.426764736604027028e+00
