1.004419012741811201e+01 1.004419012741811201e+01 1.004419012741811201e+01 1.004419012741811201e+01 1.004419012741811201e+01 1.004419012741811201e+01 1.004419012741811201e+01 1.004419012741811201e+01 1.004419012741811201e+01 1.004419012741811201e+01 1.004419012741811201e+01
1.001021548263658900e+01 1.001021548263658900e+01 1.001021548263658900e+01 1.001021548263658900e+01 1.001021548263658900e+01 1.001021548263658900e+01 1.001021548263658900e+01 1.001021548263658900e+01 1.001021548263658900e+01 1.001021548263658900e+01 1.001021548263658900e+01
9.972342499633445101e+00 9.972342499633445101e+00 9.972342499633445101e+00 9.972342499633445101e+00 9.972342499633445101e+00 9.972342499633445101e+00 9.972342499633445101e+00 9.972342499633445101e+00 9.972342499633445101e+00 9.972342499633445101e+00 9.972342499633445101e+00
9.930267778891815666e+00 9.930267778891815666e+00 9.930267778891815666e+00 9.930267778891815666e+00 9.930267778891815666e+00 9.930267778891815666e+00 9.930267778891815666e+00 9.930267778891815666e+00 9.930267778891815666e+00 9.930267778891815666e+00 9.930267778891815666e+00
9.883693551071099037e+00 9.883693551071099037e+00 9.883693551071099037e+00 9.883693551071099037e+00 9.883693551071099037e+00 9.883693551071099037e+00 9.883693551071099037e+00 9.883693551071099037e+00 9.883693551071099037e+00 9.883693551071099037e+00 9.883693551071099037e+00
9.832336078195613283e+00 9.832336078195613283e+00 9.832336078195613283e+00 9.832336078195613283e+00 9.832336078195613283e+00 9.832336078195613283e+00 9.832336078195613283e+00 9.832336078195613283e+00 9.832336078195613283e+00 9.832336078195613283e+00 9.832336078195613283e+00
9.775935559645827055e+00 9.775935559645827055e+00 9.775935559645827055e+00 9.775935559645827055e+00 9.775935559645827055e+00 9.775935559645827055e+00 9.775935559645827055e+00 9.775935559645827055e+00 9.775935559645827055e+00 9.775935559645827055e+00 9.775935559645827055e+00
9.714267341323987281e+00 9.714267341323987281e+00 9.714267341323987281e+00 9.714267341323987281e+00 9.714267341323987281e+00 9.714267341323987281e+00 9.714267341323987281e+00 9.714267341323987281e+00 9.714267341323987281e+00 9.714267341323987281e+00 9.714267341323987281e+00
9.647154010346334019e+00 9.647154010346334019e+00 9.647154010346334019e+00 9.647154010346334019e+00 9.647154010346334019e+00 9.647154010346334019e+00 9.647154010346334019e+00 9.647154010346334019e+00 9.647154010346334019e+00 9.647154010346334019e+00 9.647154010346334019e+00
9.574477696835582918e+00 9.574477696835582918e+00 9.574477696835582918e+00 9.574477696835582918e+00 9.574477696835582918e+00 9.574477696835582918e+00 9.574477696835582918e+00 9.574477696835582918e+00 9.574477696835582918e+00 9.574477696835582918e+00 9.574477696835582918e+00
9.496191625677745662e+00 9.496191625677745662e+00 9.496191625677745662e+00 9.496191625677745662e+00 9.496191625677745662e+00 9.496191625677745662e+00 9.496191625677745662e+00 9.496191625677745662e+00 9.496191625677745662e+00 9.496191625677745662e+00 9.496191625677745662e+00
