-3.547939031341509519e+01 -3.497939031341509519e+01 -3.447939031341509519e+01 -3.397939031341509519e+01 -3.347939031341509519e+01 -3.297939031341509519e+01 -3.247939031341509519e+01 -3.197939031341509519e+01 -3.147939031341509519e+01 -3.097939031341509519e+01 -3.047939031341509519e+01
-3.576875564071694669e+01 -3.526875564071694669e+01 -3.476875564071694669e+01 -3.426875564071694669e+01 -3.376875564071694669e+01 -3.326875564071694669e+01 -3.276875564071694669e+01 -3.226875564071694669e+01 -3.176875564071694313e+01 -3.126875564071694313e+01 -3.076875564071694313e+01
-3.608975174283135345e+01 -3.558975174283135345e+01 -3.508975174283135345e+01 -3.458975174283135345e+01 -3.408975174283135345e+01 -3.358975174283135345e+01 -3.308975174283135345e+01 -3.258975174283135345e+01 -3.208975174283135345e+01 -3.158975174283135345e+01 -3.108975174283135345e+01
-3.644898738501382951e+01 -3.594898738501382951e+01 -3.544898738501382951e+01 -3.494898738501382951e+01 -3.444898738501382951e+01 -3.394898738501382951e+01 -3.344898738501382951e+01 -3.294898738501382951e+01 -3.244898738501382951e+01 -3.194898738501382951e+01 -3.144898738501382951e+01
-3.685436115866735918e+01 -3.635436115866735918e+01 -3.585436115866735918e+01 -3.535436115866735918e+01 -3.485436115866735918e+01 -3.435436115866735918e+01 -3.385436115866735918e+01 -3.335436115866735918e+01 -3.285436115866735918e+01 -3.235436115866735918e+01 -3.185436115866736273e+01
-3.731520887637262973e+01 -3.681520887637262973e+01 -3.631520887637262973e+01 -3.581520887637262973e+01 -3.531520887637262973e+01 -3.481520887637262973e+01 -3.431520887637262973e+01 -3.381520887637262973e+01 -3.331520887637262973e+01 -3.281520887637262973e+01 -3.231520887637262973e+01
-3.784242815709917807e+01 -3.734242815709917807e+01 -3.684242815709917807e+01 -3.634242815709917807e+01 -3.584242815709917807e+01 -3.534242815709917807e+01 -3.484242815709917807e+01 -3.434242815709917807e+01 -3.384242815709917807e+01 -3.334242815709917807e+01 -3.284242815709917807e+01
-3.844858440848329906e+01 -3.794858440848329906e+01 -3.744858440848329906e+01 -3.694858440848329906e+01 -3.644858440848329906e+01 -3.594858440848329906e+01 -3.544858440848329906e+01 -3.494858440848329906e+01 -3.444858440848329906e+01 -3.394858440848329906e+01 -3.344858440848329906e+01
-3.914802166599193356e+01 -3.864802166599193356e+01 -3.814802166599193356e+01 -3.764802166599193356e+01 -3.714802166599193356e+01 -3.664802166599193356e+01 -3.614802166599193356e+01 -3.564802166599193356e+01 -3.514802166599193356e+01 -3.464802166599193356e+01 -3.414802166599193356e+01
-3.995701807054281574e+01 -3.945701807054281574e+01 -3.895701807054281574e+01 -3.845701807054281574e+01 -3.795701807054281574e+01 -3.745701807054281574e+01 -3.695701807054281574e+01 -3.645701807054281574e+01 -3.595701807054281574e+01 -3.545701807054281574e+01 -3.495701807054281574e+01
-4.089402047688948727e+01 -4.039402047688948727e+01 -3.989402047688948727e+01 -3.939402047688948727e+01 -3.889402047688948727e+01 -3.839402047688948727e+01 -3.789402047688948727e+01 -3.739402047688948727e+01 -3.689402047688948727e+01 -3.639402047688948727e+01 -3.589402047688948727e+01
