-1.157627053282099894e+01 -1.149175302861933190e+01 -1.130519285262393048e+01 -1.103073416581749022e+01 -1.090513277116235002e+01 -1.117913931717527376e+01 -1.164013020573552915e+01 -1.213400262583238032e+01 -1.263276824516764485e+01 -1.313245020563049437e+01 -1.363235691724735510e+01
-1.143920611219311034e+01 -1.135543649574577962e+01 -1.117239517416787820e+01 -1.091692547063649599e+01 -1.085226226096639834e+01 -1.117004746381209479e+01 -1.163911554099123791e+01 -1.213389845601767369e+01 -1.263275762584953732e+01 -1.313244909608281574e+01 -1.363235679170703385e+01
-1.130305531106132477e+01 -1.122031878590085796e+01 -1.104202486898024027e+01 -1.081060592255213315e+01 -1.080945502529094959e+01 -1.116333282491469170e+01 -1.163837848657549223e+01 -1.213382287412446559e+01 -1.263274990381134089e+01 -1.313244828346456217e+01 -1.363235669800217664e+01
-1.116814653679981895e+01 -1.108681637916586205e+01 -1.091484672874221218e+01 -1.071312747408206256e+01 -1.077554675710009668e+01 -1.115839836728860845e+01 -1.163784337840267114e+01 -1.213376802793777998e+01 -1.263274428529839710e+01 -1.313244768728882939e+01 -1.363235662777200119e+01
-1.103489959155021261e+01 -1.095545842750777865e+01 -1.079179260803868168e+01 -1.062567022173332631e+01 -1.074919408175429147e+01 -1.115478553282067686e+01 -1.163745502755957340e+01 -1.213372822169874787e+01 -1.263274019447851693e+01 -1.313244724904049932e+01 -1.363235657489777175e+01
-1.090384009959533884e+01 -1.082690123755921618e+01 -1.067395306285365386e+01 -1.054906392013933036e+01 -1.072903721602787996e+01 -1.115214757765110498e+01 -1.163717325091305632e+01 -1.213369932451828070e+01 -1.263273721355668222e+01 -1.313244692615574394e+01 -1.363235653489442001e+01
-1.077560838997048798e+01 -1.070193374179694779e+01 -1.056253888085888981e+01 -1.048364209390033430e+01 -1.071381733306429496e+01 -1.115022530632225894e+01 -1.163696882860030435e+01 -1.213367834071082996e+01 -1.263273503934891906e+01 -1.313244668765425338e+01 -1.363235650446831393e+01
-1.065095793472436014e+01 -1.058146760661570696e+01 -1.045880464442804758e+01 -1.042917891336924185e+01 -1.070244183762100043e+01 -1.114882659564074174e+01 -1.163682053255055493e+01 -1.213366309791341280e+01 -1.263273345179361407e+01 -1.313244651097014604e+01 -1.363235648119565191e+01
-1.053073835143603709e+01 -1.046650617923240567e+01 -1.036393493732724380e+01 -1.038493277814989391e+01 -1.069400644211642692e+01 -1.114780991499205953e+01 -1.163671295090909830e+01 -1.213365202079772942e+01 -1.263273229111945284e+01 -1.313244637965229700e+01 -1.363235646328843487e+01
-1.041585971493461926e+01 -1.035808961996559496e+01 -1.027890714043506648e+01 -1.034977989202939774e+01 -1.068778862609668501e+01 -1.114707147222273953e+01 -1.163663489972580756e+01 -1.213364396693536484e+01 -1.263273144129018277e+01 -1.313244628169523409e+01 -1.363235644942406921e+01
-1.030723874338810830e+01 -1.025721926367193149e+01 -1.020435818255325877e+01 -1.032239067244569775e+01 -1.068322596974226002e+01 -1.114653540002071530e+01 -1.163657826577455801e+01 -1.213363810777073049e+01 -1.263273081800026354e+01 -1.313244620832743159e+01 -1.363235643862120305e+01
