1.138616734182517831e+01 1.138616734182517831e+01 1.138616734182517831e+01 1.138616734182517831e+01 1.138616734182517831e+01 1.138616734182517831e+01 1.138616734182517831e+01 1.138616734182517831e+01 1.138616734182517831e+01 1.138616734182517831e+01 1.138616734182517831e+01
1.135657618353699583e+01 1.135657618353699583e+01 1.135657618353699583e+01 1.135657618353699583e+01 1.135657618353699583e+01 1.135657618353699583e+01 1.135657618353699583e+01 1.135657618353699583e+01 1.135657618353699583e+01 1.135657618353699583e+01 1.135657618353699583e+01
1.132351264298231008e+01 1.132351264298231008e+01 1.132351264298231008e+01 1.132351264298231008e+01 1.132351264298231008e+01 1.132351264298231008e+01 1.132351264298231008e+01 1.132351264298231008e+01 1.132351264298231008e+01 1.132351264298231008e+01 1.132351264298231008e+01
1.128667519533069452e+01 1.128667519533069452e+01 1.128667519533069452e+01 1.128667519533069452e+01 1.128667519533069452e+01 1.128667519533069452e+01 1.128667519533069452e+01 1.128667519533069452e+01 1.128667519533069452e+01 1.128667519533069452e+01 1.128667519533069452e+01
1.124575986183849352e+01 1.124575986183849352e+01 1.124575986183849352e+01 1.124575986183849352e+01 1.124575986183849352e+01 1.124575986183849352e+01 1.124575986183849352e+01 1.124575986183849352e+01 1.124575986183849352e+01 1.124575986183849352e+01 1.124575986183849352e+01
1.120046670041817016e+01 1.120046670041817016e+01 1.120046670041817016e+01 1.120046670041817016e+01 1.120046670041817016e+01 1.120046670041817016e+01 1.120046670041817016e+01 1.120046670041817016e+01 1.120046670041817016e+01 1.120046670041817016e+01 1.120046670041817016e+01
1.115050778351842453e+01 1.115050778351842453e+01 1.115050778351842453e+01 1.115050778351842453e+01 1.115050778351842453e+01 1.115050778351842453e+01 1.115050778351842453e+01 1.115050778351842453e+01 1.115050778351842453e+01 1.115050778351842453e+01 1.115050778351842453e+01
1.109561664421850402e+01 1.109561664421850402e+01 1.109561664421850402e+01 1.109561664421850402e+01 1.109561664421850402e+01 1.109561664421850402e+01 1.109561664421850402e+01 1.109561664421850402e+01 1.109561664421850402e+01 1.109561664421850402e+01 1.109561664421850402e+01
1.103555902379796905e+01 1.103555902379796905e+01 1.103555902379796905e+01 1.103555902379796905e+01 1.103555902379796905e+01 1.103555902379796905e+01 1.103555902379796905e+01 1.103555902379796905e+01 1.103555902379796905e+01 1.103555902379796905e+01 1.103555902379796905e+01
1.097014455363492047e+01 1.097014455363492047e+01 1.097014455363492047e+01 1.097014455363492047e+01 1.097014455363492047e+01 1.097014455363492047e+01 1.097014455363492047e+01 1.097014455363492047e+01 1.097014455363492047e+01 1.097014455363492047e+01 1.097014455363492047e+01
1.089923876123525304e+01 1.089923876123525304e+01 1.089923876123525304e+01 1.089923876123525304e+01 1.089923876123525304e+01 1.089923876123525304e+01 1.089923876123525304e+01 1.089923876123525304e+01 1.089923876123525304e+01 1.089923876123525304e+01 1.089923876123525304e+01
