3.520043330421830152e+00 3.520043330421831929e+00 3.520043330421835925e+00 3.520043330421850136e+00 3.520043330421895433e+00 3.520043330422037542e+00 3.520043330422487848e+00 3.520043330423910710e+00 3.520043330428410666e+00 3.520043330442639729e+00 3.520043330487636624e+00
3.386292815837424364e+00 3.386292815837425252e+00 3.386292815837429249e+00 3.386292815837442571e+00 3.386292815837482983e+00 3.386292815837612213e+00 3.386292815838018999e+00 3.386292815839306858e+00 3.386292815843378712e+00 3.386292815856255523e+00 3.386292815896974950e+00
3.250822597908765488e+00 3.250822597908766820e+00 3.250822597908770373e+00 3.250822597908781919e+00 3.250822597908817890e+00 3.250822597908932909e+00 3.250822597909295730e+00 3.250822597910442369e+00 3.250822597914069245e+00 3.250822597925537849e+00 3.250822597961806171e+00
3.113050746380054967e+00 3.113050746380056300e+00 3.113050746380059408e+00 3.113050746380069178e+00 3.113050746380101153e+00 3.113050746380201517e+00 3.113050746380518596e+00 3.113050746381521350e+00 3.113050746384692591e+00 3.113050746394721457e+00 3.113050746426435200e+00
2.972202510143145293e+00 2.972202510143146181e+00 2.972202510143148846e+00 2.972202510143157728e+00 2.972202510143184817e+00 2.972202510143270526e+00 2.972202510143541865e+00 2.972202510144400289e+00 2.972202510147115007e+00 2.972202510155699695e+00 2.972202510182846424e+00
2.827246619117032012e+00 2.827246619117032456e+00 2.827246619117035120e+00 2.827246619117042226e+00 2.827246619117064874e+00 2.827246619117136373e+00 2.827246619117363302e+00 2.827246619118080506e+00 2.827246619120347582e+00 2.827246619127516958e+00 2.827246619150189044e+00
2.676817300160603263e+00 2.676817300160603708e+00 2.676817300160605484e+00 2.676817300160611257e+00 2.676817300160629909e+00 2.676817300160688085e+00 2.676817300160871937e+00 2.676817300161454138e+00 2.676817300163294444e+00 2.676817300169114233e+00 2.676817300187518178e+00
2.519108611342825821e+00 2.519108611342826265e+00 2.519108611342827597e+00 2.519108611342832482e+00 2.519108611342846693e+00 2.519108611342892434e+00 2.519108611343037207e+00 2.519108611343494619e+00 2.519108611344940130e+00 2.519108611349512028e+00 2.519108611363969352e+00
2.351741168656823699e+00 2.351741168656824144e+00 2.351741168656825032e+00 2.351741168656828584e+00 2.351741168656839687e+00 2.351741168656874326e+00 2.351741168656983572e+00 2.351741168657329517e+00 2.351741168658423309e+00 2.351741168661881876e+00 2.351741168672820237e+00
2.171566039119798841e+00 2.171566039119799285e+00 2.171566039119799729e+00 2.171566039119802394e+00 2.171566039119810387e+00 2.171566039119835256e+00 2.171566039119914748e+00 2.171566039120165215e+00 2.171566039120957914e+00 2.171566039123465242e+00 2.171566039131392234e+00
1.974401988029730770e+00 1.974401988029730770e+00 1.974401988029731214e+00 1.974401988029732991e+00 1.974401988029738542e+00 1.974401988029755861e+00 1.974401988029810484e+00 1.974401988029983679e+00 1.974401988030531019e+00 1.974401988032261857e+00 1.974401988037735700e+00
