-9.829384711708337719e+00 -9.829380639594173630e+00 -9.829367792247694524e+00 -9.829327463167320644e+00 -9.829202900056827730e+00 -9.828838389862889713e+00 -9.827970498622560669e+00 -9.827798891641961632e+00 -9.845648723961405224e+00 -9.961036768755619164e+00 -1.025386392613814657e+01
-9.771070546351388941e+00 -9.771071004888403522e+00 -9.771072485342308767e+00 -9.771077470923048125e+00 -9.771096265372600342e+00 -9.771185636359435378e+00 -9.771756766148005369e+00 -9.776121748912325771e+00 -9.806991462885489952e+00 -9.944471231449082183e+00 -1.025027835418913114e+01
-9.720342449854550537e+00 -9.720347598276886103e+00 -9.720363909663992885e+00 -9.720415796840264022e+00 -9.720582925634172256e+00 -9.721141486907585616e+00 -9.723195354601118723e+00 -9.732177590448097604e+00 -9.775651881841456614e+00 -9.931991033644729683e+00 -1.024766149266436521e+01
-9.676669108731173807e+00 -9.676679034983795447e+00 -9.676710454900526059e+00 -9.676810116393848915e+00 -9.677128287672413620e+00 -9.678164071335448426e+00 -9.681720304224462836e+00 -9.695313176653479914e+00 -9.750672094613523910e+00 -9.922677168285902738e+00 -1.024575532050699422e+01
-9.639438077273904781e+00 -9.639452800002366928e+00 -9.639499386804343928e+00 -9.639647001065728915e+00 -9.640116717728281159e+00 -9.641630682825663712e+00 -9.646685504854808357e+00 -9.664798447905837975e+00 -9.731074649328677495e+00 -9.915777509513695520e+00 -1.024436878489134450e+01
-9.607993783362914542e+00 -9.608013256593503471e+00 -9.608074864201560317e+00 -9.608269962293238819e+00 -9.608889670864053656e+00 -9.610876180421508153e+00 -9.617403995870816402e+00 -9.639869335016191698e+00 -9.715920301765249789e+00 -9.910695202401472059e+00 -1.024336125739663039e+01
-9.581670007621495344e+00 -9.581694127395891769e+00 -9.581770426285391551e+00 -9.582011958341928093e+00 -9.582778260015139438e+00 -9.585225757472993990e+00 -9.593181399865075676e+00 -9.619764029383045312e+00 -9.704350743601681373e+00 -9.906967591655629235e+00 -1.024262967194659524e+01
-9.559815713421015104e+00 -9.559844325717410385e+00 -9.559934827978178618e+00 -9.560221242564558963e+00 -9.561129145282649233e+00 -9.564020963342532156e+00 -9.573342398202138170e+00 -9.603751647675011327e+00 -9.695614749406024302e+00 -9.904242334088191768e+00 -1.024209872865784732e+01
-9.541814123702334172e+00 -9.541847033068206585e+00 -9.541951119717074548e+00 -9.542280450332198072e+00 -9.543323643683779167e+00 -9.546638887724192557e+00 -9.557250185375719909e+00 -9.591153240392639390e+00 -9.689078826700523450e+00 -9.902254619537275815e+00 -1.024171353879078517e+01
-9.527095593180670008e+00 -9.527132571596620636e+00 -9.527249520622412149e+00 -9.527619474536310307e+00 -9.528790612213237310e+00 -9.532505069588825819e+00 -9.544319491309851244e+00 -9.581355710623128630e+00 -9.684225445453771286e+00 -9.900807366809003085e+00 -1.024143415799890988e+01
-9.469563548564103428e+00 -9.469636836937933566e+00 -9.469868064706849609e+00 -9.470593808891690557e+00 -9.472847295551549252e+00 -9.479678427831178311e+00 -9.499395988734336882e+00 -9.551471619190309070e+00 -9.670924685212041183e+00 -9.896967982449986323e+00 -1.024069658829449203e+01
