1.042473781063812766e+01 1.042849456616221993e+01 1.029519147373640209e+01 1.000837276342020132e+01 9.594920290518066608e+00 9.117083360440542350e+00 8.621061408246822211e+00 8.121769227873931740e+00 7.621928085259321861e+00 7.121971561856586419e+00 6.621984627684365243e+00
1.049651464133807721e+01 1.048298457346423440e+01 1.032955600685260578e+01 1.002394817991763354e+01 9.599159601161259658e+00 9.117722935143742546e+00 8.621117630569944623e+00 8.121769207256713585e+00 7.621926223393518107e+00 7.121970785843036111e+00 6.621984363518048866e+00
1.056809773082231096e+01 1.053623546111571407e+01 1.036193215836762604e+01 1.003778133553690743e+01 9.602652762534415132e+00 9.118217102086596526e+00 8.621157967654639265e+00 8.121768187987179033e+00 7.621924470111492766e+00 7.121970087003882455e+00 6.621984128048965523e+00
1.063905106572839188e+01 1.058781110019538474e+01 1.039203283448231652e+01 1.004984808152462428e+01 9.605476839988757121e+00 9.118592581632189109e+00 8.621186030342290252e+00 8.121766507547489411e+00 7.621922844994626800e+00 7.121969462725045830e+00 6.621983919568496191e+00
1.070894659764881141e+01 1.063729679063219180e+01 1.041962760313084502e+01 1.006018227160890177e+01 9.607719118659526103e+00 9.118873422014599939e+00 8.621204820482759601e+00 8.121764429983047151e+00 7.621921358450308936e+00 7.121968908918329788e+00 6.621983736044642299e+00
1.077735362563485211e+01 1.068429715987390516e+01 1.044454678423549687e+01 1.006886863176472602e+01 9.609469515516694926e+00 9.119080320476390611e+00 8.621216757169193556e+00 8.121762154187674554e+00 7.621920013649835290e+00 7.121968420560163437e+00 6.621983575285022461e+00
1.084382800896857191e+01 1.072843740145130198e+01 1.046668654819503530e+01 1.007603350908476791e+01 9.610814578985126033e+00 9.119230470896447116e+00 8.621223740078862718e+00 8.121759824282316131e+00 7.621918808365538034e+00 7.121967992123988012e+00 6.621983435058774958e+00
1.090790251093316066e+01 1.076936844741680588e+01 1.048601428142040781e+01 1.008183377388251145e+01 9.611833294353779422e+00 9.119337753762039256e+00 8.621227228099892059e+00 8.121757540228893291e+00 7.621917736578671665e+00 7.121967617911004744e+00 6.621983313183382514e+00
1.096908053357490154e+01 1.080677848543947128e+01 1.050257267452688481e+01 1.008644454279835578e+01 9.612594656763862488e+00 9.119413114705000822e+00 8.621228319424179887e+00 8.121755367615660859e+00 7.621916789806752135e+00 7.121967292291143004e+00 6.621983207582991859e+00
1.102683683069195553e+01 1.084041156958188701e+01 1.051648026764176791e+01 1.009004680730014059e+01 9.613156762535009392e+00 9.119465018529030687e+00 8.621227825347768103e+00 8.121753346107487559e+00 7.621915958148174575e+00 7.121967009869090148e+00 6.621983116324468455e+00
1.108063000702714973e+01 1.087009254548668835e+01 1.052792604781707553e+01 1.009281628580652068e+01 9.613567043201667772e+00 9.119499905074011536e+00 8.621226334179331374e+00 8.121751496411697246e+00 7.621915231069619878e+00 7.121966765590552306e+00 6.621983037636715252e+00
