8.187205396068685914e+00 8.187201789325763812e+00 8.187190032750148561e+00 8.187149361905829537e+00 8.186986385157817736e+00 8.186147333524376180e+00 8.180979767861924046e+00 8.156040003364577018e+00 8.089912711273550272e+00 7.974827566096980291e+00 7.807354800572706033e+00
8.164183938619743230e+00 8.164186156405465411e+00 8.164192878389519237e+00 8.164211231740949870e+00 8.164240545869409615e+00 8.164057316106019258e+00 8.161170501696794588e+00 8.141725878616581369e+00 8.081502770831718863e+00 7.970290281474976979e+00 7.805053750562930048e+00
8.137639313141397324e+00 8.137646362101857989e+00 8.137668416500650537e+00 8.137735799305644946e+00 8.137925439177037035e+00 8.138296500252337751e+00 8.137444977421559145e+00 8.123674703714684142e+00 8.070526400991129279e+00 7.964278924138355364e+00 7.801983343500609180e+00
8.107225673347231876e+00 8.107236592229254413e+00 8.107270932706528654e+00 8.107377647831702561e+00 8.107696378382613034e+00 8.108519488245626405e+00 8.109411129078512914e+00 8.101243179923882209e+00 8.056325248691491581e+00 7.956352529445145372e+00 7.797897003748460065e+00
8.072598174521964154e+00 8.072612068934422069e+00 8.072655859855384364e+00 8.072792868359609741e+00 8.073211430846967573e+00 8.074388797229856252e+00 8.076710819239831807e+00 8.073815812986042673e+00 8.038148196683238211e+00 7.945964939262645466e+00 7.792477169174419238e+00
8.033419719120107771e+00 8.033435787939135153e+00 8.033486488631110589e+00 8.033645684037397317e+00 8.034137748206742202e+00 8.035580073418978841e+00 8.039023351008749430e+00 8.040848542548026501e+00 8.015179379199613763e+00 7.932457324407006460e+00 7.785320710158764257e+00
7.989368786947254719e+00 7.989386339187054098e+00 7.989441757813701805e+00 7.989616141894972934e+00 7.990158921752090748e+00 7.991788121312142223e+00 7.996066581987923527e+00 8.001903144847194227e+00 7.986586195790229326e+00 7.915061660965699630e+00 7.775925517756026473e+00
7.940148418942232666e+00 7.940166881168818414e+00 7.940225198475620694e+00 7.940408959492192942e+00 7.940983496549693044e+00 7.942734093050865418e+00 7.947597643825810465e+00 7.956664725443094888e+00 7.951584225643851589e+00 7.892921239277498557e+00 7.763681635145504245e+00
7.885496333328338991e+00 7.885515248726179038e+00 7.885575015207331617e+00 7.885763520227043522e+00 7.886354675075520682e+00 7.888174031969657385e+00 7.893415018092312607e+00 7.904940926015112446e+00 7.909508872787421652e+00 7.865133114847384199e+00 7.747871911176804183e+00
7.825195993184893339e+00 7.825215014059470953e+00 7.825275126236501677e+00 7.825464846058084234e+00 7.826061062309216609e+00 7.827908718836064317e+00 7.833362981383351631e+00 7.846648114578405497e+00 7.859878291069902545e+00 7.830813133877528642e+00 7.727688319515841009e+00
7.759088217998137083e+00 7.759107093776906439e+00 7.759166756161879341e+00 7.759355144143441407e+00 7.759948057556176337e+00 7.761794457329814989e+00 7.767338534930626537e+00 7.781793116063421500e+00 7.802432531670252303e+00 7.789176794573053897e+00 7.702269673785670179e+00
