1.178739774164428766e+01 1.178739774164428766e+01 1.178739774164428766e+01 1.178739774164428766e+01 1.178739774164428766e+01 1.178739774164428766e+01 1.178739774164428766e+01 1.178739774164428766e+01 1.178739774164428766e+01 1.178739774164428766e+01 1.178739774164428766e+01
1.178445414868883212e+01 1.178445414868883212e+01 1.178445414868883212e+01 1.178445414868883212e+01 1.178445414868883212e+01 1.178445414868883212e+01 1.178445414868883212e+01 1.178445414868883212e+01 1.178445414868883212e+01 1.178445414868883212e+01 1.178445414868883212e+01
1.178104919573111253e+01 1.178104919573111253e+01 1.178104919573111253e+01 1.178104919573111253e+01 1.178104919573111253e+01 1.178104919573111253e+01 1.178104919573111253e+01 1.178104919573111253e+01 1.178104919573111253e+01 1.178104919573111253e+01 1.178104919573111253e+01
1.177711911456371219e+01 1.177711911456371219e+01 1.177711911456371219e+01 1.177711911456371219e+01 1.177711911456371219e+01 1.177711911456371219e+01 1.177711911456371219e+01 1.177711911456371219e+01 1.177711911456371219e+01 1.177711911456371219e+01 1.177711911456371219e+01
1.177259202181774356e+01 1.177259202181774356e+01 1.177259202181774356e+01 1.177259202181774356e+01 1.177259202181774356e+01 1.177259202181774356e+01 1.177259202181774356e+01 1.177259202181774356e+01 1.177259202181774356e+01 1.177259202181774356e+01 1.177259202181774356e+01
1.176738701656534580e+01 1.176738701656534580e+01 1.176738701656534580e+01 1.176738701656534580e+01 1.176738701656534580e+01 1.176738701656534580e+01 1.176738701656534580e+01 1.176738701656534580e+01 1.176738701656534580e+01 1.176738701656534580e+01 1.176738701656534580e+01
1.176141323021155216e+01 1.176141323021155216e+01 1.176141323021155216e+01 1.176141323021155216e+01 1.176141323021155216e+01 1.176141323021155216e+01 1.176141323021155216e+01 1.176141323021155216e+01 1.176141323021155216e+01 1.176141323021155216e+01 1.176141323021155216e+01
1.175456883750700143e+01 1.175456883750700143e+01 1.175456883750700143e+01 1.175456883750700143e+01 1.175456883750700143e+01 1.175456883750700143e+01 1.175456883750700143e+01 1.175456883750700143e+01 1.175456883750700143e+01 1.175456883750700143e+01 1.175456883750700143e+01
1.174674004074258882e+01 1.174674004074258882e+01 1.174674004074258882e+01 1.174674004074258882e+01 1.174674004074258882e+01 1.174674004074258882e+01 1.174674004074258882e+01 1.174674004074258882e+01 1.174674004074258882e+01 1.174674004074258882e+01 1.174674004074258882e+01
1.173780004349860384e+01 1.173780004349860384e+01 1.173780004349860384e+01 1.173780004349860384e+01 1.173780004349860384e+01 1.173780004349860384e+01 1.173780004349860384e+01 1.173780004349860384e+01 1.173780004349860384e+01 1.173780004349860384e+01 1.173780004349860384e+01
1.172760803599885193e+01 1.172760803599885193e+01 1.172760803599885193e+01 1.172760803599885193e+01 1.172760803599885193e+01 1.172760803599885193e+01 1.172760803599885193e+01 1.172760803599885193e+01 1.172760803599885193e+01 1.172760803599885193e+01 1.172760803599885193e+01
