1.173491920621124329e+01 1.173491921027788543e+01 1.173491922313768931e+01 1.173491926380349604e+01 1.173491939239542603e+01 1.173491979899237059e+01 1.173492108429988079e+01 1.173492514413482368e+01 1.173493793534325746e+01 1.173497789881810505e+01 1.173509898434289056e+01
1.174497185261525445e+01 1.174497185701851087e+01 1.174497187094275752e+01 1.174497191497433590e+01 1.174497205420688317e+01 1.174497249442353386e+01 1.174497388575674073e+01 1.174497827797198291e+01 1.174499209089468899e+01 1.174503498130160395e+01 1.174516200217273898e+01
1.175367659276931143e+01 1.175367659743969639e+01 1.175367661220863269e+01 1.175367665891089786e+01 1.175367680658432512e+01 1.175367727344764113e+01 1.175367874858703665e+01 1.175368340122299315e+01 1.175369799113045488e+01 1.175374285643265893e+01 1.175387088210401032e+01
1.176119944576686827e+01 1.176119945058646543e+01 1.176119946582717546e+01 1.176119951402060870e+01 1.176119966640237990e+01 1.176120014808329906e+01 1.176120166936427403e+01 1.176120646072592457e+01 1.176122141656257547e+01 1.176126668548079124e+01 1.176138788566287552e+01
1.176768807070585687e+01 1.176768807549318652e+01 1.176768809063175070e+01 1.176768813850106810e+01 1.176768828984689286e+01 1.176768876814180942e+01 1.176769027761336517e+01 1.176769502056660244e+01 1.176770971133169930e+01 1.176775298448578688e+01 1.176785567110296959e+01
1.177327332780323843e+01 1.177327333229593975e+01 1.177327334650263957e+01 1.177327339142347817e+01 1.177327353342874794e+01 1.177327398201969544e+01 1.177327539589156480e+01 1.177327981979322402e+01 1.177329333232641417e+01 1.177333113757087624e+01 1.177339875690041637e+01
1.177807082331151989e+01 1.177807082714750742e+01 1.177807083927725351e+01 1.177807087762771410e+01 1.177807099883091269e+01 1.177807138139274201e+01 1.177807258398753021e+01 1.177807631494168916e+01 1.177808738546319312e+01 1.177811490983748399e+01 1.177812520177697131e+01
1.178218240885484924e+01 1.178218241155320989e+01 1.178218242008510330e+01 1.178218244705456996e+01 1.178218253223201373e+01 1.178218280051140887e+01 1.178218363812039904e+01 1.178218617886605024e+01 1.178219312300098487e+01 1.178220394839813245e+01 1.178212863582283276e+01
1.178569761412563643e+01 1.178569761506913949e+01 1.178569761805117189e+01 1.178569762746534977e+01 1.178569765707723249e+01 1.178569774913413504e+01 1.178569802438889091e+01 1.178569873585663075e+01 1.178569938487990321e+01 1.178568527446955549e+01 1.178549075278400871e+01
1.178869499794824449e+01 1.178869499637001006e+01 1.178869499137690902e+01 1.178869497556448209e+01 1.178869492533268115e+01 1.178869476420018891e+01 1.178869423178633546e+01 1.178869231911652626e+01 1.178868397345627450e+01 1.178863477846635988e+01 1.178828422241817009e+01
1.179124340686598238e+01 1.179124340184333875e+01 1.179124338595712018e+01 1.179124333568824845e+01 1.179124317640176045e+01 1.179124266947004429e+01 1.179124103417416691e+01 1.179123554059472667e+01 1.179121495452898216e+01 1.179111872910768000e+01 1.179057570323402970e+01
