1.178127409247058666e-01 1.189531953805456621e-01 1.225400451252879191e-01 1.336915456947715686e-01 1.671816746539462883e-01 2.587396880963297452e-01 4.631544435098863266e-01 8.030414066555162655e-01 1.237039043554453599e+00 1.713831429289530917e+00 2.205621967506285142e+00
2.845086099670280366e-01 2.853910366624975437e-01 2.881697733145852092e-01 2.968416996773682870e-01 3.231778450115296852e-01 3.972865937909895728e-01 5.722432985674086314e-01 8.836951483600441470e-01 1.301762608940601362e+00 1.772200571464485508e+00 2.261731455872408869e+00
4.427999740283766750e-01 4.435106782510823686e-01 4.457504986705421168e-01 4.527583540044070043e-01 4.742030277525612902e-01 5.357893392531626331e-01 6.874932976551848540e-01 9.735722854042427876e-01 1.375956457122964771e+00 1.839806977255635356e+00 2.326925448732660051e+00
5.948757193750953132e-01 5.954679544143233194e-01 5.973354686519741774e-01 6.031887656194763192e-01 6.211958146741729525e-01 6.736726323614407042e-01 8.071867014170814869e-01 1.071280948387812293e+00 1.458801026259914480e+00 1.916082726427390304e+00 2.400712420468957387e+00
7.424107070802377084e-01 7.429186786568009460e-01 7.445211267792180010e-01 7.495499475514512122e-01 7.650797563416084079e-01 8.108254942366953655e-01 9.301310393462124404e-01 1.175545434214014806e+00 1.549388246872002606e+00 2.000325372527267387e+00 2.482453751127369657e+00
8.866750581215344651e-01 8.871215239844897349e-01 8.885303599597850210e-01 8.929556493125371253e-01 9.066600689413840675e-01 9.473531834180484168e-01 1.055527353654305944e+00 1.285266108267216545e+00 1.646805184555575341e+00 2.091770786567623386e+00 2.571429961106515449e+00
1.028624407489909132e+00 1.029024982521515419e+00 1.030289285888690509e+00 1.034263312357501796e+00 1.046596183338805552e+00 1.083439629752404487e+00 1.182846628139969214e+00 1.399527955844707350e+00 1.750186200952889681e+00 2.189646256798163826e+00 2.666890528518193637e+00
1.168972211789591320e+00 1.169337902743107893e+00 1.170492296725196502e+00 1.174122746880424728e+00 1.185407495015279533e+00 1.219277589804219852e+00 1.311735060537707387e+00 1.517582994210913583e+00 1.858740378744409227e+00 2.293205707911885050e+00 2.768088034463600522e+00
1.308246611517919433e+00 1.308585362141481800e+00 1.309654850048250774e+00 1.313019638312534321e+00 1.323491643139904195e+00 1.355037034688333808e+00 1.441948555959756462e+00 1.638823311766395285e+00 1.971762020445480879e+00 2.401750658976942621e+00 2.874298982830467697e+00
1.446834654278554844e+00 1.447152317190534276e+00 1.448155329074621189e+00 1.451311971296112224e+00 1.461145779015971646e+00 1.490853887543065692e+00 1.573310190949983811e+00 1.762753782098033684e+00 2.088630838250252086e+00 2.514640739334869313e+00 2.984834007705222891e+00
1.585016469118493809e+00 1.585317434721766894e+00 1.586267801194255034e+00 1.589259509554302729e+00 1.598586728375057664e+00 1.626828945582814878e+00 1.705683789486165169e+00 1.888968343744629186e+00 2.208806597064334465e+00 2.631297035050671695e+00 3.099039925733184209e+00
