1.070692599435747638e+01 1.070692599435776415e+01 1.070692599435867365e+01 1.070692599436155490e+01 1.070692599437066050e+01 1.070692599439945525e+01 1.070692599449051485e+01 1.070692599477846940e+01 1.070692599568906367e+01 1.070692599856861271e+01 1.070692600767454650e+01
1.057903236174426986e+01 1.057903236174454875e+01 1.057903236174543515e+01 1.057903236174823469e+01 1.057903236175708628e+01 1.057903236178508166e+01 1.057903236187361173e+01 1.057903236215356380e+01 1.057903236303885208e+01 1.057903236583837803e+01 1.057903237469125735e+01
1.045075405904602306e+01 1.045075405904629307e+01 1.045075405904715105e+01 1.045075405904986354e+01 1.045075405905843979e+01 1.045075405908555943e+01 1.045075405917132016e+01 1.045075405944251834e+01 1.045075406030012211e+01 1.045075406301210563e+01 1.045075407158815040e+01
1.032211769330775830e+01 1.032211769330801943e+01 1.032211769330884721e+01 1.032211769331146201e+01 1.032211769331973450e+01 1.032211769334589135e+01 1.032211769342860741e+01 1.032211769369017595e+01 1.032211769451733296e+01 1.032211769713303084e+01 1.032211770540459561e+01
1.019312095977857524e+01 1.019312095977882571e+01 1.019312095977961974e+01 1.019312095978212973e+01 1.019312095979006649e+01 1.019312095981516286e+01 1.019312095989452338e+01 1.019312096014548708e+01 1.019312096093910114e+01 1.019312096344873275e+01 1.019312097138488049e+01
1.006373157053771727e+01 1.006373157053795708e+01 1.006373157053871203e+01 1.006373157054110656e+01 1.006373157054867384e+01 1.006373157057260315e+01 1.006373157064827417e+01 1.006373157088756898e+01 1.006373157164428811e+01 1.006373157403724150e+01 1.006373158160442394e+01
9.933883929709695693e+00 9.933883929709921290e+00 9.933883929710638938e+00 9.933883929712903793e+00 9.933883929720066064e+00 9.933883929742716390e+00 9.933883929814346203e+00 9.933883930040856569e+00 9.933883930757145819e+00 9.933883933022249479e+00 9.933883940185134875e+00
9.803473154631113573e+00 9.803473154631326736e+00 9.803473154631999975e+00 9.803473154634124498e+00 9.803473154640848009e+00 9.803473154662105671e+00 9.803473154729331895e+00 9.803473154941917400e+00 9.803473155614170764e+00 9.803473157740025812e+00 9.803473164462564782e+00
9.672345890694625581e+00 9.672345890694822756e+00 9.672345890695448034e+00 9.672345890697423343e+00 9.672345890703669014e+00 9.672345890723423878e+00 9.672345890785891243e+00 9.672345890983431005e+00 9.672345891608104651e+00 9.672345893583500498e+00 9.672345899830249394e+00
9.540287167748514818e+00 9.540287167748697783e+00 9.540287167749271546e+00 9.540287167751085207e+00 9.540287167756822839e+00 9.540287167774968324e+00 9.540287167832344650e+00 9.540287168013788843e+00 9.540287168587562761e+00 9.540287170401995809e+00 9.540287176139738534e+00
9.407002302840599128e+00 9.407002302840762553e+00 9.407002302841283026e+00 9.407002302842927932e+00 9.407002302848127329e+00 9.407002302864569288e+00 9.407002302916566805e+00 9.407002303080995276e+00 9.407002303600963344e+00 9.407002305245248053e+00 9.407002310444934068e+00
