1.173644456406601222e+01 1.131131643124295927e+01 1.084825497187462418e+01 1.036363031881056251e+01 9.869224760061785062e+00 9.371101754244225646e+00 8.871708248285264276e+00 8.371901428179365112e+00 7.871962659508374038e+00 7.371982036920505799e+00 6.871988166036612888e+00
1.173644349476649928e+01 1.131131582628222709e+01 1.084825469378235319e+01 1.036363021119915473e+01 9.869224722839890163e+00 9.371101742068946194e+00 8.871708244390521969e+00 8.371901426943125557e+00 7.871962659116974237e+00 7.371982036796686621e+00 6.871988165997453990e+00
1.173644256905912187e+01 1.131131530737684798e+01 1.084825445630653817e+01 1.036363011948850854e+01 9.869224691143534400e+00 9.371101731704090554e+00 8.871708241075239698e+00 8.371901425890847293e+00 7.871962658783820288e+00 7.371982036691294482e+00 6.871988165964121542e+00
1.173644176985768972e+01 1.131131486281597809e+01 1.084825425361492712e+01 1.036363004134380894e+01 9.869224664154263138e+00 9.371101722880663232e+00 8.871708238253230405e+00 8.371901424995158436e+00 7.871962658500246235e+00 7.371982036601587573e+00 6.871988165935750459e+00
1.173644108143850495e+01 1.131131448232953218e+01 1.084825408068468100e+01 1.036362997476900283e+01 9.869224641174353607e+00 9.371101715369574592e+00 8.871708235851116342e+00 8.371901424232758515e+00 7.871962658258872203e+00 7.371982036525229987e+00 6.871988165911600888e+00
1.173644048956280805e+01 1.131131415695700859e+01 1.084825393319806253e+01 1.036362991805877520e+01 9.869224621609147263e+00 9.371101708975746902e+00 8.871708233806437249e+00 8.371901423583816282e+00 7.871962658053420547e+00 7.371982036460236642e+00 6.871988165891045774e+00
1.173643998149138667e+01 1.131131387891288931e+01 1.084825380744918100e+01 1.036362986975703926e+01 9.869224604951920554e+00 9.371101703533064153e+00 8.871708232066012556e+00 8.371901423031449241e+00 7.871962657878544434e+00 7.371982036404915561e+00 6.871988165873550436e+00
1.173643954593210026e+01 1.131131364145546847e+01 1.084825370026141123e+01 1.036362982862108773e+01 9.869224590770956596e+00 9.371101698900092813e+00 8.871708230584577137e+00 8.371901422561284889e+00 7.871962657729694612e+00 7.371982036357827894e+00 6.871988165858658348e+00
1.173643917294819694e+01 1.131131343876315043e+01 1.084825360891475832e+01 1.036362979359076775e+01 9.869224578698492678e+00 9.371101694956413652e+00 8.871708229323596484e+00 8.371901422161091233e+00 7.871962657602996849e+00 7.371982036317747955e+00 6.871988165845982266e+00
1.173643885384618635e+01 1.131131326582045560e+01 1.084825353108234758e+01 1.036362976376195810e+01 9.869224568421287813e+00 9.371101691599502459e+00 8.871708228250266615e+00 8.371901421820455269e+00 7.871962657495154225e+00 7.371982036283633022e+00 6.871988165835192675e+00
1.173643858105571880e+01 1.131131311831465958e+01 1.084825346477513897e+01 1.036362973836384072e+01 9.869224559672563402e+00 9.371101688742077940e+00 8.871708227336664976e+00 8.371901421530512977e+00 7.871962657403361874e+00 7.371982036254594917e+00 6.871988165826008910e+00
