-7.322709210363947951e-01 -2.426835271951867656e-01 2.541143773408000017e-01 7.520063279476991713e-01 1.240929495524761617e+00 1.664053625298098193e+00 1.907967739955635844e+00 1.954224370110586362e+00 1.818954930687406435e+00 1.512971014367028744e+00 1.081973717677436664e+00
-1.121355782885971042e+00 -6.294455550662997334e-01 -1.322322863755037159e-01 3.665942188636633348e-01 8.618031374458616778e-01 1.323222946037073688e+00 1.645617876451952011e+00 1.765225593469571308e+00 1.699385586156197947e+00 1.456434537164897014e+00 1.065533164215236583e+00
-1.563104990906204694e+00 -1.068390793418904305e+00 -5.701473691809803013e-01 -7.079485008733923945e-02 4.273628276837239115e-01 9.115428095969857480e-01 1.310447145104036037e+00 1.517888406009865854e+00 1.531584443400092921e+00 1.364882632812001173e+00 1.032234005517828290e+00
-2.067478401520960407e+00 -1.569398758887774026e+00 -1.069997791189727376e+00 -5.702791089531710211e-01 -7.086543583121933387e-02 4.238590991219409743e-01 8.804307181809962746e-01 1.190453656585870101e+00 1.297865795957424462e+00 1.220673276353209769e+00 9.671090651499294477e-01
-2.643243518194258623e+00 -2.143415703754281143e+00 -1.643477354440446625e+00 -1.143505033902651791e+00 -6.436551453651956356e-01 -1.450869918307560180e-01 3.414170619645515159e-01 7.508645479255241506e-01 9.733124124183539783e-01 1.000375661356800672e+00 8.465999513353474892e-01
-3.304062366086198743e+00 -2.804067562632296617e+00 -2.304069511234841272e+00 -1.804073180271320576e+00 -1.304104795736220179e+00 -8.044196628078557065e-01 -3.075243024927751812e-01 1.649888544554662106e-01 5.195927144250973573e-01 6.728896279819898130e-01 6.379618934777148143e-01
-4.067506628647469924e+00 -3.567506636760124472e+00 -3.067506691960478094e+00 -2.567507235764129536e+00 -2.067512671076872088e+00 -1.567567010287335805e+00 -1.068109095911248918e+00 -5.734040619661633365e-01 -1.170548375655863504e-01 1.924162173606245585e-01 2.992915573930899908e-01
-4.951379541740732471e+00 -4.451379542450895954e+00 -3.951379549552526793e+00 -3.451379620568815199e+00 -2.951380330729458823e+00 -2.451387432112010156e+00 -1.951458423560076039e+00 -1.452166111275886351e+00 -9.590306833908783801e-01 -5.130861308209629934e-01 -2.270363053214033144e-01
-5.975670457249552925e+00 -5.475670457316707207e+00 -4.975670457988248252e+00 -4.475670464703664031e+00 -3.975670531857798728e+00 -3.475671203397142417e+00 -2.975677918590381221e+00 -2.475745050512154766e+00 -1.976414377956043245e+00 -1.482917274609123703e+00 -1.034650594866946660e+00
-7.163216071436769639e+00 -6.663216071441130595e+00 -6.163216071484736602e+00 -5.663216071920802008e+00 -5.163216076281452516e+00 -4.663216119887954036e+00 -4.163216555952118370e+00 -3.663220916509344782e+00 -3.163264513641903974e+00 -2.663699643546291629e+00 -2.167969260659634134e+00
-8.540228382113200567e+00 -8.040228382113383532e+00 -7.540228382115214956e+00 -7.040228382133523866e+00 -6.540228382316613853e+00 -6.040228384147511953e+00 -5.540228402456493839e+00 -5.040228585546161710e+00 -4.540230416427953664e+00 -4.040248723757203564e+00 -3.540431648372025730e+00
