6.101370689993892427e+00 6.101370689993892427e+00 6.101370689993892427e+00 6.101370689993892427e+00 6.101370689993892427e+00 6.101370689993892427e+00 6.101370689993892427e+00 6.101370689993893315e+00 6.101370689993895091e+00 6.101370689993903085e+00 6.101370689993925289e+00
6.025787190246062686e+00 6.025787190246062686e+00 6.025787190246062686e+00 6.025787190246062686e+00 6.025787190246062686e+00 6.025787190246062686e+00 6.025787190246063574e+00 6.025787190246063574e+00 6.025787190246066238e+00 6.025787190246074232e+00 6.025787190246099101e+00
5.943819163669828320e+00 5.943819163669828320e+00 5.943819163669828320e+00 5.943819163669828320e+00 5.943819163669828320e+00 5.943819163669828320e+00 5.943819163669828320e+00 5.943819163669829209e+00 5.943819163669831873e+00 5.943819163669840755e+00 5.943819163669866512e+00
5.855676150865585683e+00 5.855676150865585683e+00 5.855676150865585683e+00 5.855676150865585683e+00 5.855676150865585683e+00 5.855676150865586571e+00 5.855676150865586571e+00 5.855676150865587459e+00 5.855676150865590124e+00 5.855676150865599006e+00 5.855676150865625651e+00
5.761678495951873202e+00 5.761678495951873202e+00 5.761678495951873202e+00 5.761678495951873202e+00 5.761678495951873202e+00 5.761678495951873202e+00 5.761678495951873202e+00 5.761678495951874091e+00 5.761678495951876755e+00 5.761678495951885637e+00 5.761678495951913170e+00
5.662244189348881740e+00 5.662244189348881740e+00 5.662244189348881740e+00 5.662244189348881740e+00 5.662244189348881740e+00 5.662244189348882628e+00 5.662244189348882628e+00 5.662244189348883516e+00 5.662244189348886181e+00 5.662244189348895063e+00 5.662244189348923484e+00
5.557868598484718703e+00 5.557868598484718703e+00 5.557868598484718703e+00 5.557868598484718703e+00 5.557868598484718703e+00 5.557868598484718703e+00 5.557868598484719591e+00 5.557868598484720479e+00 5.557868598484723144e+00 5.557868598484732026e+00 5.557868598484761335e+00
5.449098837516107352e+00 5.449098837516107352e+00 5.449098837516107352e+00 5.449098837516107352e+00 5.449098837516107352e+00 5.449098837516107352e+00 5.449098837516107352e+00 5.449098837516108240e+00 5.449098837516111793e+00 5.449098837516120675e+00 5.449098837516149096e+00
5.336505495284699307e+00 5.336505495284699307e+00 5.336505495284699307e+00 5.336505495284699307e+00 5.336505495284699307e+00 5.336505495284699307e+00 5.336505495284700196e+00 5.336505495284701084e+00 5.336505495284703748e+00 5.336505495284712630e+00 5.336505495284741940e+00
5.220654935170065514e+00 5.220654935170065514e+00 5.220654935170065514e+00 5.220654935170065514e+00 5.220654935170065514e+00 5.220654935170065514e+00 5.220654935170066402e+00 5.220654935170067290e+00 5.220654935170069955e+00 5.220654935170078836e+00 5.220654935170108146e+00
5.102085205058598305e+00 5.102085205058598305e+00 5.102085205058598305e+00 5.102085205058598305e+00 5.102085205058598305e+00 5.102085205058598305e+00 5.102085205058598305e+00 5.102085205058599193e+00 5.102085205058602746e+00 5.102085205058611628e+00 5.102085205058640938e+00
