-3.490037206052331697e+00 -2.994553089844274041e+00 -2.495991102429380160e+00 -1.996439787793287124e+00 -1.496603856206059513e+00 -9.967926360723203816e-01 -4.982166527064063599e-01 -1.184720753408857741e-02 3.826791621121342635e-01 4.819368524892879702e-01 2.550451823296557285e-01
-3.831375131413646162e+00 -3.332535156742846283e+00 -2.832902697211900911e+00 -2.333019619440257930e+00 -1.833061492585853713e+00 -1.333139244338563012e+00 -8.337940672767919503e-01 -3.401993694845730221e-01 1.038936996092038184e-01 3.216354088698606950e-01 1.916269047373788947e-01
-4.210729202122804438e+00 -3.710864605751652334e+00 -3.210907459361237670e+00 -2.710921276072509656e+00 -2.210928289022069837e+00 -1.710956480777374722e+00 -1.211230020488115677e+00 -7.139403276014204547e-01 -2.394126013806819331e-01 9.155030215277161487e-02 8.795806013610632523e-02
-4.638710679956157712e+00 -4.138714102184604116e+00 -3.638715194265856656e+00 -3.138715638335229929e+00 -2.638716765983977197e+00 -2.138726994542490711e+00 -1.638828910479809720e+00 -1.139845585914803561e+00 -6.497696616280144166e-01 -2.311973458688121874e-01 -8.082675790592884491e-02
-5.126425812116576886e+00 -4.626425848277397890e+00 -4.126425862923939647e+00 -3.626425899670435271e+00 -3.126426232438953789e+00 -2.626429549125481877e+00 -2.126462709844746168e+00 -1.626794048562002937e+00 -1.130081036972325537e+00 -6.605995217185851587e-01 -3.523156165459812583e-01
-5.685654315828242211e+00 -5.185654315929479452e+00 -4.685654316847583267e+00 -4.185654325998816816e+00 -3.685654417501698976e+00 -3.185655332525505479e+00 -2.685664482558855148e+00 -2.185755962522104134e+00 -1.686668732135885751e+00 -1.195600196329806408e+00 -7.701216412237357201e-01
-6.329710867495165871e+00 -5.829710867515933259e+00 -5.329710867723605361e+00 -4.829710869800325490e+00 -4.329710890567525006e+00 -3.829711098239413580e+00 -3.329713174947807275e+00 -2.829733940982178453e+00 -2.329941496451808369e+00 -1.832006645525390942e+00 -1.351692446300259975e+00
-7.073745202242795571e+00 -6.573745202246539243e+00 -6.073745202283980404e+00 -5.573745202658389353e+00 -5.073745206402480612e+00 -4.573745243843390540e+00 -4.073745618252146095e+00 -3.573749362305588484e+00 -3.073786799428702032e+00 -2.574160830012858003e+00 -2.077867546867696369e+00
-7.934941136999982270e+00 -7.434941137000498301e+00 -6.934941137005652401e+00 -6.434941137057194283e+00 -5.934941137572611325e+00 -5.434941142726781749e+00 -4.934941194268480658e+00 -4.434941709684824929e+00 -3.934946863783615356e+00 -3.434998398307055112e+00 -2.935513098356548500e+00
-8.932816297748860990e+00 -8.432816297748912504e+00 -7.932816297749430312e+00 -7.432816297754610169e+00 -6.932816297806407846e+00 -6.432816298324386395e+00 -5.932816303504175437e+00 -5.432816355302053424e+00 -4.932816873280178704e+00 -4.432822052996129081e+00 -3.932873843626110144e+00
-1.008962307500865130e+01 -9.589623075008654851e+00 -9.089623075008690378e+00 -8.589623075009050979e+00 -8.089623075012662312e+00 -7.589623075048772094e+00 -7.089623075409866360e+00 -6.589623079020814345e+00 -6.089623115130282649e+00 -5.589623476224653054e+00 -5.089627087136602945e+00
