1.299107070941380471e+01 1.299107070941380471e+01 1.299107070941380648e+01 1.299107070941381536e+01 1.299107070941384023e+01 1.299107070941391839e+01 1.299107070941416531e+01 1.299107070941494513e+01 1.299107070941741604e+01 1.299107070942522490e+01 1.299107070944992159e+01
1.298846836586168507e+01 1.298846836586168685e+01 1.298846836586168862e+01 1.298846836586169573e+01 1.298846836586172060e+01 1.298846836586179521e+01 1.298846836586203501e+01 1.298846836586278997e+01 1.298846836586518094e+01 1.298846836587274112e+01 1.298846836589664910e+01
1.298547303820819998e+01 1.298547303820819998e+01 1.298547303820820176e+01 1.298547303820820886e+01 1.298547303820823196e+01 1.298547303820830301e+01 1.298547303820853038e+01 1.298547303820924448e+01 1.298547303821150756e+01 1.298547303821866272e+01 1.298547303824128463e+01
1.298202882999440355e+01 1.298202882999440355e+01 1.298202882999440533e+01 1.298202882999441243e+01 1.298202882999443375e+01 1.298202882999450125e+01 1.298202882999471086e+01 1.298202882999537700e+01 1.298202882999748020e+01 1.298202883000413443e+01 1.298202883002517538e+01
1.297807248733818497e+01 1.297807248733818675e+01 1.297807248733818852e+01 1.297807248733819385e+01 1.297807248733821339e+01 1.297807248733827556e+01 1.297807248733846741e+01 1.297807248733907848e+01 1.297807248734100938e+01 1.297807248734711472e+01 1.297807248736642194e+01
1.297353258603956050e+01 1.297353258603956050e+01 1.297353258603956228e+01 1.297353258603956760e+01 1.297353258603958537e+01 1.297353258603964044e+01 1.297353258603981629e+01 1.297353258604037052e+01 1.297353258604212201e+01 1.297353258604766424e+01 1.297353258606518622e+01
1.296832866370754012e+01 1.296832866370754189e+01 1.296832866370754189e+01 1.296832866370754722e+01 1.296832866370756321e+01 1.296832866370761295e+01 1.296832866370777104e+01 1.296832866370826842e+01 1.296832866370984583e+01 1.296832866371483028e+01 1.296832866373059545e+01
1.296237030159054093e+01 1.296237030159054093e+01 1.296237030159054271e+01 1.296237030159054804e+01 1.296237030159056225e+01 1.296237030159060666e+01 1.296237030159074699e+01 1.296237030159119108e+01 1.296237030159259973e+01 1.296237030159705128e+01 1.296237030161112891e+01
1.295555616324443982e+01 1.295555616324443982e+01 1.295555616324444159e+01 1.295555616324444514e+01 1.295555616324445758e+01 1.295555616324449666e+01 1.295555616324462100e+01 1.295555616324501713e+01 1.295555616324626591e+01 1.295555616325021653e+01 1.295555616326271142e+01
1.294777300219173632e+01 1.294777300219173632e+01 1.294777300219173810e+01 1.294777300219173988e+01 1.294777300219175231e+01 1.294777300219178606e+01 1.294777300219189620e+01 1.294777300219224614e+01 1.294777300219334926e+01 1.294777300219683802e+01 1.294777300220786920e+01
1.293889465309263187e+01 1.293889465309263187e+01 1.293889465309263187e+01 1.293889465309263542e+01 1.293889465309264608e+01 1.293889465309267628e+01 1.293889465309277220e+01 1.293889465309307951e+01 1.293889465309404940e+01 1.293889465309711539e+01 1.293889465310681430e+01
