-9.250201102091065053e+00 -9.250201102091065053e+00 -9.250201102091065053e+00 -9.250201102091065053e+00 -9.250201102091065053e+00 -9.250201102091065053e+00 -9.250201102091063277e+00 -9.250201102091057948e+00 -9.250201102091041960e+00 -9.250201102090990446e+00 -9.250201102090830574e+00
-9.423948446285084657e+00 -9.423948446285084657e+00 -9.423948446285084657e+00 -9.423948446285082881e+00 -9.423948446285082881e+00 -9.423948446285082881e+00 -9.423948446285081104e+00 -9.423948446285075775e+00 -9.423948446285058012e+00 -9.423948446285002944e+00 -9.423948446284825309e+00
-9.606621364492387016e+00 -9.606621364492387016e+00 -9.606621364492387016e+00 -9.606621364492387016e+00 -9.606621364492387016e+00 -9.606621364492385240e+00 -9.606621364492383464e+00 -9.606621364492376358e+00 -9.606621364492356818e+00 -9.606621364492294646e+00 -9.606621364492099246e+00
-9.799587622814167176e+00 -9.799587622814167176e+00 -9.799587622814167176e+00 -9.799587622814167176e+00 -9.799587622814167176e+00 -9.799587622814165400e+00 -9.799587622814163623e+00 -9.799587622814156518e+00 -9.799587622814133425e+00 -9.799587622814064147e+00 -9.799587622813838550e+00
-1.000575560876314896e+01 -1.000575560876314896e+01 -1.000575560876314896e+01 -1.000575560876314896e+01 -1.000575560876314718e+01 -1.000575560876314718e+01 -1.000575560876314540e+01 -1.000575560876313652e+01 -1.000575560876310988e+01 -1.000575560876302639e+01 -1.000575560876276349e+01
-1.022663809498947884e+01 -1.022663809498947884e+01 -1.022663809498947884e+01 -1.022663809498947884e+01 -1.022663809498947884e+01 -1.022663809498947707e+01 -1.022663809498947529e+01 -1.022663809498946463e+01 -1.022663809498943266e+01 -1.022663809498933141e+01 -1.022663809498901344e+01
-1.046594531307070319e+01 -1.046594531307070319e+01 -1.046594531307070319e+01 -1.046594531307070319e+01 -1.046594531307070142e+01 -1.046594531307070142e+01 -1.046594531307069609e+01 -1.046594531307068365e+01 -1.046594531307064457e+01 -1.046594531307051668e+01 -1.046594531307011700e+01
-1.072781302272445991e+01 -1.072781302272445991e+01 -1.072781302272445991e+01 -1.072781302272445991e+01 -1.072781302272445991e+01 -1.072781302272445814e+01 -1.072781302272445281e+01 -1.072781302272443682e+01 -1.072781302272438353e+01 -1.072781302272421655e+01 -1.072781302272368897e+01
-1.100729007961891526e+01 -1.100729007961891526e+01 -1.100729007961891526e+01 -1.100729007961891526e+01 -1.100729007961891526e+01 -1.100729007961891170e+01 -1.100729007961890460e+01 -1.100729007961888328e+01 -1.100729007961881045e+01 -1.100729007961858308e+01 -1.100729007961786188e+01
-1.133577124201034536e+01 -1.133577124201034536e+01 -1.133577124201034536e+01 -1.133577124201034358e+01 -1.133577124201034358e+01 -1.133577124201034003e+01 -1.133577124201032937e+01 -1.133577124201029385e+01 -1.133577124201018371e+01 -1.133577124200983732e+01 -1.133577124200874309e+01
-1.168720533553938701e+01 -1.168720533553938701e+01 -1.168720533553938701e+01 -1.168720533553938701e+01 -1.168720533553938523e+01 -1.168720533553937990e+01 -1.168720533553936214e+01 -1.168720533553930707e+01 -1.168720533553913299e+01 -1.168720533553858232e+01 -1.168720533553683794e+01
