8.607535471487041789e+00 8.607535465943643160e+00 8.607535448413848655e+00 8.607535392979455580e+00 8.607535217677392936e+00 8.607534663292380372e+00 8.607532909860918124e+00 8.607527361903617447e+00 8.607509786554421893e+00 8.607453897814625776e+00 8.607274090151394219e+00
8.618998875095323697e+00 8.618998867357115401e+00 8.618998842886714584e+00 8.618998765504171544e+00 8.618998520795624785e+00 8.618997746924703662e+00 8.618995299384527797e+00 8.618987556130043970e+00 8.618963035333363720e+00 8.618885150671212969e+00 8.618635479639934260e+00
8.628489403743897057e+00 8.628489393643409500e+00 8.628489361702825988e+00 8.628489260697461916e+00 8.628488941286789782e+00 8.628487931184862347e+00 8.628484736595227744e+00 8.628474630749501273e+00 8.628442636674215294e+00 8.628341099134674508e+00 8.628016453183054324e+00
8.636291584306095004e+00 8.636291571725342564e+00 8.636291531941470367e+00 8.636291406133452142e+00 8.636291008289850524e+00 8.636289750160763390e+00 8.636285771235833408e+00 8.636273185059632596e+00 8.636233347078116296e+00 8.636107001821130780e+00 8.635703907713576655e+00
8.642661864710415642e+00 8.642661849584120759e+00 8.642661801750543660e+00 8.642661650487131197e+00 8.642661172146677728e+00 8.642659659465882882e+00 8.642654875594693920e+00 8.642639744125434120e+00 8.642591858965332108e+00 8.642440084990932192e+00 8.641956803914091267e+00
8.647828506398866466e+00 8.647828488713916073e+00 8.647828432789163244e+00 8.647828255939250752e+00 8.647827696687601318e+00 8.647825928147357288e+00 8.647820335219812193e+00 8.647802645713770886e+00 8.647746675618593670e+00 8.647569379180113813e+00 8.647005877703083598e+00
8.651992161982553498e+00 8.651992141774183409e+00 8.651992077869682163e+00 8.651991875785657982e+00 8.651991236737446300e+00 8.651989215865354410e+00 8.651982825064854055e+00 8.651962613168866056e+00 8.651898673688460661e+00 8.651696248634024755e+00 8.651054062296557490e+00
8.655327061603866667e+00 8.655327038949391039e+00 8.655326967309637354e+00 8.655326740764703430e+00 8.655326024365301407e+00 8.655323758897283781e+00 8.655316594716794043e+00 8.655293938182802904e+00 8.655222278179920181e+00 8.654995541543922144e+00 8.654277558876140475e+00
8.657982697376761294e+00 8.657982672387792178e+00 8.657982593365733948e+00 8.657982343476030351e+00 8.657981553255288176e+00 8.657979054356751192e+00 8.657971152134701143e+00 8.657946163015958874e+00 8.657867139871672890e+00 8.657617252289814047e+00 8.656827450983744399e+00
8.660085873555990688e+00 8.660085846370030538e+00 8.660085760400493271e+00 8.660085488541094279e+00 8.660084628847673827e+00 8.660081910273262906e+00 8.660073313535429307e+00 8.660046129770309520e+00 8.659960182664644179e+00 8.659688562823198765e+00 8.658831728336750189e+00
8.667447483255251939e+00 8.667447438218653488e+00 8.667447295801910201e+00 8.667446845455460291e+00 8.667445421482870671e+00 8.667440919952378309e+00 8.667426699141930868e+00 8.667381861948419086e+00 8.667241214465724042e+00 8.666805361533517882e+00 8.665490961591959973e+00
