-5.888025254579853929e+00 -5.888025254579845047e+00 -5.888025254579815737e+00 -5.888025254579723367e+00 -5.888025254579432044e+00 -5.888025254578509227e+00 -5.888025254575593337e+00 -5.888025254566372269e+00 -5.888025254537212483e+00 -5.888025254445000911e+00 -5.888025254153402166e+00
-5.736361075622059325e+00 -5.736361075622051331e+00 -5.736361075622027350e+00 -5.736361075621951855e+00 -5.736361075621712935e+00 -5.736361075620955319e+00 -5.736361075618559013e+00 -5.736361075610983740e+00 -5.736361075587028679e+00 -5.736361075511275054e+00 -5.736361075271721788e+00
-5.591041788264686119e+00 -5.591041788264679901e+00 -5.591041788264659473e+00 -5.591041788264595525e+00 -5.591041788264391244e+00 -5.591041788263748202e+00 -5.591041788261711609e+00 -5.591041788255272316e+00 -5.591041788234909049e+00 -5.591041788170515225e+00 -5.591041787966884336e+00
-5.450392867576650424e+00 -5.450392867576644207e+00 -5.450392867576626443e+00 -5.450392867576570488e+00 -5.450392867576391964e+00 -5.450392867575828859e+00 -5.450392867574047173e+00 -5.450392867568413457e+00 -5.450392867550596598e+00 -5.450392867494256777e+00 -5.450392867316093515e+00
-5.313113871290542356e+00 -5.313113871290537027e+00 -5.313113871290521040e+00 -5.313113871290470414e+00 -5.313113871290311430e+00 -5.313113871289806056e+00 -5.313113871288209111e+00 -5.313113871283158041e+00 -5.313113871267186816e+00 -5.313113871216681439e+00 -5.313113871056967419e+00
-5.178197210242514004e+00 -5.178197210242508675e+00 -5.178197210242494464e+00 -5.178197210242448278e+00 -5.178197210242301729e+00 -5.178197210241839876e+00 -5.178197210240378823e+00 -5.178197210235757630e+00 -5.178197210221146207e+00 -5.178197210174939613e+00 -5.178197210028821829e+00
-5.044864302308181614e+00 -5.044864302308177173e+00 -5.044864302308163850e+00 -5.044864302308120330e+00 -5.044864302307984438e+00 -5.044864302307554560e+00 -5.044864302306195647e+00 -5.044864302301895975e+00 -5.044864302288298852e+00 -5.044864302245303023e+00 -5.044864302109338006e+00
-4.912516070812289470e+00 -4.912516070812285029e+00 -4.912516070812272595e+00 -4.912516070812231739e+00 -4.912516070812102953e+00 -4.912516070811697944e+00 -4.912516070810414526e+00 -4.912516070806357327e+00 -4.912516070793526701e+00 -4.912516070752952047e+00 -4.912516070624645792e+00
-4.780694770162073226e+00 -4.780694770162069673e+00 -4.780694770162057239e+00 -4.780694770162018159e+00 -4.780694770161895590e+00 -4.780694770161508345e+00 -4.780694770160283547e+00 -4.780694770156410200e+00 -4.780694770144161332e+00 -4.780694770105426983e+00 -4.780694769982939185e+00
-4.649054495195247938e+00 -4.649054495195244385e+00 -4.649054495195231951e+00 -4.649054495195194647e+00 -4.649054495195076520e+00 -4.649054495194703485e+00 -4.649054495193523096e+00 -4.649054495189790082e+00 -4.649054495177985302e+00 -4.649054495140656051e+00 -4.649054495022609146e+00
-4.517338223637517025e+00 -4.517338223637513472e+00 -4.517338223637501926e+00 -4.517338223637465511e+00 -4.517338223637350936e+00 -4.517338223636988559e+00 -4.517338223635841921e+00 -4.517338223632216376e+00 -4.517338223620751769e+00 -4.517338223584497214e+00 -4.517338223469850256e+00
