-1.156373343766473827e+00 -1.656372879943437404e+00 -2.156372733269253050e+00 -2.656372686886740997e+00 -3.156372672219297737e+00 -3.656372667581044400e+00 -4.156372666114299896e+00 -4.656372665650474474e+00 -5.156372665503800690e+00 -5.656372665457417348e+00 -6.156372665442749970e+00
-1.156373343766627260e+00 -1.656372879943485366e+00 -2.156372733269268149e+00 -2.656372686886745882e+00 -3.156372672219299513e+00 -3.656372667581044844e+00 -4.156372666114299896e+00 -4.656372665650474474e+00 -5.156372665503800690e+00 -5.656372665457417348e+00 -6.156372665442749970e+00
-1.156373343766652351e+00 -1.656372879943493137e+00 -2.156372733269270814e+00 -2.656372686886746770e+00 -3.156372672219299513e+00 -3.656372667581045288e+00 -4.156372666114299896e+00 -4.656372665650474474e+00 -5.156372665503800690e+00 -5.656372665457417348e+00 -6.156372665442749970e+00
-1.156373343766681439e+00 -1.656372879943502241e+00 -2.156372733269273478e+00 -2.656372686886747214e+00 -3.156372672219299957e+00 -3.656372667581045288e+00 -4.156372666114299896e+00 -4.656372665650474474e+00 -5.156372665503800690e+00 -5.656372665457417348e+00 -6.156372665442749970e+00
-1.156373343766715411e+00 -1.656372879943512677e+00 -2.156372733269276587e+00 -2.656372686886748546e+00 -3.156372672219300402e+00 -3.656372667581045288e+00 -4.156372666114299896e+00 -4.656372665650474474e+00 -5.156372665503800690e+00 -5.656372665457418236e+00 -6.156372665442749970e+00
-1.156373343766754935e+00 -1.656372879943524667e+00 -2.156372733269280584e+00 -2.656372686886749879e+00 -3.156372672219300402e+00 -3.656372667581045288e+00 -4.156372666114299896e+00 -4.656372665650474474e+00 -5.156372665503800690e+00 -5.656372665457418236e+00 -6.156372665442749970e+00
-1.156373343766801343e+00 -1.656372879943538656e+00 -2.156372733269285025e+00 -2.656372686886751211e+00 -3.156372672219300846e+00 -3.656372667581045732e+00 -4.156372666114299896e+00 -4.656372665650474474e+00 -5.156372665503800690e+00 -5.656372665457418236e+00 -6.156372665442749970e+00
-1.156373343766855299e+00 -1.656372879943555088e+00 -2.156372733269289910e+00 -2.656372686886752543e+00 -3.156372672219301734e+00 -3.656372667581045732e+00 -4.156372666114299896e+00 -4.656372665650474474e+00 -5.156372665503800690e+00 -5.656372665457418236e+00 -6.156372665442749970e+00
-1.156373343766919026e+00 -1.656372879943574183e+00 -2.156372733269296127e+00 -2.656372686886754764e+00 -3.156372672219302178e+00 -3.656372667581045732e+00 -4.156372666114299896e+00 -4.656372665650474474e+00 -5.156372665503800690e+00 -5.656372665457418236e+00 -6.156372665442749970e+00
-1.156373343766993411e+00 -1.656372879943596388e+00 -2.156372733269302788e+00 -2.656372686886756540e+00 -3.156372672219303066e+00 -3.656372667581046176e+00 -4.156372666114300785e+00 -4.656372665650474474e+00 -5.156372665503800690e+00 -5.656372665457418236e+00 -6.156372665442749970e+00
-1.156373343767081119e+00 -1.656372879943622145e+00 -2.156372733269311226e+00 -2.656372686886759205e+00 -3.156372672219303510e+00 -3.656372667581046176e+00 -4.156372666114300785e+00 -4.656372665650474474e+00 -5.156372665503800690e+00 -5.656372665457417348e+00 -6.156372665442749970e+00
