6.821304236832144596e+00 6.821304236832144596e+00 6.821304236832144596e+00 6.821304236832144596e+00 6.821304236832144596e+00 6.821304236832144596e+00 6.821304236832144596e+00 6.821304236832143708e+00 6.821304236832140155e+00 6.821304236832129497e+00 6.821304236832095746e+00
6.822376875389014828e+00 6.822376875389014828e+00 6.822376875389014828e+00 6.822376875389014828e+00 6.822376875389014828e+00 6.822376875389014828e+00 6.822376875389013939e+00 6.822376875389013051e+00 6.822376875389009498e+00 6.822376875388998840e+00 6.822376875388964201e+00
6.823204826969069714e+00 6.823204826969069714e+00 6.823204826969069714e+00 6.823204826969068826e+00 6.823204826969068826e+00 6.823204826969068826e+00 6.823204826969068826e+00 6.823204826969067938e+00 6.823204826969064385e+00 6.823204826969052839e+00 6.823204826969017311e+00
6.823841874608059577e+00 6.823841874608059577e+00 6.823841874608059577e+00 6.823841874608059577e+00 6.823841874608059577e+00 6.823841874608059577e+00 6.823841874608059577e+00 6.823841874608057800e+00 6.823841874608054248e+00 6.823841874608042701e+00 6.823841874608007174e+00
6.824330599841449185e+00 6.824330599841449185e+00 6.824330599841449185e+00 6.824330599841449185e+00 6.824330599841449185e+00 6.824330599841449185e+00 6.824330599841449185e+00 6.824330599841447409e+00 6.824330599841443856e+00 6.824330599841432310e+00 6.824330599841395006e+00
6.824704526706758756e+00 6.824704526706758756e+00 6.824704526706758756e+00 6.824704526706758756e+00 6.824704526706757868e+00 6.824704526706757868e+00 6.824704526706757868e+00 6.824704526706756980e+00 6.824704526706752539e+00 6.824704526706740992e+00 6.824704526706703689e+00
6.824989913517448770e+00 6.824989913517448770e+00 6.824989913517448770e+00 6.824989913517448770e+00 6.824989913517448770e+00 6.824989913517448770e+00 6.824989913517447881e+00 6.824989913517446993e+00 6.824989913517443441e+00 6.824989913517431006e+00 6.824989913517392814e+00
6.825207231824354182e+00 6.825207231824354182e+00 6.825207231824354182e+00 6.825207231824354182e+00 6.825207231824354182e+00 6.825207231824354182e+00 6.825207231824354182e+00 6.825207231824352405e+00 6.825207231824348852e+00 6.825207231824336418e+00 6.825207231824298226e+00
6.825372373979916141e+00 6.825372373979916141e+00 6.825372373979916141e+00 6.825372373979916141e+00 6.825372373979916141e+00 6.825372373979916141e+00 6.825372373979916141e+00 6.825372373979914364e+00 6.825372373979910812e+00 6.825372373979898377e+00 6.825372373979859297e+00
6.825497629733939142e+00 6.825497629733939142e+00 6.825497629733939142e+00 6.825497629733939142e+00 6.825497629733939142e+00 6.825497629733939142e+00 6.825497629733938254e+00 6.825497629733937366e+00 6.825497629733933813e+00 6.825497629733921379e+00 6.825497629733881411e+00
6.825883071813087177e+00 6.825883071813087177e+00 6.825883071813087177e+00 6.825883071813087177e+00 6.825883071813087177e+00 6.825883071813086289e+00 6.825883071813086289e+00 6.825883071813085401e+00 6.825883071813080960e+00 6.825883071813067637e+00 6.825883071813025893e+00
