-1.904333806746160462e+01 -1.904333806393683659e+01 -1.904333805279053138e+01 -1.904333801754283328e+01 -1.904333790607983090e+01 -1.904333755360307023e+01 -1.904333643897558304e+01 -1.904333291423300878e+01 -1.904332176820854272e+01 -1.904328652328658578e+01 -1.904317508807485737e+01
-1.917198552501400854e+01 -1.917198552148417434e+01 -1.917198551032186060e+01 -1.917198547502352213e+01 -1.917198536340039894e+01 -1.917198501041728420e+01 -1.917198389418856763e+01 -1.917198036438245623e+01 -1.917196920234572133e+01 -1.917193390678890452e+01 -1.917182231145936200e+01
-1.930076154758651441e+01 -1.930076154405202260e+01 -1.930076153287498997e+01 -1.930076149753010739e+01 -1.930076138575978817e+01 -1.930076103231120044e+01 -1.930075991461053420e+01 -1.930075638014972839e+01 -1.930074520339366728e+01 -1.930070986129148380e+01 -1.930059811878479081e+01
-1.942965337709337703e+01 -1.942965337355438393e+01 -1.942965336236311558e+01 -1.942965332697321301e+01 -1.942965321506053300e+01 -1.942965286116176316e+01 -1.942965174203748902e+01 -1.942964820307486207e+01 -1.942963701208299909e+01 -1.942960162496527587e+01 -1.942948974012717755e+01
-1.955865330203299024e+01 -1.955865329848944612e+01 -1.955865328728377506e+01 -1.955865325184833736e+01 -1.955865313979165876e+01 -1.955865278543751273e+01 -1.955865166487323137e+01 -1.955864812135692432e+01 -1.955863691596534437e+01 -1.955860148331452208e+01 -1.955848945451611698e+01
-1.968776050844851611e+01 -1.968776050490017582e+01 -1.968776049367933467e+01 -1.968776045819592468e+01 -1.968776034598754521e+01 -1.968775999115368336e+01 -1.968775886907240746e+01 -1.968775532075897772e+01 -1.968774410019792498e+01 -1.968770861958061857e+01 -1.968759643913489654e+01
-1.981697853846450386e+01 -1.981697853491094818e+01 -1.981697852367361179e+01 -1.981697848813804441e+01 -1.981697837576472665e+01 -1.981697802040929091e+01 -1.981697689667864637e+01 -1.981697334314950254e+01 -1.981696210609536735e+01 -1.981692657332679985e+01 -1.981681422800886949e+01
-1.994631530519563611e+01 -1.994631530163627531e+01 -1.994631529038057849e+01 -1.994631525478694556e+01 -1.994631514223001645e+01 -1.994631478629394294e+01 -1.994631366072717782e+01 -1.994631010139175586e+01 -1.994629884597708980e+01 -1.994626325515283938e+01 -1.994615072630067232e+01
-2.007578309447183784e+01 -2.007578309090589741e+01 -2.007578307962940656e+01 -2.007578304397001645e+01 -2.007578293120514701e+01 -2.007578257461150173e+01 -2.007578144696531552e+01 -2.007577788105426109e+01 -2.007576660484626530e+01 -2.007573094827419169e+01 -2.007561821157372250e+01
-2.020539771683550967e+01 -2.020539771326203748e+01 -2.020539770196173279e+01 -2.020539766622702871e+01 -2.020539755322399600e+01 -2.020539719587721805e+01 -2.020539606584942760e+01 -2.020539249240715307e+01 -2.020538119238411312e+01 -2.020534546050993185e+01 -2.020523248575997854e+01
-2.033518093508088853e+01 -2.033518093149871220e+01 -2.033518092017087397e+01 -2.033518088434910709e+01 -2.033518077107074973e+01 -2.033518041285332956e+01 -2.033517928007232811e+01 -2.033517569792372370e+01 -2.033516437036976754e+01 -2.033512855144425657e+01 -2.033501530150466152e+01
