1.283667806588241156e+01 1.283667806588241156e+01 1.283667806588241156e+01 1.283667806588241156e+01 1.283667806588241156e+01 1.283667806588241156e+01 1.283667806588241156e+01 1.283667806588241156e+01 1.283667806588241156e+01 1.283667806588241156e+01 1.283667806588241156e+01
1.291058625214813205e+01 1.291058625214813205e+01 1.291058625214813205e+01 1.291058625214813205e+01 1.291058625214813205e+01 1.291058625214813205e+01 1.291058625214813205e+01 1.291058625214813205e+01 1.291058625214813205e+01 1.291058625214813205e+01 1.291058625214813205e+01
1.297803453638239901e+01 1.297803453638239901e+01 1.297803453638239901e+01 1.297803453638239901e+01 1.297803453638239901e+01 1.297803453638239901e+01 1.297803453638239901e+01 1.297803453638239901e+01 1.297803453638239901e+01 1.297803453638239901e+01 1.297803453638239901e+01
1.303925521102349805e+01 1.303925521102349805e+01 1.303925521102349805e+01 1.303925521102349805e+01 1.303925521102349805e+01 1.303925521102349805e+01 1.303925521102349805e+01 1.303925521102349805e+01 1.303925521102349805e+01 1.303925521102349805e+01 1.303925521102349805e+01
1.309454648633128926e+01 1.309454648633128926e+01 1.309454648633128926e+01 1.309454648633128926e+01 1.309454648633128926e+01 1.309454648633128926e+01 1.309454648633128926e+01 1.309454648633128926e+01 1.309454648633128926e+01 1.309454648633128926e+01 1.309454648633128926e+01
1.314425396833029502e+01 1.314425396833029502e+01 1.314425396833029502e+01 1.314425396833029502e+01 1.314425396833029502e+01 1.314425396833029502e+01 1.314425396833029502e+01 1.314425396833029502e+01 1.314425396833029502e+01 1.314425396833029502e+01 1.314425396833029502e+01
1.318875376709187464e+01 1.318875376709187464e+01 1.318875376709187464e+01 1.318875376709187464e+01 1.318875376709187464e+01 1.318875376709187464e+01 1.318875376709187464e+01 1.318875376709187464e+01 1.318875376709187464e+01 1.318875376709187464e+01 1.318875376709187464e+01
1.322843790084312410e+01 1.322843790084312410e+01 1.322843790084312410e+01 1.322843790084312410e+01 1.322843790084312410e+01 1.322843790084312410e+01 1.322843790084312410e+01 1.322843790084312410e+01 1.322843790084312410e+01 1.322843790084312410e+01 1.322843790084312410e+01
1.326370225607658604e+01 1.326370225607658604e+01 1.326370225607658604e+01 1.326370225607658604e+01 1.326370225607658604e+01 1.326370225607658604e+01 1.326370225607658604e+01 1.326370225607658604e+01 1.326370225607658604e+01 1.326370225607658604e+01 1.326370225607658604e+01
1.329493707983099959e+01 1.329493707983099959e+01 1.329493707983099959e+01 1.329493707983099959e+01 1.329493707983099959e+01 1.329493707983099959e+01 1.329493707983099959e+01 1.329493707983099959e+01 1.329493707983099959e+01 1.329493707983099959e+01 1.329493707983099959e+01
1.332251980476614683e+01 1.332251980476614683e+01 1.332251980476614683e+01 1.332251980476614683e+01 1.332251980476614683e+01 1.332251980476614683e+01 1.332251980476614683e+01 1.332251980476614683e+01 1.332251980476614683e+01 1.332251980476614683e+01 1.332251980476614683e+01
