9.021017755312341180e+00 9.021017755312588093e+00 9.021017755313369690e+00 9.021017755315842379e+00 9.021017755323661902e+00 9.021017755348387013e+00 9.021017755426576912e+00 9.021017755673831573e+00 9.021017756455723458e+00 9.021017758928280728e+00 9.021017766747190691e+00
8.892536756177833013e+00 8.892536756178074597e+00 8.892536756178838431e+00 8.892536756181252500e+00 8.892536756188889058e+00 8.892536756213033300e+00 8.892536756289389999e+00 8.892536756530846631e+00 8.892536757294402960e+00 8.892536759708981720e+00 8.892536767344545012e+00
8.763854133271488323e+00 8.763854133271724578e+00 8.763854133272467095e+00 8.763854133274817215e+00 8.763854133282247716e+00 8.763854133305747141e+00 8.763854133380059253e+00 8.763854133615051722e+00 8.763854134358165737e+00 8.763854136708095766e+00 8.763854144139228808e+00
8.634967922553721920e+00 8.634967922553949293e+00 8.634967922554670494e+00 8.634967922556947784e+00 8.634967922564150911e+00 8.634967922586927358e+00 8.634967922658958628e+00 8.634967922886735536e+00 8.634967923607030471e+00 8.634967925884806661e+00 8.634967933087764891e+00
8.505858811428833377e+00 8.505858811429053645e+00 8.505858811429748201e+00 8.505858811431945554e+00 8.505858811438894662e+00 8.505858811460868196e+00 8.505858811530353947e+00 8.505858811750087511e+00 8.505858812444948569e+00 8.505858814642287768e+00 8.505858821590887686e+00
8.376488274802355249e+00 8.376488274802566636e+00 8.376488274803232770e+00 8.376488274805339529e+00 8.376488274812006196e+00 8.376488274833086223e+00 8.376488274899745790e+00 8.376488275110540727e+00 8.376488275777132841e+00 8.376488277885085765e+00 8.376488284551014019e+00
8.246795108753492087e+00 8.246795108753692816e+00 8.246795108754328751e+00 8.246795108756337811e+00 8.246795108762690063e+00 8.246795108782780659e+00 8.246795108846313838e+00 8.246795109047221572e+00 8.246795109682548031e+00 8.246795111691627156e+00 8.246795118044891737e+00
8.116690046229646072e+00 8.116690046229836142e+00 8.116690046230436550e+00 8.116690046232337252e+00 8.116690046238346667e+00 8.116690046257350133e+00 8.116690046317446061e+00 8.116690046507484269e+00 8.116690047108438222e+00 8.116690049008823848e+00 8.116690055018366934e+00
7.986048003239646143e+00 7.986048003239824666e+00 7.986048003240387771e+00 7.986048003242169457e+00 7.986048003247804061e+00 7.986048003265621809e+00 7.986048003321967848e+00 7.986048003500147985e+00 7.986048004063602157e+00 7.986048005845401754e+00 7.986048011479946140e+00
7.854697315013424941e+00 7.854697315013590142e+00 7.854697315014113279e+00 7.854697315015767067e+00 7.854697315020995774e+00 7.854697315037531880e+00 7.854697315089823384e+00 7.854697315255183554e+00 7.854697315778097710e+00 7.854697317431698522e+00 7.854697322660840975e+00
7.722405153639829933e+00 7.722405153639981812e+00 7.722405153640461428e+00 7.722405153641977549e+00 7.722405153646772824e+00 7.722405153661938471e+00 7.722405153709893888e+00 7.722405153861543248e+00 7.722405154341100975e+00 7.722405155857596348e+00 7.722405160653175393e+00
