4.044420739601436665e+00 4.044466034844935720e+00 4.044609239887138941e+00 4.045061783353666840e+00 4.046489754665526739e+00 4.050974729115538686e+00 4.064859965769278993e+00 4.106054923477469920e+00 4.215316119865907929e+00 4.446043645243674902e+00 4.801176776680497582e+00
3.915744552921604171e+00 3.915789832476736176e+00 3.915932987932639886e+00 3.916385374840110067e+00 3.917812853530769246e+00 3.922296294674340711e+00 3.936176923905406522e+00 3.977359623980885939e+00 4.086603009421052590e+00 4.317454729607923092e+00 4.674466056102552614e+00
3.787061764730964342e+00 3.787107026625862627e+00 3.787250126261764382e+00 3.787702336916278334e+00 3.789129260893327356e+00 3.793610974141127468e+00 3.807486395602152296e+00 3.848655016951504582e+00 3.957874053518742663e+00 4.188802355191995730e+00 4.547229536095414915e+00
3.658373588709640245e+00 3.658418830524726495e+00 3.658561866691954378e+00 3.659013876933267628e+00 3.660440170062408072e+00 3.664919917243858016e+00 3.678789401114811231e+00 3.719941799716553366e+00 3.829129856837675927e+00 4.060096648368460848e+00 4.419580114007631622e+00
3.529680852179386985e+00 3.529726071010778732e+00 3.529869034529969696e+00 3.530320815365496578e+00 3.531746386312539343e+00 3.536223882003712404e+00 3.550086557160656131e+00 3.591220223240364717e+00 3.700370319810557085e+00 3.931344239122611661e+00 4.291606215341783326e+00
3.400984074526520295e+00 3.401029266935868822e+00 3.401172146938366669e+00 3.401623664041912409e+00 3.403048404690191209e+00 3.407523311231622110e+00 3.421378149615290187e+00 3.462490156698924793e+00 3.571594726103537454e+00 3.802548975221307970e+00 4.163375527235891660e+00
3.272283531818532598e+00 3.272328693768220109e+00 3.272471477491217140e+00 3.272922690555709835e+00 3.274346473964774962e+00 3.278818395058628710e+00 3.292664191860574796e+00 3.333751135983247238e+00 3.442801799568849574e+00 3.673712443921203885e+00 4.034938649875057237e+00
3.143579306944141560e+00 3.143624433716906363e+00 3.143767106249346188e+00 3.144217968184161105e+00 3.145640646059829404e+00 3.150109118849987677e+00 3.163944468187972259e+00 3.205002395847311281e+00 3.313989733736652621e+00 3.544834340168244502e+00 3.906332350474377435e+00
3.014871303925947821e+00 3.014916390030168980e+00 3.015058934013352232e+00 3.015509389998622058e+00 3.016930789713160976e+00 3.021395275466761010e+00 3.035218541880746912e+00 3.076242867279152193e+00 3.185156181766813699e+00 3.415912703605163081e+00 3.777582288507690844e+00
2.886159274824596999e+00 2.886204313881345573e+00 2.886346709151878631e+00 2.886796695510753796e+00 2.888216616550116633e+00 2.892676489554507846e+00 2.906485774130091126e+00 2.947471182083031049e+00 3.056298240955904078e+00 3.286944066946204224e+00 3.648705204620026787e+00
2.757442824712040608e+00 2.757487809323386330e+00 2.757630032496900974e+00 2.758079475380775136e+00 2.759497685202998429e+00 2.763952219826812939e+00 2.777745320771242810e+00 2.818685654554261344e+00 2.927412409225269130e+00 3.157923519587794825e+00 3.519710610179944688e+00
