5.470824459187599409e+00 5.155632910210193209e+00 4.765096841657551430e+00 4.320234523392165293e+00 3.843709709655297679e+00 3.352397037304834182e+00 2.855338351408151176e+00 2.356292346025032458e+00 1.856596619391719827e+00 1.356693106189498232e+00 8.567236449653767849e-01
5.470824123744328027e+00 5.155632800711056341e+00 4.765096808633527026e+00 4.320234513951178634e+00 3.843709706951335736e+00 3.352397036499586314e+00 2.855338351160036758e+00 2.356292345947299083e+00 1.856596619367214096e+00 1.356693106181756425e+00 8.567236449629291872e-01
5.470824011886592508e+00 5.155632766145450852e+00 4.765096799209404210e+00 4.320234511648355813e+00 3.843709706400681991e+00 3.352397036356432825e+00 2.855338351118829276e+00 2.356292345934722032e+00 1.856596619363283907e+00 1.356693106180518305e+00 8.567236449625381667e-01
5.470823862061779508e+00 5.155632720169288419e+00 4.765096786848841859e+00 4.320234508703540754e+00 3.843709705721103820e+00 3.352397036185398527e+00 2.855338351070495939e+00 2.356292345920079967e+00 1.856596619358720446e+00 1.356693106179082120e+00 8.567236449620845296e-01
5.470823661272858907e+00 5.155632658928676726e+00 4.765096770589194897e+00 4.320234504919624463e+00 3.843709704877875222e+00 3.352397035980298146e+00 2.855338351013708476e+00 2.356292345903023833e+00 1.856596619353420685e+00 1.356693106177415675e+00 8.567236449615587279e-01
5.470823392055802259e+00 5.155632577253568272e+00 4.765096749143809873e+00 4.320234500035397218e+00 3.843709703825850532e+00 3.352397035733362785e+00 2.855338350946864612e+00 2.356292345883141959e+00 1.856596619347264276e+00 1.356693106175481889e+00 8.567236449609485494e-01
5.470823030941333265e+00 5.155632468205863184e+00 4.765096720791545337e+00 4.320234493704060874e+00 3.843709702506115988e+00 3.352397035434779848e+00 2.855338350868017461e+00 2.356292345859948512e+00 1.856596619340110665e+00 1.356693106173238128e+00 8.567236449602408932e-01
5.470822546386785667e+00 5.155632322472071039e+00 4.765096683228415841e+00 4.320234485464430563e+00 3.843709700841530630e+00 3.352397035072089526e+00 2.855338350774792033e+00 2.356292345832866619e+00 1.856596619331796427e+00 1.356693106170634211e+00 8.567236449594198833e-01
5.470821895994800954e+00 5.155632127546780907e+00 4.765096633368264278e+00 4.320234474702311367e+00 3.843709698730774615e+00 3.352397034629388095e+00 2.855338350664275548e+00 2.356292345801211940e+00 1.856596619322129049e+00 1.356693106167611740e+00 8.567236449584676450e-01
5.470821022773770359e+00 5.155631866635086880e+00 4.765096567075007172e+00 4.320234460598697090e+00 3.843709696040396029e+00 3.352397034086280314e+00 2.855338350532877989e+00 2.356292345764169127e+00 1.856596619310884266e+00 1.356693106164103657e+00 8.567236449573628621e-01
5.470819850108977533e+00 5.155631517176916923e+00 4.765096478802823832e+00 4.320234442060248092e+00 3.843709692594178051e+00 3.352397033416484540e+00 2.855338350376150469e+00 2.356292345720762960e+00 1.856596619297798290e+00 1.356693106160030249e+00 8.567236449560813316e-01
