5.972083021701494410e+00 5.972035334848294852e+00 5.971884704876135430e+00 5.971410066541746886e+00 5.969926112613457292e+00 5.965396320747464287e+00 5.952351955577454667e+00 5.918449435627581856e+00 5.842356585110828782e+00 5.698931400588072904e+00 5.470819850108977533e+00
5.971977273822986376e+00 5.971929926631509566e+00 5.971780358626467944e+00 5.971308957344731994e+00 5.969834061492850452e+00 5.965323630060060722e+00 5.952304321892029293e+00 5.918423308777454039e+00 5.842344635753240034e+00 5.698926763526632300e+00 5.470818275000082664e+00
5.971840645657890079e+00 5.971793688086959762e+00 5.971645340142027969e+00 5.971177676825325520e+00 5.969713422823392790e+00 5.965226872110492629e+00 5.952240377026774887e+00 5.918388173875543501e+00 5.842328563798826480e+00 5.698920528600942781e+00 5.470816158967752862e+00
5.971664410050167682e+00 5.971617898654518974e+00 5.971470949748421297e+00 5.971007591658861635e+00 5.969555778313376138e+00 5.965098409350509279e+00 5.952154600986999888e+00 5.918340933008250815e+00 5.842306947846637399e+00 5.698912144996620022e+00 5.470813315825681755e+00
5.971437490344975174e+00 5.971391488930054336e+00 5.971246140992436224e+00 5.970787728212773260e+00 5.969350388931657925e+00 5.964928349161889187e+00 5.952039652004597059e+00 5.918277427972639337e+00 5.842277876879229837e+00 5.698900872014156072e+00 5.470809495236885311e+00
5.971145865892980353e+00 5.971100446169441689e+00 5.970956926154681987e+00 5.970504178181566424e+00 5.969083601724604726e+00 5.964703949298939101e+00 5.951885798448275366e+00 5.918192081339245902e+00 5.842238781945970238e+00 5.698885713630017058e+00 5.470804360602691929e+00
5.970771848723900099e+00 5.970727090936128967e+00 5.970585652814948574e+00 5.970139374893329354e+00 5.968738125424369656e+00 5.964408888711928647e+00 5.951680194790055722e+00 5.918077419037826026e+00 5.842186210241134603e+00 5.698865330526432516e+00 5.470797459331316226e+00
5.970293205030023920e+00 5.970249198526341949e+00 5.970110125093067488e+00 5.969671213969497181e+00 5.968292149371591471e+00 5.964022379741982682e+00 5.951405971364462033e+00 5.917923437762642180e+00 5.842115522065959077e+00 5.698837921846352295e+00 5.470788182860177429e+00
5.969682096896467449e+00 5.969638940599481636e+00 5.969502544963622981e+00 5.969071993642922180e+00 5.967718280761742378e+00 5.963518095517420292e+00 5.951041107366961569e+00 5.917716770978335816e+00 5.842020484748609022e+00 5.698801066293699868e+00 5.470775712906537080e+00
5.968903818906495573e+00 5.968861621632394865e+00 5.968728248232560318e+00 5.968307149224728825e+00 5.966982274394024621e+00 5.962862885365185051e+00 5.950557058252880616e+00 5.917439596599064267e+00 5.841892729142136531e+00 5.698751508649891662e+00 5.470758949205385413e+00
5.967915305331580100e+00 5.967874185896839379e+00 5.967744210842255370e+00 5.967333757282226259e+00 5.966041530151999339e+00 5.962015252022110801e+00 5.949917112584535595e+00 5.917068218708505967e+00 5.841721023426617698e+00 5.698684873064134848e+00 5.470736412370568402e+00
