1.897997688274799977e+00 1.897997693679989162e+00 1.897997710772697966e+00 1.897997764824584266e+00 1.897997935751613241e+00 1.897998476269893375e+00 1.898000185534331807e+00 1.898005590658643271e+00 1.898022682718147003e+00 1.898076728113026412e+00 1.898247590243817173e+00
1.769366263013182117e+00 1.769366268419031218e+00 1.769366285513827020e+00 1.769366339572313374e+00 1.769366510520212765e+00 1.769367051104491662e+00 1.769368760577640254e+00 1.769374166361982637e+00 1.769391260509002750e+00 1.769445312508347357e+00 1.769616195555873128e+00
1.640680454083011108e+00 1.640680459489315624e+00 1.640680476585551162e+00 1.640680530648590096e+00 1.640680701610886416e+00 1.640681242240692450e+00 1.640682951857812544e+00 1.640688358097456501e+00 1.640705453684507376e+00 1.640759510240036523e+00 1.640930407719549233e+00
1.511947944199157234e+00 1.511947949605758623e+00 1.511947966702932522e+00 1.511948020768938861e+00 1.511948191740618785e+00 1.511948732400099304e+00 1.511950442111060111e+00 1.511955848647473344e+00 1.511972945173176486e+00 1.512027004698842658e+00 1.512197911589332033e+00
1.383173144979179758e+00 1.383173150385956784e+00 1.383173167483685795e+00 1.383173221551448062e+00 1.383173392528679990e+00 1.383173933205718020e+00 1.383175642972201524e+00 1.383181049684207853e+00 1.383198146765330927e+00 1.383252208048844301e+00 1.383423120512683679e+00
1.254358266389860255e+00 1.254358271796716995e+00 1.254358288894699136e+00 1.254358342963262096e+00 1.254358513943026443e+00 1.254359054628071846e+00 1.254360764419878649e+00 1.254366171211975800e+00 1.254383268546484631e+00 1.254437330632438563e+00 1.254608245645459697e+00
1.125503425606109165e+00 1.125503431012970568e+00 1.125503448110967808e+00 1.125503502179577620e+00 1.125503673159490292e+00 1.125504213845005319e+00 1.125505923638297601e+00 1.125511330435102542e+00 1.125528427784593388e+00 1.125582489918880658e+00 1.125753405094295223e+00
9.966073348100472629e-01 9.966073402168492690e-01 9.966073573146583264e-01 9.966074113826731695e-01 9.966075823607043471e-01 9.966081230402699109e-01 9.966098328147491303e-01 9.966152395520692098e-01 9.966323367135350164e-01 9.966863982540470346e-01 9.968573115599106416e-01
8.676662874161881200e-01 8.676662928228846550e-01 8.676663099203603124e-01 8.676663639873213318e-01 8.676665349620196199e-01 8.676670756310457255e-01 8.676687853721969379e-01 8.676741920041320943e-01 8.676912888324112005e-01 8.677453493199992485e-01 8.679162593032678785e-01
7.386764661787410535e-01 7.386764715852851548e-01 7.386764886822780873e-01 7.386765427477126611e-01 7.386767137175843656e-01 7.386772543713469030e-01 7.386789640642315025e-01 7.386843705435401919e-01 7.387014668892372127e-01 7.387555258514116874e-01 7.389264310173498940e-01
6.096309275253296578e-01 6.096309329316911274e-01 6.096309500281072991e-01 6.096310040917173323e-01 6.096311750558198739e-01 6.096317156913384494e-01 6.096334253265313086e-01 6.096388316234085947e-01 6.096559273922662614e-01 6.097099845309068566e-01 6.098808839362476197e-01
