-7.317577308112789281e-01 -7.317577308112789281e-01 -7.317577308112788170e-01 -7.317577308112785950e-01 -7.317577308112775958e-01 -7.317577308112750423e-01 -7.317577308112666046e-01 -7.317577308112398482e-01 -7.317577308111553602e-01 -7.317577308108884626e-01 -7.317577308100439160e-01
-8.583751400956450839e-01 -8.583751400956450839e-01 -8.583751400956449729e-01 -8.583751400956447508e-01 -8.583751400956438626e-01 -8.583751400956411981e-01 -8.583751400956327604e-01 -8.583751400956058930e-01 -8.583751400955210720e-01 -8.583751400952528421e-01 -8.583751400944044097e-01
-9.855919848213182677e-01 -9.855919848213182677e-01 -9.855919848213181567e-01 -9.855919848213178236e-01 -9.855919848213170464e-01 -9.855919848213143819e-01 -9.855919848213058332e-01 -9.855919848212788548e-01 -9.855919848211938117e-01 -9.855919848209244716e-01 -9.855919848200731526e-01
-1.113275658535691770e+00 -1.113275658535691770e+00 -1.113275658535691770e+00 -1.113275658535691548e+00 -1.113275658535690660e+00 -1.113275658535687995e+00 -1.113275658535679336e+00 -1.113275658535652468e+00 -1.113275658535566981e+00 -1.113275658535296975e+00 -1.113275658534443213e+00
-1.241326777626226452e+00 -1.241326777626226230e+00 -1.241326777626226230e+00 -1.241326777626226008e+00 -1.241326777626225120e+00 -1.241326777626222455e+00 -1.241326777626213795e+00 -1.241326777626186928e+00 -1.241326777626101219e+00 -1.241326777625830546e+00 -1.241326777624974786e+00
-1.369672316327428252e+00 -1.369672316327428252e+00 -1.369672316327428252e+00 -1.369672316327427808e+00 -1.369672316327426920e+00 -1.369672316327424255e+00 -1.369672316327415817e+00 -1.369672316327388728e+00 -1.369672316327302797e+00 -1.369672316327031680e+00 -1.369672316326174144e+00
-1.498260176546974742e+00 -1.498260176546974742e+00 -1.498260176546974742e+00 -1.498260176546974520e+00 -1.498260176546973632e+00 -1.498260176546970746e+00 -1.498260176546962308e+00 -1.498260176546935440e+00 -1.498260176546849287e+00 -1.498260176546577505e+00 -1.498260176545718858e+00
-1.627054776714184969e+00 -1.627054776714184969e+00 -1.627054776714184747e+00 -1.627054776714184303e+00 -1.627054776714183637e+00 -1.627054776714180973e+00 -1.627054776714172313e+00 -1.627054776714145223e+00 -1.627054776714059070e+00 -1.627054776713787065e+00 -1.627054776712926865e+00
-1.756033843574631437e+00 -1.756033843574631437e+00 -1.756033843574631437e+00 -1.756033843574631215e+00 -1.756033843574630104e+00 -1.756033843574627440e+00 -1.756033843574619002e+00 -1.756033843574591691e+00 -1.756033843574505759e+00 -1.756033843574233089e+00 -1.756033843573371778e+00
-1.885185434324377018e+00 -1.885185434324376796e+00 -1.885185434324376796e+00 -1.885185434324376574e+00 -1.885185434324375686e+00 -1.885185434324372800e+00 -1.885185434324364140e+00 -1.885185434324337050e+00 -1.885185434324250897e+00 -1.885185434323978004e+00 -1.885185434323115361e+00
-2.014507456435449928e+00 -2.014507456435449928e+00 -2.014507456435449928e+00 -2.014507456435449484e+00 -2.014507456435448596e+00 -2.014507456435445931e+00 -2.014507456435437049e+00 -2.014507456435409960e+00 -2.014507456435323363e+00 -2.014507456435050248e+00 -2.014507456434186494e+00
