9.300285591391748596e+00 9.300285591391748596e+00 9.300285591391753925e+00 9.300285591391766360e+00 9.300285591391805440e+00 9.300285591391929785e+00 9.300285591392325912e+00 9.300285591393576468e+00 9.300285591397528862e+00 9.300285591410032637e+00 9.300285591449569012e+00
9.440276363103755841e+00 9.440276363103755841e+00 9.440276363103761170e+00 9.440276363103771828e+00 9.440276363103809132e+00 9.440276363103929924e+00 9.440276363104306512e+00 9.440276363105500224e+00 9.440276363109274982e+00 9.440276363121210323e+00 9.440276363158952577e+00
9.579559866801645285e+00 9.579559866801647061e+00 9.579559866801650614e+00 9.579559866801661272e+00 9.579559866801698576e+00 9.579559866801814039e+00 9.579559866802176415e+00 9.579559866803325718e+00 9.579559866806956592e+00 9.579559866818444291e+00 9.579559866854765460e+00
9.718064239540117555e+00 9.718064239540119331e+00 9.718064239540122884e+00 9.718064239540133542e+00 9.718064239540169069e+00 9.718064239540280980e+00 9.718064239540632698e+00 9.718064239541746474e+00 9.718064239545267213e+00 9.718064239556401418e+00 9.718064239591612363e+00
9.855647679010505868e+00 9.855647679010507645e+00 9.855647679010511197e+00 9.855647679010521856e+00 9.855647679010555606e+00 9.855647679010663964e+00 9.855647679011008577e+00 9.855647679012095708e+00 9.855647679015531182e+00 9.855647679026398933e+00 9.855647679060764332e+00
9.992094068321726752e+00 9.992094068321726752e+00 9.992094068321730305e+00 9.992094068321740963e+00 9.992094068321774714e+00 9.992094068321881295e+00 9.992094068322218803e+00 9.992094068323286393e+00 9.992094068326663248e+00 9.992094068337339152e+00 9.992094068371097038e+00
1.012710773623062011e+01 1.012710773623062188e+01 1.012710773623062543e+01 1.012710773623063432e+01 1.012710773623066807e+01 1.012710773623077465e+01 1.012710773623110860e+01 1.012710773623216376e+01 1.012710773623550153e+01 1.012710773624605665e+01 1.012710773627943439e+01
1.026030981486061755e+01 1.026030981486061755e+01 1.026030981486062110e+01 1.026030981486063176e+01 1.026030981486066551e+01 1.026030981486077032e+01 1.026030981486110250e+01 1.026030981486215232e+01 1.026030981486547589e+01 1.026030981487598126e+01 1.026030981490920446e+01
1.039123903761047529e+01 1.039123903761047529e+01 1.039123903761047885e+01 1.039123903761048950e+01 1.039123903761052325e+01 1.039123903761062806e+01 1.039123903761096201e+01 1.039123903761201539e+01 1.039123903761534429e+01 1.039123903762587631e+01 1.039123903765918122e+01
1.051935970276053034e+01 1.051935970276053212e+01 1.051935970276053567e+01 1.051935970276054633e+01 1.051935970276058008e+01 1.051935970276068666e+01 1.051935970276102239e+01 1.051935970276208643e+01 1.051935970276545085e+01 1.051935970277608945e+01 1.051935970280973542e+01
1.064407861855521276e+01 1.064407861855521453e+01 1.064407861855521809e+01 1.064407861855522874e+01 1.064407861855526249e+01 1.064407861855537085e+01 1.064407861855571369e+01 1.064407861855679727e+01 1.064407861856022564e+01 1.064407861857106496e+01 1.064407861860534155e+01
