9.240080112321280126e+00 9.240213883679736284e+00 9.240636505623641028e+00 9.241967984055650120e+00 9.246101420233046042e+00 9.257997480311354721e+00 9.286267652256483984e+00 9.338753438294400411e+00 9.411103283197737923e+00 9.478426973417413137e+00 9.502184839169501629e+00
9.363777369129490324e+00 9.363915266010751637e+00 9.364350861483854871e+00 9.365722227937592237e+00 9.369960078524785629e+00 9.381922230644338612e+00 9.409479411917564207e+00 9.458797345598545903e+00 9.523234153125766710e+00 9.576543576302706029e+00 9.580238987597494926e+00
9.483385148123023356e+00 9.483528346526489017e+00 9.483980602540677651e+00 9.485403008301858563e+00 9.489771787673461745e+00 9.501825268837652771e+00 9.528665134673678594e+00 9.574663785907612024e+00 9.630718664454990474e+00 9.669131673590630527e+00 9.651764702705291299e+00
9.598291968243652050e+00 9.598441897952200819e+00 9.598915288479242136e+00 9.600402122321780141e+00 9.604931880268125610e+00 9.617102114606705499e+00 9.643193944123124695e+00 9.685621603498546506e+00 9.732652221623951050e+00 9.755172453297571877e+00 9.715961410734653469e+00
9.707928297759334413e+00 9.708086677414202725e+00 9.708586565654757194e+00 9.710153639993038155e+00 9.714877177707151645e+00 9.727184466001903118e+00 9.752449955443477592e+00 9.790917854559324951e+00 9.828092585000341330e+00 9.833692473778295806e+00 9.772259628203064707e+00
9.811798771044601963e+00 9.811967645179127118e+00 9.812500386738065572e+00 9.814166047167228513e+00 9.819117427092093564e+00 9.831568628620919625e+00 9.855855427122135026e+00 9.889802603424604044e+00 9.916116677783751499e+00 9.903877671790345616e+00 9.820425131312468636e+00
9.909508199245776083e+00 9.909689977023726115e+00 9.910263019771146986e+00 9.912048118901548577e+00 9.917260167240025126e+00 9.929836637925342657e+00 9.952887320640879665e+00 9.981556217530616948e+00 9.995896245791534795e+00 9.965192723484431525e+00 9.860610091989105541e+00
1.000077854333001781e+01 1.000097603773957999e+01 1.000159800873539595e+01 1.000352564427540969e+01 1.000902601514248502e+01 1.002166708593818889e+01 1.004308606569656703e+01 1.006552215871999678e+01 1.006678842100197535e+01 1.001747547453088849e+01 9.893331695552538108e+00
1.008545582117287864e+01 1.008567228575758534e+01 1.008635304660749021e+01 1.008844790238064348e+01 1.009425311820853111e+01 1.010683470323462707e+01 1.012605858844238149e+01 1.014114972251152658e+01 1.012842824375812789e+01 1.006097529330271634e+01 9.919385641345696669e+00
1.016350760217539495e+01 1.016374675993900745e+01 1.016449739812412467e+01 1.016678444223630073e+01 1.017289119030573552e+01 1.018520001179007117e+01 1.020148099977396861e+01 1.020804894480456149e+01 1.018080046893317814e+01 1.009631912748830018e+01 9.939724745385092319e+00
1.023501292429242859e+01 1.023527898003179715e+01 1.023611168327053633e+01 1.023861387091524300e+01 1.024498681249274767e+01 1.025669258855733723e+01 1.026910837278074951e+01 1.026605255750539314e+01 1.022426515659520341e+01 1.012441456890962321e+01 9.955338931050269125e+00
