1.054815347452375995e+01 1.054815347452409036e+01 1.054815347452513663e+01 1.054815347452844421e+01 1.054815347453890340e+01 1.054815347457198094e+01 1.054815347467657638e+01 1.054815347500734291e+01 1.054815347605331333e+01 1.054815347936096259e+01 1.054815348982067214e+01
1.042612349411623818e+01 1.042612349411656147e+01 1.042612349411758821e+01 1.042612349412083184e+01 1.042612349413109030e+01 1.042612349416353368e+01 1.042612349426612361e+01 1.042612349459054499e+01 1.042612349561645146e+01 1.042612349886065459e+01 1.042612350911972641e+01
1.030258880997212501e+01 1.030258880997244297e+01 1.030258880997345194e+01 1.030258880997664050e+01 1.030258880998672133e+01 1.030258881001860516e+01 1.030258881011942940e+01 1.030258881043826058e+01 1.030258881144649230e+01 1.030258881463480591e+01 1.030258882471713733e+01
1.017785417152749794e+01 1.017785417152781235e+01 1.017785417152880356e+01 1.017785417153194061e+01 1.017785417154186156e+01 1.017785417157323558e+01 1.017785417167244510e+01 1.017785417198617459e+01 1.017785417297827166e+01 1.017785417611556120e+01 1.017785418603654080e+01
1.005217253618971363e+01 1.005217253619002094e+01 1.005217253619099793e+01 1.005217253619408702e+01 1.005217253620385520e+01 1.005217253623474427e+01 1.005217253633242080e+01 1.005217253664130439e+01 1.005217253761808038e+01 1.005217254070691446e+01 1.005217255047466729e+01
9.925748646342340109e+00 9.925748646342643866e+00 9.925748646343606651e+00 9.925748646346647774e+00 9.925748646356263194e+00 9.925748646386672647e+00 9.925748646482837501e+00 9.925748646786935581e+00 9.925748647748575237e+00 9.925748650789550709e+00 9.925748660405959711e+00
9.798744266292334970e+00 9.798744266292635174e+00 9.798744266293580196e+00 9.798744266296573358e+00 9.798744266306034234e+00 9.798744266335953412e+00 9.798744266430569283e+00 9.798744266729769947e+00 9.798744267675921549e+00 9.798744270667921086e+00 9.798744280129449535e+00
9.671284011357270671e+00 9.671284011357565547e+00 9.671284011358494581e+00 9.671284011361436228e+00 9.671284011370733680e+00 9.671284011400137715e+00 9.671284011493121113e+00 9.671284011787159685e+00 9.671284012716993672e+00 9.671284015657384714e+00 9.671284024955715708e+00
9.543460951949144899e+00 9.543460951949434445e+00 9.543460951950345716e+00 9.543460951953230520e+00 9.543460951962353889e+00 9.543460951991201924e+00 9.543460952082426729e+00 9.543460952370905304e+00 9.543460953283156911e+00 9.543460956167949760e+00 9.543460965290464060e+00
9.415341468015339998e+00 9.415341468015622439e+00 9.415341468016515947e+00 9.415341468019340354e+00 9.415341468028270100e+00 9.415341468056508845e+00 9.415341468145809856e+00 9.415341468428206184e+00 9.415341469321219847e+00 9.415341472145179580e+00 9.415341481075321539e+00
9.286969054609864216e+00 9.286969054610139551e+00 9.286969054611011742e+00 9.286969054613768648e+00 9.286969054622485231e+00 9.286969054650052513e+00 9.286969054737229001e+00 9.286969055012901819e+00 9.286969055884657820e+00 9.286969058641391328e+00 9.286969067358947783e+00
