1.310712323507360821e+01 1.310712323507360644e+01 1.310712323507360111e+01 1.310712323507358157e+01 1.310712323507351940e+01 1.310712323507332400e+01 1.310712323507270760e+01 1.310712323507075716e+01 1.310712323506458965e+01 1.310712323504508703e+01 1.310712323498341014e+01
1.310712292340010521e+01 1.310712292340010343e+01 1.310712292340009633e+01 1.310712292340007679e+01 1.310712292340001639e+01 1.310712292339982277e+01 1.310712292339920815e+01 1.310712292339726837e+01 1.310712292339113283e+01 1.310712292337172791e+01 1.310712292331036544e+01
1.310712252103861886e+01 1.310712252103861708e+01 1.310712252103860997e+01 1.310712252103859221e+01 1.310712252103853004e+01 1.310712252103833819e+01 1.310712252103772713e+01 1.310712252103579800e+01 1.310712252102969799e+01 1.310712252101040853e+01 1.310712252094940666e+01
1.310712200186040377e+01 1.310712200186040199e+01 1.310712200186039489e+01 1.310712200186037535e+01 1.310712200186031495e+01 1.310712200186012311e+01 1.310712200185951737e+01 1.310712200185760246e+01 1.310712200185154330e+01 1.310712200183238352e+01 1.310712200177179731e+01
1.310712133239170640e+01 1.310712133239170285e+01 1.310712133239169752e+01 1.310712133239167798e+01 1.310712133239161936e+01 1.310712133239142752e+01 1.310712133239082711e+01 1.310712133238892640e+01 1.310712133238291521e+01 1.310712133236390642e+01 1.310712133230379628e+01
1.310712046983393719e+01 1.310712046983393542e+01 1.310712046983393009e+01 1.310712046983391055e+01 1.310712046983385193e+01 1.310712046983366363e+01 1.310712046983306678e+01 1.310712046983118384e+01 1.310712046982522772e+01 1.310712046980639123e+01 1.310712046974682643e+01
1.310711935958551777e+01 1.310711935958551599e+01 1.310711935958551067e+01 1.310711935958549113e+01 1.310711935958543251e+01 1.310711935958524599e+01 1.310711935958465624e+01 1.310711935958279284e+01 1.310711935957689889e+01 1.310711935955825957e+01 1.310711935949931828e+01
1.310711793215457277e+01 1.310711793215457099e+01 1.310711793215456566e+01 1.310711793215454612e+01 1.310711793215448928e+01 1.310711793215430454e+01 1.310711793215372190e+01 1.310711793215188159e+01 1.310711793214605869e+01 1.310711793212764498e+01 1.310711793206941600e+01
1.310711609933231259e+01 1.310711609933231081e+01 1.310711609933230548e+01 1.310711609933228772e+01 1.310711609933222910e+01 1.310711609933204791e+01 1.310711609933147415e+01 1.310711609932965871e+01 1.310711609932391575e+01 1.310711609930575960e+01 1.310711609924834065e+01
1.310711374947723407e+01 1.310711374947723229e+01 1.310711374947722518e+01 1.310711374947720742e+01 1.310711374947715235e+01 1.310711374947697294e+01 1.310711374947640806e+01 1.310711374947462105e+01 1.310711374946897223e+01 1.310711374945110563e+01 1.310711374939461038e+01
1.310711074174028568e+01 1.310711074174028390e+01 1.310711074174027857e+01 1.310711074174026081e+01 1.310711074174020574e+01 1.310711074174002988e+01 1.310711074173947566e+01 1.310711074173772062e+01 1.310711074173217661e+01 1.310711074171464041e+01 1.310711074165918610e+01
