1.981801843493401272e+00 1.981801843493401272e+00 1.981801843493401272e+00 1.981801843493401272e+00 1.981801843493401272e+00 1.981801843493401938e+00 1.981801843493403048e+00 1.981801843493407045e+00 1.981801843493419923e+00 1.981801843493460336e+00 1.981801843493588233e+00
2.121572739061294843e+00 2.121572739061294843e+00 2.121572739061294843e+00 2.121572739061294843e+00 2.121572739061294843e+00 2.121572739061295287e+00 2.121572739061296620e+00 2.121572739061300616e+00 2.121572739061313495e+00 2.121572739061353907e+00 2.121572739061481361e+00
2.261369704552478321e+00 2.261369704552478321e+00 2.261369704552478321e+00 2.261369704552478321e+00 2.261369704552478765e+00 2.261369704552478765e+00 2.261369704552480098e+00 2.261369704552484095e+00 2.261369704552496973e+00 2.261369704552537385e+00 2.261369704552664839e+00
2.401188228689862925e+00 2.401188228689862925e+00 2.401188228689862925e+00 2.401188228689862925e+00 2.401188228689862925e+00 2.401188228689863369e+00 2.401188228689864701e+00 2.401188228689868698e+00 2.401188228689881576e+00 2.401188228689921988e+00 2.401188228690049442e+00
2.541024079194911689e+00 2.541024079194911689e+00 2.541024079194911689e+00 2.541024079194911689e+00 2.541024079194911689e+00 2.541024079194912133e+00 2.541024079194913465e+00 2.541024079194917462e+00 2.541024079194930341e+00 2.541024079194970753e+00 2.541024079195097762e+00
2.680873151511380836e+00 2.680873151511380836e+00 2.680873151511380836e+00 2.680873151511380836e+00 2.680873151511380836e+00 2.680873151511381280e+00 2.680873151511382613e+00 2.680873151511386610e+00 2.680873151511399488e+00 2.680873151511439456e+00 2.680873151511566910e+00
2.820731288360270206e+00 2.820731288360270206e+00 2.820731288360270650e+00 2.820731288360270650e+00 2.820731288360270650e+00 2.820731288360271094e+00 2.820731288360272426e+00 2.820731288360276423e+00 2.820731288360289302e+00 2.820731288360329270e+00 2.820731288360456279e+00
2.960594057526064748e+00 2.960594057526064748e+00 2.960594057526064748e+00 2.960594057526064748e+00 2.960594057526064748e+00 2.960594057526065193e+00 2.960594057526066525e+00 2.960594057526070522e+00 2.960594057526083400e+00 2.960594057526123368e+00 2.960594057526250378e+00
3.100456470191333747e+00 3.100456470191333747e+00 3.100456470191333747e+00 3.100456470191333747e+00 3.100456470191333747e+00 3.100456470191334191e+00 3.100456470191335523e+00 3.100456470191339520e+00 3.100456470191352398e+00 3.100456470191392366e+00 3.100456470191519376e+00
3.240312615436183652e+00 3.240312615436183652e+00 3.240312615436183652e+00 3.240312615436183652e+00 3.240312615436184096e+00 3.240312615436184540e+00 3.240312615436185428e+00 3.240312615436189869e+00 3.240312615436202304e+00 3.240312615436242272e+00 3.240312615436369281e+00
3.380155177628050733e+00 3.380155177628050733e+00 3.380155177628050733e+00 3.380155177628050733e+00 3.380155177628050733e+00 3.380155177628051177e+00 3.380155177628052510e+00 3.380155177628056506e+00 3.380155177628069385e+00 3.380155177628109353e+00 3.380155177628236363e+00
