1.090027112329311443e+01 1.090027112329311443e+01 1.090027112329311443e+01 1.090027112329311443e+01 1.090027112329311443e+01 1.090027112329311443e+01 1.090027112329311443e+01 1.090027112329311443e+01 1.090027112329311443e+01 1.090027112329311443e+01 1.090027112329311443e+01
1.087245476824306145e+01 1.087245476824306145e+01 1.087245476824306145e+01 1.087245476824306145e+01 1.087245476824306145e+01 1.087245476824306145e+01 1.087245476824306145e+01 1.087245476824306145e+01 1.087245476824306145e+01 1.087245476824306145e+01 1.087245476824306145e+01
1.084131821349762959e+01 1.084131821349762959e+01 1.084131821349762959e+01 1.084131821349762959e+01 1.084131821349762959e+01 1.084131821349762959e+01 1.084131821349762959e+01 1.084131821349762959e+01 1.084131821349762959e+01 1.084131821349762959e+01 1.084131821349762959e+01
1.080656246839671475e+01 1.080656246839671475e+01 1.080656246839671475e+01 1.080656246839671475e+01 1.080656246839671475e+01 1.080656246839671475e+01 1.080656246839671475e+01 1.080656246839671475e+01 1.080656246839671475e+01 1.080656246839671475e+01 1.080656246839671475e+01
1.076788266563555041e+01 1.076788266563555041e+01 1.076788266563555041e+01 1.076788266563555041e+01 1.076788266563555041e+01 1.076788266563555041e+01 1.076788266563555041e+01 1.076788266563555041e+01 1.076788266563555041e+01 1.076788266563555041e+01 1.076788266563555041e+01
1.072497371574506531e+01 1.072497371574506531e+01 1.072497371574506531e+01 1.072497371574506531e+01 1.072497371574506531e+01 1.072497371574506531e+01 1.072497371574506531e+01 1.072497371574506531e+01 1.072497371574506531e+01 1.072497371574506531e+01 1.072497371574506531e+01
1.067753743862427029e+01 1.067753743862427029e+01 1.067753743862427029e+01 1.067753743862427029e+01 1.067753743862427029e+01 1.067753743862427029e+01 1.067753743862427029e+01 1.067753743862427029e+01 1.067753743862427029e+01 1.067753743862427029e+01 1.067753743862427029e+01
1.062529123072606474e+01 1.062529123072606474e+01 1.062529123072606474e+01 1.062529123072606474e+01 1.062529123072606474e+01 1.062529123072606474e+01 1.062529123072606474e+01 1.062529123072606474e+01 1.062529123072606474e+01 1.062529123072606474e+01 1.062529123072606474e+01
1.056797820880057515e+01 1.056797820880057515e+01 1.056797820880057515e+01 1.056797820880057515e+01 1.056797820880057515e+01 1.056797820880057515e+01 1.056797820880057515e+01 1.056797820880057515e+01 1.056797820880057515e+01 1.056797820880057515e+01 1.056797820880057515e+01
1.050537860103923471e+01 1.050537860103923471e+01 1.050537860103923471e+01 1.050537860103923471e+01 1.050537860103923471e+01 1.050537860103923471e+01 1.050537860103923471e+01 1.050537860103923471e+01 1.050537860103923471e+01 1.050537860103923471e+01 1.050537860103923471e+01
1.043732193271577202e+01 1.043732193271577202e+01 1.043732193271577202e+01 1.043732193271577202e+01 1.043732193271577202e+01 1.043732193271577202e+01 1.043732193271577202e+01 1.043732193271577202e+01 1.043732193271577202e+01 1.043732193271577202e+01 1.043732193271577202e+01
