8.048364546317454682e+00 8.048364546317454682e+00 8.048364546317454682e+00 8.048364546317454682e+00 8.048364546317454682e+00 8.048364546317454682e+00 8.048364546317454682e+00 8.048364546317454682e+00 8.048364546317454682e+00 8.048364546317454682e+00 8.048364546317454682e+00
8.023062567530391931e+00 8.023062567530391931e+00 8.023062567530391931e+00 8.023062567530391931e+00 8.023062567530391931e+00 8.023062567530391931e+00 8.023062567530391931e+00 8.023062567530391931e+00 8.023062567530391931e+00 8.023062567530391931e+00 8.023062567530391931e+00
7.993962162733109444e+00 7.993962162733109444e+00 7.993962162733109444e+00 7.993962162733109444e+00 7.993962162733109444e+00 7.993962162733109444e+00 7.993962162733109444e+00 7.993962162733109444e+00 7.993962162733109444e+00 7.993962162733109444e+00 7.993962162733109444e+00
7.960709024321719340e+00 7.960709024321719340e+00 7.960709024321719340e+00 7.960709024321719340e+00 7.960709024321719340e+00 7.960709024321719340e+00 7.960709024321719340e+00 7.960709024321719340e+00 7.960709024321719340e+00 7.960709024321719340e+00 7.960709024321719340e+00
7.922955315413015676e+00 7.922955315413015676e+00 7.922955315413015676e+00 7.922955315413015676e+00 7.922955315413015676e+00 7.922955315413015676e+00 7.922955315413015676e+00 7.922955315413015676e+00 7.922955315413015676e+00 7.922955315413015676e+00 7.922955315413015676e+00
7.880367708374983238e+00 7.880367708374983238e+00 7.880367708374983238e+00 7.880367708374983238e+00 7.880367708374983238e+00 7.880367708374983238e+00 7.880367708374983238e+00 7.880367708374983238e+00 7.880367708374983238e+00 7.880367708374983238e+00 7.880367708374983238e+00
7.832636524376457743e+00 7.832636524376457743e+00 7.832636524376457743e+00 7.832636524376457743e+00 7.832636524376457743e+00 7.832636524376457743e+00 7.832636524376457743e+00 7.832636524376457743e+00 7.832636524376457743e+00 7.832636524376457743e+00 7.832636524376457743e+00
7.779485950395099714e+00 7.779485950395099714e+00 7.779485950395099714e+00 7.779485950395099714e+00 7.779485950395099714e+00 7.779485950395099714e+00 7.779485950395099714e+00 7.779485950395099714e+00 7.779485950395099714e+00 7.779485950395099714e+00 7.779485950395100602e+00
7.720685170102454364e+00 7.720685170102454364e+00 7.720685170102454364e+00 7.720685170102454364e+00 7.720685170102454364e+00 7.720685170102454364e+00 7.720685170102454364e+00 7.720685170102454364e+00 7.720685170102454364e+00 7.720685170102454364e+00 7.720685170102455253e+00
7.656060043389766534e+00 7.656060043389766534e+00 7.656060043389766534e+00 7.656060043389766534e+00 7.656060043389766534e+00 7.656060043389766534e+00 7.656060043389766534e+00 7.656060043389766534e+00 7.656060043389766534e+00 7.656060043389766534e+00 7.656060043389767422e+00
7.585504703405488769e+00 7.585504703405488769e+00 7.585504703405488769e+00 7.585504703405488769e+00 7.585504703405488769e+00 7.585504703405488769e+00 7.585504703405488769e+00 7.585504703405488769e+00 7.585504703405488769e+00 7.585504703405488769e+00 7.585504703405489657e+00
