1.140122448746307349e+01 1.140122446795258782e+01 1.140122440625839673e+01 1.140122421119769314e+01 1.140122359468593416e+01 1.140122164810381200e+01 1.140121551826554303e+01 1.140119634168987162e+01 1.140113727232630936e+01 1.140096137149035194e+01 1.140047083299324981e+01
1.140122433812593172e+01 1.140122431866986119e+01 1.140122425714648635e+01 1.140122406261363786e+01 1.140122344765818063e+01 1.140122150510903865e+01 1.140121538309973204e+01 1.140119621670957351e+01 1.140113715783618531e+01 1.140096126700867352e+01 1.140047073732025851e+01
1.140122430246205454e+01 1.140122428301509494e+01 1.140122422152046511e+01 1.140122402707795146e+01 1.140122341240240544e+01 1.140122147068060521e+01 1.140121535073379455e+01 1.140119618770489573e+01 1.140113713254043404e+01 1.140096124528177235e+01 1.140047071873197204e+01
1.140122425742425172e+01 1.140122423798789875e+01 1.140122417652675146e+01 1.140122398218949584e+01 1.140122336784064849e+01 1.140122142709120290e+01 1.140121530964780483e+01 1.140119615097711758e+01 1.140113710078969866e+01 1.140096121834667464e+01 1.140047069603376606e+01
1.140122420037307371e+01 1.140122418094906109e+01 1.140122411952687465e+01 1.140122392531217876e+01 1.140122331134450206e+01 1.140122137173741557e+01 1.140121525731597352e+01 1.140119610424910057e+01 1.140113706072267696e+01 1.140096118477230824e+01 1.140047066817565380e+01
1.140122412790132778e+01 1.140122410849164680e+01 1.140122404711471482e+01 1.140122385304247921e+01 1.140122323951879224e+01 1.140122130125147137e+01 1.140121519045955445e+01 1.140119604453626145e+01 1.140113700989650170e+01 1.140096114269257122e+01 1.140047063380421122e+01
1.140122403560554432e+01 1.140122401621248471e+01 1.140122395488804941e+01 1.140122376098116774e+01 1.140122314797384462e+01 1.140122121127459920e+01 1.140121510482136813e+01 1.140119596792559520e+01 1.140113694509751241e+01 1.140096108966581134e+01 1.140047059116733585e+01
1.140122391778886879e+01 1.140122389841507378e+01 1.140122383715148757e+01 1.140122364343637251e+01 1.140122303102893575e+01 1.140122109616167023e+01 1.140121499487258738e+01 1.140119586928786788e+01 1.140113686208998622e+01 1.140096102248753773e+01 1.140047053798763699e+01
1.140122376705982887e+01 1.140122374770834845e+01 1.140122368651526052e+01 1.140122349302242988e+01 1.140122288131142625e+01 1.140122094858166868e+01 1.140121485341917840e+01 1.140119574190264373e+01 1.140113675528428594e+01 1.140096093694077872e+01 1.140047047129397662e+01
1.140122357399262398e+01 1.140122355466698245e+01 1.140122349355554121e+01 1.140122330032023967e+01 1.140122268941697214e+01 1.140122075917532207e+01 1.140121467123248777e+01 1.140119557698168151e+01 1.140113661728230099e+01 1.140096082746084249e+01 1.140047038719674610e+01
1.140122332616025247e+01 1.140122330686452479e+01 1.140122324584761238e+01 1.140122305291057714e+01 1.140122244294391152e+01 1.140122051559818139e+01 1.140121443616362384e+01 1.140119536303612158e+01 1.140113643832040857e+01 1.140096068669358331e+01 1.140047028058866374e+01
