9.441543572775765725e+00 9.441543572775765725e+00 9.441543572775765725e+00 9.441543572775765725e+00 9.441543572775765725e+00 9.441543572775765725e+00 9.441543572775765725e+00 9.441543572775765725e+00 9.441543572775767501e+00 9.441543572775772830e+00 9.441543572775788817e+00
9.354092625907698633e+00 9.354092625907698633e+00 9.354092625907698633e+00 9.354092625907698633e+00 9.354092625907698633e+00 9.354092625907698633e+00 9.354092625907698633e+00 9.354092625907698633e+00 9.354092625907700409e+00 9.354092625907705738e+00 9.354092625907719949e+00
9.261320566465077064e+00 9.261320566465077064e+00 9.261320566465077064e+00 9.261320566465077064e+00 9.261320566465077064e+00 9.261320566465077064e+00 9.261320566465078841e+00 9.261320566465078841e+00 9.261320566465080617e+00 9.261320566465084170e+00 9.261320566465098381e+00
9.163493213041261853e+00 9.163493213041261853e+00 9.163493213041261853e+00 9.163493213041261853e+00 9.163493213041261853e+00 9.163493213041261853e+00 9.163493213041261853e+00 9.163493213041261853e+00 9.163493213041263630e+00 9.163493213041267182e+00 9.163493213041281393e+00
9.060954587418306616e+00 9.060954587418306616e+00 9.060954587418306616e+00 9.060954587418306616e+00 9.060954587418306616e+00 9.060954587418306616e+00 9.060954587418306616e+00 9.060954587418306616e+00 9.060954587418308392e+00 9.060954587418311945e+00 9.060954587418324380e+00
8.954112942144643483e+00 8.954112942144643483e+00 8.954112942144643483e+00 8.954112942144643483e+00 8.954112942144643483e+00 8.954112942144643483e+00 8.954112942144643483e+00 8.954112942144643483e+00 8.954112942144645260e+00 8.954112942144648812e+00 8.954112942144661247e+00
8.843421936796884708e+00 8.843421936796884708e+00 8.843421936796884708e+00 8.843421936796884708e+00 8.843421936796884708e+00 8.843421936796884708e+00 8.843421936796886484e+00 8.843421936796886484e+00 8.843421936796886484e+00 8.843421936796891814e+00 8.843421936796902472e+00
8.729358863190570972e+00 8.729358863190570972e+00 8.729358863190570972e+00 8.729358863190570972e+00 8.729358863190570972e+00 8.729358863190570972e+00 8.729358863190570972e+00 8.729358863190570972e+00 8.729358863190572748e+00 8.729358863190576301e+00 8.729358863190586959e+00
8.612402377683105570e+00 8.612402377683105570e+00 8.612402377683105570e+00 8.612402377683105570e+00 8.612402377683105570e+00 8.612402377683107346e+00 8.612402377683107346e+00 8.612402377683107346e+00 8.612402377683107346e+00 8.612402377683110899e+00 8.612402377683123333e+00
8.493012258860266783e+00 8.493012258860266783e+00 8.493012258860266783e+00 8.493012258860266783e+00 8.493012258860266783e+00 8.493012258860266783e+00 8.493012258860266783e+00 8.493012258860266783e+00 8.493012258860268560e+00 8.493012258860270336e+00 8.493012258860282770e+00
8.371613225411616455e+00 8.371613225411616455e+00 8.371613225411616455e+00 8.371613225411616455e+00 8.371613225411616455e+00 8.371613225411616455e+00 8.371613225411616455e+00 8.371613225411616455e+00 8.371613225411616455e+00 8.371613225411620007e+00 8.371613225411632442e+00
