5.813870991169682867e+00 5.813870991169703295e+00 5.813870991169770797e+00 5.813870991169983959e+00 5.813870991170656310e+00 5.813870991172782610e+00 5.813870991179507897e+00 5.813870991200773553e+00 5.813870991268021982e+00 5.813870991480679429e+00 5.813870992153162831e+00
5.682608904592582277e+00 5.682608904592602705e+00 5.682608904592664878e+00 5.682608904592862942e+00 5.682608904593489108e+00 5.682608904595467081e+00 5.682608904601724298e+00 5.682608904621511137e+00 5.682608904684081530e+00 5.682608904881947254e+00 5.682608905507654740e+00
5.550457442618120574e+00 5.550457442618138337e+00 5.550457442618196069e+00 5.550457442618378145e+00 5.550457442618953685e+00 5.550457442620773563e+00 5.550457442626528959e+00 5.550457442644729511e+00 5.550457442702282584e+00 5.550457442884282777e+00 5.550457443459818840e+00
5.417117433082852429e+00 5.417117433082869304e+00 5.417117433082921707e+00 5.417117433083086908e+00 5.417117433083609157e+00 5.417117433085261169e+00 5.417117433090484546e+00 5.417117433107003777e+00 5.417117433159241990e+00 5.417117433324433406e+00 5.417117433846814656e+00
5.282184947751074944e+00 5.282184947751090043e+00 5.282184947751136228e+00 5.282184947751284554e+00 5.282184947751750848e+00 5.282184947753227888e+00 5.282184947757896154e+00 5.282184947772660344e+00 5.282184947819347443e+00 5.282184947966985789e+00 5.282184948433858551e+00
5.145119570663058362e+00 5.145119570663071684e+00 5.145119570663112540e+00 5.145119570663242214e+00 5.145119570663652553e+00 5.145119570664948405e+00 5.145119570669047349e+00 5.145119570682008536e+00 5.145119570722994418e+00 5.145119570852606294e+00 5.145119571262473102e+00
5.005222432761248008e+00 5.005222432761258666e+00 5.005222432761294193e+00 5.005222432761405216e+00 5.005222432761757823e+00 5.005222432762872486e+00 5.005222432766396778e+00 5.005222432777541641e+00 5.005222432812784561e+00 5.005222432924232301e+00 5.005222433276662386e+00
4.861533290303635013e+00 4.861533290303643895e+00 4.861533290303674093e+00 4.861533290303767352e+00 4.861533290304063115e+00 4.861533290304999255e+00 4.861533290307957778e+00 4.861533290317312961e+00 4.861533290346898184e+00 4.861533290440455346e+00 4.861533290736308466e+00
4.712800144006055625e+00 4.712800144006062730e+00 4.712800144006086711e+00 4.712800144006163094e+00 4.712800144006404679e+00 4.712800144007168512e+00 4.712800144009584358e+00 4.712800144017222692e+00 4.712800144041378481e+00 4.712800144117764489e+00 4.712800144359318821e+00
4.557390299470190698e+00 4.557390299470196915e+00 4.557390299470215567e+00 4.557390299470275963e+00 4.557390299470466921e+00 4.557390299471070882e+00 4.557390299472980466e+00 4.557390299479020079e+00 4.557390299498118580e+00 4.557390299558512048e+00 4.557390299749493501e+00
4.393158525847205453e+00 4.393158525847209894e+00 4.393158525847224105e+00 4.393158525847270290e+00 4.393158525847415952e+00 4.393158525847876028e+00 4.393158525849330864e+00 4.393158525853932517e+00 4.393158525868481767e+00 4.393158525914491186e+00 4.393158526059986357e+00
