1.275347327677150489e+01 1.272503698543552275e+01 1.268405510556160465e+01 1.262652919211063107e+01 1.254745085790830395e+01 1.244066883247867317e+01 1.229869769563571502e+01 1.211285100731509701e+01 1.187418147796698342e+01 1.157566394580743996e+01 1.121547779101081943e+01
1.275348111354127489e+01 1.272504112274859978e+01 1.268405708536352883e+01 1.262652992600851576e+01 1.254745088854408763e+01 1.244066848819739945e+01 1.229869718175426918e+01 1.211285045798004134e+01 1.187418098244849851e+01 1.157566355808777203e+01 1.121547753052261776e+01
1.275348664355906614e+01 1.272504397544911292e+01 1.268405837933594782e+01 1.262653032318226209e+01 1.254745078379865753e+01 1.244066812153464952e+01 1.229869670446215224e+01 1.211284997006646513e+01 1.187418055122071614e+01 1.157566322421565630e+01 1.121547730748921801e+01
1.275349052415427131e+01 1.272504591896086268e+01 1.268405919731384657e+01 1.262653049642231551e+01 1.254745059986307254e+01 1.244066775610472497e+01 1.229869626930436688e+01 1.211284954003583181e+01 1.187418017732085573e+01 1.157566293723954942e+01 1.121547711669815328e+01
1.275349322839618083e+01 1.272504722209473016e+01 1.268405968821744523e+01 1.262653052446582613e+01 1.254745037463570156e+01 1.244066740641919999e+01 1.229869587797263009e+01 1.211284916333260497e+01 1.187417985410453269e+01 1.157566269094975020e+01 1.121547695361301322e+01
1.275349509628938982e+01 1.272504807688531514e+01 1.268405995729437485e+01 1.262653046182139249e+01 1.254745013318035340e+01 1.244066708078126204e+01 1.229869552971310220e+01 1.211284883496089471e+01 1.187417957539615543e+01 1.157566247984864916e+01 1.121547681430029364e+01
1.275349637181953000e+01 1.272504862014284654e+01 1.268406007854415840e+01 1.262653034582137934e+01 1.254744989161844337e+01 1.244066678332514009e+01 1.229869522229476786e+01 1.211284854985811776e+01 1.187417933556244165e+01 1.157566229910318611e+01 1.121547669535957681e+01
1.275349722974528355e+01 1.272504894901025629e+01 1.268406010366182990e+01 1.262653020167525497e+01 1.254744965989586447e+01 1.244066651544468805e+01 1.229869495266718182e+01 1.211284830312814975e+01 1.187417912953552701e+01 1.157566214448827679e+01 1.121547659385861095e+01
1.275349779496393055e+01 1.272504913218446454e+01 1.268406006846800871e+01 1.262653004608296925e+01 1.254744944374244042e+01 1.244066627678671821e+01 1.229869471739965725e+01 1.211284809017828046e+01 1.187417895280401581e+01 1.157566201232699754e+01 1.121547650727407763e+01
1.275349815650067242e+01 1.272504921800318911e+01 1.268405999752518376e+01 1.262652988981215785e+01 1.254744924605315504e+01 1.244066606593518465e+01 1.229869451296770677e+01 1.211284790679122203e+01 1.187417880138466408e+01 1.157566189943123369e+01 1.121547643343830103e+01
1.275349811158496571e+01 1.272504847032324626e+01 1.268405886760966261e+01 1.262652857494909675e+01 1.254744787328773725e+01 1.244066472378138677e+01 1.229869326996432477e+01 1.211284682034415461e+01 1.187417791790056221e+01 1.157566124663328466e+01 1.121547600873465278e+01
