-1.421757546555605656e-01 -1.421757546535054595e-01 -1.421757546470077405e-01 -1.421757546264595107e-01 -1.421757545614806828e-01 -1.421757543559991344e-01 -1.421757537062099674e-01 -1.421757516513959541e-01 -1.421757451535032302e-01 -1.421757246053631518e-01 -1.421756596264452110e-01
-4.151030211022434524e-01 -4.151030211003678416e-01 -4.151030210944363641e-01 -4.151030210756794236e-01 -4.151030210163650924e-01 -4.151030208287962986e-01 -4.151030202356517651e-01 -4.151030183599644929e-01 -4.151030124285199907e-01 -4.151029936716465474e-01 -4.151029343572091301e-01
-7.554000946379311188e-01 -7.554000946360928115e-01 -7.554000946302792396e-01 -7.554000946118953896e-01 -7.554000945537598932e-01 -7.554000943699195059e-01 -7.554000937885654299e-01 -7.554000919501627775e-01 -7.554000861366232389e-01 -7.554000677525968266e-01 -7.554000096172059919e-01
-1.198934474692752827e+00 -1.198934474690687813e+00 -1.198934474684157925e+00 -1.198934474663507777e+00 -1.198934474598207123e+00 -1.198934474391708083e+00 -1.198934473738700657e+00 -1.198934471673710256e+00 -1.198934465143637329e+00 -1.198934444493733986e+00 -1.198934379193012489e+00
-1.810006818647886151e+00 -1.810006818644866566e+00 -1.810006818635318204e+00 -1.810006818605123691e+00 -1.810006818509640070e+00 -1.810006818207694712e+00 -1.810006817252859834e+00 -1.810006814233406924e+00 -1.810006804685058146e+00 -1.810006774490529491e+00 -1.810006679007059693e+00
-2.699783618107316485e+00 -2.699783618100069837e+00 -2.699783618077153502e+00 -2.699783618004686581e+00 -2.699783617775525890e+00 -2.699783617050857121e+00 -2.699783614759251993e+00 -2.699783607512560302e+00 -2.699783584596510799e+00 -2.699783512129606766e+00 -2.699783282969214326e+00
-4.030795291258224999e+00 -4.030795291217866172e+00 -4.030795291090239374e+00 -4.030795290686647547e+00 -4.030795289410377791e+00 -4.030795285374459525e+00 -4.030795272611766400e+00 -4.030795232252589066e+00 -4.030795104625687131e+00 -4.030794701034234429e+00 -4.030793424768466693e+00
-6.321506418422675466e+00 -6.321506416755771518e+00 -6.321506411484559607e+00 -6.321506394815523677e+00 -6.321506342103406340e+00 -6.321506175413099449e+00 -6.321505648292486512e+00 -6.321503981394958949e+00 -6.321498710244251029e+00 -6.321482041823152542e+00 -6.321429335857319920e+00
-1.035681195582572833e+01 -1.035680895558810555e+01 -1.035679946814009256e+01 -1.035676946755912198e+01 -1.035667461102862319e+01 -1.035637478461740457e+01 -1.035542801021249026e+01 -1.035244755823086216e+01 -1.034315493859664770e+01 -1.031501305171191518e+01 -1.023640590878038559e+01
-1.675560356584514565e+01 -1.625561576879844949e+01 -1.575561962776554026e+01 -1.525562084808809615e+01 -1.475562123398777459e+01 -1.425562135602003977e+01 -1.375562139461003852e+01 -1.325562140681326717e+01 -1.275562128671078987e+01 -1.225562137269170471e+01 -1.175562139988126198e+01
-1.780243556010703188e+01 -1.730243556010703188e+01 -1.680243556010703188e+01 -1.630243556010703188e+01 -1.580243556010703188e+01 -1.530243556010703188e+01 -1.480243556010703188e+01 -1.430243556010703188e+01 -1.380243556010703188e+01 -1.330243556010703188e+01 -1.280243556010703188e+01
