4.351977872241973522e+00 3.852958412926795972e+00 3.353271327623898568e+00 2.853370573665239718e+00 2.353401987721155830e+00 1.853411924698761926e+00 1.353415067345419942e+00 8.534160611674058705e-01 3.534163754444978323e-01 -1.465835251720607191e-01 -6.465834937442271890e-01
4.351978736040675422e+00 3.852958479026962202e+00 3.353271326633226579e+00 2.853370571121169874e+00 2.353401986692214010e+00 1.853411924350894635e+00 1.353415067233164848e+00 8.534160611316825573e-01 3.534163754331786644e-01 -1.465835251756424651e-01 -6.465834937453601716e-01
4.351979347954268995e+00 3.852958522420614873e+00 3.353271324484168758e+00 2.853370568824399989e+00 2.353401985803210472e+00 1.853411924053465665e+00 1.353415067137478278e+00 8.534160611012606701e-01 3.534163754235421506e-01 -1.465835251786913873e-01 -6.465834937463244003e-01
4.351979779421994543e+00 3.852958550030686435e+00 3.353271321708703123e+00 2.853370566774289685e+00 2.353401985036952304e+00 1.853411923799335392e+00 1.353415067055932619e+00 8.534160610753553922e-01 3.534163754153384351e-01 -1.465835251812868389e-01 -6.465834937471452992e-01
4.351980081907846909e+00 3.852958566774257410e+00 3.353271318660643097e+00 2.853370564960335365e+00 2.353401984377805789e+00 1.853411923582325871e+00 1.353415066986450865e+00 8.534160610532977032e-01 3.534163754083544662e-01 -1.465835251834960440e-01 -6.465834937478439626e-01
4.351980292442970466e+00 3.852958576129554835e+00 3.353271315569393174e+00 2.853370563366383728e+00 2.353401983811737708e+00 1.853411923397105809e+00 1.353415066927257326e+00 8.534160610345169484e-01 3.534163754024091109e-01 -1.465835251853767340e-01 -6.465834937484389311e-01
4.351980437637211985e+00 3.852958580544711076e+00 3.353271312578219199e+00 2.853370561973453068e+00 2.353401983326278479e+00 1.853411923239083992e+00 1.353415066876835660e+00 8.534160610185268503e-01 3.534163753973483812e-01 -1.465835251869777034e-01 -6.465834937489451928e-01
4.351980536581329773e+00 3.852958581732143006e+00 3.353271309771381770e+00 2.853370560761598895e+00 2.353401982910433787e+00 1.853411923104313574e+00 1.353415066833890457e+00 8.534160610049137397e-01 3.534163753930402163e-01 -1.465835251883402801e-01 -6.465834937493760703e-01
4.351980602945640264e+00 3.852958580880293304e+00 3.353271307193292916e+00 2.853370559711096988e+00 2.353401982554569116e+00 1.853411922989408156e+00 1.353415066797316824e+00 8.534160609933243435e-01 3.534163753893730942e-01 -1.465835251895002411e-01 -6.465834937497428880e-01
4.351980646496804717e+00 3.852958578805717238e+00 3.353271304861966673e+00 2.853370558803168588e+00 2.353401982250283631e+00 1.853411922891463615e+00 1.353415066766171959e+00 8.534160609834584577e-01 3.534163753862513691e-01 -1.465835251904876180e-01 -6.465834937500551938e-01
4.351980674193459464e+00 3.852958576062131435e+00 3.353271302778398244e+00 2.853370558020389414e+00 2.353401981990281833e+00 1.853411922807995049e+00 1.353415066739651840e+00 8.534160609750595095e-01 3.534163753835942168e-01 -1.465835251913280846e-01 -6.465834937503207591e-01
