1.200429544370630630e+01 1.200429544370630630e+01 1.200429544370630630e+01 1.200429544370630630e+01 1.200429544370630630e+01 1.200429544370630630e+01 1.200429544370630630e+01 1.200429544370630630e+01 1.200429544370630630e+01 1.200429544370630630e+01 1.200429544370630630e+01
1.200437701028005932e+01 1.200437701028005932e+01 1.200437701028005932e+01 1.200437701028005932e+01 1.200437701028005932e+01 1.200437701028005932e+01 1.200437701028005932e+01 1.200437701028005932e+01 1.200437701028005932e+01 1.200437701028005932e+01 1.200437701028005932e+01
1.200444076874867072e+01 1.200444076874867072e+01 1.200444076874867072e+01 1.200444076874867072e+01 1.200444076874867072e+01 1.200444076874867072e+01 1.200444076874867072e+01 1.200444076874867072e+01 1.200444076874867072e+01 1.200444076874867072e+01 1.200444076874867072e+01
1.200449038486644682e+01 1.200449038486644682e+01 1.200449038486644682e+01 1.200449038486644682e+01 1.200449038486644682e+01 1.200449038486644682e+01 1.200449038486644682e+01 1.200449038486644682e+01 1.200449038486644682e+01 1.200449038486644682e+01 1.200449038486644682e+01
1.200452883317301023e+01 1.200452883317301023e+01 1.200452883317301023e+01 1.200452883317301023e+01 1.200452883317301023e+01 1.200452883317301023e+01 1.200452883317301023e+01 1.200452883317301023e+01 1.200452883317301023e+01 1.200452883317301023e+01 1.200452883317301023e+01
1.200455850933671620e+01 1.200455850933671620e+01 1.200455850933671620e+01 1.200455850933671620e+01 1.200455850933671620e+01 1.200455850933671620e+01 1.200455850933671620e+01 1.200455850933671620e+01 1.200455850933671620e+01 1.200455850933671620e+01 1.200455850933671620e+01
1.200458132929059474e+01 1.200458132929059474e+01 1.200458132929059474e+01 1.200458132929059474e+01 1.200458132929059474e+01 1.200458132929059474e+01 1.200458132929059474e+01 1.200458132929059474e+01 1.200458132929059474e+01 1.200458132929059474e+01 1.200458132929059474e+01
1.200459881528895068e+01 1.200459881528895068e+01 1.200459881528895068e+01 1.200459881528895068e+01 1.200459881528895068e+01 1.200459881528895068e+01 1.200459881528895068e+01 1.200459881528895068e+01 1.200459881528895068e+01 1.200459881528895068e+01 1.200459881528895068e+01
1.200461216947373266e+01 1.200461216947373266e+01 1.200461216947373266e+01 1.200461216947373266e+01 1.200461216947373266e+01 1.200461216947373266e+01 1.200461216947373266e+01 1.200461216947373266e+01 1.200461216947373266e+01 1.200461216947373266e+01 1.200461216947373266e+01
1.200462233588135597e+01 1.200462233588135597e+01 1.200462233588135597e+01 1.200462233588135597e+01 1.200462233588135597e+01 1.200462233588135597e+01 1.200462233588135597e+01 1.200462233588135597e+01 1.200462233588135597e+01 1.200462233588135597e+01 1.200462233588135597e+01
1.200465319923668339e+01 1.200465319923668339e+01 1.200465319923668339e+01 1.200465319923668339e+01 1.200465319923668339e+01 1.200465319923668339e+01 1.200465319923668339e+01 1.200465319923668339e+01 1.200465319923668339e+01 1.200465319923668339e+01 1.200465319923668339e+01
