1.200429542652517689e+01 1.200429538937486917e+01 1.200429527189585421e+01 1.200429490040037095e+01 1.200429372568667219e+01 1.200429001150948061e+01 1.200427827256259761e+01 1.200424122535368276e+01 1.200412513847559559e+01 1.200377491118381279e+01 1.200284935680528875e+01
1.200437699191721919e+01 1.200437695221179268e+01 1.200437682665339523e+01 1.200437642961477813e+01 1.200437517418779976e+01 1.200437120538689051e+01 1.200435866745245228e+01 1.200431915742170652e+01 1.200419595553132623e+01 1.200382956977028925e+01 1.200288340414600974e+01
1.200444074929368909e+01 1.200444070722682710e+01 1.200444057420162380e+01 1.200444015355795990e+01 1.200443882355608771e+01 1.200443461963881653e+01 1.200442134536470462e+01 1.200437958012446238e+01 1.200425000433156519e+01 1.200387005056569478e+01 1.200290807295745310e+01
1.200449036441277251e+01 1.200449032018655160e+01 1.200449018033364723e+01 1.200448973810685693e+01 1.200448833993277020e+01 1.200448392123428754e+01 1.200446997580444553e+01 1.200442617008601331e+01 1.200429097045241633e+01 1.200389984662315435e+01 1.200292589271315435e+01
1.200452881181467646e+01 1.200452876563242555e+01 1.200452861959488793e+01 1.200452815781931726e+01 1.200452669791407345e+01 1.200452208488168715e+01 1.200450753374084023e+01 1.200446190207026298e+01 1.200432181260017650e+01 1.200392166054792220e+01 1.200293872899619885e+01
1.200455848716570095e+01 1.200455843922631161e+01 1.200455828763315758e+01 1.200455780829862285e+01 1.200455629296151727e+01 1.200455150558451045e+01 1.200453641263018945e+01 1.200448916355135509e+01 1.200434488271215550e+01 1.200393755629987957e+01 1.200294795015081206e+01
1.200458130639485432e+01 1.200458125688851396e+01 1.200458110034123216e+01 1.200458060535041049e+01 1.200457904060419878e+01 1.200457409798775643e+01 1.200455852422379799e+01 1.200450985603239218e+01 1.200436203256422196e+01 1.200394909221108364e+01 1.200295455553512092e+01
1.200459879175104660e+01 1.200459874085629153e+01 1.200459857991951118e+01 1.200459807105841570e+01 1.200459646255603552e+01 1.200459138262676895e+01 1.200457538523709999e+01 1.200452548307568534e+01 1.200437470654875227e+01 1.200395743346923183e+01 1.200295927259058537e+01
1.200461214536999854e+01 1.200461209325188072e+01 1.200461192844758784e+01 1.200461140736731025e+01 1.200460976033420124e+01 1.200460455965852091e+01 1.200458819144031075e+01 1.200453722554369662e+01 1.200438402100982671e+01 1.200396344429814022e+01 1.200296262941889580e+01
1.200462231128146406e+01 1.200462225809064520e+01 1.200462208989529778e+01 1.200462155810288678e+01 1.200461987730825975e+01 1.200461457100245610e+01 1.200459788009047912e+01 1.200454600495012869e+01 1.200439083103807292e+01 1.200396776149669087e+01 1.200296500856252102e+01
1.200465317152333178e+01 1.200465311160579240e+01 1.200465292218671465e+01 1.200465232373423596e+01 1.200465043615222172e+01 1.200464450787115922e+01 1.200462607957997641e+01 1.200457011748729741e+01 1.200440816273080102e+01 1.200397804774610222e+01 1.200297013429508475e+01
