1.164936572563239991e+01 1.164936572563258821e+01 1.164936572563318506e+01 1.164936572563507333e+01 1.164936572564104544e+01 1.164936572565993167e+01 1.164936572571965456e+01 1.164936572590851682e+01 1.164936572650574576e+01 1.164936572839434881e+01 1.164936573436662037e+01
1.165745102051845450e+01 1.165745102051864990e+01 1.165745102051926452e+01 1.165745102052121140e+01 1.165745102052737003e+01 1.165745102054684423e+01 1.165745102060842520e+01 1.165745102080316009e+01 1.165745102141896794e+01 1.165745102336631689e+01 1.165745102952435275e+01
1.166442891804844706e+01 1.166442891804864068e+01 1.166442891804925175e+01 1.166442891805118443e+01 1.166442891805729509e+01 1.166442891807661830e+01 1.166442891813772498e+01 1.166442891833095885e+01 1.166442891894202027e+01 1.166442892087436256e+01 1.166442892698492173e+01
1.167043840028543755e+01 1.167043840028561874e+01 1.167043840028619073e+01 1.167043840028800261e+01 1.167043840029372959e+01 1.167043840031183954e+01 1.167043840036911106e+01 1.167043840055021420e+01 1.167043840112291520e+01 1.167043840293394652e+01 1.167043840866086057e+01
1.167560246052308948e+01 1.167560246052324402e+01 1.167560246052373252e+01 1.167560246052527617e+01 1.167560246053015582e+01 1.167560246054559059e+01 1.167560246059440132e+01 1.167560246074874897e+01 1.167560246123684209e+01 1.167560246278031322e+01 1.167560246766109699e+01
1.168002963809555261e+01 1.168002963809566097e+01 1.168002963809600203e+01 1.168002963809708561e+01 1.168002963810050687e+01 1.168002963811133021e+01 1.168002963814555706e+01 1.168002963825379226e+01 1.168002963859605714e+01 1.168002963967837893e+01 1.168002964310082881e+01
1.168381549538746000e+01 1.168381549538749731e+01 1.168381549538761632e+01 1.168381549538798936e+01 1.168381549538917064e+01 1.168381549539290809e+01 1.168381549540472264e+01 1.168381549544208831e+01 1.168381549556024446e+01 1.168381549593386559e+01 1.168381549711513223e+01
1.168704401842528817e+01 1.168704401842522245e+01 1.168704401842501994e+01 1.168704401842437868e+01 1.168704401842235185e+01 1.168704401841593743e+01 1.168704401839565676e+01 1.168704401833151962e+01 1.168704401812870053e+01 1.168704401748729538e+01 1.168704401545867100e+01
1.168978892720764406e+01 1.168978892720744156e+01 1.168978892720680207e+01 1.168978892720477880e+01 1.168978892719838036e+01 1.168978892717814766e+01 1.168978892711416684e+01 1.168978892691183802e+01 1.168978892627201738e+01 1.168978892424868299e+01 1.168978891784987795e+01
1.169211488534467591e+01 1.169211488534429222e+01 1.169211488534308252e+01 1.169211488533925092e+01 1.169211488532713972e+01 1.169211488528883613e+01 1.169211488516771347e+01 1.169211488478468652e+01 1.169211488357344209e+01 1.169211487974308916e+01 1.169211486762982588e+01
1.169407860126840148e+01 1.169407860126779042e+01 1.169407860126585774e+01 1.169407860125974530e+01 1.169407860124041321e+01 1.169407860117928522e+01 1.169407860098597851e+01 1.169407860037468616e+01 1.169407859844160313e+01 1.169407859232857483e+01 1.169407857299664855e+01
