1.286799059815141355e+01 1.286799059815141355e+01 1.286799059815141355e+01 1.286799059815141355e+01 1.286799059815141355e+01 1.286799059815141533e+01 1.286799059815141888e+01 1.286799059815143131e+01 1.286799059815146862e+01 1.286799059815158941e+01 1.286799059815196955e+01
1.287365975892922521e+01 1.287365975892922521e+01 1.287365975892922521e+01 1.287365975892922521e+01 1.287365975892922521e+01 1.287365975892922698e+01 1.287365975892923053e+01 1.287365975892924475e+01 1.287365975892928738e+01 1.287365975892942060e+01 1.287365975892984515e+01
1.287854654812012534e+01 1.287854654812012534e+01 1.287854654812012534e+01 1.287854654812012534e+01 1.287854654812012534e+01 1.287854654812012711e+01 1.287854654812013067e+01 1.287854654812014665e+01 1.287854654812019284e+01 1.287854654812034028e+01 1.287854654812080923e+01
1.288275346987338388e+01 1.288275346987338388e+01 1.288275346987338388e+01 1.288275346987338388e+01 1.288275346987338388e+01 1.288275346987338565e+01 1.288275346987339098e+01 1.288275346987340697e+01 1.288275346987345671e+01 1.288275346987361836e+01 1.288275346987412640e+01
1.288637054615620414e+01 1.288637054615620414e+01 1.288637054615620414e+01 1.288637054615620414e+01 1.288637054615620414e+01 1.288637054615620592e+01 1.288637054615621125e+01 1.288637054615622901e+01 1.288637054615628230e+01 1.288637054615645461e+01 1.288637054615699640e+01
1.288947662256300752e+01 1.288947662256300752e+01 1.288947662256300752e+01 1.288947662256300752e+01 1.288947662256300930e+01 1.288947662256301108e+01 1.288947662256301641e+01 1.288947662256303417e+01 1.288947662256309101e+01 1.288947662256326865e+01 1.288947662256383175e+01
1.289214058224612280e+01 1.289214058224612280e+01 1.289214058224612280e+01 1.289214058224612280e+01 1.289214058224612280e+01 1.289214058224612458e+01 1.289214058224612991e+01 1.289214058224614945e+01 1.289214058224620452e+01 1.289214058224638393e+01 1.289214058224694703e+01
1.289442246498177091e+01 1.289442246498177091e+01 1.289442246498177091e+01 1.289442246498177091e+01 1.289442246498177091e+01 1.289442246498177269e+01 1.289442246498177802e+01 1.289442246498179578e+01 1.289442246498184907e+01 1.289442246498201783e+01 1.289442246498255251e+01
1.289637449145695847e+01 1.289637449145695847e+01 1.289637449145695847e+01 1.289637449145695847e+01 1.289637449145695847e+01 1.289637449145696024e+01 1.289637449145696557e+01 1.289637449145697978e+01 1.289637449145702597e+01 1.289637449145717341e+01 1.289637449145763703e+01
1.289804199509024940e+01 1.289804199509024940e+01 1.289804199509024940e+01 1.289804199509024940e+01 1.289804199509024940e+01 1.289804199509024940e+01 1.289804199509025295e+01 1.289804199509026361e+01 1.289804199509029736e+01 1.289804199509040394e+01 1.289804199509073968e+01
1.289946426522234191e+01 1.289946426522234191e+01 1.289946426522234191e+01 1.289946426522234191e+01 1.289946426522234191e+01 1.289946426522234368e+01 1.289946426522234368e+01 1.289946426522234901e+01 1.289946426522236145e+01 1.289946426522240408e+01 1.289946426522253375e+01
