2.382436739274577775e+00 2.382436739274577775e+00 2.382436739274577775e+00 2.382436739274577775e+00 2.382436739274577775e+00 2.382436739274577775e+00 2.382436739274577775e+00 2.382436739274577775e+00 2.382436739274578219e+00 2.382436739274578663e+00 2.382436739274579995e+00
2.208024096408814696e+00 2.208024096408814696e+00 2.208024096408814696e+00 2.208024096408814696e+00 2.208024096408814696e+00 2.208024096408814696e+00 2.208024096408814696e+00 2.208024096408814696e+00 2.208024096408815140e+00 2.208024096408815140e+00 2.208024096408816916e+00
2.015915213196652900e+00 2.015915213196652900e+00 2.015915213196652900e+00 2.015915213196652900e+00 2.015915213196652900e+00 2.015915213196652900e+00 2.015915213196652900e+00 2.015915213196652900e+00 2.015915213196652900e+00 2.015915213196653344e+00 2.015915213196654676e+00
1.798520865168219185e+00 1.798520865168219185e+00 1.798520865168219185e+00 1.798520865168219185e+00 1.798520865168219185e+00 1.798520865168219185e+00 1.798520865168219185e+00 1.798520865168219185e+00 1.798520865168219185e+00 1.798520865168219629e+00 1.798520865168220517e+00
1.542720418688483752e+00 1.542720418688483752e+00 1.542720418688483752e+00 1.542720418688483752e+00 1.542720418688483752e+00 1.542720418688483752e+00 1.542720418688483752e+00 1.542720418688483752e+00 1.542720418688483752e+00 1.542720418688484196e+00 1.542720418688484862e+00
1.225157981358983683e+00 1.225157981358983683e+00 1.225157981358983683e+00 1.225157981358983683e+00 1.225157981358983683e+00 1.225157981358983683e+00 1.225157981358983683e+00 1.225157981358983683e+00 1.225157981358983683e+00 1.225157981358983905e+00 1.225157981358984349e+00
8.152333776543692068e-01 8.152333776543692068e-01 8.152333776543692068e-01 8.152333776543692068e-01 8.152333776543692068e-01 8.152333776543692068e-01 8.152333776543692068e-01 8.152333776543692068e-01 8.152333776543693178e-01 8.152333776543695398e-01 8.152333776543698729e-01
2.316462189782297343e-01 2.316462189782297343e-01 2.316462189782297343e-01 2.316462189782297343e-01 2.316462189782297343e-01 2.316462189782297343e-01 2.316462189782297343e-01 2.316462189782297343e-01 2.316462189782297898e-01 2.316462189782299286e-01 2.316462189782304559e-01
-6.380151038356167703e-01 -6.380151038356167703e-01 -6.380151038356167703e-01 -6.380151038356167703e-01 -6.380151038356167703e-01 -6.380151038356167703e-01 -6.380151038356167703e-01 -6.380151038356167703e-01 -6.380151038356166593e-01 -6.380151038356163262e-01 -6.380151038356154380e-01
-2.175832011589312831e+00 -2.175832011589312831e+00 -2.175832011589312831e+00 -2.175832011589312831e+00 -2.175832011589312831e+00 -2.175832011589312831e+00 -2.175832011589312831e+00 -2.175832011589312831e+00 -2.175832011589311943e+00 -2.175832011589310166e+00 -2.175832011589304393e+00
-4.648056045560575278e+00 -4.648056045560575278e+00 -4.648056045560575278e+00 -4.648056045560575278e+00 -4.648056045560575278e+00 -4.648056045560574390e+00 -4.648056045560571725e+00 -4.648056045560562843e+00 -4.648056045560537086e+00 -4.648056045560454486e+00 -4.648056045560193361e+00
