6.742334913043849021e+00 6.310910749969525391e+00 5.843162456089609158e+00 5.356076405350144398e+00 4.860659922406406430e+00 4.362179012397123579e+00 3.862667479865005138e+00 3.362822803298864738e+00 2.862872008222856479e+00 2.362887576976182569e+00 1.862892501129076672e+00
6.741461011519967350e+00 6.310696426797956171e+00 5.843122932884067922e+00 5.356070759375540113e+00 4.860659239925698927e+00 4.362178933633913402e+00 3.862667469869203618e+00 3.362822801673262418e+00 2.862872007863805912e+00 2.362887576878189844e+00 1.862892501099644882e+00
6.740294466798252948e+00 6.310409110206987471e+00 5.843069865524755713e+00 5.356063182585987903e+00 4.860658327184317784e+00 4.362178829363570820e+00 3.862667456955151124e+00 3.362822799654884953e+00 2.862872007434064781e+00 2.362887576763209818e+00 1.862892501065378736e+00
6.738741021772680639e+00 6.310024301064744989e+00 5.842998626969151843e+00 5.356053012622350451e+00 4.860657105596837724e+00 4.362178691053014923e+00 3.862667440200794111e+00 3.362822797135070818e+00 2.862872006917737799e+00 2.362887576628069919e+00 1.862892501025460001e+00
6.736678890169579326e+00 6.309509569947136853e+00 5.842903025676421613e+00 5.356039360024753115e+00 4.860655469618524904e+00 4.362178507268104077e+00 3.862667418379508444e+00 3.362822793971954383e+00 2.862872006294803207e+00 2.362887576468929218e+00 1.862892500978923893e+00
6.733952765489620518e+00 6.308822215884440254e+00 5.842774790209353419e+00 5.356021030750026668e+00 4.860653277480841972e+00 4.362178262679715424e+00 3.862667389857175060e+00 3.362822789979698523e+00 2.862872005539904396e+00 2.362887576281121227e+00 1.862892500924629768e+00
6.730367956026137577e+00 6.307906402909382315e+00 5.842602894792904955e+00 5.355996422606385643e+00 4.860650338746144605e+00 4.362177936728079075e+00 3.862667352454089542e+00 3.362822784914115459e+00 2.862872004620760524e+00 2.362887576058945172e+00 1.862892500861226486e+00
6.725685744414756861e+00 6.306689782735611871e+00 5.842372685052832360e+00 5.355963387113609642e+00 4.860646397594441837e+00 4.362177501827724235e+00 3.862667303259610829e+00 3.362822778453451900e+00 2.862872003496069073e+00 2.362887575795403095e+00 1.862892500787107775e+00
6.719621619073732788e+00 6.305079716765933817e+00 5.842064759075959124e+00 5.355919045761417863e+00 4.860641110387994068e+00 4.362176920954904169e+00 3.862667238383311386e+00 3.362822770172690490e+00 2.862872002112729852e+00 2.362887575481858349e+00 1.862892500700358944e+00
6.711848439414338507e+00 6.302959380907117826e+00 5.841653559731540213e+00 5.355859546526589909e+00 4.860634015572173006e+00 4.362176144404937617e+00 3.862667152620768984e+00 3.362822759509152881e+00 2.862872000402166606e+00 2.362887575107594618e+00 1.862892500598688938e+00
6.702006513097843232e+00 6.300184273962272208e+00 5.841105644527511132e+00 5.355779742834816837e+00 4.860624493326900719e+00 4.362175105433911959e+00 3.862667039004625380e+00 3.362822745716420592e+00 2.862871998275438479e+00 2.362887574659241707e+00 1.862892500479346625e+00
