-1.072054877478005208e+00 -1.072054877477918389e+00 -1.072054877477644830e+00 -1.072054877476779078e+00 -1.072054877474041712e+00 -1.072054877465385303e+00 -1.072054877438011422e+00 -1.072054877351447555e+00 -1.072054877077708523e+00 -1.072054876212069630e+00 -1.072054873474679093e+00
-1.415165757228904475e+00 -1.415165757228798782e+00 -1.415165757228464383e+00 -1.415165757227406562e+00 -1.415165757224061682e+00 -1.415165757213483921e+00 -1.415165757180034234e+00 -1.415165757074257291e+00 -1.415165756739761083e+00 -1.415165755681991877e+00 -1.415165752337031346e+00
-1.845506867341758284e+00 -1.845506867341609070e+00 -1.845506867341137003e+00 -1.845506867339643975e+00 -1.845506867334923307e+00 -1.845506867319994582e+00 -1.845506867272785678e+00 -1.845506867123497985e+00 -1.845506866651409394e+00 -1.845506865158534238e+00 -1.845506860437648111e+00
-2.348178835772001705e+00 -2.348178835771769446e+00 -2.348178835771034478e+00 -2.348178835768711004e+00 -2.348178835761363104e+00 -2.348178835738126580e+00 -2.348178835664646247e+00 -2.348178835432281009e+00 -2.348178834697478568e+00 -2.348178832373828406e+00 -2.348178825025801775e+00
-3.099838266134943510e+00 -3.099838266134352871e+00 -3.099838266132485920e+00 -3.099838266126580422e+00 -3.099838266107906026e+00 -3.099838266048851931e+00 -3.099838265862107090e+00 -3.099838265271568361e+00 -3.099838263404121275e+00 -3.099838257498733540e+00 -3.099838238824258685e+00
-4.193428050591350598e+00 -4.193428050588366318e+00 -4.193428050578932087e+00 -4.193428050549098174e+00 -4.193428050454753198e+00 -4.193428050156408737e+00 -4.193428049212959863e+00 -4.193428046229513484e+00 -4.193428036795030067e+00 -4.193428006960572496e+00 -4.193427912615748987e+00
-5.431715496457562686e+00 -5.431715496438921598e+00 -5.431715496379973196e+00 -5.431715496193561421e+00 -5.431715495604076516e+00 -5.431715493739962319e+00 -5.431715487845115042e+00 -5.431715469203971303e+00 -5.431715410255502086e+00 -5.431715223844130414e+00 -5.431714634360139904e+00
-8.004261564724433953e+00 -8.004261562548364850e+00 -8.004261555667028460e+00 -8.004261533906333881e+00 -8.004261465092978867e+00 -8.004261247486120112e+00 -8.004260559353530979e+00 -8.004258383294386547e+00 -8.004251502062926349e+00 -8.004229742415921223e+00 -8.004160939544398445e+00
-1.247217788301869135e+01 -1.247216107997984302e+01 -1.247210794837808834e+01 -1.247193997428905732e+01 -1.247140922072338221e+01 -1.246973508665309893e+01 -1.246448308577719821e+01 -1.244828084323685502e+01 -1.240069382998959568e+01 -1.227743300002546967e+01 -1.202667434538108715e+01
-1.709371609941299042e+01 -1.696434605641931270e+01 -1.670555413968066105e+01 -1.632180409580155711e+01 -1.586614401613221048e+01 -1.538116302727004481e+01 -1.488602262161113288e+01 -1.438757074621535281e+01 -1.388806142629225171e+01 -1.338821671809399660e+01 -1.288826583385119307e+01
-1.866135338175725522e+01 -1.816135338184595938e+01 -1.766135338187401160e+01 -1.716135338188287918e+01 -1.666135338188568582e+01 -1.616135338188657400e+01 -1.566135338188685289e+01 -1.516135338188694170e+01 -1.466135338188697013e+01 -1.416135338188697901e+01 -1.366135338188698078e+01
