-4.856755637212058474e+01 -4.809532848336050392e+01 -4.760449371676508434e+01 -4.710743273894373573e+01 -4.660836629391742036e+01 -4.610866192804493124e+01 -4.560875545766200645e+01 -4.510878503851630228e+01 -4.460879439322314965e+01 -4.410879735148356673e+01 -4.360879828697628824e+01
-4.876448118333630788e+01 -4.826530654118104025e+01 -4.776556786954498079e+01 -4.726565054140166922e+01 -4.676567668781372333e+01 -4.626568495636280431e+01 -4.576568757114036856e+01 -4.526568862628902679e+01 -4.476568873167664009e+01 -4.426568876500343919e+01 -4.376568877554534964e+01
-4.892738422427330391e+01 -4.842740447211249233e+01 -4.792741371315828758e+01 -4.742741379753497455e+01 -4.692741382421722562e+01 -4.642741383265489219e+01 -4.592741383532312227e+01 -4.542741383616689177e+01 -4.492741383643373609e+01 -4.442741383651832621e+01 -4.392741383654718135e+01
-4.909485861394845330e+01 -4.859485879436329725e+01 -4.809485881443795563e+01 -4.759485885776364711e+01 -4.709485887146443162e+01 -4.659485887579700147e+01 -4.609485887716708419e+01 -4.559485887760034473e+01 -4.509485887773736579e+01 -4.459485887778083679e+01 -4.409485887779601399e+01
-4.926908794034301309e+01 -4.876908794060857133e+01 -4.826908794069255038e+01 -4.776908794071910336e+01 -4.726908794072750197e+01 -4.676908794073015940e+01 -4.626908794073099784e+01 -4.576908794073126074e+01 -4.526908794073135311e+01 -4.476908794073148101e+01 -4.426908794073247577e+01
-4.945138475978276915e+01 -4.895138475978281889e+01 -4.845138475978283310e+01 -4.795138475978284021e+01 -4.745138475978284021e+01 -4.695138475978284021e+01 -4.645138475978284021e+01 -4.595138475978284021e+01 -4.545138475978284731e+01 -4.495138475978291126e+01 -4.445138475978356496e+01
-4.964330333442168808e+01 -4.914330333442168808e+01 -4.864330333442168808e+01 -4.814330333442168808e+01 -4.764330333442168808e+01 -4.714330333442168808e+01 -4.664330333442168808e+01 -4.614330333442168808e+01 -4.564330333442169518e+01 -4.514330333442173071e+01 -4.464330333442214993e+01
-4.984673063018983896e+01 -4.934673063018983896e+01 -4.884673063018983896e+01 -4.834673063018983896e+01 -4.784673063018983896e+01 -4.734673063018983896e+01 -4.684673063018983896e+01 -4.634673063018983896e+01 -4.584673063018984607e+01 -4.534673063018986738e+01 -4.484673063019013028e+01
-5.006396382471819351e+01 -4.956396382471819351e+01 -4.906396382471819351e+01 -4.856396382471819351e+01 -4.806396382471819351e+01 -4.756396382471819351e+01 -4.706396382471819351e+01 -4.656396382471819351e+01 -4.606396382471820061e+01 -4.556396382471821482e+01 -4.506396382471837114e+01
-5.029780445226493413e+01 -4.979780445226493413e+01 -4.929780445226493413e+01 -4.879780445226493413e+01 -4.829780445226493413e+01 -4.779780445226493413e+01 -4.729780445226493413e+01 -4.679780445226493413e+01 -4.629780445226493413e+01 -4.579780445226494834e+01 -4.529780445226504071e+01
-5.055167126721210025e+01 -5.005167126721210025e+01 -4.955167126721210025e+01 -4.905167126721210025e+01 -4.855167126721210025e+01 -4.805167126721210025e+01 -4.755167126721210025e+01 -4.705167126721210025e+01 -4.655167126721210025e+01 -4.605167126721210735e+01 -4.555167126721215709e+01
