1.227375750381292008e+01 1.205181595469660039e+01 1.177174977572896708e+01 1.142978743746895809e+01 1.102967792727122109e+01 1.058344511668617294e+01 1.010775408552992261e+01 9.617155582860808849e+00 9.120418881285315749e+00 8.621488915124484009e+00 8.121831567807651808e+00
1.227375677102432050e+01 1.205181533868989163e+01 1.177174930322964741e+01 1.142978711601438313e+01 1.102967773933948870e+01 1.058344502470539084e+01 1.010775404769430352e+01 9.617155569238951429e+00 9.120418876743613623e+00 8.621488913660961373e+00 8.121831567341951441e+00
1.227375614191664788e+01 1.205181481178187930e+01 1.177174889995200147e+01 1.142978684200449102e+01 1.102967757926179360e+01 1.058344494638818922e+01 1.010775401548534980e+01 9.617155557643831898e+00 9.120418872877777972e+00 8.621488912415244954e+00 8.121831566945559189e+00
1.227375560254134079e+01 1.205181436142327378e+01 1.177174855589695035e+01 1.142978660848758388e+01 1.102967744292453922e+01 1.058344487970816061e+01 1.010775398806685921e+01 9.617155547773977631e+00 9.120418869587238575e+00 8.621488911354921569e+00 8.121831566608159747e+00
1.227375514061741590e+01 1.205181397673652910e+01 1.177174826247004447e+01 1.142978640951641722e+01 1.102967732681756097e+01 1.058344482293851918e+01 1.010775396472675070e+01 9.617155539372738815e+00 9.120418866786392798e+00 8.621488910452402621e+00 8.121831566320974360e+00
1.227375474539579514e+01 1.205181364832103341e+01 1.177174801229543100e+01 1.142978624000702048e+01 1.102967722794674010e+01 1.058344477460804889e+01 1.010775394485867196e+01 9.617155532221627112e+00 9.120418864402369152e+00 8.621488909684199342e+00 8.121831566076531672e+00
1.227375440751283264e+01 1.205181336807240733e+01 1.177174779905116075e+01 1.142978609561623315e+01 1.102967714375895625e+01 1.058344473346346604e+01 1.010775392794634797e+01 9.617155526134649079e+00 9.120418862373137259e+00 8.621488909030325942e+00 8.121831565868468772e+00
1.227375411884318446e+01 1.205181312901792623e+01 1.177174761732441333e+01 1.142978597263581797e+01 1.102967707207772463e+01 1.058344469843726010e+01 1.010775391355020503e+01 9.617155520953476255e+00 9.120418860645903791e+00 8.621488908473766699e+00 8.121831565691371324e+00
1.227375387235828086e+01 1.205181292516863323e+01 1.177174746248495119e+01 1.142978586790112239e+01 1.102967701104806686e+01 1.058344466862026145e+01 1.010775390129600382e+01 9.617155516543331117e+00 9.120418859175721593e+00 8.621488908000038975e+00 8.121831565540629683e+00
1.227375366199411033e+01 1.205181275138778751e+01 1.177174733057497491e+01 1.142978577871246770e+01 1.102967695908932200e+01 1.058344464323821299e+01 1.010775389086513343e+01 9.617155512789485883e+00 9.120418857924340372e+00 8.621488907596814855e+00 8.121831565412323428e+00
1.227375244894803608e+01 1.205181175274436178e+01 1.177174657413573833e+01 1.142978526790073346e+01 1.102967666171922367e+01 1.058344449802853759e+01 1.010775383120210336e+01 9.617155491319865135e+00 9.120418850767462615e+00 8.621488905290730642e+00 8.121831564678531734e+00
