1.130034484155199692e+01 1.130034484154982799e+01 1.130034484154296592e+01 1.130034484152127128e+01 1.130034484145266127e+01 1.130034484123569882e+01 1.130034484054960231e+01 1.130034483837997428e+01 1.130034483151902158e+01 1.130034480982286915e+01 1.130034474121445953e+01
1.130033317378766888e+01 1.130033317378552837e+01 1.130033317377876045e+01 1.130033317375735891e+01 1.130033317368967793e+01 1.130033317347565536e+01 1.130033317279885274e+01 1.130033317065861809e+01 1.130033316389060971e+01 1.130033314248836440e+01 1.130033307480928606e+01
1.130031818865556303e+01 1.130031818865345628e+01 1.130031818864679316e+01 1.130031818862572557e+01 1.130031818855910331e+01 1.130031818834842205e+01 1.130031818768219232e+01 1.130031818557538514e+01 1.130031817891308599e+01 1.130031815784511551e+01 1.130031809122302633e+01
1.130029897564629593e+01 1.130029897564422647e+01 1.130029897563768415e+01 1.130029897561699492e+01 1.130029897555157170e+01 1.130029897534468120e+01 1.130029897469043831e+01 1.130029897262153860e+01 1.130029896607911333e+01 1.130029894539020496e+01 1.130029887996674098e+01
1.130027438793966965e+01 1.130027438793764460e+01 1.130027438793123729e+01 1.130027438791097616e+01 1.130027438784690652e+01 1.130027438764430059e+01 1.130027438700360598e+01 1.130027438497754844e+01 1.130027437857059702e+01 1.130027435831008908e+01 1.130027429424126950e+01
1.130024298642410763e+01 1.130024298642213054e+01 1.130024298641587599e+01 1.130024298639609803e+01 1.130024298633355251e+01 1.130024298613576939e+01 1.130024298551032658e+01 1.130024298353249890e+01 1.130024297727806371e+01 1.130024295749984731e+01 1.130024289495609224e+01
1.130020297256219131e+01 1.130020297256026751e+01 1.130020297255418527e+01 1.130020297253494732e+01 1.130020297247411243e+01 1.130020297228173476e+01 1.130020297167338583e+01 1.130020296974961624e+01 1.130020296366612698e+01 1.130020294442848616e+01 1.130020288359410152e+01
1.130015210853158258e+01 1.130015210852971919e+01 1.130015210852382701e+01 1.130015210850519125e+01 1.130015210844626417e+01 1.130015210825991545e+01 1.130015210767063039e+01 1.130015210580715035e+01 1.130015209991430858e+01 1.130015208127954018e+01 1.130015202235154348e+01
1.130008762328555783e+01 1.130008762328376015e+01 1.130008762327807936e+01 1.130008762326011329e+01 1.130008762320329829e+01 1.130008762302363579e+01 1.130008762245549292e+01 1.130008762065886785e+01 1.130008761497744274e+01 1.130008759701122401e+01 1.130008754019729977e+01
1.130000610330313471e+01 1.130000610330141164e+01 1.130000610329596178e+01 1.130000610327873289e+01 1.130000610322424848e+01 1.130000610305195252e+01 1.130000610250710480e+01 1.130000610078414347e+01 1.130000609533566625e+01 1.130000607810608848e+01 1.130000602362157203e+01
1.129990336714793742e+01 1.129990336714629606e+01 1.129990336714110200e+01 1.129990336712467780e+01 1.129990336707274245e+01 1.129990336690850405e+01 1.129990336638913817e+01 1.129990336474676305e+01 1.129990335955311309e+01 1.129990334312936895e+01 1.129990329119306125e+01
