5.897770712908021906e+00 5.554770858632894992e+00 5.106429246233727959e+00 4.616677715466295240e+00 4.118153533220311857e+00 3.618376861918509935e+00 3.118421458321165574e+00 2.618432925838483971e+00 2.118436287945990149e+00 1.618437324693880797e+00 1.118437649897369157e+00
5.927466738339429497e+00 5.566179228237680299e+00 5.108939613452008643e+00 4.617011230484521889e+00 4.118188086927836444e+00 3.618380034736887296e+00 3.118421674642782637e+00 2.618432915316899479e+00 2.118436276720253364e+00 1.618437320353975473e+00 1.118437648445963939e+00
5.954323563949526665e+00 5.575792140238643668e+00 5.110894422323402075e+00 4.617258955322873781e+00 4.118213327315719319e+00 3.618382307101998929e+00 3.118421815019425836e+00 2.618432901732553830e+00 2.118436266622897968e+00 1.618437316580629837e+00 1.118437647194695517e+00
5.978366725173770213e+00 5.583782214519697362e+00 5.112399406607694097e+00 4.617441950684043839e+00 4.118231694089517170e+00 3.618383922597036229e+00 3.118421901971991428e+00 2.618432886731495657e+00 2.118436257626417518e+00 1.618437313310331138e+00 1.118437646117997453e+00
5.999656932804901643e+00 5.590332285968245607e+00 5.113546149990373380e+00 4.617576501409018874e+00 4.118245010060265443e+00 3.618385061506810274e+00 3.118421951889707167e+00 2.618432871418503005e+00 2.118436249672055904e+00 1.618437310483679115e+00 1.118437645193003371e+00
6.018290256013587580e+00 5.595628244346741553e+00 5.114411885647510481e+00 4.617675039922774616e+00 4.118254629008842649e+00 3.618385856525763167e+00 3.118421976593891198e+00 2.618432856507599826e+00 2.118436242682960824e+00 1.618437308046100087e+00 1.118437644399428388e+00
6.034395966206638207e+00 5.599852341602998607e+00 5.115060191972856884e+00 4.617746958066700991e+00 4.118261551328694203e+00 3.618386404823262126e+00 3.118421984531477342e+00 2.618432842435159280e+00 2.118436236573485232e+00 1.618437305948141613e+00 1.118437643719397245e+00
6.048133623975017414e+00 5.603177370191549045e+00 5.115542289264666032e+00 4.617799289722476885e+00 4.118266513113403526e+00 3.618386777212938554e+00 3.118421981676175125e+00 2.618432829443762433e+00 2.118436231255577784e+00 1.618437304145479372e+00 1.118437643137245141e+00
6.059688918901147581e+00 5.605762060754681642e+00 5.115898662772871752e+00 4.617837265912983824e+00 4.118270053978887013e+00 3.618387025060498807e+00 3.118421972202643389e+00 2.618432817643593147e+00 2.118436226643002129e+00 1.618437302598732641e+00 1.118437642639308338e+00
6.069268176439681639e+00 5.607747912484634334e+00 5.116160786623711765e+00 4.617864754781386694e+00 4.118272568213072304e+00 3.618387185449972510e+00 3.118421958986780762e+00 2.618432807056822131e+00 2.118436222653981904e+00 1.618437301273161433e+00 1.118437642213712113e+00
6.077091610759522311e+00 5.609257519243254109e+00 5.116352785364151501e+00 4.617884603478195515e+00 4.118274343061643528e+00 3.618387285023698663e+00 3.118421943974288180e+00 2.618432797649279387e+00 2.118436219212722182e+00 1.618437300138295676e+00 1.118437641850171582e+00
