-7.686950052949827139e+00 -7.689086776461632411e+00 -7.695675681559679404e+00 -7.715015835324626536e+00 -7.766517552586540418e+00 -7.884966765504984210e+00 -8.109381056431439916e+00 -8.451243343154704490e+00 -8.880185095234223169e+00 -9.353691461521185246e+00 -9.844764073638456736e+00
-7.687253426962011638e+00 -7.689370428942639890e+00 -7.695910117140870810e+00 -7.715171606978366903e+00 -7.766599406620325219e+00 -7.884999277753293789e+00 -8.109390036291577175e+00 -8.451244958491328063e+00 -8.880185272937563212e+00 -9.353691465069557509e+00 -9.844764068459896933e+00
-7.687644743419037141e+00 -7.689738963440730934e+00 -7.696219852918682491e+00 -7.715380874476979400e+00 -7.766709925973493078e+00 -7.885043270404757720e+00 -8.109402230805333289e+00 -8.451247174758137248e+00 -8.880185526763435533e+00 -9.353691474648071491e+00 -9.844764063027401590e+00
-7.688148073626592804e+00 -7.690216082840133360e+00 -7.696627414397516631e+00 -7.715661323991480636e+00 -7.766858992877281764e+00 -7.885102740658712861e+00 -8.109418767244219950e+00 -8.451250206204464988e+00 -8.880185885334988427e+00 -9.353691493104006938e+00 -9.844764057498043286e+00
-7.688793654396668842e+00 -7.690831628285835997e+00 -7.697161224008683078e+00 -7.716036103732201390e+00 -7.767059830292234679e+00 -7.885183065089806043e+00 -8.109441164257665591e+00 -8.451254342043847956e+00 -8.880186387514601876e+00 -9.353691524385924438e+00 -9.844764052121115938e+00
-7.689619256841277561e+00 -7.691622956813038314e+00 -7.697857239161958631e+00 -7.716535361211381172e+00 -7.767330110878397420e+00 -7.885291474128708344e+00 -8.109471467455293237e+00 -8.451259972550928978e+00 -8.880187086014224462e+00 -9.353691573948585969e+00 -9.844764047277875463e+00
-7.690671727098733257e+00 -7.692636486246915872e+00 -7.698760432299936340e+00 -7.717198009681152548e+00 -7.767693377108564334e+00 -7.885437682937074477e+00 -8.109512430989015641e+00 -8.451267624034342063e+00 -8.880188052220582051e+00 -9.353691649288757404e+00 -9.844764043532331144e+00
-7.692009067619165030e+00 -7.693929777363234024e+00 -7.699926871323124367e+00 -7.718073827668779252e+00 -7.768180947194172070e+00 -7.885634746371089854e+00 -8.109567763710161969e+00 -8.451278006371060414e+00 -8.880189382823301614e+00 -9.353691760707436131e+00 -9.844764041712442904e+00
-7.693702544433323354e+00 -7.695573653770086509e+00 -7.701425925441155229e+00 -7.719225881803151168e+00 -7.768834149680314383e+00 -7.885900164632643872e+00 -8.109642454087811814e+00 -8.451292075702454554e+00 -8.880191208404600189e+00 -9.353691922238823508e+00 -9.844764042989606168e+00
-7.695839611209644104e+00 -7.697655132681165746e+00 -7.703343113516154972e+00 -7.720733379674244112e+00 -7.769707361792005607e+00 -7.886257391637184533e+00 -8.109743213396097161e+00 -8.451311120325931014e+00 -8.880193705424259676e+00 -9.353692153028992706e+00 -9.844764049025631181e+00
-7.698526205700387592e+00 -7.700279742246868508e+00 -7.705782621725735915e+00 -7.722694715956717637e+00 -7.770871606983325464e+00 -7.886737808391969473e+00 -8.109879066817738291e+00 -8.451336875485091937e+00 -8.880197112160573170e+00 -9.353692479137956539e+00 -9.844764062154331086e+00
