-7.958300393200467227e+00 -7.958300393200463674e+00 -7.958300393200453904e+00 -7.958300393200421041e+00 -7.958300393200318901e+00 -7.958300393199995604e+00 -7.958300393198973310e+00 -7.958300393195741229e+00 -7.958300393185519184e+00 -7.958300393153193930e+00 -7.958300393050974364e+00
-8.089297612325662357e+00 -8.089297612325660580e+00 -8.089297612325649922e+00 -8.089297612325617948e+00 -8.089297612325514919e+00 -8.089297612325189846e+00 -8.089297612324163111e+00 -8.089297612320915931e+00 -8.089297612310648589e+00 -8.089297612278180338e+00 -8.089297612175505137e+00
-8.220696389590250064e+00 -8.220696389590246511e+00 -8.220696389590237629e+00 -8.220696389590203879e+00 -8.220696389590100850e+00 -8.220696389589774000e+00 -8.220696389588741937e+00 -8.220696389585478769e+00 -8.220696389575158136e+00 -8.220696389542519356e+00 -8.220696389439305918e+00
-8.352577607381057589e+00 -8.352577607381054037e+00 -8.352577607381043379e+00 -8.352577607381009628e+00 -8.352577607380906599e+00 -8.352577607380577973e+00 -8.352577607379538804e+00 -8.352577607376256097e+00 -8.352577607365869738e+00 -8.352577607333030230e+00 -8.352577607229179080e+00
-8.485022076316509398e+00 -8.485022076316505846e+00 -8.485022076316495188e+00 -8.485022076316461437e+00 -8.485022076316356632e+00 -8.485022076316026229e+00 -8.485022076314979955e+00 -8.485022076311672379e+00 -8.485022076301211413e+00 -8.485022076268132096e+00 -8.485022076163524218e+00
-8.618131161775281157e+00 -8.618131161775277604e+00 -8.618131161775266946e+00 -8.618131161775233195e+00 -8.618131161775128390e+00 -8.618131161774794435e+00 -8.618131161773739279e+00 -8.618131161770403281e+00 -8.618131161759851722e+00 -8.618131161726488187e+00 -8.618131161620979697e+00
-8.752039382172988269e+00 -8.752039382172984716e+00 -8.752039382172974058e+00 -8.752039382172940307e+00 -8.752039382172833726e+00 -8.752039382172496218e+00 -8.752039382171430404e+00 -8.752039382168060655e+00 -8.752039382157402514e+00 -8.752039382123697919e+00 -8.752039382017114733e+00
-8.886886319384005972e+00 -8.886886319384002419e+00 -8.886886319383991761e+00 -8.886886319383958011e+00 -8.886886319383849653e+00 -8.886886319383508592e+00 -8.886886319382430344e+00 -8.886886319379017962e+00 -8.886886319368231923e+00 -8.886886319334120543e+00 -8.886886319226249498e+00
-9.022857298435338791e+00 -9.022857298435335238e+00 -9.022857298435322804e+00 -9.022857298435289053e+00 -9.022857298435178919e+00 -9.022857298434832529e+00 -9.022857298433740070e+00 -9.022857298430279727e+00 -9.022857298419337369e+00 -9.022857298384735714e+00 -9.022857298275317461e+00
-9.160156363233671328e+00 -9.160156363233667776e+00 -9.160156363233655341e+00 -9.160156363233621590e+00 -9.160156363233509680e+00 -9.160156363233157961e+00 -9.160156363232044185e+00 -9.160156363228525223e+00 -9.160156363217398123e+00 -9.160156363182206718e+00 -9.160156363070923291e+00
-9.299043827109796823e+00 -9.299043827109793270e+00 -9.299043827109782612e+00 -9.299043827109745308e+00 -9.299043827109633398e+00 -9.299043827109272797e+00 -9.299043827108137705e+00 -9.299043827104547688e+00 -9.299043827093193215e+00 -9.299043827057289491e+00 -9.299043826943748314e+00
