-9.299043827109798599e+00 -9.299043827109798599e+00 -9.299043827109798599e+00 -9.299043827109798599e+00 -9.299043827109798599e+00 -9.299043827109798599e+00 -9.299043827109798599e+00 -9.299043827109798599e+00 -9.299043827109798599e+00 -9.299043827109798599e+00 -9.299043827109796823e+00
-9.439827154531588604e+00 -9.439827154531588604e+00 -9.439827154531588604e+00 -9.439827154531588604e+00 -9.439827154531588604e+00 -9.439827154531588604e+00 -9.439827154531588604e+00 -9.439827154531588604e+00 -9.439827154531588604e+00 -9.439827154531586828e+00 -9.439827154531586828e+00
-9.582878899826434704e+00 -9.582878899826434704e+00 -9.582878899826434704e+00 -9.582878899826434704e+00 -9.582878899826434704e+00 -9.582878899826434704e+00 -9.582878899826434704e+00 -9.582878899826434704e+00 -9.582878899826434704e+00 -9.582878899826432928e+00 -9.582878899826432928e+00
-9.728591570633364327e+00 -9.728591570633364327e+00 -9.728591570633364327e+00 -9.728591570633364327e+00 -9.728591570633364327e+00 -9.728591570633364327e+00 -9.728591570633364327e+00 -9.728591570633364327e+00 -9.728591570633364327e+00 -9.728591570633364327e+00 -9.728591570633362551e+00
-9.877520051617139529e+00 -9.877520051617139529e+00 -9.877520051617139529e+00 -9.877520051617139529e+00 -9.877520051617139529e+00 -9.877520051617139529e+00 -9.877520051617139529e+00 -9.877520051617139529e+00 -9.877520051617139529e+00 -9.877520051617139529e+00 -9.877520051617137753e+00
-1.003039141905430753e+01 -1.003039141905430753e+01 -1.003039141905430753e+01 -1.003039141905430753e+01 -1.003039141905430753e+01 -1.003039141905430753e+01 -1.003039141905430753e+01 -1.003039141905430753e+01 -1.003039141905430753e+01 -1.003039141905430753e+01 -1.003039141905430576e+01
-1.018786315569844092e+01 -1.018786315569844092e+01 -1.018786315569844092e+01 -1.018786315569844092e+01 -1.018786315569844092e+01 -1.018786315569844092e+01 -1.018786315569844092e+01 -1.018786315569844092e+01 -1.018786315569844092e+01 -1.018786315569844092e+01 -1.018786315569843914e+01
-1.035082690679038642e+01 -1.035082690679038642e+01 -1.035082690679038642e+01 -1.035082690679038642e+01 -1.035082690679038642e+01 -1.035082690679038642e+01 -1.035082690679038642e+01 -1.035082690679038642e+01 -1.035082690679038642e+01 -1.035082690679038642e+01 -1.035082690679038464e+01
-1.052002935152716923e+01 -1.052002935152716923e+01 -1.052002935152716923e+01 -1.052002935152716923e+01 -1.052002935152716923e+01 -1.052002935152716923e+01 -1.052002935152716923e+01 -1.052002935152716923e+01 -1.052002935152716923e+01 -1.052002935152716923e+01 -1.052002935152716745e+01
-1.069713365709925768e+01 -1.069713365709925768e+01 -1.069713365709925768e+01 -1.069713365709925768e+01 -1.069713365709925768e+01 -1.069713365709925768e+01 -1.069713365709925768e+01 -1.069713365709925768e+01 -1.069713365709925768e+01 -1.069713365709925768e+01 -1.069713365709925590e+01
-1.088395419339590298e+01 -1.088395419339590298e+01 -1.088395419339590298e+01 -1.088395419339590298e+01 -1.088395419339590298e+01 -1.088395419339590298e+01 -1.088395419339590298e+01 -1.088395419339590298e+01 -1.088395419339590120e+01 -1.088395419339590120e+01 -1.088395419339589942e+01
