7.226077501843144013e+00 7.226077501843144013e+00 7.226077501843144013e+00 7.226077501843144013e+00 7.226077501843144013e+00 7.226077501843144013e+00 7.226077501843144013e+00 7.226077501843144013e+00 7.226077501843144013e+00 7.226077501843144013e+00 7.226077501843144901e+00
7.362137278749518288e+00 7.362137278749518288e+00 7.362137278749518288e+00 7.362137278749518288e+00 7.362137278749518288e+00 7.362137278749519176e+00 7.362137278749519176e+00 7.362137278749518288e+00 7.362137278749518288e+00 7.362137278749519176e+00 7.362137278749519176e+00
7.496877269251488229e+00 7.496877269251488229e+00 7.496877269251488229e+00 7.496877269251488229e+00 7.496877269251488229e+00 7.496877269251488229e+00 7.496877269251488229e+00 7.496877269251488229e+00 7.496877269251488229e+00 7.496877269251488229e+00 7.496877269251489118e+00
7.629913909158243079e+00 7.629913909158243079e+00 7.629913909158243079e+00 7.629913909158243079e+00 7.629913909158243079e+00 7.629913909158243079e+00 7.629913909158243079e+00 7.629913909158243079e+00 7.629913909158243079e+00 7.629913909158243079e+00 7.629913909158243079e+00
7.760789591371594298e+00 7.760789591371594298e+00 7.760789591371594298e+00 7.760789591371594298e+00 7.760789591371594298e+00 7.760789591371594298e+00 7.760789591371594298e+00 7.760789591371594298e+00 7.760789591371594298e+00 7.760789591371594298e+00 7.760789591371595186e+00
7.888977121071292231e+00 7.888977121071292231e+00 7.888977121071292231e+00 7.888977121071292231e+00 7.888977121071292231e+00 7.888977121071292231e+00 7.888977121071292231e+00 7.888977121071292231e+00 7.888977121071293119e+00 7.888977121071293119e+00 7.888977121071293119e+00
8.013892840206507273e+00 8.013892840206507273e+00 8.013892840206507273e+00 8.013892840206507273e+00 8.013892840206507273e+00 8.013892840206507273e+00 8.013892840206507273e+00 8.013892840206507273e+00 8.013892840206507273e+00 8.013892840206507273e+00 8.013892840206507273e+00
8.134918788061442640e+00 8.134918788061442640e+00 8.134918788061442640e+00 8.134918788061442640e+00 8.134918788061442640e+00 8.134918788061442640e+00 8.134918788061442640e+00 8.134918788061442640e+00 8.134918788061442640e+00 8.134918788061442640e+00 8.134918788061444417e+00
8.251432369067631001e+00 8.251432369067631001e+00 8.251432369067631001e+00 8.251432369067631001e+00 8.251432369067631001e+00 8.251432369067631001e+00 8.251432369067631001e+00 8.251432369067631001e+00 8.251432369067631001e+00 8.251432369067632777e+00 8.251432369067632777e+00
8.362840165497891221e+00 8.362840165497891221e+00 8.362840165497891221e+00 8.362840165497891221e+00 8.362840165497891221e+00 8.362840165497891221e+00 8.362840165497891221e+00 8.362840165497891221e+00 8.362840165497891221e+00 8.362840165497891221e+00 8.362840165497892997e+00
8.468611415329284853e+00 8.468611415329284853e+00 8.468611415329284853e+00 8.468611415329284853e+00 8.468611415329284853e+00 8.468611415329284853e+00 8.468611415329284853e+00 8.468611415329284853e+00 8.468611415329284853e+00 8.468611415329284853e+00 8.468611415329286629e+00
