1.250499920176834578e+01 1.250499918266166333e+01 1.250499912223890320e+01 1.250499893114414895e+01 1.250499832663758859e+01 1.250499641290880604e+01 1.250499034029730616e+01 1.250497093599656750e+01 1.250490780655282208e+01 1.250469755023237894e+01 1.250404735436469927e+01
1.250473649497203432e+01 1.250473647879323735e+01 1.250473642762942816e+01 1.250473626581560715e+01 1.250473575391905889e+01 1.250473413320203697e+01 1.250472898862783921e+01 1.250471253108178793e+01 1.250465876475548654e+01 1.250447665363010685e+01 1.250388526020013913e+01
1.250442134448542753e+01 1.250442133103785380e+01 1.250442128851114099e+01 1.250442115401233600e+01 1.250442072851456921e+01 1.250441938122376229e+01 1.250441510333397410e+01 1.250440140499767772e+01 1.250435649189035203e+01 1.250420206887144836e+01 1.250367537290267705e+01
1.250404494857168913e+01 1.250404493762304270e+01 1.250404490299887073e+01 1.250404479349249698e+01 1.250404444705173468e+01 1.250404334999985068e+01 1.250403986578147730e+01 1.250402869942509732e+01 1.250399197364384385e+01 1.250386401582834317e+01 1.250340608822577870e+01
1.250359730348841403e+01 1.250359729478090820e+01 1.250359726724408915e+01 1.250359718015235977e+01 1.250359690461758966e+01 1.250359603203585834e+01 1.250359326008441130e+01 1.250358436954465802e+01 1.250355504671294327e+01 1.250345166712556910e+01 1.250306417893131261e+01
1.250306704853574935e+01 1.250306704179724449e+01 1.250306702048719387e+01 1.250306695308860050e+01 1.250306673985259209e+01 1.250306606451235858e+01 1.250306391863121114e+01 1.250305703072545960e+01 1.250303425087278164e+01 1.250295305426915959e+01 1.250263496455861656e+01
1.250244128266965049e+01 1.250244127762479174e+01 1.250244126167073411e+01 1.250244121121141383e+01 1.250244105156349050e+01 1.250244054589725984e+01 1.250243893869814116e+01 1.250243377517983667e+01 1.250241664652569362e+01 1.250235491461316961e+01 1.250210251522980975e+01
1.250170534846135340e+01 1.250170534484175278e+01 1.250170533339493950e+01 1.250170529719063772e+01 1.250170518263955977e+01 1.250170481976716452e+01 1.250170366596687366e+01 1.250169995448667493e+01 1.250168759396272300e+01 1.250164247348577540e+01 1.250144979596721662e+01
1.250084257967749757e+01 1.250084257723024805e+01 1.250084256949089578e+01 1.250084254501214964e+01 1.250084246755597128e+01 1.250084222214214691e+01 1.250084144131757036e+01 1.250083892458625279e+01 1.250083049188781814e+01 1.250079916288683890e+01 1.250065865649625074e+01
1.249983400934000422e+01 1.249983400783407816e+01 1.249983400307156955e+01 1.249983398800767986e+01 1.249983394033630546e+01 1.249983378923441890e+01 1.249983330789030589e+01 1.249983175055629481e+01 1.249982647380678991e+01 1.249980628295099727e+01 1.249970960898154004e+01
1.249865803562031452e+01 1.249865803485067239e+01 1.249865803241659989e+01 1.249865802471683907e+01 1.249865800034256758e+01 1.249865792300948719e+01 1.249865767591128041e+01 1.249865686899815564e+01 1.249865406144235536e+01 1.249864261398162135e+01 1.249858139506489074e+01
