1.117065787047088676e+01 1.117065787047088676e+01 1.117065787047088676e+01 1.117065787047089032e+01 1.117065787047089920e+01 1.117065787047092584e+01 1.117065787047101111e+01 1.117065787047128467e+01 1.117065787047214442e+01 1.117065787047486403e+01 1.117065787048346337e+01
1.106045530754122908e+01 1.106045530754122908e+01 1.106045530754123085e+01 1.106045530754123263e+01 1.106045530754124151e+01 1.106045530754126816e+01 1.106045530754134987e+01 1.106045530754161277e+01 1.106045530754244055e+01 1.106045530754506068e+01 1.106045530755334561e+01
1.094681552733144692e+01 1.094681552733144692e+01 1.094681552733144692e+01 1.094681552733145047e+01 1.094681552733145757e+01 1.094681552733148244e+01 1.094681552733156416e+01 1.094681552733181817e+01 1.094681552733262109e+01 1.094681552733515950e+01 1.094681552734319219e+01
1.083021814496502166e+01 1.083021814496502166e+01 1.083021814496502344e+01 1.083021814496502522e+01 1.083021814496503410e+01 1.083021814496505897e+01 1.083021814496513713e+01 1.083021814496538404e+01 1.083021814496616742e+01 1.083021814496864188e+01 1.083021814497646851e+01
1.071112666289335813e+01 1.071112666289335813e+01 1.071112666289335813e+01 1.071112666289336168e+01 1.071112666289336879e+01 1.071112666289339366e+01 1.071112666289347004e+01 1.071112666289371163e+01 1.071112666289447723e+01 1.071112666289690196e+01 1.071112666290456517e+01
1.058997159057839532e+01 1.058997159057839532e+01 1.058997159057839532e+01 1.058997159057839887e+01 1.058997159057840598e+01 1.058997159057842907e+01 1.058997159057850546e+01 1.058997159057874349e+01 1.058997159057949666e+01 1.058997159058187698e+01 1.058997159058940696e+01
1.046713870398873780e+01 1.046713870398873780e+01 1.046713870398873958e+01 1.046713870398874136e+01 1.046713870398874846e+01 1.046713870398877155e+01 1.046713870398884616e+01 1.046713870398908064e+01 1.046713870398982316e+01 1.046713870399216972e+01 1.046713870399958957e+01
1.034296276012860716e+01 1.034296276012860716e+01 1.034296276012860893e+01 1.034296276012861071e+01 1.034296276012861782e+01 1.034296276012864091e+01 1.034296276012871374e+01 1.034296276012894644e+01 1.034296276012967830e+01 1.034296276013199645e+01 1.034296276013932570e+01
1.021772610625946420e+01 1.021772610625946420e+01 1.021772610625946598e+01 1.021772610625946776e+01 1.021772610625947486e+01 1.021772610625949795e+01 1.021772610625957078e+01 1.021772610625979993e+01 1.021772610626052469e+01 1.021772610626281619e+01 1.021772610627006728e+01
1.009166105313967599e+01 1.009166105313967599e+01 1.009166105313967599e+01 1.009166105313967954e+01 1.009166105313968664e+01 1.009166105313970974e+01 1.009166105313978079e+01 1.009166105314000816e+01 1.009166105314072581e+01 1.009166105314299600e+01 1.009166105315017425e+01
9.964954690276984550e+00 9.964954690276984550e+00 9.964954690276986327e+00 9.964954690276988103e+00 9.964954690276995208e+00 9.964954690277018301e+00 9.964954690277089355e+00 9.964954690277313176e+00 9.964954690278025495e+00 9.964954690280274363e+00 9.964954690287386896e+00
