1.089184410567435357e+01 1.089184400456955792e+01 1.089184368484085930e+01 1.089184267369730819e+01 1.089183947545561537e+01 1.089182935451751355e+01 1.089179727847790602e+01 1.089169517692440436e+01 1.089136684669485966e+01 1.089030679314547889e+01 1.088720287009512688e+01
1.089089248876129545e+01 1.089089240127802860e+01 1.089089212462415368e+01 1.089089124969289557e+01 1.089088848216936434e+01 1.089087972304157326e+01 1.089085195068432554e+01 1.089076342067611591e+01 1.089047732217621167e+01 1.088953728127948928e+01 1.088666030920495942e+01
1.088974087364653265e+01 1.088974079937344364e+01 1.088974056449399797e+01 1.088973982166682397e+01 1.088973747191020358e+01 1.088973003403984841e+01 1.088970644121686782e+01 1.088963113304013497e+01 1.088938663932895956e+01 1.088856981780340050e+01 1.088595175334409682e+01
1.088835420925184394e+01 1.088835414755307696e+01 1.088835395243760651e+01 1.088835333535994998e+01 1.088835138330583696e+01 1.088834520355076307e+01 1.088832559372091957e+01 1.088826291905108867e+01 1.088805855333620620e+01 1.088736491670329976e+01 1.088503354827980196e+01
1.088669285451296886e+01 1.088669280454877430e+01 1.088669264654196311e+01 1.088669214681904940e+01 1.088669056594168261e+01 1.088668556063013249e+01 1.088666967135522690e+01 1.088661882352270638e+01 1.088645231605261365e+01 1.088587850290049808e+01 1.088385442162373984e+01
1.088471218911958260e+01 1.088471214987975877e+01 1.088471202578719499e+01 1.088471163331857916e+01 1.088471039168929622e+01 1.088470645997299968e+01 1.088469397357861723e+01 1.088465396178994915e+01 1.088452236003749896e+01 1.088406188223950544e+01 1.088235579625414218e+01
1.088236217769130398e+01 1.088236214803882618e+01 1.088236205426495218e+01 1.088236175768087044e+01 1.088236081934922517e+01 1.088235784758302138e+01 1.088234840512902935e+01 1.088231809982731235e+01 1.088221792205895966e+01 1.088186162796953305e+01 1.088047260049348708e+01
1.087958687142132952e+01 1.087958685014222482e+01 1.087958678284810254e+01 1.087958657000852725e+01 1.087958589658205177e+01 1.087958376333591026e+01 1.087957698063006085e+01 1.087955516578326787e+01 1.087948258250919054e+01 1.087921931897750127e+01 1.087813438824436929e+01
1.087632383241893841e+01 1.087632381827385153e+01 1.087632377354022317e+01 1.087632363205070618e+01 1.087632318432797973e+01 1.087632176556939356e+01 1.087631724973840619e+01 1.087630267710294873e+01 1.087625370189273077e+01 1.087607108368023923e+01 1.087526642521524955e+01
1.087250346954113667e+01 1.087250346131401812e+01 1.087250343529530561e+01 1.087250335299412107e+01 1.087250309250700653e+01 1.087250226649561391e+01 1.087249963164123479e+01 1.087249107209557764e+01 1.087246174336865323e+01 1.087234693119600237e+01 1.087179034310875814e+01
1.086804827975687004e+01 1.086804827629696213e+01 1.086804826535404267e+01 1.086804823073221549e+01 1.086804812107563123e+01 1.086804777258358889e+01 1.086804665328278041e+01 1.086804294111019153e+01 1.086802947952605614e+01 1.086796988021309396e+01 1.086762405876084081e+01
