1.088720287009512688e+01 1.088019487764579551e+01 1.086757925587604667e+01 1.084742724237357514e+01 1.081718586439478891e+01 1.077353639223451331e+01 1.071230580056525739e+01 1.062832399768715241e+01 1.051521111876059855e+01 1.036522885880438061e+01 1.016953764485004896e+01
1.088666030920495942e+01 1.087986673187159958e+01 1.086738731035555716e+01 1.084731503448091594e+01 1.081712017084924859e+01 1.077349794673790306e+01 1.071228338239614075e+01 1.062831104618489775e+01 1.051520377593537070e+01 1.036522483043278697e+01 1.016953554469208143e+01
1.088595175334409682e+01 1.087942973098749277e+01 1.086713011962094377e+01 1.084716438958521145e+01 1.081703192743669639e+01 1.077344631099157546e+01 1.071225329030535534e+01 1.062829368021509424e+01 1.051519394825486486e+01 1.036521945491082519e+01 1.016953275592933537e+01
1.088503354827980196e+01 1.087884957621990090e+01 1.086678589906253301e+01 1.084696222313168512e+01 1.081691340527624234e+01 1.077337695467465473e+01 1.071221288890717460e+01 1.062827038617848352e+01 1.051518078646578758e+01 1.036521227439508763e+01 1.016952904678117164e+01
1.088385442162373984e+01 1.087808248138510514e+01 1.086632590389835684e+01 1.084669106893838197e+01 1.081675424274534159e+01 1.077328379435060945e+01 1.071215863735759477e+01 1.062823913032261736e+01 1.051516314977695288e+01 1.036520267425186148e+01 1.016952410644866056e+01
1.088235579625414218e+01 1.087707344891175332e+01 1.086571244591535468e+01 1.084632767046139357e+01 1.081654056285375276e+01 1.077315866441527525e+01 1.071208577896933711e+01 1.062819718001235714e+01 1.051513950563027322e+01 1.036518982918793874e+01 1.016951751801626003e+01
1.088047260049348708e+01 1.087575480544835749e+01 1.086489652465432343e+01 1.084584116522473352e+01 1.081625380621980703e+01 1.077299061073377828e+01 1.071198792516710263e+01 1.062814086376192968e+01 1.051510779503774273e+01 1.036517263085838714e+01 1.016950872203824296e+01
1.087813438824436929e+01 1.087404537757082679e+01 1.086381513194778314e+01 1.084519078095183175e+01 1.081586919721379125e+01 1.077276494990648636e+01 1.071185649843880228e+01 1.062806524921365181e+01 1.051506525169780737e+01 1.036514959059083729e+01 1.016949696760717003e+01
1.087526642521524955e+01 1.087185074502234450e+01 1.086238840558173990e+01 1.084432297466499584e+01 1.081535374431927643e+01 1.077246202064223368e+01 1.071167998761734630e+01 1.062796371130919759e+01 1.051500815910658382e+01 1.036511870869112606e+01 1.016948124660235919e+01
1.087179034310875814e+01 1.086906491151939136e+01 1.086051698219445072e+01 1.084316798759925504e+01 1.081466366223592601e+01 1.077205553408585281e+01 1.071144295430111804e+01 1.062782735376445942e+01 1.051493152455993219e+01 1.036507729888698925e+01 1.016946020534272677e+01
1.086762405876084081e+01 1.086557339389154642e+01 1.085808011603031531e+01 1.084163587862829914e+01 1.081374109938850303e+01 1.077151040789346403e+01 1.071112471091233331e+01 1.062764423501831601e+01 1.051482864188527877e+01 1.036502175258237024e+01 1.016943202589356154e+01
