7.785701940396118736e+00 7.785701940396118736e+00 7.785701940396118736e+00 7.785701940396118736e+00 7.785701940396118736e+00 7.785701940396118736e+00 7.785701940396118736e+00 7.785701940396118736e+00 7.785701940396118736e+00 7.785701940396118736e+00 7.785701940396118736e+00
7.881962912144524047e+00 7.881962912144524047e+00 7.881962912144524047e+00 7.881962912144524047e+00 7.881962912144524047e+00 7.881962912144524047e+00 7.881962912144524047e+00 7.881962912144524047e+00 7.881962912144524047e+00 7.881962912144524047e+00 7.881962912144524047e+00
7.971571417699292006e+00 7.971571417699292006e+00 7.971571417699292006e+00 7.971571417699292006e+00 7.971571417699292006e+00 7.971571417699292006e+00 7.971571417699292006e+00 7.971571417699292006e+00 7.971571417699292006e+00 7.971571417699292006e+00 7.971571417699292006e+00
8.054361338818369020e+00 8.054361338818369020e+00 8.054361338818369020e+00 8.054361338818369020e+00 8.054361338818369020e+00 8.054361338818369020e+00 8.054361338818369020e+00 8.054361338818369020e+00 8.054361338818369020e+00 8.054361338818369020e+00 8.054361338818369020e+00
8.130289279799560731e+00 8.130289279799560731e+00 8.130289279799560731e+00 8.130289279799560731e+00 8.130289279799560731e+00 8.130289279799560731e+00 8.130289279799560731e+00 8.130289279799560731e+00 8.130289279799560731e+00 8.130289279799560731e+00 8.130289279799560731e+00
8.199424789961849314e+00 8.199424789961849314e+00 8.199424789961849314e+00 8.199424789961849314e+00 8.199424789961849314e+00 8.199424789961849314e+00 8.199424789961849314e+00 8.199424789961849314e+00 8.199424789961849314e+00 8.199424789961849314e+00 8.199424789961849314e+00
8.261935650436342371e+00 8.261935650436342371e+00 8.261935650436342371e+00 8.261935650436342371e+00 8.261935650436342371e+00 8.261935650436342371e+00 8.261935650436342371e+00 8.261935650436342371e+00 8.261935650436342371e+00 8.261935650436342371e+00 8.261935650436342371e+00
8.318070624736419560e+00 8.318070624736419560e+00 8.318070624736419560e+00 8.318070624736419560e+00 8.318070624736419560e+00 8.318070624736419560e+00 8.318070624736419560e+00 8.318070624736419560e+00 8.318070624736419560e+00 8.318070624736419560e+00 8.318070624736419560e+00
8.368141682517441282e+00 8.368141682517441282e+00 8.368141682517441282e+00 8.368141682517441282e+00 8.368141682517441282e+00 8.368141682517441282e+00 8.368141682517441282e+00 8.368141682517441282e+00 8.368141682517441282e+00 8.368141682517441282e+00 8.368141682517441282e+00
8.412507149279647933e+00 8.412507149279647933e+00 8.412507149279647933e+00 8.412507149279647933e+00 8.412507149279647933e+00 8.412507149279647933e+00 8.412507149279647933e+00 8.412507149279647933e+00 8.412507149279647933e+00 8.412507149279647933e+00 8.412507149279647933e+00
8.451556665460199014e+00 8.451556665460199014e+00 8.451556665460199014e+00 8.451556665460199014e+00 8.451556665460199014e+00 8.451556665460199014e+00 8.451556665460199014e+00 8.451556665460199014e+00 8.451556665460199014e+00 8.451556665460199014e+00 8.451556665460199014e+00
