9.415364468396095532e+00 9.106728462734961838e+00 8.735732257626745323e+00 8.311017591845756058e+00 7.848091563319568031e+00 7.363505380480066975e+00 6.869110297710802726e+00 6.370990278145613139e+00 5.871597672490144859e+00 5.371791132133032498e+00 4.871852451410352280e+00
9.414078490271680977e+00 9.106204775872814849e+00 8.735552581907237268e+00 8.310966891064072826e+00 7.848079490654250812e+00 7.363502664007836707e+00 6.869109630915709808e+00 6.370990092266285210e+00 5.871597616483059667e+00 5.371791114709751014e+00 4.871852445929749642e+00
9.412364844763084548e+00 9.105507216026689221e+00 8.735314292315701223e+00 8.310900370810120563e+00 7.848063987829035248e+00 7.363499290487701465e+00 6.869108830480594285e+00 6.370989873738829523e+00 5.871597551218147082e+00 5.371791094469508643e+00 4.871852439569542170e+00
9.410084194296693738e+00 9.104578065673937459e+00 8.734997889396749926e+00 8.310812858200380404e+00 7.848043989411621624e+00 7.363495077887432849e+00 6.869107865676945757e+00 6.370989616324749250e+00 5.871597475108524478e+00 5.371791070950515667e+00 4.871852432187750992e+00
9.407054736005365569e+00 9.103340985666429575e+00 8.734577407013762951e+00 8.310697455643326848e+00 7.848018081843800786e+00 7.363489788460979568e+00 6.869106697620020796e+00 6.370989312434448770e+00 5.871597386276338426e+00 5.371791043613112215e+00 4.871852423619203343e+00
9.403041571931931131e+00 9.101695490023898216e+00 8.734018337160172507e+00 8.310544967104885217e+00 7.847984387013523744e+00 7.363483110641982243e+00 6.869105276839454710e+00 6.370988952788287030e+00 5.871597282493262071e+00 5.371791011825890472e+00 4.871852413671644122e+00
9.397745142158195009e+00 9.099510195535376766e+00 8.733274951763187133e+00 8.310343139233264509e+00 7.847940406753012077e+00 7.363474634865546875e+00 6.869103540069862568e+00 6.370988525980584072e+00 5.871597161106947738e+00 5.371790974849117717e+00 4.871852402121171544e+00
9.390789994248315509e+00 9.096614849023181293e+00 8.732286896849169366e+00 8.310075662905946459e+00 7.847882815390481603e+00 7.363463821255238351e+00 6.869101405999900045e+00 6.370988017916012325e+00 5.871597018949588964e+00 5.371790931814826919e+00 4.871852388706852111e+00
9.381716222470883437e+00 9.092791446780411846e+00 8.730974949850923039e+00 8.309720869115222897e+00 7.847807183497817363e+00 7.363449956412253528e+00 6.869098769628289247e+00 6.370987411077613238e+00 5.871596852223590624e+00 5.371790881702823484e+00 4.871852373124363034e+00
9.369977222307747766e+00 9.087765230234692737e+00 8.729235887418315798e+00 8.309250042619600762e+00 7.847707610975984238e+00 7.363432095611301520e+00 6.869095494754073883e+00 6.370986683571929987e+00 5.871596656357747968e+00 5.371790823311620500e+00 4.871852355018464920e+00
9.354948597947402078e+00 9.081197071886835559e+00 8.726936538438303970e+00 8.308625271246954824e+00 7.847576241529910845e+00 7.363408985471290968e+00 6.869091403964555198e+00 6.370985807878151164e+00 5.871596425825262422e+00 5.371790755223073255e+00 4.871852333974064031e+00
