-2.868460629367838299e-01 -2.868472872841336119e-01 -2.868511588429021875e-01 -2.868634001145780044e-01 -2.869020937839712460e-01 -2.870243908345463946e-01 -2.874096000271345042e-01 -2.886130613834215208e-01 -2.923112073421950119e-01 -3.032792130034070444e-01 -3.336628042814785977e-01
-2.871311819993506709e-01 -2.871323700757561492e-01 -2.871361270286856282e-01 -2.871480068114976025e-01 -2.871855665267403213e-01 -2.873042661652790430e-01 -2.876788801102407866e-01 -2.888560348801421096e-01 -2.925050137787323923e-01 -3.034118917111606195e-01 -3.337398110885012037e-01
-2.872169528394841742e-01 -2.872181349090051627e-01 -2.872218728712748748e-01 -2.872336926481103281e-01 -2.872710630854601321e-01 -2.873891689518351944e-01 -2.877619529500166640e-01 -2.889337825668802373e-01 -2.925700456706460950e-01 -3.034574844180608633e-01 -3.337664073013378307e-01
-2.873279472090979891e-01 -2.873291223788707049e-01 -2.873328385269525165e-01 -2.873445893685979691e-01 -2.873817422870693084e-01 -2.874991650329059567e-01 -2.878698361536748962e-01 -2.890354531943364891e-01 -2.926562970417396214e-01 -3.035186088930535986e-01 -3.338021654952703643e-01
-2.874713659093002249e-01 -2.874725331573930176e-01 -2.874762242596051731e-01 -2.874878959460701044e-01 -2.875247990220962113e-01 -2.876414372690235810e-01 -2.880096739464628186e-01 -2.891680587261196700e-01 -2.927703461796576367e-01 -3.036004661443791330e-01 -3.338502302881591333e-01
-2.876563816538530438e-01 -2.876575398387398730e-01 -2.876612022852101935e-01 -2.876727834005915474e-01 -2.877094005290455336e-01 -2.878251382770288802e-01 -2.881905742064433396e-01 -2.893405721602983482e-01 -2.929206976438212262e-01 -3.037099369865382537e-01 -3.339148176083071018e-01
-2.878946490568396466e-01 -2.878957968770106679e-01 -2.878994265519408402e-01 -2.879109040802981245e-01 -2.879471940947370134e-01 -2.880619019883290388e-01 -2.884241269794830531e-01 -2.895644202159984859e-01 -2.931182725827057300e-01 -3.038560850021269077e-01 -3.340015735209326264e-01
-2.882009293821324869e-01 -2.882020653628073470e-01 -2.882056576024577543e-01 -2.882170167950171558e-01 -2.882529333952975614e-01 -2.883664646758043459e-01 -2.887250139248105918e-01 -2.898541339004170325e-01 -2.933770215787856461e-01 -3.040507882871148482e-01 -3.341180486150310824e-01
-2.885938589935080900e-01 -2.885949814984689055e-01 -2.885985311285844124e-01 -2.886097556221162153e-01 -2.886452463613397024e-01 -2.887574356402808351e-01 -2.891117853274851601e-01 -2.902280769983652253e-01 -2.937147415148569918e-01 -3.043095081237423005e-01 -3.342743214900581461e-01
-2.890968846233928358e-01 -2.890979918109037872e-01 -2.891014930073105837e-01 -2.891125643832173631e-01 -2.891475713541645787e-01 -2.892582351471542079e-01 -2.896078041155639160e-01 -2.907094027237748790e-01 -2.941539322276175428e-01 -3.046523120562377174e-01 -3.344838123558974696e-01
-2.897393911664730703e-01 -2.897404809868670550e-01 -2.897439272678428712e-01 -2.897548250280590487e-01 -2.897892833995466821e-01 -2.898982165863306371e-01 -2.902423551311744676e-01 -2.913272048308565010e-01 -2.947229859796927642e-01 -3.051049419725473943e-01 -3.347643348144082043e-01
