8.084287194374098817e+00 8.084287194374098817e+00 8.084287194374098817e+00 8.084287194374098817e+00 8.084287194374098817e+00 8.084287194374098817e+00 8.084287194374098817e+00 8.084287194374098817e+00 8.084287194374098817e+00 8.084287194374098817e+00 8.084287194374098817e+00
8.174945487300153246e+00 8.174945487300153246e+00 8.174945487300153246e+00 8.174945487300153246e+00 8.174945487300153246e+00 8.174945487300153246e+00 8.174945487300153246e+00 8.174945487300153246e+00 8.174945487300153246e+00 8.174945487300153246e+00 8.174945487300153246e+00
8.258858842802077049e+00 8.258858842802077049e+00 8.258858842802077049e+00 8.258858842802077049e+00 8.258858842802077049e+00 8.258858842802077049e+00 8.258858842802077049e+00 8.258858842802077049e+00 8.258858842802077049e+00 8.258858842802077049e+00 8.258858842802077049e+00
8.335975382532247124e+00 8.335975382532247124e+00 8.335975382532247124e+00 8.335975382532247124e+00 8.335975382532247124e+00 8.335975382532247124e+00 8.335975382532247124e+00 8.335975382532247124e+00 8.335975382532247124e+00 8.335975382532247124e+00 8.335975382532247124e+00
8.406356059415498905e+00 8.406356059415498905e+00 8.406356059415498905e+00 8.406356059415498905e+00 8.406356059415498905e+00 8.406356059415498905e+00 8.406356059415498905e+00 8.406356059415498905e+00 8.406356059415498905e+00 8.406356059415498905e+00 8.406356059415498905e+00
8.470160027784919166e+00 8.470160027784919166e+00 8.470160027784919166e+00 8.470160027784919166e+00 8.470160027784919166e+00 8.470160027784919166e+00 8.470160027784919166e+00 8.470160027784919166e+00 8.470160027784919166e+00 8.470160027784919166e+00 8.470160027784919166e+00
8.527627264421143494e+00 8.527627264421143494e+00 8.527627264421143494e+00 8.527627264421143494e+00 8.527627264421143494e+00 8.527627264421143494e+00 8.527627264421143494e+00 8.527627264421143494e+00 8.527627264421143494e+00 8.527627264421143494e+00 8.527627264421143494e+00
8.579060523291028417e+00 8.579060523291028417e+00 8.579060523291028417e+00 8.579060523291028417e+00 8.579060523291028417e+00 8.579060523291028417e+00 8.579060523291028417e+00 8.579060523291028417e+00 8.579060523291028417e+00 8.579060523291028417e+00 8.579060523291028417e+00
8.624808136496517008e+00 8.624808136496517008e+00 8.624808136496517008e+00 8.624808136496517008e+00 8.624808136496517008e+00 8.624808136496517008e+00 8.624808136496517008e+00 8.624808136496517008e+00 8.624808136496517008e+00 8.624808136496517008e+00 8.624808136496517008e+00
8.665248877658058291e+00 8.665248877658058291e+00 8.665248877658058291e+00 8.665248877658058291e+00 8.665248877658058291e+00 8.665248877658058291e+00 8.665248877658058291e+00 8.665248877658058291e+00 8.665248877658058291e+00 8.665248877658058291e+00 8.665248877658058291e+00
8.700778656751099405e+00 8.700778656751099405e+00 8.700778656751099405e+00 8.700778656751099405e+00 8.700778656751099405e+00 8.700778656751099405e+00 8.700778656751099405e+00 8.700778656751099405e+00 8.700778656751099405e+00 8.700778656751099405e+00 8.700778656751099405e+00
