1.290648184617605665e+01 1.290648184616331307e+01 1.290648184612301819e+01 1.290648184599559123e+01 1.290648184559263001e+01 1.290648184431835865e+01 1.290648184028874823e+01 1.290648182754594764e+01 1.290648178724909201e+01 1.290648165981342110e+01 1.290648125676838376e+01
1.290638741162198855e+01 1.290638741161066427e+01 1.290638741157484759e+01 1.290638741146159063e+01 1.290638741110343624e+01 1.290638740997085421e+01 1.290638740638931026e+01 1.290638739506340826e+01 1.290638735924712499e+01 1.290638724597971532e+01 1.290638688773302079e+01
1.290627251346547411e+01 1.290627251345554427e+01 1.290627251342414006e+01 1.290627251332483461e+01 1.290627251301080314e+01 1.290627251201774861e+01 1.290627250887742861e+01 1.290627249894679807e+01 1.290627246754273649e+01 1.290627236822786017e+01 1.290627205410157075e+01
1.290613336428718405e+01 1.290613336427860425e+01 1.290613336425147395e+01 1.290613336416567769e+01 1.290613336389436938e+01 1.290613336303641923e+01 1.290613336032333081e+01 1.290613335174373155e+01 1.290613332461202667e+01 1.290613323880773322e+01 1.290613296740769123e+01
1.290596561883983995e+01 1.290596561883254623e+01 1.290596561880947846e+01 1.290596561873653592e+01 1.290596561850587243e+01 1.290596561777644879e+01 1.290596561546979970e+01 1.290596560817547989e+01 1.290596558510822689e+01 1.290596551215731935e+01 1.290596528140782340e+01
1.290576430938905261e+01 1.290576430938295971e+01 1.290576430936368979e+01 1.290576430930275009e+01 1.290576430911004735e+01 1.290576430850066281e+01 1.290576430657361939e+01 1.290576430047971712e+01 1.290576428120858488e+01 1.290576422026268943e+01 1.290576402748260776e+01
1.290552377071318979e+01 1.290552377070819645e+01 1.290552377069240464e+01 1.290552377064246592e+01 1.290552377048454780e+01 1.290552376998516237e+01 1.290552376840596693e+01 1.290552376341206653e+01 1.290552374761951171e+01 1.290552369767455865e+01 1.290552353968962684e+01
1.290523755177787990e+01 1.290523755177387599e+01 1.290523755176120879e+01 1.290523755172115372e+01 1.290523755159449060e+01 1.290523755119394700e+01 1.290523754992731043e+01 1.290523754592181582e+01 1.290523753325495271e+01 1.290523749319503288e+01 1.290523736647663711e+01
1.290489831092270023e+01 1.290489831091956496e+01 1.290489831090965112e+01 1.290489831087830019e+01 1.290489831077916349e+01 1.290489831046566316e+01 1.290489830947428729e+01 1.290489830633924839e+01 1.290489829642507580e+01 1.290489826507062965e+01 1.290489816588838323e+01
1.290449769135720359e+01 1.290449769135481972e+01 1.290449769134728086e+01 1.290449769132344038e+01 1.290449769124805002e+01 1.290449769100964517e+01 1.290449769025574156e+01 1.290449768787166462e+01 1.290449768033230526e+01 1.290449765648831715e+01 1.290449758106258749e+01
1.290402617391410445e+01 1.290402617391235474e+01 1.290402617390682138e+01 1.290402617388932427e+01 1.290402617383399431e+01 1.290402617365902316e+01 1.290402617310571287e+01 1.290402617135597474e+01 1.290402616582262851e+01 1.290402614832276029e+01 1.290402609296442371e+01
