7.627983850676160138e+00 7.638828312310671720e+00 7.670665939160167035e+00 7.747376358280749997e+00 7.875830672182607906e+00 8.028809350280063484e+00 8.163362422827043829e+00 8.238089789894420534e+00 8.214497709697070604e+00 8.058132151761190798e+00 7.756381394507281257e+00
7.500971043310396880e+00 7.511788199564944257e+00 7.543734256714485831e+00 7.622499793097810894e+00 7.757780254696460709e+00 7.921481003606867688e+00 8.069294217064523878e+00 8.159878841695196172e+00 8.155658713992378850e+00 8.021416415319443161e+00 7.739703878284780458e+00
7.373541311918804908e+00 7.384336505567405062e+00 7.416363586420094300e+00 7.496941481904508819e+00 7.638899170279613848e+00 7.813198094934072024e+00 7.973915966158119595e+00 8.079686701213208977e+00 8.093987221280858790e+00 7.981419129410857849e+00 7.720429640789602033e+00
7.245795451230804041e+00 7.256572548236086995e+00 7.288657881674187600e+00 7.370798696902283176e+00 7.519237092838515046e+00 7.704020968035019123e+00 7.877332503875164704e+00 7.997688584978060788e+00 8.029694032066675646e+00 7.938246044334857920e+00 7.698438941831596161e+00
7.117810914945112977e+00 7.128572599761638706e+00 7.160697431272314617e+00 7.244155178466460399e+00 7.398821725406660832e+00 7.593982997394753021e+00 7.779615481770268737e+00 7.914021456611853189e+00 7.962962710605988370e+00 7.892012203765188083e+00 7.673643417570663594e+00
6.989646745381654647e+00 7.000394755058022334e+00 7.032543633568282715e+00 7.117084974372501094e+00 7.277665427642537210e+00 7.483096988390142812e+00 7.680811047893087995e+00 7.828791171936108739e+00 7.893951436345887807e+00 7.842835721173869068e+00 7.645983443184659833e+00
6.861347664801406232e+00 6.872082968633987043e+00 6.904243034291011050e+00 6.989654414532169291e+00 7.155771215685626352e+00 7.371360099720170922e+00 7.580945867361905677e+00 7.742078540347500315e+00 7.822795612095355011e+00 7.790833620300537277e+00 7.615424710812945364e+00
6.732947376184116983e+00 6.743670308961919879e+00 6.775830635750198283e+00 6.861922711698287713e+00 7.033138333969848333e+00 7.258757565479643681e+00 7.480031728129157287e+00 7.653944272004239657e+00 7.749610618754086744e+00 7.736119198830579080e+00 7.581954550660831238e+00
6.604471170651551759e+00 6.615181527326257083e+00 6.647332543253225090e+00 6.733941833357437901e+00 6.909767459425724567e+00 7.145265497992077997e+00 7.378068985883488473e+00 7.564432909825611340e+00 7.674494392512412055e+00 7.678800434155728105e+00 7.545578343725519055e+00
6.475937954837645449e+00 6.486635053505763082e+00 6.518768041083049525e+00 6.605756222051970106e+00 6.785665367610498322e+00 7.030853043213453724e+00 7.275049076407193560e+00 7.473575891823496242e+00 7.597529679198898656e+00 7.618979056692918306e+00 7.506316205325966884e+00
6.347361808223027424e+00 6.358044527094989462e+00 6.390151195828445374e+00 6.477402727029589968e+00 6.660848632709387651e+00 6.915484152211541335e+00 7.170956286766148047e+00 7.381393892285010416e+00 7.518785922352584805e+00 7.556750022503696762e+00 7.464200007026208894e+00
