2.727837771285380075e+00 2.727870749049559951e+00 2.727975017398836410e+00 2.728304578011750525e+00 2.729345095312258440e+00 2.732619168071302340e+00 2.742812975921306240e+00 2.773556650293703463e+00 2.858509812802580985e+00 3.051903153491704934e+00 3.379014542744194660e+00
2.599030575127972309e+00 2.599063535487026400e+00 2.599167748819171564e+00 2.599497135679547988e+00 2.600537105789377357e+00 2.603809470622989064e+00 2.613998096243279612e+00 2.644727406749149079e+00 2.729651549192697146e+00 2.923058952235016328e+00 3.250842043853172214e+00
2.470180011850717339e+00 2.470212951975857774e+00 2.470317101346906963e+00 2.470646286185870011e+00 2.471685619854312232e+00 2.474955995931436892e+00 2.485138564421524698e+00 2.515850850969703068e+00 2.600738038236888094e+00 2.794130271670362209e+00 3.122390327504810159e+00
2.341285021221443330e+00 2.341317937883979905e+00 2.341422013086105203e+00 2.341750963645542694e+00 2.342789559081146056e+00 2.346057626652408246e+00 2.356233147298394837e+00 2.386925452345354692e+00 2.471767407040959430e+00 2.665118757900505564e+00 2.993706284556476582e+00
2.212342800414837996e+00 2.212375689915480947e+00 2.212479679253416709e+00 2.212808358578749690e+00 2.213846099210662999e+00 2.217111492506428139e+00 2.227278836076270974e+00 2.257947829803449658e+00 2.342735652200483187e+00 2.536022410366858715e+00 2.864821439252176027e+00
2.083348687104860986e+00 2.083381545212067643e+00 2.083485435308131350e+00 2.083813801131658927e+00 2.084850553658728511e+00 2.088112854710668209e+00 2.098270733808168309e+00 2.128912650436039833e+00 2.213636590117874725e+00 2.406835883560735301e+00 2.735754911633009545e+00
1.954296651213353053e+00 1.954329473056436672e+00 1.954433248512558619e+00 1.954761252185227782e+00 1.955796863203212332e+00 1.959055591230062676e+00 1.969202527213115728e+00 1.999813064335036028e+00 2.084462220310549618e+00 2.277550928305969613e+00 2.606515949336035476e+00
1.825178298918332054e+00 1.825211078940502052e+00 1.825314722189737671e+00 1.825642308211628873e+00 1.826676602728926957e+00 1.829931209447115181e+00 1.840065517630359970e+00 1.870639789411259413e+00 1.955201954131162045e+00 2.148156007246133203e+00 2.477105354703847073e+00
1.695979612286883098e+00 1.696012344420200435e+00 1.696115836279777245e+00 1.696442944046924639e+00 1.697475730987863640e+00 1.700725617809998091e+00 1.710845459867003537e+00 1.741378144620755020e+00 1.825842946667055822e+00 2.018636534234930835e+00 2.347516750867705504e+00
1.566700037344437080e+00 1.566732713722879700e+00 1.566836029325800794e+00 1.567162580277258632e+00 1.568193611961777867e+00 1.571438003089177249e+00 1.581540997621406763e+00 1.612025213633074605e+00 1.696370094005183571e+00 1.888974830259588344e+00 2.217737340308898020e+00
1.437310283966038549e+00 1.437342896768910583e+00 1.437446011391470879e+00 1.437771927419013940e+00 1.438800957594647212e+00 1.442039081704017178e+00 1.452122861113139152e+00 1.482551767846744584e+00 1.566762748292585217e+00 1.759147904216254998e+00 2.087747829915407749e+00
