4.676348373294925587e+00 4.820717362571352638e+00 4.854694526544065525e+00 4.751073213254487726e+00 4.490149438384250402e+00 4.091313826987237334e+00 3.616974826503498885e+00 3.120819723080617614e+00 2.621244138916638100e+00 2.121287273217794755e+00 1.621291628178624933e+00
4.722566347610506199e+00 4.860197357585437139e+00 4.885866370684170512e+00 4.772063273314934406e+00 4.500703052942918170e+00 4.094605119631429702e+00 3.617547409175218665e+00 3.120886183990958962e+00 2.621250897237629385e+00 2.121287938381291038e+00 1.621291690812841857e+00
4.774100690310247863e+00 4.904053817455254816e+00 4.920211705495416865e+00 4.794830940643611150e+00 4.511839435475055282e+00 4.097940210649754889e+00 3.618105917767598712e+00 3.120949930249833582e+00 2.621257355995437077e+00 2.121288572819708840e+00 1.621291750225759998e+00
4.830349768511980280e+00 4.951709824157492612e+00 4.957175579647132402e+00 4.818891096198355761e+00 4.523238912740156437e+00 4.101201123722431952e+00 3.618630006179697656e+00 3.121008738096278545e+00 2.621263292924494781e+00 2.121289154669548704e+00 1.621291804347046339e+00
4.890666289155779722e+00 5.002544458472265809e+00 4.996168833207832449e+00 4.843744760230086932e+00 4.534594494684409227e+00 4.104288436478431557e+00 3.619105214326725495e+00 3.121061179299592592e+00 2.621268568593665638e+00 2.121289670340476885e+00 1.621291851919224092e+00
4.954393664324193480e+00 5.055927331668097935e+00 5.036598037253497750e+00 4.868905522127756846e+00 4.545630413762445698e+00 4.107127088868475440e+00 3.619523220639242478e+00 3.121106582869480839e+00 2.621273120978194537e+00 2.121290113939290567e+00 1.621291892435159365e+00
5.020891415597558805e+00 5.111240989685952307e+00 5.077887306653289023e+00 4.893919137387126028e+00 4.556114651276311101e+00 4.109668256094688665e+00 3.619881188604506139e+00 3.121144899728305333e+00 2.621276950569582986e+00 2.121290485761682554e+00 1.621291925985689275e+00
5.089551443385386342e+00 5.167896369945601087e+00 5.119493260119329925e+00 4.918377150100480932e+00 4.565865950091476222e+00 4.111888041303404684e+00 3.620180596573102427e+00 3.121176527834518044e+00 2.621280102007335522e+00 2.121290790449406494e+00 1.621291953076239745e+00
5.159807231722735033e+00 5.225341919452950457e+00 5.160914628328145959e+00 4.941925629580475210e+00 4.574756111069158138e+00 4.113783963100728691e+00 3.620425901305932559e+00 3.121202140611034626e+00 2.621282646510989522e+00 2.121291035237216072e+00 1.621291974453927587e+00
5.231137908348838295e+00 5.283068233396697622e+00 5.201697922631399962e+00 4.964270068166422689e+00 4.582708467565872468e+00 4.115370227415954041e+00 3.620623288277720064e+00 3.121222543416670714e+00 2.621284667457723483e+00 2.121291228520028049e+00 1.621291990967402397e+00
5.303068766657435873e+00 5.340609630879210812e+00 5.241440351046258606e+00 4.985177320870653794e+00 4.589693430729879786e+00 4.116672648496511933e+00 3.620779651876101735e+00 3.121238567435499434e+00 2.621286249893448606e+00 2.121291378815677309e+00 1.621292003466390241e+00
