9.648855613907235451e+00 9.648855613907235451e+00 9.648855613907235451e+00 9.648855613907235451e+00 9.648855613907235451e+00 9.648855613907235451e+00 9.648855613907235451e+00 9.648855613907235451e+00 9.648855613907235451e+00 9.648855613907235451e+00 9.648855613907235451e+00
9.646406071611160371e+00 9.646406071611160371e+00 9.646406071611160371e+00 9.646406071611160371e+00 9.646406071611160371e+00 9.646406071611160371e+00 9.646406071611160371e+00 9.646406071611160371e+00 9.646406071611160371e+00 9.646406071611160371e+00 9.646406071611160371e+00
9.643433158250163117e+00 9.643433158250163117e+00 9.643433158250163117e+00 9.643433158250163117e+00 9.643433158250163117e+00 9.643433158250163117e+00 9.643433158250163117e+00 9.643433158250163117e+00 9.643433158250163117e+00 9.643433158250163117e+00 9.643433158250163117e+00
9.639844340574910575e+00 9.639844340574910575e+00 9.639844340574910575e+00 9.639844340574910575e+00 9.639844340574910575e+00 9.639844340574910575e+00 9.639844340574910575e+00 9.639844340574910575e+00 9.639844340574910575e+00 9.639844340574910575e+00 9.639844340574910575e+00
9.635535595156335731e+00 9.635535595156335731e+00 9.635535595156335731e+00 9.635535595156335731e+00 9.635535595156335731e+00 9.635535595156335731e+00 9.635535595156335731e+00 9.635535595156335731e+00 9.635535595156335731e+00 9.635535595156335731e+00 9.635535595156335731e+00
9.630390905961709436e+00 9.630390905961709436e+00 9.630390905961709436e+00 9.630390905961709436e+00 9.630390905961709436e+00 9.630390905961709436e+00 9.630390905961709436e+00 9.630390905961709436e+00 9.630390905961709436e+00 9.630390905961709436e+00 9.630390905961709436e+00
9.624281823421084070e+00 9.624281823421084070e+00 9.624281823421084070e+00 9.624281823421084070e+00 9.624281823421084070e+00 9.624281823421084070e+00 9.624281823421084070e+00 9.624281823421084070e+00 9.624281823421084070e+00 9.624281823421084070e+00 9.624281823421084070e+00
9.617067060592292549e+00 9.617067060592292549e+00 9.617067060592292549e+00 9.617067060592292549e+00 9.617067060592292549e+00 9.617067060592292549e+00 9.617067060592292549e+00 9.617067060592292549e+00 9.617067060592292549e+00 9.617067060592292549e+00 9.617067060592292549e+00
9.608592099637084161e+00 9.608592099637084161e+00 9.608592099637084161e+00 9.608592099637084161e+00 9.608592099637084161e+00 9.608592099637084161e+00 9.608592099637084161e+00 9.608592099637084161e+00 9.608592099637084161e+00 9.608592099637084161e+00 9.608592099637084161e+00
9.598688786859552735e+00 9.598688786859552735e+00 9.598688786859552735e+00 9.598688786859552735e+00 9.598688786859552735e+00 9.598688786859552735e+00 9.598688786859552735e+00 9.598688786859552735e+00 9.598688786859552735e+00 9.598688786859552735e+00 9.598688786859552735e+00
9.587174908611929780e+00 9.587174908611929780e+00 9.587174908611929780e+00 9.587174908611929780e+00 9.587174908611929780e+00 9.587174908611929780e+00 9.587174908611929780e+00 9.587174908611929780e+00 9.587174908611929780e+00 9.587174908611929780e+00 9.587174908611929780e+00
