8.150113959946130748e+00 7.773707331646612317e+00 7.333536589498170777e+00 6.858145070331058690e+00 6.367046742577905150e+00 5.870026220260800009e+00 5.370988124137659803e+00 4.871294421312645895e+00 4.371391497954199679e+00 3.871422218158323769e+00 3.371431934933027286e+00
8.160608644264634393e+00 7.777034502714769815e+00 7.334301209859143356e+00 6.858273185826760709e+00 6.367063333367203981e+00 5.870028017811703691e+00 5.370988290462926251e+00 4.871294431380049694e+00 4.371391496804123200e+00 3.871422217358630569e+00 3.371431934636456962e+00
8.168620041117529595e+00 7.779505698634742394e+00 7.334860234689332792e+00 6.858366156883922038e+00 6.367075323581139479e+00 5.870029307975002553e+00 5.370988406996898945e+00 4.871294437408927536e+00 4.371391495569897145e+00 3.871422216652348425e+00 3.371431934381451612e+00
8.174660550820714633e+00 7.781329431728092771e+00 7.335267882124630212e+00 6.858433561062752482e+00 6.367083982731969627e+00 5.870030232282515747e+00 5.370988488044305953e+00 4.871294440699842632e+00 4.371391494334354810e+00 3.871422216032627261e+00 3.371431934162532951e+00
8.179170391524888117e+00 7.782668770606952613e+00 7.335564558413179448e+00 6.858482391352734631e+00 6.367090231386518973e+00 5.870030893042049058e+00 5.370988543882909916e+00 4.871294442167207528e+00 4.371391493148642837e+00 3.871422215491693741e+00 3.371431933974844863e+00
8.182511716383681133e+00 7.783648740201719818e+00 7.335780149997159327e+00 6.858517742250179516e+00 6.367094736662581411e+00 5.870031364165788190e+00 5.370988581885179691e+00 4.871294442449757511e+00 4.371391492042264737e+00 3.871422215021524948e+00 3.371431933814110771e+00
8.184972808374297415e+00 7.784363776104334498e+00 7.335936638649742214e+00 6.858543319002436967e+00 6.367097981752925406e+00 5.870031699017668636e+00 5.370988607329349129e+00 4.871294441990010604e+00 4.371391491030168552e+00 3.871422214614272939e+00 3.371431933676589665e+00
8.186777534599903206e+00 7.784884418283581020e+00 7.336050125217560947e+00 6.858561813092248549e+00 6.367100316469256782e+00 5.870031936098199843e+00 5.370988623985567756e+00 4.871294441091319705e+00 4.371391490117706446e+00 3.871422214262517425e+00 3.371431933559021932e+00
8.188096557236331563e+00 7.785262924439767751e+00 7.336132366941946259e+00 6.858575177757848529e+00 6.367101993948999450e+00 5.870032103161253012e+00 5.370988634539293649e+00 4.871294439958766986e+00 4.371391489304097711e+00 3.871422213959408332e+00 3.371431933458579167e+00
8.189058209338268668e+00 7.785537773590984756e+00 7.336191929909346321e+00 6.858584829449180020e+00 6.367103197291907435e+00 5.870032220194360661e+00 5.370988640896896094e+00 4.871294438728422271e+00 4.371391488584808194e+00 3.871422213698725301e+00 3.371431933372815326e+00
8.189758024871938602e+00 7.785737172807303708e+00 7.336235044807239980e+00 6.858591794750435788e+00 6.367104058877398387e+00 5.870032301575540679e+00 5.370988644406097023e+00 4.871294437488209894e+00 4.371391487953173893e+00 3.871422213474895013e+00 3.371431933299620098e+00
