1.500166985277695986e+01 1.500167844411013007e+01 1.500168902349707523e+01 1.500162844088131386e+01 1.500118009030226851e+01 1.499970151589859668e+01 1.499643217853026478e+01 1.499053266490262359e+01 1.498087179935640023e+01 1.496584176598407545e+01 1.494324687772318860e+01
1.500066139786523856e+01 1.500066967523837924e+01 1.500068471906275036e+01 1.500066030321221611e+01 1.500033655857740911e+01 1.499907083537518560e+01 1.499601466181278298e+01 1.499027253861294184e+01 1.498071297985010908e+01 1.496574471598039757e+01 1.494318674891029630e+01
1.499949700762138427e+01 1.499950473426029340e+01 1.499952186491792006e+01 1.499952303128829634e+01 1.499930845529879875e+01 1.499826749480476984e+01 1.499546736797764979e+01 1.498992731888150942e+01 1.498050156709937220e+01 1.496561578758059241e+01 1.494310731697180650e+01
1.499815321945436430e+01 1.499816028157017378e+01 1.499817791407915024e+01 1.499819587788128494e+01 1.499807141771201024e+01 1.499725639440212355e+01 1.499475462762474010e+01 1.498947030664443503e+01 1.498022024042070832e+01 1.496544435247099258e+01 1.494300218049711937e+01
1.499660318864221331e+01 1.499660955004100593e+01 1.499662669178395369e+01 1.499665465370547501e+01 1.499660013474753129e+01 1.499600038521354506e+01 1.499383396114050626e+01 1.498886739120532674e+01 1.497984619921648886e+01 1.496521626399514382e+01 1.494286279274991536e+01
1.499481624621008180e+01 1.499482191742707471e+01 1.499483799527602557e+01 1.499487100929546202e+01 1.499486734336142923e+01 1.499446134324482394e+01 1.499265637711425825e+01 1.498807567682194630e+01 1.497934962289120087e+01 1.496491273678052281e+01 1.494267774892804290e+01
1.499275740714536909e+01 1.499276242514835999e+01 1.499277714949197460e+01 1.499281182228915732e+01 1.499284251250618638e+01 1.499260078118214246e+01 1.499116741241180861e+01 1.498704230053282238e+01 1.497869184483124094e+01 1.496450890801960831e+01 1.494243184551805648e+01
1.499038682619350382e+01 1.499039124142568191e+01 1.499040450587847495e+01 1.499043864724367658e+01 1.499049048444796206e+01 1.499037961607782776e+01 1.498930884253119800e+01 1.498570374812487316e+01 1.497782329668646284e+01 1.496397202038566299e+01 1.494210484654691307e+01
1.498765919855858542e+01 1.498766306690069072e+01 1.498767487779564433e+01 1.498770717497908933e+01 1.498777026673837121e+01 1.498775699001137696e+01 1.498702066840235858e+01 1.498398603546842445e+01 1.497668137359874585e+01 1.496325917985910792e+01 1.494166987912854871e+01
1.498452310338463178e+01 1.498452648133246790e+01 1.498453691005512489e+01 1.498456665895492179e+01 1.498463404017176615e+01 1.498468838410543036e+01 1.498424269482886650e+01 1.498180606603546217e+01 1.497518850752572028e+01 1.496231467931972503e+01 1.494109137126154074e+01
1.498092028898810746e+01 1.498092323088636135e+01 1.498093238275612471e+01 1.498095928270700483e+01 1.498102634431637092e+01 1.498112347024667379e+01 1.498091497078269896e+01 1.497907421267604455e+01 1.497325089750614779e+01 1.496106695585572766e+01 1.494032244405025978e+01
