1.734875907929658956e+00 1.750118537868964985e+00 1.795069996771651244e+00 1.912607187535359632e+00 2.155149981059899744e+00 2.522482015159205559e+00 2.931356251429455995e+00 3.173218896569141911e+00 3.051223673587773799e+00 2.672001143437793047e+00 2.196203782902073520e+00
1.874111665422970807e+00 1.889345251711651352e+00 1.934270058940842807e+00 2.051732044966185331e+00 2.294003449522549420e+00 2.659522190315946499e+00 3.054647123314893520e+00 3.248436362915665843e+00 3.078873727350191825e+00 2.678192294121072514e+00 2.197055603969689130e+00
2.013411070101801759e+00 2.028636522527404562e+00 2.073536518828114072e+00 2.190920786741446857e+00 2.432854163112571300e+00 2.795923834155291221e+00 3.173437936113218338e+00 3.315644601076161990e+00 3.101984498106343136e+00 2.682994836864847521e+00 2.197684315873169147e+00
2.152750460300291380e+00 2.167968289181904318e+00 2.212843965275519409e+00 2.330142606359777435e+00 2.571640216935781709e+00 2.931399260925326988e+00 3.286781079038711084e+00 3.375073308680418549e+00 3.121082961581516102e+00 2.686681819049476783e+00 2.198146451997071704e+00
2.292103610387927315e+00 2.307313910525415235e+00 2.352164267918955165e+00 2.469362746641086570e+00 2.710285332660995916e+00 3.065578140756509473e+00 3.393750973279844096e+00 3.427084810693184380e+00 3.136680807828291950e+00 2.689485437211434515e+00 2.198485015300844392e+00
2.431440023944423157e+00 2.446642426212388255e+00 2.491464713391382535e+00 2.608540019278978495e+00 2.848692451231383149e+00 3.197987729471857943e+00 3.493521837204323077e+00 3.472134209859197185e+00 3.149266636974913158e+00 2.691599022677985786e+00 2.198732386991985255e+00
2.570722685719297740e+00 2.585916269301705483e+00 2.630705560834271761e+00 2.747623547365236618e+00 2.986735315395415924e+00 3.328034466652960432e+00 3.585438767384954151e+00 3.510737262309026718e+00 3.159298800538371754e+00 2.693180327889203696e+00 2.198912746907122795e+00
2.709905096680365055e+00 2.725088251118078286e+00 2.769836822008008070e+00 2.886548460735851585e+00 3.124247478722992355e+00 3.454991576077266036e+00 3.669065448298970189e+00 3.543446608415937948e+00 3.167199082126997745e+00 2.694355664827547958e+00 2.199044028520382721e+00
2.848927373427862175e+00 2.864097594615516940e+00 2.908794022231901533e+00 3.025230202963947512e+00 3.261008146660117735e+00 3.577999236587384502e+00 3.744199938619104273e+00 3.570834762410666219e+00 3.173347633226020648e+00 2.695224439996683152e+00 2.199139460643655397e+00
2.987711154836557359e+00 3.002864752371404045e+00 3.047492651809334596e+00 3.163557036394311517e+00 3.396724346557695728e+00 3.696084625001179180e+00 3.810861227819484665e+00 3.593481458930031014e+00 3.178079613234914724e+00 2.695863689781806016e+00 2.199208760082139058e+00
3.126153040094993063e+00 3.141284724356170788e+00 3.185820988311280022e+00 3.301380275375787932e+00 3.531009264179532536e+00 3.808207033538619335e+00 3.869257361179644139e+00 3.611963089712396435e+00 3.181683850230408783e+00 2.696332319375347453e+00 2.199259040334056170e+00
