-1.490598460730262431e+01 -1.490598460729812658e+01 -1.490598460728390506e+01 -1.490598460723892771e+01 -1.490598460709669837e+01 -1.490598460664693370e+01 -1.490598460522464919e+01 -1.490598460072699183e+01 -1.490598458650414671e+01 -1.490598454152756958e+01 -1.490598439929917518e+01
-1.758685836857211982e+01 -1.758685836763254784e+01 -1.758685836466136010e+01 -1.758685835526564034e+01 -1.758685832555377004e+01 -1.758685823159660444e+01 -1.758685793447808621e+01 -1.758685699490817456e+01 -1.758685402374060658e+01 -1.758684462821755190e+01 -1.758681491830251886e+01
-2.224218127320229144e+01 -2.224216464518340786e+01 -2.224211206696020682e+01 -2.224194584189894996e+01 -2.224142061041683860e+01 -2.223976385073533635e+01 -2.223456592767325191e+01 -2.221852649222634213e+01 -2.217138430262575000e+01 -2.204907416000182607e+01 -2.179958939100205484e+01
-2.745733669992831594e+01 -2.695733669992831594e+01 -2.645733669992831594e+01 -2.595733669992831594e+01 -2.545733669992831594e+01 -2.495733669992831594e+01 -2.445733669992831594e+01 -2.395733669992831594e+01 -2.345733669992831594e+01 -2.295733669992831594e+01 -2.245733669992831594e+01
-2.798747880203523408e+01 -2.748747880203523408e+01 -2.698747880203523408e+01 -2.648747880203523408e+01 -2.598747880203523408e+01 -2.548747880203523408e+01 -2.498747880203523408e+01 -2.448747880203523408e+01 -2.398747880203523408e+01 -2.348747880203523408e+01 -2.298747880203523408e+01
-2.859710161170854548e+01 -2.809710161170854548e+01 -2.759710161170854548e+01 -2.709710161170854548e+01 -2.659710161170854548e+01 -2.609710161170854548e+01 -2.559710161170854548e+01 -2.509710161170854548e+01 -2.459710161170854548e+01 -2.409710161170854548e+01 -2.359710161170854548e+01
-2.930062669642775930e+01 -2.880062669642775930e+01 -2.830062669642775930e+01 -2.780062669642775930e+01 -2.730062669642775930e+01 -2.680062669642775930e+01 -2.630062669642775930e+01 -2.580062669642775930e+01 -2.530062669642775930e+01 -2.480062669642775930e+01 -2.430062669642775930e+01
-3.011442455424446152e+01 -2.961442455424445797e+01 -2.911442455424446152e+01 -2.861442455424446152e+01 -2.811442455424446152e+01 -2.761442455424446152e+01 -2.711442455424446152e+01 -2.661442455424445797e+01 -2.611442455424446152e+01 -2.561442455424446152e+01 -2.511442455424445797e+01
-3.105707294640461313e+01 -3.055707294640461313e+01 -3.005707294640461313e+01 -2.955707294640461313e+01 -2.905707294640461313e+01 -2.855707294640461313e+01 -2.805707294640461313e+01 -2.755707294640461313e+01 -2.705707294640461313e+01 -2.655707294640461313e+01 -2.605707294640461313e+01
-3.214973399835543688e+01 -3.164973399835544043e+01 -3.114973399835544043e+01 -3.064973399835544043e+01 -3.014973399835544043e+01 -2.964973399835544043e+01 -2.914973399835544043e+01 -2.864973399835544043e+01 -2.814973399835544043e+01 -2.764973399835544043e+01 -2.714973399835544043e+01
-3.341662206579879779e+01 -3.291662206579879779e+01 -3.241662206579879779e+01 -3.191662206579879779e+01 -3.141662206579879779e+01 -3.091662206579879779e+01 -3.041662206579879779e+01 -2.991662206579879779e+01 -2.941662206579879779e+01 -2.891662206579879779e+01 -2.841662206579879779e+01
