1.299022395698267385e+00 1.299022724166945419e+00 1.299023762874472965e+00 1.299027047539733637e+00 1.299037434399818336e+00 1.299070278900641418e+00 1.299174125987720307e+00 1.299502355986542401e+00 1.300538680809981251e+00 1.303799647316870036e+00 1.313953481493177922e+00
1.869736350888554277e+00 1.869736439222499991e+00 1.869736718558844935e+00 1.869737601896745982e+00 1.869740395244632536e+00 1.869749228468012836e+00 1.869777160390659443e+00 1.869865477064758919e+00 1.870144640773106381e+00 1.871026254823138002e+00 1.873802443232443160e+00
2.356193257799658269e+00 2.356193286683161858e+00 2.356193378020807749e+00 2.356193666855677105e+00 2.356194580230469349e+00 2.356197468562528208e+00 2.356206602144056195e+00 2.356235483800793062e+00 2.356326802980328594e+00 2.356615453277500549e+00 2.357526985123591601e+00
2.771732052160878812e+00 2.771732063314810812e+00 2.771732098586638493e+00 2.771732210125932294e+00 2.771732562843961745e+00 2.771733678234420406e+00 2.771737205389897873e+00 2.771748359046348309e+00 2.771783628119915743e+00 2.771895139877372571e+00 2.772247582701392155e+00
3.128178341116554240e+00 3.128178346079162342e+00 3.128178361772306904e+00 3.128178411398383929e+00 3.128178568329781140e+00 3.128179064590059788e+00 3.128180633899119822e+00 3.128185596452783823e+00 3.128201289052195300e+00 3.128250909677375624e+00 3.128407786570900129e+00
3.436061707095782847e+00 3.436061709586616608e+00 3.436061717463323895e+00 3.436061742371657957e+00 3.436061821138717498e+00 3.436062070221936882e+00 3.436062857891296396e+00 3.436065348711114353e+00 3.436073225280964039e+00 3.436098132241744985e+00 3.436176885568061667e+00
3.704688814163365596e+00 3.704688815548663694e+00 3.704688819929361721e+00 3.704688833782344926e+00 3.704688877589320750e+00 3.704689016119112388e+00 3.704689454188486941e+00 3.704690839482576159e+00 3.704695220138047862e+00 3.704709072696189320e+00 3.704752875423679370e+00
3.942136193377471010e+00 3.942136194218238909e+00 3.942136196876980581e+00 3.942136205284660466e+00 3.942136231872076735e+00 3.942136315948859160e+00 3.942136581822882846e+00 3.942137422589296669e+00 3.942140081315433253e+00 3.942148488838582931e+00 3.942175074690108083e+00
4.155239081092548581e+00 4.155239081642215559e+00 4.155239083380416254e+00 4.155239088877088705e+00 4.155239106259093873e+00 4.155239161225815714e+00 4.155239335045807003e+00 4.155239884712423226e+00 4.155241622906305388e+00 4.155247119512204712e+00 4.155264500848427467e+00
4.349626777181269333e+00 4.349626777564103541e+00 4.349626778774730695e+00 4.349626782603069231e+00 4.349626794709338107e+00 4.349626832992719017e+00 4.349626954055378469e+00 4.349627336888900686e+00 4.349628547512573107e+00 4.349632375818559105e+00 4.349644481762966919e+00
4.529816852259592963e+00 4.529816852540988315e+00 4.529816853430840062e+00 4.529816856244797130e+00 4.529816865143311055e+00 4.529816893282882617e+00 4.529816982268006775e+00 4.529817263663558968e+00 4.529818153513226697e+00 4.529820967452953262e+00 4.529829865791698218e+00
