9.029372949670960935e+00 8.583350730977986842e+00 8.107709714888851948e+00 7.617119862345771431e+00 7.120384276981010174e+00 6.621454418589443947e+00 6.121797076031465501e+00 5.621905877222997283e+00 5.121940328160635048e+00 4.621951227022575992e+00 4.121954673997897167e+00
9.029446800218925873e+00 8.583366992053235833e+00 8.107712354076150874e+00 7.617120173124875215e+00 7.120384298581915239e+00 6.621454416371437723e+00 6.121797074367473890e+00 5.621905876598497720e+00 5.121940327953253380e+00 4.621951226956004355e+00 4.121954673976746086e+00
9.029500225326687612e+00 8.583378722548042461e+00 8.107714244507537416e+00 7.617120390454025447e+00 7.120384311620570728e+00 6.621454413923082427e+00 6.121797072894174185e+00 5.621905876061211949e+00 5.121940327776161261e+00 4.621951226899282617e+00 4.121954673958736493e+00
9.029538854491315547e+00 8.583387177388150491e+00 8.107715595649146678e+00 7.617120541242534237e+00 7.120384318844411808e+00 6.621454411433057352e+00 6.121797071598876983e+00 5.621905875599738422e+00 5.121940327625009282e+00 4.621951226850960381e+00 4.121954673943403868e+00
9.029566770492095884e+00 8.583393265138779427e+00 8.107716558804385798e+00 7.617120644813716090e+00 7.120384322186173343e+00 6.621454409019429832e+00 6.121797070466459267e+00 5.621905875203938585e+00 5.121940327496050216e+00 4.621951226809799529e+00 4.121954673930349422e+00
9.029586932724814829e+00 8.583397643341548644e+00 8.107717243196416845e+00 7.617120715020158528e+00 7.120384322996916815e+00 6.621454406751877464e+00 6.121797069480916953e+00 5.621905874864866703e+00 5.121940327386066194e+00 4.621951226774743127e+00 4.121954673919235645e+00
9.029601485346205436e+00 8.583400787683693522e+00 8.107717727615456837e+00 7.617120761772627979e+00 7.120384322213596739e+00 6.621454404667380444e+00 6.121797068626358751e+00 5.621905874574679274e+00 5.121940327292292316e+00 4.621951226744887897e+00 4.121954673909774769e+00
9.029611981264435983e+00 8.583403042154031937e+00 8.107718068851431426e+00 7.617120792144607577e+00 7.120384320479375084e+00 6.621454402781237647e+00 6.121797067887613686e+00 5.621905874326536434e+00 5.121940327212358923e+00 4.621951226719464678e+00 4.121954673901720767e+00
9.029619544794320163e+00 8.583404655396249083e+00 8.107718307797433965e+00 7.617120811169820982e+00 7.120384318229865173e+00 6.621454401094752029e+00 6.121797067250578372e+00 5.621905874114496271e+00 5.121940327144240079e+00 4.621951226697816217e+00 4.121954673894864030e+00
9.029624989684821301e+00 8.583405807048695380e+00 8.107718473865986653e+00 7.617120822417700943e+00 7.120384315754828108e+00 6.621454399600538387e+00 6.121797066702383994e+00 5.621905873933414455e+00 5.121940327086198508e+00 4.621951226679383851e+00 4.121954673889026921e+00
9.029628904715648829e+00 8.583406626823311569e+00 8.107718588183519870e+00 7.617120828408324051e+00 7.120384313242198004e+00 6.621454398286163112e+00 6.121797066231453144e+00 5.621905873778847429e+00 5.121940327036751839e+00 4.621951226663690626e+00 4.121954673884059339e+00
