2.964143201365529112e+00 2.964188198216492154e+00 2.964330460073071549e+00 2.964780025063677993e+00 2.966198618828796985e+00 2.970654345851381883e+00 2.984451005866179951e+00 3.025400635682391925e+00 3.134140584125374218e+00 3.364574668395708290e+00 3.725187843096186668e+00
2.835441571843157593e+00 2.835486555956802324e+00 2.835628777553333091e+00 2.836078215419146620e+00 2.837496409059687252e+00 2.841950889343484832e+00 2.855743785635445509e+00 2.896683113201489856e+00 3.005402431809434116e+00 3.235839056473058584e+00 3.596837462715669176e+00
2.706734005368615747e+00 2.706778974850507780e+00 2.706921150198447368e+00 2.707370442023829149e+00 2.708788175939874865e+00 2.713241223136555913e+00 2.727029786362964892e+00 2.767957175220585153e+00 2.876651566560096018e+00 3.107076197214615476e+00 3.468350813491741125e+00
2.578020609589154688e+00 2.578065562209724160e+00 2.578207684261292432e+00 2.578656807786539940e+00 2.580074011858555671e+00 2.584525406901250655e+00 2.598308969577398653e+00 2.639222521989272430e+00 2.747887263490797594e+00 2.978286874507451554e+00 3.339754386742129544e+00
2.449301229121823464e+00 2.449346162272873162e+00 2.449488222783548608e+00 2.449937151970395632e+00 2.451353744188401240e+00 2.455803230987350094e+00 2.469581014144705655e+00 2.510478530603972747e+00 2.619108342037492765e+00 2.849470679867828871e+00 3.211066808740298928e+00
2.320575479203462521e+00 2.320620389844993081e+00 2.320762379205420167e+00 2.321211083705990497e+00 2.322626968495356881e+00 2.327074248693496550e+00 2.340845345755566687e+00 2.381724277533511014e+00 2.490313183333065172e+00 2.720626160616870681e+00 3.082300562252313636e+00
2.191842745253566704e+00 2.191887629852237396e+00 2.192029536893680408e+00 2.192477981435955403e+00 2.193893047720773648e+00 2.198337774635120034e+00 2.212101132872951847e+00 2.252958528392552395e+00 2.361499713824430025e+00 2.591750897502661743e+00 2.953463270937292329e+00
2.063102204635808956e+00 2.063147059090499003e+00 2.063288870849539602e+00 2.063737014494148259e+00 2.065151133355721758e+00 2.069592904658640542e+00 2.083347302858377770e+00 2.124179743909349050e+00 2.232665394056556618e+00 2.462841545000191701e+00 2.824558644121670348e+00
1.934352808966422588e+00 1.934397628522660506e+00 1.934539329970702104e+00 1.934987125256578233e+00 1.936400147242171910e+00 1.940838496553335180e+00 1.954582519401271590e+00 1.995386048470840556e+00 2.103807171288832656e+00 2.333893817363027257e+00 2.695587143646970496e+00
1.805593268729393852e+00 1.805638047879924990e+00 1.805779621608885055e+00 1.806227013560584904e+00 1.807638765556642158e+00 1.812073152676986432e+00 1.825805161036697433e+00 1.866575197343023351e+00 1.974921424126589109e+00 2.204902442034732513e+00 2.566546436974838752e+00
1.676821983225577073e+00 1.676866715599994118e+00 1.677008141473423475e+00 1.677455066499256908e+00 1.678865348260798473e+00 1.683295148333647129e+00 1.697013246270409947e+00 1.737744492787694606e+00 1.846003860180671641e+00 2.075861060722446361e+00 2.437431670548973806e+00
