1.209606935369181002e+01 1.209606935011175821e+01 1.209606933878928636e+01 1.209606930297092653e+01 1.209606918956773214e+01 1.209606882959938368e+01 1.209606767772023339e+01 1.209606389959391670e+01 1.209605059926858317e+01 1.209599528166284976e+01 1.209570882981534545e+01
1.209762157094376711e+01 1.209762156480504203e+01 1.209762154539082957e+01 1.209762148397907566e+01 1.209762128959184757e+01 1.209762067302367505e+01 1.209761870465711020e+01 1.209761229445199859e+01 1.209759018244008288e+01 1.209750265872054342e+01 1.209709274142092816e+01
1.209893058286401590e+01 1.209893057350697099e+01 1.209893054391490175e+01 1.209893045031166636e+01 1.209893015406326100e+01 1.209892921475480421e+01 1.209892621954800696e+01 1.209891650050874823e+01 1.209888333540867222e+01 1.209875601255841104e+01 1.209820591609609863e+01
1.210003032912339727e+01 1.210003031583466004e+01 1.210003027380874840e+01 1.210003014087879691e+01 1.210002972019391798e+01 1.210002838663946001e+01 1.210002413733040427e+01 1.210001038010643448e+01 1.209996377273914447e+01 1.209978905632666724e+01 1.209908806608023646e+01
1.210095043608820831e+01 1.210095041812598105e+01 1.210095036132035418e+01 1.210095018164443559e+01 1.210094961305190786e+01 1.210094781093572713e+01 1.210094207162006619e+01 1.210092352239865754e+01 1.210086104823054498e+01 1.210063196996858892e+01 1.209977682759214090e+01
1.210171678226057956e+01 1.210171675888625664e+01 1.210171668496519182e+01 1.210171645115660688e+01 1.210171571129271939e+01 1.210171336668486930e+01 1.210170590315554229e+01 1.210168181882248462e+01 1.210160115679319937e+01 1.210131205385698827e+01 1.210030711996125241e+01
1.210235197965228515e+01 1.210235195016585763e+01 1.210235185691575133e+01 1.210235156197468420e+01 1.210235062870622613e+01 1.210234767163922065e+01 1.210233826295390891e+01 1.210230795034082796e+01 1.210220703485937399e+01 1.210185416004723180e+01 1.210071031731515134e+01
1.210287577908636791e+01 1.210287574286213719e+01 1.210287562830447072e+01 1.210287526597544350e+01 1.210287411953248338e+01 1.210287048760774908e+01 1.210285893773795252e+01 1.210282179293600180e+01 1.210269896097691067e+01 1.210228089674643215e+01 1.210101360628005729e+01
1.210330540938453225e+01 1.210330536590332784e+01 1.210330522839656986e+01 1.210330479349089572e+01 1.210330341748839622e+01 1.210329905912605142e+01 1.210328520742470992e+01 1.210324075072406558e+01 1.210309486438968740e+01 1.210261264907065559e+01 1.210123973026016131e+01
1.210365586177966080e+01 1.210365581065409835e+01 1.210365564897358404e+01 1.210365513762207001e+01 1.210365351986005678e+01 1.210364839683977856e+01 1.210363212617660800e+01 1.210358002860304971e+01 1.210341055612200556e+01 1.210286749834081199e+01 1.210140712952122222e+01
1.210502748095228753e+01 1.210502732596760822e+01 1.210502683621402831e+01 1.210502529083038503e+01 1.210502043384749982e+01 1.210500531682622771e+01 1.210495928771499052e+01 1.210482537405632009e+01 1.210446657298675532e+01 1.210361575368902187e+01 1.210186212615472456e+01
