7.679815352931532502e+00 7.679815352931532502e+00 7.679815352931532502e+00 7.679815352931533390e+00 7.679815352931534278e+00 7.679815352931536943e+00 7.679815352931545824e+00 7.679815352931576022e+00 7.679815352931669281e+00 7.679815352931964156e+00 7.679815352932895856e+00
7.550459154987924748e+00 7.550459154987924748e+00 7.550459154987924748e+00 7.550459154987925636e+00 7.550459154987926524e+00 7.550459154987929189e+00 7.550459154987937183e+00 7.550459154987965604e+00 7.550459154988054422e+00 7.550459154988333310e+00 7.550459154989216159e+00
7.420451502529010313e+00 7.420451502529010313e+00 7.420451502529010313e+00 7.420451502529010313e+00 7.420451502529011201e+00 7.420451502529013865e+00 7.420451502529021859e+00 7.420451502529048504e+00 7.420451502529131105e+00 7.420451502529393117e+00 7.420451502530222676e+00
7.289669523537470219e+00 7.289669523537470219e+00 7.289669523537470219e+00 7.289669523537470219e+00 7.289669523537471107e+00 7.289669523537473772e+00 7.289669523537481766e+00 7.289669523537505746e+00 7.289669523537583018e+00 7.289669523537827267e+00 7.289669523538598206e+00
7.157925230855328280e+00 7.157925230855328280e+00 7.157925230855328280e+00 7.157925230855329168e+00 7.157925230855329168e+00 7.157925230855331833e+00 7.157925230855338938e+00 7.157925230855361143e+00 7.157925230855432197e+00 7.157925230855656906e+00 7.157925230856366561e+00
7.024948527049502012e+00 7.024948527049502012e+00 7.024948527049502900e+00 7.024948527049502900e+00 7.024948527049502900e+00 7.024948527049505564e+00 7.024948527049511782e+00 7.024948527049532210e+00 7.024948527049596159e+00 7.024948527049800440e+00 7.024948527050444369e+00
6.890365123277499393e+00 6.890365123277499393e+00 6.890365123277500281e+00 6.890365123277500281e+00 6.890365123277500281e+00 6.890365123277502057e+00 6.890365123277508275e+00 6.890365123277526038e+00 6.890365123277583770e+00 6.890365123277765846e+00 6.890365123278342274e+00
6.753665368842606043e+00 6.753665368842606043e+00 6.753665368842606043e+00 6.753665368842606931e+00 6.753665368842606931e+00 6.753665368842608707e+00 6.753665368842614036e+00 6.753665368842630023e+00 6.753665368842680650e+00 6.753665368842840522e+00 6.753665368843346783e+00
6.614163698279109660e+00 6.614163698279109660e+00 6.614163698279109660e+00 6.614163698279109660e+00 6.614163698279110548e+00 6.614163698279111436e+00 6.614163698279115877e+00 6.614163698279130088e+00 6.614163698279173609e+00 6.614163698279311276e+00 6.614163698279746484e+00
6.470950491243187663e+00 6.470950491243187663e+00 6.470950491243187663e+00 6.470950491243188551e+00 6.470950491243188551e+00 6.470950491243189440e+00 6.470950491243192992e+00 6.470950491243204539e+00 6.470950491243241842e+00 6.470950491243357305e+00 6.470950491243723235e+00
6.322814693304038336e+00 6.322814693304038336e+00 6.322814693304038336e+00 6.322814693304038336e+00 6.322814693304038336e+00 6.322814693304040112e+00 6.322814693304042777e+00 6.322814693304052547e+00 6.322814693304081857e+00 6.322814693304176892e+00 6.322814693304476208e+00
