7.789028565964857265e+00 7.877654881392527564e+00 8.013799755660663493e+00 8.166057506811503330e+00 8.291027508925470357e+00 8.348096723679065079e+00 8.299005654426347078e+00 8.111800976633091409e+00 7.781740976001786159e+00 7.347643496057975732e+00 6.865893185808008781e+00
7.925998421537659766e+00 8.010874669365106726e+00 8.138404882249750116e+00 8.278156049846394637e+00 8.387668905171201672e+00 8.425913878973593896e+00 8.354095972271753823e+00 8.142766239017646512e+00 7.793771156038165060e+00 7.350518799428763295e+00 6.866327956824647138e+00
8.062034721263085402e+00 8.143005644461014825e+00 8.261865306122471608e+00 8.388855452376088095e+00 8.482254084389976967e+00 8.500631666958442523e+00 8.405168895725863010e+00 8.169917763257270593e+00 7.803580850405777980e+00 7.352710585735898974e+00 6.866646899102301305e+00
8.196860684788450868e+00 8.273810486492758187e+00 8.383935369409508453e+00 8.497854677027454784e+00 8.574383546125220690e+00 8.571785663726094739e+00 8.451902657250881745e+00 8.193312522120539398e+00 7.811442964780686893e+00 7.354363673974004811e+00 6.866879912150454679e+00
8.330137831390560521e+00 8.402982322447531516e+00 8.504285188282757701e+00 8.604750402238851237e+00 8.663547337777423252e+00 8.638840907123931601e+00 8.494006428452740565e+00 8.213091013137873375e+00 7.817639958327986527e+00 7.355599157385160680e+00 6.867049566367208868e+00
8.461459932065578116e+00 8.530133294290992652e+00 8.622484379670906307e+00 8.709017050580207808e+00 8.749114570116267586e+00 8.701211791570468534e+00 8.531260209191916744e+00 8.229481904531233738e+00 7.822449256544375729e+00 7.356515526760944113e+00 6.867172733071864599e+00
8.590350910378004912e+00 8.654786957891243304e+00 8.737988477970469958e+00 8.809992218157768562e+00 8.830337802858842622e+00 8.758304561187035375e+00 8.563559889914692747e+00 8.242794483159807228e+00 7.826130019685826333e+00 7.357190979996556912e+00 6.867261925368298492e+00
8.716268762211340615e+00 8.776376392763967971e+00 8.850131228724899657e+00 8.906874106299408567e+00 8.906382050854771748e+00 8.809584179223682199e+00 8.590955858701084580e+00 8.253398222416148400e+00 7.828913344748627878e+00 7.357686351506392164e+00 6.867326367117577490e+00
8.838616736768711846e+00 8.894249367860778577e+00 8.958126503024042009e+00 8.998739259335218676e+00 8.976386602028016526e+00 8.854657582428947293e+00 8.613671044286014933e+00 8.261693363297505144e+00 7.830996909419160268e+00 7.358048183696317857e+00 6.867372825003534409e+00
8.956761407983357515e+00 9.007680921123885298e+00 9.061083858219461717e+00 9.084588960166017912e+00 9.039560407146289833e+00 8.893353422925017071e+00 8.632088894860224570e+00 8.268079542580347052e+00 7.832543851293259252e+00 7.358311611857425660e+00 6.867406244526446990e+00
9.070055372206333288e+00 9.115892732894549155e+00 9.158041795832280840e+00 9.163425693566459529e+00 9.095298145040301208e+00 8.925771908237205565e+00 8.646712630798447208e+00 8.272929399667743766e+00 7.833684843244413720e+00 7.358502883331175859e+00 6.867430229496817695e+00
