1.470261575227247342e+01 1.470261575227247342e+01 1.470261575227247342e+01 1.470261575227247342e+01 1.470261575227247342e+01 1.470261575227247342e+01 1.470261575227247342e+01 1.470261575227247342e+01 1.470261575227247342e+01 1.470261575227247342e+01 1.470261575227247342e+01
1.470341949367695022e+01 1.470341949367695022e+01 1.470341949367695022e+01 1.470341949367695022e+01 1.470341949367695022e+01 1.470341949367695022e+01 1.470341949367695022e+01 1.470341949367695022e+01 1.470341949367695022e+01 1.470341949367695022e+01 1.470341949367695022e+01
1.470410575630224237e+01 1.470410575630224237e+01 1.470410575630224237e+01 1.470410575630224237e+01 1.470410575630224237e+01 1.470410575630224237e+01 1.470410575630224237e+01 1.470410575630224237e+01 1.470410575630224237e+01 1.470410575630224237e+01 1.470410575630224237e+01
1.470469141291052395e+01 1.470469141291052395e+01 1.470469141291052395e+01 1.470469141291052395e+01 1.470469141291052395e+01 1.470469141291052395e+01 1.470469141291052395e+01 1.470469141291052395e+01 1.470469141291052395e+01 1.470469141291052395e+01 1.470469141291052395e+01
1.470519095472037030e+01 1.470519095472037030e+01 1.470519095472037030e+01 1.470519095472037030e+01 1.470519095472037030e+01 1.470519095472037030e+01 1.470519095472037030e+01 1.470519095472037030e+01 1.470519095472037030e+01 1.470519095472037030e+01 1.470519095472037030e+01
1.470561681497217954e+01 1.470561681497217954e+01 1.470561681497217954e+01 1.470561681497217954e+01 1.470561681497217954e+01 1.470561681497217954e+01 1.470561681497217954e+01 1.470561681497217954e+01 1.470561681497217954e+01 1.470561681497217954e+01 1.470561681497217954e+01
1.470597965130338025e+01 1.470597965130338025e+01 1.470597965130338025e+01 1.470597965130338025e+01 1.470597965130338025e+01 1.470597965130338025e+01 1.470597965130338025e+01 1.470597965130338025e+01 1.470597965130338025e+01 1.470597965130338025e+01 1.470597965130338025e+01
1.470628859171797842e+01 1.470628859171797842e+01 1.470628859171797842e+01 1.470628859171797842e+01 1.470628859171797842e+01 1.470628859171797842e+01 1.470628859171797842e+01 1.470628859171797842e+01 1.470628859171797842e+01 1.470628859171797842e+01 1.470628859171797842e+01
1.470655144841574291e+01 1.470655144841574291e+01 1.470655144841574291e+01 1.470655144841574291e+01 1.470655144841574291e+01 1.470655144841574291e+01 1.470655144841574291e+01 1.470655144841574291e+01 1.470655144841574291e+01 1.470655144841574291e+01 1.470655144841574291e+01
1.470677490338881555e+01 1.470677490338881555e+01 1.470677490338881555e+01 1.470677490338881555e+01 1.470677490338881555e+01 1.470677490338881555e+01 1.470677490338881555e+01 1.470677490338881555e+01 1.470677490338881555e+01 1.470677490338881555e+01 1.470677490338881555e+01
1.470696466932207436e+01 1.470696466932207436e+01 1.470696466932207436e+01 1.470696466932207436e+01 1.470696466932207436e+01 1.470696466932207436e+01 1.470696466932207436e+01 1.470696466932207436e+01 1.470696466932207436e+01 1.470696466932207436e+01 1.470696466932207436e+01
