4.432303340681307269e+00 4.432300382465804489e+00 4.432291028086385865e+00 4.432261450136000036e+00 4.432167948418549663e+00 4.431872590622938368e+00 4.430941818506072494e+00 4.428031399564419601e+00 4.419162305914514199e+00 4.394014427795238653e+00 4.331535229402541987e+00
4.431644708814474143e+00 4.431641803347950770e+00 4.431632615737498782e+00 4.431603564777324422e+00 4.431511725751871467e+00 4.431221587826705388e+00 4.430306941033549606e+00 4.427443709080563394e+00 4.418689326401940676e+00 4.393716101669237872e+00 4.331388847126698138e+00
4.430806141927491559e+00 4.430803296003298364e+00 4.430794296645415464e+00 4.430765840623957175e+00 4.430675879276416040e+00 4.430391642204041247e+00 4.429495285398447280e+00 4.426686181926126729e+00 4.418068289716949870e+00 4.393317484065160095e+00 4.331192207472762234e+00
4.429741340252253856e+00 4.429738561312969836e+00 4.429729773744442767e+00 4.429701987104421868e+00 4.429614138972014281e+00 4.429336548872193191e+00 4.428460854233632560e+00 4.425713496390239143e+00 4.417256416346496906e+00 4.392785919784198079e+00 4.330928165027946086e+00
4.428393154128122511e+00 4.428390450266079803e+00 4.428381900078557365e+00 4.428354863762320015e+00 4.428269384951677878e+00 4.427999253148868775e+00 4.427146800675252791e+00 4.424469482204880677e+00 4.416200059257457511e+00 4.392078841430624436e+00 4.330573810922145661e+00
4.426691428622070212e+00 4.426688808560636623e+00 4.426680523341439688e+00 4.426654324603855883e+00 4.426571491200181008e+00 4.426309692363163073e+00 4.425483264060943611e+00 4.422884936961581026e+00 4.414832455836431357e+00 4.391141202339851723e+00 4.330098602228640736e+00
4.424550556852989480e+00 4.424548029903903945e+00 4.424540039101112932e+00 4.424514771083011944e+00 4.424434877801653343e+00 4.424182345684565476e+00 4.423384912146738124e+00 4.420875144157683678e+00 4.413071168208813511e+00 4.389902475871338972e+00 4.329461935039566889e+00
4.421866752438083914e+00 4.421864328429997215e+00 4.421856663126493281e+00 4.421832424140111684e+00 4.421755782067098295e+00 4.421513502365575832e+00 4.420748200189128063e+00 4.418337103065025140e+00 4.410815220244195700e+00 4.388273245691174829e+00 4.328610033757176012e+00
4.418515071927257232e+00 4.418512761100883424e+00 4.418505453682767481e+00 4.418482346163179031e+00 4.418409279438958670e+00 4.418178279299429967e+00 4.417448377870505816e+00 4.415146501645148547e+00 4.407941962112094103e+00 4.386141447236755475e+00 4.327472027007163824e+00
4.414346247586300898e+00 4.414344060452195961e+00 4.414337144159047099e+00 4.414315273241840920e+00 4.414246114562546452e+00 4.414027448346243609e+00 4.413336304722537129e+00 4.411154493813566724e+00 4.404303725033583028e+00 4.383368359246675894e+00 4.325955101220968047e+00
4.409183425932448053e+00 4.409181373088666867e+00 4.409174881436903171e+00 4.409154353134537629e+00 4.409089437983433335e+00 4.408884169008035592e+00 4.408235170013080406e+00 4.406184378254994982e+00 4.399724367031433658e+00 4.379784483271776274e+00 4.323938679745326752e+00
