1.054842175090096390e+01 1.054842175090128187e+01 1.054842175090228906e+01 1.054842175090547407e+01 1.054842175091554246e+01 1.054842175094738188e+01 1.054842175104806756e+01 1.054842175136646709e+01 1.054842175237333102e+01 1.054842175555731210e+01 1.054842176562594958e+01
1.070819063151296113e+01 1.070819063151321870e+01 1.070819063151403228e+01 1.070819063151660622e+01 1.070819063152474371e+01 1.070819063155047779e+01 1.070819063163185625e+01 1.070819063188919706e+01 1.070819063270298166e+01 1.070819063527638981e+01 1.070819064341422333e+01
1.086257780412142182e+01 1.086257780412163676e+01 1.086257780412231710e+01 1.086257780412446294e+01 1.086257780413125218e+01 1.086257780415272300e+01 1.086257780422061714e+01 1.086257780443532006e+01 1.086257780511426851e+01 1.086257780726129241e+01 1.086257781405077694e+01
1.101299418196120783e+01 1.101299418196139257e+01 1.101299418196197522e+01 1.101299418196381552e+01 1.101299418196963487e+01 1.101299418198803970e+01 1.101299418204623848e+01 1.101299418223027970e+01 1.101299418281227283e+01 1.101299418465269397e+01 1.101299419047261452e+01
1.116047724366428007e+01 1.116047724366444172e+01 1.116047724366495153e+01 1.116047724366656624e+01 1.116047724367167149e+01 1.116047724368781502e+01 1.116047724373886929e+01 1.116047724390031348e+01 1.116047724441084199e+01 1.116047724602528035e+01 1.116047725113058142e+01
1.130577956988592447e+01 1.130577956988606836e+01 1.130577956988652488e+01 1.130577956988797084e+01 1.130577956989253785e+01 1.130577956990698141e+01 1.130577956995265687e+01 1.130577957009709777e+01 1.130577957055385774e+01 1.130577957199825612e+01 1.130577957656585042e+01
1.144943670074962050e+01 1.144943670074975195e+01 1.144943670075016762e+01 1.144943670075148212e+01 1.144943670075563702e+01 1.144943670076878028e+01 1.144943670081034170e+01 1.144943670094176724e+01 1.144943670135737435e+01 1.144943670267163682e+01 1.144943670682770431e+01
1.159181742005636728e+01 1.159181742005648985e+01 1.159181742005687354e+01 1.159181742005808680e+01 1.159181742006192373e+01 1.159181742007405624e+01 1.159181742011242378e+01 1.159181742023375605e+01 1.159181742061744025e+01 1.159181742183075414e+01 1.159181742566759432e+01
1.173315958603061304e+01 1.173315958603072673e+01 1.173315958603108555e+01 1.173315958603221887e+01 1.173315958603580533e+01 1.173315958604714915e+01 1.173315958608301557e+01 1.173315958619643951e+01 1.173315958655511793e+01 1.173315958768935374e+01 1.173315959127612551e+01
1.187359426413780383e+01 1.187359426413791219e+01 1.187359426413824970e+01 1.187359426413932262e+01 1.187359426414271191e+01 1.187359426415343222e+01 1.187359426418733044e+01 1.187359426429452469e+01 1.187359426463350331e+01 1.187359426570545118e+01 1.187359426909524629e+01
1.201316047438889889e+01 1.201316047438900014e+01 1.201316047438932344e+01 1.201316047439034662e+01 1.201316047439358137e+01 1.201316047440380963e+01 1.201316047443615709e+01 1.201316047453844504e+01 1.201316047486190897e+01 1.201316047588479385e+01 1.201316047911943485e+01
