5.270098219274683693e+00 5.646188587029620010e+00 5.951259223380858998e+00 6.179499866611701364e+00 6.320149025650120933e+00 6.353185905750027729e+00 6.249859261439066671e+00 5.989724551606643743e+00 5.591572088472014812e+00 5.117518399615674340e+00 4.621421696961530046e+00
5.330614304841850171e+00 5.701771434556188289e+00 6.001858601461592002e+00 6.224672107665399245e+00 6.358935167996820681e+00 6.383891404986249185e+00 6.270581648755372051e+00 6.000173420030097127e+00 5.594842864382596481e+00 5.118088838244296390e+00 4.621487689108102259e+00
5.398540926780449389e+00 5.764139705237439237e+00 6.058576647353823397e+00 6.275208756139861954e+00 6.402154090706157596e+00 6.417828078048503748e+00 6.293133647580543055e+00 6.011240600418836344e+00 5.598171460423052359e+00 5.118647817847439718e+00 4.621551254731254943e+00
5.473188060513270337e+00 5.832649057279128080e+00 6.120804163125058039e+00 6.330528262444677701e+00 6.449240414569738178e+00 6.454448889399126976e+00 6.317034242128017674e+00 6.022606593712921175e+00 5.601438468231624945e+00 5.119174443513609063e+00 4.621610099791794823e+00
5.553803603986659176e+00 5.906595863295252435e+00 6.187876655991870756e+00 6.389997292522076933e+00 6.499477673302878067e+00 6.493168298602759236e+00 6.341784875331222260e+00 6.033962005429433617e+00 5.604542085549951480e+00 5.119653595342882113e+00 4.621662718521220015e+00
5.639621440579692724e+00 5.985261441383435965e+00 6.259115178681700975e+00 6.452967929415950543e+00 6.552548029715734579e+00 6.533393106307411102e+00 6.366896676927601639e+00 6.045026794720099517e+00 5.607404407921034561e+00 5.120076306555649381e+00 4.621708369738195543e+00
5.729895315798681388e+00 6.067943461915395353e+00 6.333855319819996055e+00 6.518804052930960324e+00 6.607524614490121628e+00 6.574545104966738052e+00 6.391910816000723194e+00 6.055563513376970519e+00 5.609973723427706283e+00 5.120439193979567705e+00 4.621746949523298120e+00
5.823920782168314325e+00 6.153976559045310601e+00 6.411466178399149562e+00 6.586898573905862975e+00 6.663919478355285086e+00 6.616076740209906326e+00 6.416412779574189429e+00 6.065384909346769327e+00 5.612223522712318058e+00 5.120743328140119566e+00 4.621778818627159779e+00
5.921047873250163462e+00 6.242744504671047245e+00 6.491361478850799394e+00 6.656683507715793979e+00 6.721177429937421621e+00 6.657481271235804243e+00 6.440041653173233627e+00 6.074356777295384369e+00 5.614149185720794577e+00 5.120992901733589342e+00 4.621804629356754290e+00
6.020687012668480165e+00 6.333686147084171658e+00 6.573004857967045034e+00 6.727634764788681387e+00 6.778784349448110369e+00 6.698298846339633350e+00 6.462495460764229982e+00 6.082396830426731960e+00 5.615763341839974387e+00 5.121193961921474802e+00 4.621825178597293693e+00
6.122310259705415092e+00 6.426296960610716091e+00 6.655911041056534749e+00 6.799273250732158935e+00 6.836269110216772305e+00 6.738119719852594613e+00 6.483533464258986356e+00 6.089470543959059512e+00 5.617090788794515177e+00 5.121353361572691831e+00 4.621841297794609282e+00
