-4.762638303327858758e+00 -4.274481970647306284e+00 -3.778301705151699608e+00 -3.279578593176260437e+00 -2.780601686480937751e+00 -2.287041180877608770e+00 -1.844326899155430910e+00 -1.667079038996310381e+00 -1.916213879032772738e+00 -2.369204367062724970e+00 -2.863524535118503245e+00
-4.640043667234666991e+00 -4.152074848371672289e+00 -3.655958093498330008e+00 -3.157275452893281376e+00 -2.658512271219429568e+00 -2.166976744010526090e+00 -1.740496979726288140e+00 -1.615842383818978822e+00 -1.904624976579523565e+00 -2.367684940758224332e+00 -2.863365146925151095e+00
-4.515003456873944110e+00 -4.027169168178910574e+00 -3.531099290906687393e+00 -3.032458989022375651e+00 -2.533981532960981831e+00 -2.045167574164414415e+00 -1.639230961560331767e+00 -1.570594680551551825e+00 -1.895206105746493064e+00 -2.366503800926642143e+00 -2.863242556868026867e+00
-4.387849292589732109e+00 -3.900107266619147861e+00 -3.404071395317149751e+00 -2.905479146441179772e+00 -2.407386728074732751e+00 -1.922228215918523997e+00 -1.541882791367150229e+00 -1.531355158515953496e+00 -1.887669713496329171e+00 -2.365595644541703457e+00 -2.863149105832652808e+00
-4.258870881165260691e+00 -3.771188189764256293e+00 -3.275176871884093899e+00 -2.776643118299200630e+00 -2.279072233651645796e+00 -1.798813631427397031e+00 -1.449751277971121244e+00 -1.497912092366494363e+00 -1.881724878731112049e+00 -2.364903889787290492e+00 -2.863078406708613244e+00
-4.128320524832361116e+00 -3.640672150738843538e+00 -3.144679026908546948e+00 -2.646220196808721781e+00 -2.149357980074264596e+00 -1.675643541418120774e+00 -1.363994292609735481e+00 -1.469877913631028266e+00 -1.877095309754793107e+00 -2.364381144755324016e+00 -2.863025265117209006e+00
-3.996417378503435813e+00 -3.508784851577690045e+00 -3.012806399864186524e+00 -2.514446699056622769e+00 -2.018549182308171819e+00 -1.553526157552622244e+00 -1.285540922309251322e+00 -1.446746125522721194e+00 -1.873530951425568247e+00 -2.363988762194556337e+00 -2.862985540094462600e+00
-3.863351382539234269e+00 -3.375721549435227509e+00 -2.879756943032879324e+00 -2.381530885644808304e+00 -1.886947630862935821e+00 -1.433376775653026458e+00 -1.215022074826278109e+00 -1.427943810114975065e+00 -1.870814077246688134e+00 -2.363695893195438824e+00 -2.862955983129515047e+00
-3.729286841665570229e+00 -3.241650803972179418e+00 -2.745701921556243263e+00 -2.247657873820198660e+00 -1.754864921487018448e+00 -1.316224423823450174e+00 -1.152736143713256833e+00 -1.412876121678408481e+00 -1.868761067400100062e+00 -2.363478335124693075e+00 -2.862934079012819044e+00
-3.594365646942371484e+00 -3.106717880471798754e+00 -2.610789511059186108e+00 -2.112994617712987910e+00 -1.622638046566544645e+00 -1.203198126461463291e+00 -1.098655634353413513e+00 -1.400961225928935461e+00 -1.867221150317157630e+00 -2.363317363734062759e+00 -2.862917901165735302e+00
-3.458710153144974875e+00 -2.971047807772831728e+00 -2.475148101432489423e+00 -1.977695093806727922e+00 -1.490647677339737021e+00 -1.095485112128057548e+00 -1.052468789663456139e+00 -1.391655533689618363e+00 -1.866073276135842285e+00 -2.363198657232640887e+00 -2.862905986964519478e+00
