-1.358263995234160637e+00 -1.358263995234128441e+00 -1.358263995234026078e+00 -1.358263995233702559e+00 -1.358263995232679378e+00 -1.358263995229443521e+00 -1.358263995219211706e+00 -1.358263995186854922e+00 -1.358263995084534326e+00 -1.358263994760968263e+00 -1.358263993737762076e+00
-1.488302611737973846e+00 -1.488302611737941650e+00 -1.488302611737839509e+00 -1.488302611737516878e+00 -1.488302611736497250e+00 -1.488302611733272718e+00 -1.488302611723075763e+00 -1.488302611690829336e+00 -1.488302611588858015e+00 -1.488302611266395958e+00 -1.488302610246681423e+00
-1.618583968855765054e+00 -1.618583968855732858e+00 -1.618583968855631383e+00 -1.618583968855310085e+00 -1.618583968854294231e+00 -1.618583968851082355e+00 -1.618583968840924925e+00 -1.618583968808804840e+00 -1.618583968707231202e+00 -1.618583968386027250e+00 -1.618583967370292198e+00
-1.749155560523098618e+00 -1.749155560523066644e+00 -1.749155560522965391e+00 -1.749155560522645647e+00 -1.749155560521634456e+00 -1.749155560518436570e+00 -1.749155560508324880e+00 -1.749155560476347349e+00 -1.749155560375226015e+00 -1.749155560055452474e+00 -1.749155559044240249e+00
-1.880075520499558728e+00 -1.880075520499526753e+00 -1.880075520499426167e+00 -1.880075520499107977e+00 -1.880075520498101893e+00 -1.880075520494920438e+00 -1.880075520484859375e+00 -1.880075520453044158e+00 -1.880075520352435525e+00 -1.880075520034282466e+00 -1.880075519028194586e+00
-2.011413962356619400e+00 -2.011413962356587426e+00 -2.011413962356487506e+00 -2.011413962356171314e+00 -2.011413962355170781e+00 -2.011413962352007534e+00 -2.011413962342004869e+00 -2.011413962310372394e+00 -2.011413962210342632e+00 -2.011413961894019664e+00 -2.011413960893719821e+00
-2.143260557282245404e+00 -2.143260557282213874e+00 -2.143260557282114398e+00 -2.143260557281800427e+00 -2.143260557280806555e+00 -2.143260557277663736e+00 -2.143260557267725908e+00 -2.143260557236299491e+00 -2.143260557136919875e+00 -2.143260556822653928e+00 -2.143260555828857772e+00
-2.275719038917876968e+00 -2.275719038917845882e+00 -2.275719038917747294e+00 -2.275719038917435100e+00 -2.275719038916448778e+00 -2.275719038913329051e+00 -2.275719038903464053e+00 -2.275719038872267230e+00 -2.275719038773615921e+00 -2.275719038461653021e+00 -2.275719037475139928e+00
-2.408925453074643119e+00 -2.408925453074612477e+00 -2.408925453074514333e+00 -2.408925453074205247e+00 -2.408925453073226475e+00 -2.408925453070132505e+00 -2.408925453060348332e+00 -2.408925453029408192e+00 -2.408925452931566902e+00 -2.408925452622165508e+00 -2.408925451643752158e+00
-2.543047141059679994e+00 -2.543047141059649352e+00 -2.543047141059552096e+00 -2.543047141059245675e+00 -2.543047141058276228e+00 -2.543047141055210680e+00 -2.543047141045515769e+00 -2.543047141014858514e+00 -2.543047140917911619e+00 -2.543047140611338630e+00 -2.543047139641870569e+00
-2.678290752209670611e+00 -2.678290752209639969e+00 -2.678290752209544046e+00 -2.678290752209240289e+00 -2.678290752208280612e+00 -2.678290752205246150e+00 -2.678290752195649382e+00 -2.678290752165302102e+00 -2.678290752069334868e+00 -2.678290751765860289e+00 -2.678290750806190168e+00
