-5.042637443469151215e+00 -5.542637443463832803e+00 -6.042637443462150593e+00 -6.542637443461618574e+00 -7.042637443461450708e+00 -7.542637443461397417e+00 -8.042637443461380542e+00 -8.542637443461375213e+00 -9.042637443461373437e+00 -9.542637443461373437e+00 -1.004263744346137344e+01
-5.042637443469162761e+00 -5.542637443463836355e+00 -6.042637443462152369e+00 -6.542637443461619462e+00 -7.042637443461450708e+00 -7.542637443461397417e+00 -8.042637443461380542e+00 -8.542637443461375213e+00 -9.042637443461373437e+00 -9.542637443461373437e+00 -1.004263744346137344e+01
-5.042637443469172531e+00 -5.542637443463839020e+00 -6.042637443462153257e+00 -6.542637443461619462e+00 -7.042637443461451596e+00 -7.542637443461397417e+00 -8.042637443461380542e+00 -8.542637443461375213e+00 -9.042637443461373437e+00 -9.542637443461373437e+00 -1.004263744346137344e+01
-5.042637443469181413e+00 -5.542637443463841684e+00 -6.042637443462154145e+00 -6.542637443461620350e+00 -7.042637443461451596e+00 -7.542637443461397417e+00 -8.042637443461380542e+00 -8.542637443461375213e+00 -9.042637443461373437e+00 -9.542637443461373437e+00 -1.004263744346137344e+01
-5.042637443469188518e+00 -5.542637443463844349e+00 -6.042637443462155034e+00 -6.542637443461620350e+00 -7.042637443461451596e+00 -7.542637443461397417e+00 -8.042637443461380542e+00 -8.542637443461375213e+00 -9.042637443461373437e+00 -9.542637443461373437e+00 -1.004263744346137344e+01
-5.042637443469194736e+00 -5.542637443463846125e+00 -6.042637443462155034e+00 -6.542637443461620350e+00 -7.042637443461451596e+00 -7.542637443461397417e+00 -8.042637443461380542e+00 -8.542637443461375213e+00 -9.042637443461373437e+00 -9.542637443461373437e+00 -1.004263744346137344e+01
-5.042637443469200065e+00 -5.542637443463847902e+00 -6.042637443462155922e+00 -6.542637443461620350e+00 -7.042637443461451596e+00 -7.542637443461397417e+00 -8.042637443461380542e+00 -8.542637443461375213e+00 -9.042637443461373437e+00 -9.542637443461373437e+00 -1.004263744346137344e+01
-5.042637443469204506e+00 -5.542637443463849678e+00 -6.042637443462155922e+00 -6.542637443461620350e+00 -7.042637443461451596e+00 -7.542637443461397417e+00 -8.042637443461380542e+00 -8.542637443461375213e+00 -9.042637443461373437e+00 -9.542637443461373437e+00 -1.004263744346137344e+01
-5.042637443469208947e+00 -5.542637443463850566e+00 -6.042637443462156810e+00 -6.542637443461621238e+00 -7.042637443461451596e+00 -7.542637443461397417e+00 -8.042637443461380542e+00 -8.542637443461375213e+00 -9.042637443461373437e+00 -9.542637443461373437e+00 -1.004263744346137344e+01
-5.042637443469211611e+00 -5.542637443463852343e+00 -6.042637443462156810e+00 -6.542637443461621238e+00 -7.042637443461451596e+00 -7.542637443461397417e+00 -8.042637443461380542e+00 -8.542637443461375213e+00 -9.042637443461373437e+00 -9.542637443461373437e+00 -1.004263744346137344e+01
-5.042637443469215164e+00 -5.542637443463853231e+00 -6.042637443462156810e+00 -6.542637443461621238e+00 -7.042637443461451596e+00 -7.542637443461397417e+00 -8.042637443461380542e+00 -8.542637443461375213e+00 -9.042637443461373437e+00 -9.542637443461373437e+00 -1.004263744346137344e+01
