-4.593272341396614422e+01 -4.543272580508160274e+01 -4.493272590692384938e+01 -4.443272582216754074e+01 -4.393272591236016922e+01 -4.343272594088158201e+01 -4.293272594990084912e+01 -4.243272595275298897e+01 -4.193272595365491640e+01 -4.143272595394013535e+01 -4.093272595403032454e+01
-4.617809754455070248e+01 -4.567809754455070248e+01 -4.517809754455070248e+01 -4.467809754455070248e+01 -4.417809754455070248e+01 -4.367809754455070248e+01 -4.317809754455070248e+01 -4.267809754455070248e+01 -4.217809754455070248e+01 -4.167809754455070248e+01 -4.117809754455070248e+01
-4.644589077507262687e+01 -4.594589077507262687e+01 -4.544589077507262687e+01 -4.494589077507262687e+01 -4.444589077507262687e+01 -4.394589077507262687e+01 -4.344589077507262687e+01 -4.294589077507262687e+01 -4.244589077507262687e+01 -4.194589077507262687e+01 -4.144589077507262687e+01
-4.674079274058148314e+01 -4.624079274058148314e+01 -4.574079274058148314e+01 -4.524079274058148314e+01 -4.474079274058148314e+01 -4.424079274058148314e+01 -4.374079274058148314e+01 -4.324079274058148314e+01 -4.274079274058148314e+01 -4.224079274058148314e+01 -4.174079274058148314e+01
-4.706848505373343272e+01 -4.656848505373343272e+01 -4.606848505373343272e+01 -4.556848505373343272e+01 -4.506848505373343272e+01 -4.456848505373343272e+01 -4.406848505373343272e+01 -4.356848505373343272e+01 -4.306848505373343272e+01 -4.256848505373343272e+01 -4.206848505373343272e+01
-4.743580832539623771e+01 -4.693580832539623771e+01 -4.643580832539623771e+01 -4.593580832539623771e+01 -4.543580832539623771e+01 -4.493580832539623771e+01 -4.443580832539623771e+01 -4.393580832539623771e+01 -4.343580832539623771e+01 -4.293580832539623771e+01 -4.243580832539623771e+01
-4.785092210157758785e+01 -4.735092210157758785e+01 -4.685092210157758785e+01 -4.635092210157758785e+01 -4.585092210157758785e+01 -4.535092210157758785e+01 -4.485092210157758785e+01 -4.435092210157758785e+01 -4.385092210157758785e+01 -4.335092210157758785e+01 -4.285092210157758785e+01
-4.832344795210903499e+01 -4.782344795210903499e+01 -4.732344795210903499e+01 -4.682344795210903499e+01 -4.632344795210903499e+01 -4.582344795210903499e+01 -4.532344795210903499e+01 -4.482344795210903499e+01 -4.432344795210903499e+01 -4.382344795210903499e+01 -4.332344795210903499e+01
-4.886458869780550884e+01 -4.836458869780550884e+01 -4.786458869780550884e+01 -4.736458869780550884e+01 -4.686458869780550884e+01 -4.636458869780550884e+01 -4.586458869780550884e+01 -4.536458869780550884e+01 -4.486458869780550884e+01 -4.436458869780550884e+01 -4.386458869780550884e+01
-4.948722998722399780e+01 -4.898722998722399780e+01 -4.848722998722399780e+01 -4.798722998722399780e+01 -4.748722998722399780e+01 -4.698722998722399780e+01 -4.648722998722399780e+01 -4.598722998722399780e+01 -4.548722998722399780e+01 -4.498722998722399780e+01 -4.448722998722399780e+01
-5.020604682002819885e+01 -4.970604682002819885e+01 -4.920604682002819885e+01 -4.870604682002819885e+01 -4.820604682002819885e+01 -4.770604682002819885e+01 -4.720604682002819885e+01 -4.670604682002819885e+01 -4.620604682002819885e+01 -4.570604682002819885e+01 -4.520604682002819885e+01
