1.219256166925009310e+01 1.219256166925009310e+01 1.219256166925009310e+01 1.219256166925009310e+01 1.219256166925009310e+01 1.219256166925009310e+01 1.219256166925009310e+01 1.219256166925009310e+01 1.219256166925009310e+01 1.219256166925009310e+01 1.219256166925009310e+01
1.219467720921699971e+01 1.219467720921699971e+01 1.219467720921699971e+01 1.219467720921699971e+01 1.219467720921699971e+01 1.219467720921699971e+01 1.219467720921699971e+01 1.219467720921699971e+01 1.219467720921699971e+01 1.219467720921699971e+01 1.219467720921699971e+01
1.219647478466517221e+01 1.219647478466517221e+01 1.219647478466517221e+01 1.219647478466517221e+01 1.219647478466517221e+01 1.219647478466517221e+01 1.219647478466517221e+01 1.219647478466517221e+01 1.219647478466517221e+01 1.219647478466517221e+01 1.219647478466517221e+01
1.219799783122345360e+01 1.219799783122345360e+01 1.219799783122345360e+01 1.219799783122345360e+01 1.219799783122345360e+01 1.219799783122345360e+01 1.219799783122345360e+01 1.219799783122345360e+01 1.219799783122345360e+01 1.219799783122345360e+01 1.219799783122345360e+01
1.219928417320766201e+01 1.219928417320766201e+01 1.219928417320766201e+01 1.219928417320766201e+01 1.219928417320766201e+01 1.219928417320766201e+01 1.219928417320766201e+01 1.219928417320766201e+01 1.219928417320766201e+01 1.219928417320766201e+01 1.219928417320766201e+01
1.220036675812742288e+01 1.220036675812742288e+01 1.220036675812742288e+01 1.220036675812742288e+01 1.220036675812742288e+01 1.220036675812742288e+01 1.220036675812742288e+01 1.220036675812742288e+01 1.220036675812742288e+01 1.220036675812742288e+01 1.220036675812742288e+01
1.220127430122592394e+01 1.220127430122592394e+01 1.220127430122592394e+01 1.220127430122592394e+01 1.220127430122592394e+01 1.220127430122592394e+01 1.220127430122592394e+01 1.220127430122592394e+01 1.220127430122592394e+01 1.220127430122592394e+01 1.220127430122592394e+01
1.220203184920998396e+01 1.220203184920998396e+01 1.220203184920998396e+01 1.220203184920998396e+01 1.220203184920998396e+01 1.220203184920998396e+01 1.220203184920998396e+01 1.220203184920998396e+01 1.220203184920998396e+01 1.220203184920998396e+01 1.220203184920998396e+01
1.220266126409092777e+01 1.220266126409092777e+01 1.220266126409092777e+01 1.220266126409092777e+01 1.220266126409092777e+01 1.220266126409092777e+01 1.220266126409092777e+01 1.220266126409092777e+01 1.220266126409092777e+01 1.220266126409092777e+01 1.220266126409092777e+01
1.220318163126360744e+01 1.220318163126360744e+01 1.220318163126360744e+01 1.220318163126360744e+01 1.220318163126360744e+01 1.220318163126360744e+01 1.220318163126360744e+01 1.220318163126360744e+01 1.220318163126360744e+01 1.220318163126360744e+01 1.220318163126360744e+01
1.220360960093422875e+01 1.220360960093422875e+01 1.220360960093422875e+01 1.220360960093422875e+01 1.220360960093422875e+01 1.220360960093422875e+01 1.220360960093422875e+01 1.220360960093422875e+01 1.220360960093422875e+01 1.220360960093422875e+01 1.220360960093422698e+01
