6.820055151383346725e+00 6.809272586306184039e+00 6.781531883231731506e+00 6.720019187610020595e+00 6.605077651508644010e+00 6.421700385102752762e+00 6.163013799339395860e+00 5.829981216150892820e+00 5.431617299045068847e+00 4.984384075604287645e+00 4.507477870414716037e+00
6.820007943724468724e+00 6.809241666395268844e+00 6.781514572005027830e+00 6.720010806020642491e+00 6.605073991088172392e+00 6.421698876668845202e+00 6.163013210100129591e+00 5.829981003561361952e+00 5.431617229619018161e+00 4.984384054738620229e+00 4.507477864310350135e+00
6.819944916482265640e+00 6.809200117427823606e+00 6.781491289185565208e+00 6.719999540997594778e+00 6.605069081087950877e+00 6.421696861352025110e+00 6.163012428649260244e+00 5.829980725274452880e+00 5.431617140666522126e+00 4.984384028796603694e+00 4.507477856954785089e+00
6.819860956428406062e+00 6.809144319794229183e+00 6.781459978963138013e+00 6.719984399568038391e+00 6.605062492622857384e+00 6.421694166469348097e+00 6.163011390453151606e+00 5.829980359848882188e+00 5.431617026158552797e+00 4.984383996365997938e+00 4.507477848052895197e+00
6.819749399484945407e+00 6.809069443904346208e+00 6.781417880210652172e+00 6.719964046800430246e+00 6.605053649247798475e+00 6.421690560125448144e+00 6.163010009002271694e+00 5.829979878642829405e+00 5.431616878099364776e+00 4.984383955601553673e+00 4.507477837229552975e+00
6.819601607794539611e+00 6.808969062816700557e+00 6.781361286419413048e+00 6.719936688178688833e+00 6.605041776146251209e+00 6.421685730848888163e+00 6.163008168277281484e+00 5.829979243361626651e+00 5.431616685866180738e+00 4.984383904084300987e+00 4.507477824005508893e+00
6.819406443294546705e+00 6.808834652885875194e+00 6.781285225538455030e+00 6.719899911661546099e+00 6.605025831828649885e+00 6.421679260217657337e+00 6.163005712624502586e+00 5.829978402764702139e+00 5.431616435324017722e+00 4.984383838633692498e+00 4.507477807765523536e+00
6.819149625470545928e+00 6.808654953553913813e+00 6.781183033511531733e+00 6.719850475638852849e+00 6.605004416319708582e+00 6.421670586058543684e+00 6.163002433148635717e+00 5.829977288242634614e+00 5.431616107638558510e+00 4.984383755056541077e+00 4.507477787716132944e+00
6.818812945053037033e+00 6.808415163209303067e+00 6.781045789292914350e+00 6.719784024570186531e+00 6.604975647776247349e+00 6.421658952978155810e+00 6.162998049424087021e+00 5.829975807875715788e+00 5.431615677683483412e+00 4.984383647811239548e+00 4.507477762829613432e+00
6.818373323529877794e+00 6.808095937886763593e+00 6.780861568275525997e+00 6.719694707779281018e+00 6.604936996687459150e+00 6.421643345863698116e+00 6.162992184912787330e+00 5.829973838451505408e+00 5.431615111903016491e+00 4.984383509558301562e+00 4.507477731769472307e+00
6.817801654336766326e+00 6.807672175273784099e+00 6.780614465935673962e+00 6.719574669565027136e+00 6.604885063204953610e+00 6.421622400507523309e+00 6.162984333924002023e+00 5.829971214739359198e+00 5.431614365442598569e+00 4.984383330558410208e+00 4.507477692791249879e+00
