1.332185980912312218e+01 1.332185980912312395e+01 1.332185980912312750e+01 1.332185980912314172e+01 1.332185980912318435e+01 1.332185980912332113e+01 1.332185980912375101e+01 1.332185980912510992e+01 1.332185980912940870e+01 1.332185980914299961e+01 1.332185980918598034e+01
1.327404465991235583e+01 1.327404465991235760e+01 1.327404465991236115e+01 1.327404465991237359e+01 1.327404465991241089e+01 1.327404465991252991e+01 1.327404465991290650e+01 1.327404465991409843e+01 1.327404465991786786e+01 1.327404465992978722e+01 1.327404465996747973e+01
1.322140577272023343e+01 1.322140577272023521e+01 1.322140577272023698e+01 1.322140577272024764e+01 1.322140577272028139e+01 1.322140577272038620e+01 1.322140577272071837e+01 1.322140577272176998e+01 1.322140577272509177e+01 1.322140577273559892e+01 1.322140577276882212e+01
1.316368918821414802e+01 1.316368918821414979e+01 1.316368918821415157e+01 1.316368918821416045e+01 1.316368918821419065e+01 1.316368918821428302e+01 1.316368918821457790e+01 1.316368918821551048e+01 1.316368918821845568e+01 1.316368918822777090e+01 1.316368918825723178e+01
1.310067911254203388e+01 1.310067911254203388e+01 1.310067911254203743e+01 1.310067911254204454e+01 1.310067911254207118e+01 1.310067911254215467e+01 1.310067911254241757e+01 1.310067911254324891e+01 1.310067911254587791e+01 1.310067911255419482e+01 1.310067911258049023e+01
1.303221007779186458e+01 1.303221007779186458e+01 1.303221007779186813e+01 1.303221007779187524e+01 1.303221007779189833e+01 1.303221007779197294e+01 1.303221007779220919e+01 1.303221007779295704e+01 1.303221007779532314e+01 1.303221007780279983e+01 1.303221007782644669e+01
1.295817908542195340e+01 1.295817908542195340e+01 1.295817908542195518e+01 1.295817908542196228e+01 1.295817908542198360e+01 1.295817908542205110e+01 1.295817908542226604e+01 1.295817908542294283e+01 1.295817908542508690e+01 1.295817908543186547e+01 1.295817908545329722e+01
1.287855672270125496e+01 1.287855672270125496e+01 1.287855672270125673e+01 1.287855672270126384e+01 1.287855672270128338e+01 1.287855672270134377e+01 1.287855672270154095e+01 1.287855672270216090e+01 1.287855672270411844e+01 1.287855672271031438e+01 1.287855672272990581e+01
1.279339595781618577e+01 1.279339595781618577e+01 1.279339595781618755e+01 1.279339595781619288e+01 1.279339595781621064e+01 1.279339595781626926e+01 1.279339595781644867e+01 1.279339595781702066e+01 1.279339595781882721e+01 1.279339595782453820e+01 1.279339595784260197e+01
1.270283735025873462e+01 1.270283735025873462e+01 1.270283735025873639e+01 1.270283735025874172e+01 1.270283735025875771e+01 1.270283735025881100e+01 1.270283735025897975e+01 1.270283735025951088e+01 1.270283735026119132e+01 1.270283735026650440e+01 1.270283735028330518e+01
1.260710936500308677e+01 1.260710936500308677e+01 1.260710936500308854e+01 1.260710936500309387e+01 1.260710936500310808e+01 1.260710936500315782e+01 1.260710936500331592e+01 1.260710936500381507e+01 1.260710936500539070e+01 1.260710936501037693e+01 1.260710936502614032e+01
