7.916956585209629083e+00 7.916956585210035868e+00 7.916956585211322839e+00 7.916956585215392472e+00 7.916956585228260401e+00 7.916956585268952296e+00 7.916956585397632473e+00 7.916956585804554969e+00 7.916956587091358521e+00 7.916956591160586143e+00 7.916956604028614564e+00
7.805421846440902200e+00 7.805421846441298328e+00 7.805421846442550660e+00 7.805421846446511935e+00 7.805421846459038804e+00 7.805421846498650673e+00 7.805421846623914917e+00 7.805421847020033610e+00 7.805421848272673380e+00 7.805421852233867419e+00 7.805421864760261563e+00
7.690610089257796211e+00 7.690610089258183457e+00 7.690610089259408255e+00 7.690610089263282489e+00 7.690610089275534023e+00 7.690610089314274589e+00 7.690610089436785479e+00 7.690610089824197360e+00 7.690610091049302710e+00 7.690610094923423290e+00 7.690610107174470578e+00
7.573003696124041006e+00 7.573003696124421147e+00 7.573003696125624629e+00 7.573003696129429585e+00 7.573003696141460850e+00 7.573003696179508637e+00 7.573003696299824838e+00 7.573003696680299157e+00 7.573003697883464724e+00 7.573003701688207912e+00 7.573003713719860919e+00
7.453060979107275941e+00 7.453060979107651640e+00 7.453060979108837358e+00 7.453060979112587248e+00 7.453060979124446206e+00 7.453060979161945987e+00 7.453060979280532017e+00 7.453060979655535156e+00 7.453060980841399008e+00 7.453060984591427740e+00 7.453060996450060038e+00
7.331201125237677196e+00 7.331201125238048455e+00 7.331201125239220850e+00 7.331201125242928107e+00 7.331201125254651174e+00 7.331201125291723741e+00 7.331201125408957964e+00 7.331201125779683636e+00 7.331201126952021419e+00 7.331201130659280807e+00 7.331201142382663072e+00
7.207794607614752103e+00 7.207794607615119808e+00 7.207794607616281546e+00 7.207794607619955940e+00 7.207794607631574202e+00 7.207794607668314590e+00 7.207794607784498986e+00 7.207794608151905535e+00 7.207794609313745937e+00 7.207794612987806993e+00 7.207794624606209233e+00
7.083159002507032120e+00 7.083159002507396274e+00 7.083159002508550017e+00 7.083159002512198654e+00 7.083159002523736092e+00 7.083159002560220685e+00 7.083159002675593285e+00 7.083159003040435664e+00 7.083159004194167885e+00 7.083159007842589894e+00 7.083159019379914767e+00
6.957559367846700482e+00 6.957559367847063747e+00 6.957559367848211274e+00 6.957559367851839482e+00 6.957559367863314748e+00 6.957559367899601277e+00 6.957559368014349488e+00 6.957559368377216558e+00 6.957559369524702220e+00 6.957559373153370252e+00 6.957559384628226873e+00
6.831211914446877920e+00 6.831211914447239408e+00 6.831211914448382494e+00 6.831211914451995604e+00 6.831211914463422907e+00 6.831211914499556670e+00 6.831211914613823488e+00 6.831211914975168220e+00 6.831211916117837291e+00 6.831211919731273952e+00 6.831211931157966433e+00
6.704289637409583946e+00 6.704289637409943658e+00 6.704289637411083191e+00 6.704289637414684755e+00 6.704289637426073867e+00 6.704289637462090390e+00 6.704289637575984173e+00 6.704289637936147628e+00 6.704289639075085461e+00 6.704289642676724448e+00 6.704289654066105442e+00
