4.541279852323188315e+00 4.541279852323188315e+00 4.541279852323188315e+00 4.541279852323188315e+00 4.541279852323188315e+00 4.541279852323188315e+00 4.541279852323188315e+00 4.541279852323188315e+00 4.541279852323188315e+00 4.541279852323188315e+00 4.541279852323188315e+00
4.680744577011214602e+00 4.680744577011214602e+00 4.680744577011214602e+00 4.680744577011214602e+00 4.680744577011214602e+00 4.680744577011214602e+00 4.680744577011214602e+00 4.680744577011214602e+00 4.680744577011214602e+00 4.680744577011214602e+00 4.680744577011214602e+00
4.820073532787827908e+00 4.820073532787827908e+00 4.820073532787827908e+00 4.820073532787827908e+00 4.820073532787827908e+00 4.820073532787827908e+00 4.820073532787827908e+00 4.820073532787827908e+00 4.820073532787827908e+00 4.820073532787827908e+00 4.820073532787827908e+00
4.959208936202637474e+00 4.959208936202637474e+00 4.959208936202637474e+00 4.959208936202637474e+00 4.959208936202637474e+00 4.959208936202637474e+00 4.959208936202637474e+00 4.959208936202637474e+00 4.959208936202637474e+00 4.959208936202637474e+00 4.959208936202637474e+00
5.098073466908550344e+00 5.098073466908550344e+00 5.098073466908550344e+00 5.098073466908550344e+00 5.098073466908550344e+00 5.098073466908550344e+00 5.098073466908550344e+00 5.098073466908550344e+00 5.098073466908550344e+00 5.098073466908550344e+00 5.098073466908550344e+00
5.236563871480854004e+00 5.236563871480854004e+00 5.236563871480854004e+00 5.236563871480854004e+00 5.236563871480854004e+00 5.236563871480854004e+00 5.236563871480854004e+00 5.236563871480854004e+00 5.236563871480854004e+00 5.236563871480854004e+00 5.236563871480854004e+00
5.374543049828810481e+00 5.374543049828810481e+00 5.374543049828810481e+00 5.374543049828810481e+00 5.374543049828810481e+00 5.374543049828810481e+00 5.374543049828810481e+00 5.374543049828810481e+00 5.374543049828810481e+00 5.374543049828810481e+00 5.374543049828810481e+00
5.511830660711285468e+00 5.511830660711285468e+00 5.511830660711285468e+00 5.511830660711285468e+00 5.511830660711285468e+00 5.511830660711285468e+00 5.511830660711285468e+00 5.511830660711285468e+00 5.511830660711285468e+00 5.511830660711285468e+00 5.511830660711285468e+00
5.648192611664863527e+00 5.648192611664863527e+00 5.648192611664863527e+00 5.648192611664863527e+00 5.648192611664863527e+00 5.648192611664863527e+00 5.648192611664863527e+00 5.648192611664863527e+00 5.648192611664863527e+00 5.648192611664863527e+00 5.648192611664863527e+00
5.783330306340594973e+00 5.783330306340594973e+00 5.783330306340594973e+00 5.783330306340594973e+00 5.783330306340594973e+00 5.783330306340594973e+00 5.783330306340594973e+00 5.783330306340594973e+00 5.783330306340594973e+00 5.783330306340594973e+00 5.783330306340594973e+00
5.916871176603838656e+00 5.916871176603838656e+00 5.916871176603838656e+00 5.916871176603838656e+00 5.916871176603838656e+00 5.916871176603838656e+00 5.916871176603838656e+00 5.916871176603838656e+00 5.916871176603838656e+00 5.916871176603838656e+00 5.916871176603838656e+00
