9.976536980712193525e+00 9.918004990195392168e+00 9.837003686374451661e+00 9.727399969986402439e+00 9.581658944875746542e+00 9.391057790533563931e+00 9.146749876191963224e+00 8.842088513942359285e+00 8.475971602255555126e+00 8.055576740050666373e+00 7.595548811257742727e+00
9.976529474010913390e+00 9.917999729698555811e+00 9.836999809615717183e+00 9.727397000412475236e+00 9.581656625020027462e+00 9.391055988094358042e+00 9.146748525206968239e+00 8.842087571586560557e+00 8.475971014839604578e+00 8.055576425275935648e+00 7.595548669248031182e+00
9.976519831466912791e+00 9.917993088990822770e+00 9.836995004939286247e+00 9.727393383716105291e+00 9.581653841584357068e+00 9.391053850740830100e+00 9.146746936834297514e+00 8.842086470051990332e+00 8.475970330716304346e+00 8.055576059469936823e+00 7.595548504407225288e+00
9.976507388963399947e+00 9.917984661412436509e+00 9.836989017665409563e+00 9.727388956929550190e+00 9.581650488426644685e+00 9.391051308754867932e+00 9.146745065701052724e+00 8.842085180922355292e+00 8.475969533442190951e+00 8.055575634220181414e+00 7.595548313036696086e+00
9.976491265037580547e+00 9.917973911159887024e+00 9.836981515723485003e+00 9.727383510498828656e+00 9.581646431380907103e+00 9.391048275686234348e+00 9.146742856614691775e+00 8.842083670210149293e+00 8.475968603603105223e+00 8.055575139680055230e+00 7.595548090829028709e+00
9.976470287886385790e+00 9.917960130545599995e+00 9.836972064636411162e+00 9.727376773755191053e+00 9.581641499963646780e+00 9.391044643749927090e+00 9.146740242107286534e+00 8.842081897110608324e+00 8.475967518220873131e+00 8.055574564308525254e+00 7.595547832764550478e+00
9.976442897589429037e+00 9.917942382825021497e+00 9.836960094150786205e+00 9.727368395623356534e+00 9.581635476439409160e+00 9.391040277822863658e+00 9.146737139281521323e+00 8.842079812433798480e+00 8.475966250024269399e+00 8.055573894557477743e+00 7.595547532989178841e+00
9.976407015127380262e+00 9.917919425679206924e+00 9.836944853680048340e+00 9.727357918964651518e+00 9.581628081370293870e+00 9.391035007586737038e+00 9.146733445741425328e+00 8.842077356621047102e+00 8.475964766548361951e+00 8.055573114494626097e+00 7.595547184669860563e+00
9.976359866939489507e+00 9.917889608770421361e+00 9.836925352761955565e+00 9.727344746408327580e+00 9.581618954478219763e+00 9.391028617212533902e+00 9.146729034319749374e+00 8.842074457222354411e+00 8.475963029015899153e+00 8.055572205346694048e+00 7.595546779823028061e+00
9.976297750003862319e+00 9.917850736556095725e+00 9.836900281437809923e+00 9.727328094793623592e+00 9.581607629252090419e+00 9.391020831779400169e+00 9.146723746219056039e+00 8.842071025672071372e+00 8.475960990940277995e+00 8.055571144943385775e+00 7.595546309110407179e+00
9.976215717458540411e+00 9.917799884569102886e+00 9.836867903728382601e+00 9.727306934365458346e+00 9.581593499200010910e+00 9.391011299348900110e+00 9.146717382056673173e+00 8.842066953147744712e+00 8.475958596371285125e+00 8.055569907037282817e+00 7.595545761595171363e+00
