9.246350100190904087e+00 9.246350199414536064e+00 9.246350513186335718e+00 9.246351505411171345e+00 9.246354643014434771e+00 9.246364564114813334e+00 9.246395928646972351e+00 9.246495023997372442e+00 9.246807492398071204e+00 9.247786046137889571e+00 9.250768598594124370e+00
9.182504085610933231e+00 9.182504177122554623e+00 9.182504466507099394e+00 9.182505381615293061e+00 9.182508275380566687e+00 9.182517425660261523e+00 9.182546355277199979e+00 9.182637777289352599e+00 9.182926252177198378e+00 9.183831841787673866e+00 9.186617987823845866e+00
9.113129288479925094e+00 9.113129373074288608e+00 9.113129640584723745e+00 9.113130486522674545e+00 9.113133161570154073e+00 9.113141620380725172e+00 9.113168365157180872e+00 9.113252895996952319e+00 9.113519762199196350e+00 9.114358977072974710e+00 9.116958380244687632e+00
9.038140078134810906e+00 9.038140156621404131e+00 9.038140404817495366e+00 9.038141189679327780e+00 9.038143671599176088e+00 9.038151519806799428e+00 9.038176334892302322e+00 9.038254775650145234e+00 9.038502507377735640e+00 9.039282537615122237e+00 9.041710437587942906e+00
8.957526314683624591e+00 8.957526387850878180e+00 8.957526619225820497e+00 8.957527350895333029e+00 8.957529664614503062e+00 8.957536981007001131e+00 8.957560115168442749e+00 8.957633248664004455e+00 8.957864281982688581e+00 8.958592408441054644e+00 8.960866812938123260e+00
8.871361640233708101e+00 8.871361708825514114e+00 8.871361925731678255e+00 8.871362611647461094e+00 8.871364780686288753e+00 8.871371639615926341e+00 8.871393327719534483e+00 8.871461894083163102e+00 8.871678543073208800e+00 8.872361800825993683e+00 8.874501598229157295e+00
8.779807860718062074e+00 8.779807925419445880e+00 8.779808130023051049e+00 8.779808777035123413e+00 8.779810823053544766e+00 8.779817292997808664e+00 8.779837751415534797e+00 8.779902433134370909e+00 8.780106838209674081e+00 8.780751805739978266e+00 8.782775542681735104e+00
8.683114187947037266e+00 8.683114249376410854e+00 8.683114443633042967e+00 8.683115057925384406e+00 8.683117000477684755e+00 8.683123143260944587e+00 8.683142567381146648e+00 8.683203981144725248e+00 8.683398080367283001e+00 8.684010757607987685e+00 8.685935882799052266e+00
8.581610540766261508e+00 8.581610599472309531e+00 8.581610785117048223e+00 8.581611372176389807e+00 8.581613228612336997e+00 8.581619099091325253e+00 8.581637662305718450e+00 8.581696355616367455e+00 8.581881872068649386e+00 8.582467619920576496e+00 8.584310047760984830e+00
8.475694819128340995e+00 8.475694875590097155e+00 8.475695054137775131e+00 8.475695618754377492e+00 8.475697404221557818e+00 8.475703050291590657e+00 8.475720904002743694e+00 8.475777355076687058e+00 8.475955795292488659e+00 8.476519317155396749e+00 8.478293207736957271e+00
8.365814974509282465e+00 8.365815029138421011e+00 8.365815201890866248e+00 8.365815748181431033e+00 8.365817475697600258e+00 8.365822938520553365e+00 8.365840212854786628e+00 8.365894832795648384e+00 8.366067492804781125e+00 8.366612844799645288e+00 8.368330529753606584e+00
