1.049629905422735199e+01 1.049629905422735199e+01 1.049629905422735199e+01 1.049629905422735199e+01 1.049629905422735199e+01 1.049629905422735199e+01 1.049629905422735376e+01 1.049629905422735554e+01 1.049629905422736620e+01 1.049629905422739995e+01 1.049629905422750831e+01
1.057348610870164585e+01 1.057348610870164585e+01 1.057348610870164585e+01 1.057348610870164585e+01 1.057348610870164762e+01 1.057348610870164762e+01 1.057348610870164762e+01 1.057348610870165295e+01 1.057348610870166361e+01 1.057348610870170091e+01 1.057348610870181993e+01
1.064414619293717479e+01 1.064414619293717479e+01 1.064414619293717479e+01 1.064414619293717479e+01 1.064414619293717656e+01 1.064414619293717656e+01 1.064414619293717834e+01 1.064414619293718189e+01 1.064414619293719433e+01 1.064414619293723696e+01 1.064414619293737019e+01
1.070846607360218705e+01 1.070846607360218705e+01 1.070846607360218705e+01 1.070846607360218705e+01 1.070846607360218883e+01 1.070846607360218883e+01 1.070846607360219060e+01 1.070846607360219416e+01 1.070846607360221014e+01 1.070846607360225633e+01 1.070846607360240554e+01
1.076670827040010714e+01 1.076670827040010714e+01 1.076670827040010714e+01 1.076670827040010714e+01 1.076670827040010714e+01 1.076670827040010892e+01 1.076670827040010892e+01 1.076670827040011424e+01 1.076670827040013201e+01 1.076670827040018530e+01 1.076670827040035405e+01
1.081919235352048858e+01 1.081919235352048858e+01 1.081919235352048858e+01 1.081919235352048858e+01 1.081919235352048858e+01 1.081919235352048858e+01 1.081919235352049036e+01 1.081919235352049746e+01 1.081919235352051700e+01 1.081919235352057740e+01 1.081919235352076925e+01
1.086627723059448769e+01 1.086627723059448769e+01 1.086627723059448769e+01 1.086627723059448769e+01 1.086627723059448769e+01 1.086627723059448769e+01 1.086627723059449124e+01 1.086627723059449835e+01 1.086627723059451966e+01 1.086627723059458894e+01 1.086627723059480743e+01
1.090834535921839787e+01 1.090834535921839787e+01 1.090834535921839787e+01 1.090834535921839787e+01 1.090834535921839787e+01 1.090834535921839787e+01 1.090834535921840143e+01 1.090834535921840853e+01 1.090834535921843340e+01 1.090834535921851334e+01 1.090834535921876380e+01
1.094578936363708088e+01 1.094578936363708266e+01 1.094578936363708266e+01 1.094578936363708266e+01 1.094578936363708266e+01 1.094578936363708266e+01 1.094578936363708621e+01 1.094578936363709509e+01 1.094578936363712351e+01 1.094578936363721411e+01 1.094578936363750010e+01
1.097900118719268825e+01 1.097900118719268825e+01 1.097900118719268825e+01 1.097900118719268825e+01 1.097900118719268825e+01 1.097900118719269003e+01 1.097900118719269358e+01 1.097900118719270424e+01 1.097900118719273621e+01 1.097900118719283924e+01 1.097900118719316431e+01
1.100836367734454768e+01 1.100836367734454768e+01 1.100836367734454768e+01 1.100836367734454768e+01 1.100836367734454946e+01 1.100836367734454946e+01 1.100836367734455301e+01 1.100836367734456545e+01 1.100836367734460275e+01 1.100836367734471821e+01 1.100836367734508769e+01
