3.339212751831099890e+00 3.150255963697029760e+00 2.806662377503989170e+00 2.356915801537195154e+00 1.866236841603885477e+00 1.367370751359682890e+00 8.674880372150211016e-01 3.674998114747753397e-01 -1.324990106187333982e-01 -6.324988928189230197e-01 -1.132498881037476313e+00
3.339749681099702272e+00 3.150570791388322966e+00 2.806787895833522395e+00 2.356944396147469867e+00 1.866240701335245555e+00 1.367371159990767637e+00 8.674880782421128256e-01 3.674998155416858148e-01 -1.324990102242668832e-01 -6.324988927833511410e-01 -1.132498881035144400e+00
3.340948204073629135e+00 3.151273089308685105e+00 2.807067593435545572e+00 2.357008030434611268e+00 1.866249283210637877e+00 1.367372068329270274e+00 8.674881694366428642e-01 3.674998245813133058e-01 -1.324990093475467978e-01 -6.324988927043139197e-01 -1.132498881029971427e+00
3.343274055346387108e+00 3.152634172646398891e+00 2.807608474050029113e+00 2.357130756209075084e+00 1.866265804831251485e+00 1.367373816155464272e+00 8.674883448983622403e-01 3.674998419729072485e-01 -1.324990076610773060e-01 -6.324988925523670202e-01 -1.132498881020058024e+00
3.347283909324450413e+00 3.154975144013549837e+00 2.808535080155054153e+00 2.357339986927992737e+00 1.866293882102794122e+00 1.367376783776964810e+00 8.674886427683730084e-01 3.674998714944473499e-01 -1.324990047992152808e-01 -6.324988922947969439e-01 -1.132498881003350943e+00
3.353542052808724971e+00 3.158614439834718457e+00 2.809966308091120357e+00 2.357660626493323974e+00 1.866336688555285672e+00 1.367381301674968963e+00 8.674890961347478946e-01 3.674999164194489021e-01 -1.324990004462573145e-01 -6.324988919037218826e-01 -1.132498880978228151e+00
3.362527838050243467e+00 3.163809239270148677e+00 2.811989497777973579e+00 2.358108583891163068e+00 1.866396040140333445e+00 1.367387552670524364e+00 8.674897231939564524e-01 3.674999785401323882e-01 -1.324989944316483093e-01 -6.324988913648268429e-01 -1.132498880944124986e+00
3.374562576688402871e+00 3.170709040891589225e+00 2.814640249532756933e+00 2.358685975174594329e+00 1.866471752946871288e+00 1.367395504527967098e+00 8.674905204937479741e-01 3.675000574973302792e-01 -1.324989867951012479e-01 -6.324988906832773594e-01 -1.132498880901935401e+00
3.389771807025051320e+00 3.179332348638735262e+00 2.817893486887613985e+00 2.359379595393389373e+00 1.866561512355802810e+00 1.367404898829591264e+00 8.674914618604181449e-01 3.675001506759898451e-01 -1.324989777962752857e-01 -6.324988898844448038e-01 -1.132498880854008405e+00
3.408083564935830978e+00 3.189567706715564555e+00 2.821666748367402722e+00 2.360162920493046101e+00 1.866661276969455274e+00 1.367415297863060486e+00 8.674925031726964386e-01 3.675002536821562749e-01 -1.324989678674922955e-01 -6.324988890093110605e-01 -1.132498880803730845e+00
3.429253360374027615e+00 3.201193435773368456e+00 2.825833022527503680e+00 2.361000709626295713e+00 1.866766043456167479e+00 1.367426169315827389e+00 8.674935909241999754e-01 3.675003611961868977e-01 -1.324989575297092770e-01 -6.324988881064789181e-01 -1.132498880754858162e+00
