1.659635589112330667e+00 1.659635589113842347e+00 1.659635589118622079e+00 1.659635589133737765e+00 1.659635589181537307e+00 1.659635589332693284e+00 1.659635589810689593e+00 1.659635591322246473e+00 1.659635596102209565e+00 1.659635611217779694e+00 1.659635659017405729e+00
2.147783182031523630e+00 2.147783182032016125e+00 2.147783182033572658e+00 2.147783182038495831e+00 2.147783182054063822e+00 2.147783182103294664e+00 2.147783182258975909e+00 2.147783182751282993e+00 2.147783184308094562e+00 2.147783189231165402e+00 2.147783204799281531e+00
2.564740768944200777e+00 2.564740768944390403e+00 2.564740768944989924e+00 2.564740768946884408e+00 2.564740768952876060e+00 2.564740768971824014e+00 2.564740769031741863e+00 2.564740769221218741e+00 2.564740769820396782e+00 2.564740771715165124e+00 2.564740777706947750e+00
2.922365521029394841e+00 2.922365521029478774e+00 2.922365521029744784e+00 2.922365521030585445e+00 2.922365521033243319e+00 2.922365521041649483e+00 2.922365521068231775e+00 2.922365521152292978e+00 2.922365521418115897e+00 2.922365522258723480e+00 2.922365524916957114e+00
3.231215903444499826e+00 3.231215903444542015e+00 3.231215903444675241e+00 3.231215903445095794e+00 3.231215903446426729e+00 3.231215903450635807e+00 3.231215903463945160e+00 3.231215903506033715e+00 3.231215903639129028e+00 3.231215904060012356e+00 3.231215905390963705e+00
3.500627094731216804e+00 3.500627094731240341e+00 3.500627094731314060e+00 3.500627094731547650e+00 3.500627094732286171e+00 3.500627094734622080e+00 3.500627094742008616e+00 3.500627094765367264e+00 3.500627094839233511e+00 3.500627095072818218e+00 3.500627095811478906e+00
3.738704300105510026e+00 3.738704300105524236e+00 3.738704300105569089e+00 3.738704300105710310e+00 3.738704300106157952e+00 3.738704300107572820e+00 3.738704300112047907e+00 3.738704300126198810e+00 3.738704300170948347e+00 3.738704300312458262e+00 3.738704300759951416e+00
3.952310672865037677e+00 3.952310672865047003e+00 3.952310672865075869e+00 3.952310672865168684e+00 3.952310672865460450e+00 3.952310672866384156e+00 3.952310672869305375e+00 3.952310672878541986e+00 3.952310672907751510e+00 3.952310673000119845e+00 3.952310673292214194e+00
4.147101220375249753e+00 4.147101220375256858e+00 4.147101220375277286e+00 4.147101220375341235e+00 4.147101220375543740e+00 4.147101220376186781e+00 4.147101220378218045e+00 4.147101220384643128e+00 4.147101220404958433e+00 4.147101220469202154e+00 4.147101220672360533e+00
4.327615833205826767e+00 4.327615833205831208e+00 4.327615833205846307e+00 4.327615833205893381e+00 4.327615833206042595e+00 4.327615833206513329e+00 4.327615833208005469e+00 4.327615833212721697e+00 4.327615833227636877e+00 4.327615833274800927e+00 4.327615833423947400e+00
4.497417009297905111e+00 4.497417009297908663e+00 4.497417009297920210e+00 4.497417009297956625e+00 4.497417009298071200e+00 4.497417009298433577e+00 4.497417009299580215e+00 4.497417009303205759e+00 4.497417009314671255e+00 4.497417009350925809e+00 4.497417009465575433e+00
