4.146013917440179775e+00 3.657084302853261359e+00 3.160908065166742720e+00 2.662159135832448786e+00 2.162559434424493165e+00 1.662686506590399738e+00 1.162726739658546338e+00 6.627394674253102025e-01 1.627434927945940191e-01 -3.372552342222447375e-01 -8.372548316646604150e-01
4.146013185188953010e+00 3.657084206281445038e+00 3.160908053673352036e+00 2.662159134407123151e+00 2.162559434207161235e+00 1.662686506545449694e+00 1.162726739646723795e+00 6.627394674218113346e-01 1.627434927935115794e-01 -3.372552342225847988e-01 -8.372548316647675515e-01
4.146012201994357937e+00 3.657084076979956411e+00 3.160908038408740683e+00 2.662159132552368135e+00 2.162559433934654773e+00 1.662686506491265259e+00 1.162726739632807149e+00 6.627394674177329303e-01 1.627434927922542240e-01 -3.372552342229792055e-01 -8.372548316648921185e-01
4.146010881571480233e+00 3.657083903752783804e+00 3.160908018103006700e+00 2.662159130129999607e+00 2.162559433591103808e+00 1.662686506425661959e+00 1.162726739616391392e+00 6.627394674129755137e-01 1.627434927907931983e-01 -3.372552342234368949e-01 -8.372548316650363365e-01
4.146009107925039849e+00 3.657083671557325832e+00 3.160907991053176769e+00 2.662159126955760069e+00 2.162559433155667676e+00 1.662686506345863569e+00 1.162726739596981584e+00 6.627394674074211789e-01 1.627434927890951122e-01 -3.372552342239680256e-01 -8.372548316652038691e-01
4.146006725115814362e+00 3.657083360180213294e+00 3.160907954974623735e+00 2.662159122783677390e+00 2.162559432600905218e+00 1.662686506248319374e+00 1.162726739573971102e+00 6.627394674009297049e-01 1.627434927871208026e-01 -3.372552342245844215e-01 -8.372548316653979361e-01
4.146003523504294463e+00 3.657082942456945318e+00 3.160907906801365019e+00 2.662159117285076704e+00 2.162559431890586747e+00 1.662686506128471020e+00 1.162726739546612098e+00 6.627394673933341140e-01 1.627434927848245838e-01 -3.372552342253000157e-01 -8.372548316656230893e-01
4.145999221261328138e+00 3.657082381878153488e+00 3.160907842417635560e+00 2.662159110020393626e+00 2.162559430976776387e+00 1.662686505980436324e+00 1.162726739513977980e+00 6.627394673844350104e-01 1.627434927821524990e-01 -3.372552342261306846e-01 -8.372548316658845469e-01
4.145993439522015045e+00 3.657081629371237153e+00 3.160907756297046234e+00 2.662159100401321865e+00 2.162559429795915200e+00 1.662686505796593606e+00 1.162726739474913673e+00 6.627394673739924746e-01 1.627434927790415431e-01 -3.372552342270953574e-01 -8.372548316661875267e-01
4.145985669005859187e+00 3.657080618973423736e+00 3.160907641017498548e+00 2.662159087639969446e+00 2.162559428263580941e+00 1.662686505567027906e+00 1.162726739427972333e+00 6.627394673617186260e-01 1.627434927754173866e-01 -3.372552342282157389e-01 -8.372548316665392454e-01
4.145975225187709334e+00 3.657079262014693466e+00 3.160907486609041417e+00 2.662159070680552464e+00 2.162559426267461227e+00 1.662686505278793136e+00 1.162726739371330087e+00 6.627394673472640774e-01 1.627434927711924051e-01 -3.372552342295171979e-01 -8.372548316669473634e-01
