8.732685562627608533e+00 8.732685562627549913e+00 8.732685562627363396e+00 8.732685562626775422e+00 8.732685562624915576e+00 8.732685562619035835e+00 8.732685562600444484e+00 8.732685562541650626e+00 8.732685562355730013e+00 8.732685561767796756e+00 8.732685559908588857e+00
8.721952273494256502e+00 8.721952273494215646e+00 8.721952273494082419e+00 8.721952273493664975e+00 8.721952273492341590e+00 8.721952273488160046e+00 8.721952273474935069e+00 8.721952273433110747e+00 8.721952273300853875e+00 8.721952272882623092e+00 8.721952271560056147e+00
8.709297068686801424e+00 8.709297068686774779e+00 8.709297068686691290e+00 8.709297068686424836e+00 8.709297068685586396e+00 8.709297068682930743e+00 8.709297068674535680e+00 8.709297068647986251e+00 8.709297068564028521e+00 8.709297068298534228e+00 8.709297067458964037e+00
8.694464889824081055e+00 8.694464889824066844e+00 8.694464889824025988e+00 8.694464889823894538e+00 8.694464889823478870e+00 8.694464889822162590e+00 8.694464889818002362e+00 8.694464889804846663e+00 8.694464889763246163e+00 8.694464889631690951e+00 8.694464889215675285e+00
8.677184477539856999e+00 8.677184477539855223e+00 8.677184477539849894e+00 8.677184477539832130e+00 8.677184477539777063e+00 8.677184477539602980e+00 8.677184477539052310e+00 8.677184477537311480e+00 8.677184477531808326e+00 8.677184477514401806e+00 8.677184477459357836e+00
8.657170014641717870e+00 8.657170014641724975e+00 8.657170014641749844e+00 8.657170014641826228e+00 8.657170014642069589e+00 8.657170014642836975e+00 8.657170014645267031e+00 8.657170014652949774e+00 8.657170014677243230e+00 8.657170014754068887e+00 8.657170014997012331e+00
8.634123166924217330e+00 8.634123166924233317e+00 8.634123166924279502e+00 8.634123166924432269e+00 8.634123166924911885e+00 8.634123166926430670e+00 8.634123166931232163e+00 8.634123166946412908e+00 8.634123166994422505e+00 8.634123167146244171e+00 8.634123167626341910e+00
8.607735604719715994e+00 8.607735604719737310e+00 8.607735604719803035e+00 8.607735604720010869e+00 8.607735604720671674e+00 8.607735604722762446e+00 8.607735604729368717e+00 8.607735604750264002e+00 8.607735604816339148e+00 8.607735605025288450e+00 8.607735605686043456e+00
8.577692137064360622e+00 8.577692137064385491e+00 8.577692137064463651e+00 8.577692137064714117e+00 8.577692137065504596e+00 8.577692137068005707e+00 8.577692137075914047e+00 8.577692137100925152e+00 8.577692137180012111e+00 8.577692137430112496e+00 8.577692138220996299e+00
8.543674634808215984e+00 8.543674634808244406e+00 8.543674634808331447e+00 8.543674634808610335e+00 8.543674634809487856e+00 8.543674634812262525e+00 8.543674634821037728e+00 8.543674634848786198e+00 8.543674634936534673e+00 8.543674635214021151e+00 8.543674636091509456e+00
8.505366946106024173e+00 8.505366946106052595e+00 8.505366946106144965e+00 8.505366946106438064e+00 8.505366946107367099e+00 8.505366946110301640e+00 8.505366946119581328e+00 8.505366946148928520e+00 8.505366946241730730e+00 8.505366946535197314e+00 8.505366947463217642e+00
