1.065890082887734636e+01 1.065894059397385085e+01 1.065906626173896932e+01 1.065946243415157646e+01 1.066069224966500606e+01 1.066425678805055632e+01 1.067328156611906920e+01 1.069215110131236735e+01 1.072161961506045991e+01 1.074971899614348381e+01 1.074929958069228775e+01
1.056626885600654475e+01 1.056630606874705514e+01 1.056642368595107939e+01 1.056679473743698594e+01 1.056795145819318904e+01 1.057135451275589944e+01 1.058018748916855500e+01 1.059940972169099105e+01 1.063160986565689470e+01 1.066757833609537798e+01 1.068157400811732849e+01
1.046857083658961329e+01 1.046860595443818909e+01 1.046871696118788542e+01 1.046906733815071711e+01 1.047016313421981870e+01 1.047342820719798873e+01 1.048209092721888780e+01 1.050158695909099649e+01 1.053612367626449142e+01 1.057914285155193035e+01 1.060668119464177828e+01
1.036614749061825158e+01 1.036618090066235354e+01 1.036628651668853784e+01 1.036662000476652246e+01 1.036766553145461600e+01 1.037081455584796608e+01 1.037933512542047509e+01 1.039907072633165619e+01 1.043566880521404983e+01 1.048506851045994104e+01 1.052524750945006993e+01
1.025940488526527439e+01 1.025943691281178438e+01 1.025953816389123219e+01 1.025985795886942498e+01 1.026086240539746086e+01 1.026391515977846680e+01 1.027232377304256161e+01 1.029229415858114649e+01 1.033077291215161075e+01 1.038603347751867290e+01 1.043801057048565184e+01
1.014879571937277092e+01 1.014882663556241127e+01 1.014892437711233342e+01 1.014923315145359162e+01 1.015020432855099308e+01 1.015317816373645066e+01 1.016150401750229015e+01 1.018172191528830872e+01 1.022197033402342115e+01 1.028270687681287754e+01 1.034574948711760101e+01
1.003479752689596438e+01 1.003482755551941707e+01 1.003492249384090584e+01 1.003522245866601992e+01 1.003616690936826572e+01 1.003907668854996338e+01 1.004734596325585372e+01 1.006783262755155661e+01 1.010978735274937179e+01 1.017572495938513910e+01 1.024922810150446040e+01
9.917890260098392474e+00 9.917919583779946535e+00 9.918012295410809642e+00 9.918305258329631613e+00 9.919228382092281748e+00 9.922086564192795777e+00 9.930321230377975539e+00 9.951099958604890716e+00 9.994727105152840352e+00 1.006567348765631031e+01 1.014915442833646786e+01
9.798535802377443815e+00 9.798564568243833151e+00 9.798655517752962396e+00 9.798942936933705994e+00 9.799849120225037069e+00 9.802665934855575358e+00 9.810883201752371718e+00 9.831974894206764404e+00 9.877255929409981761e+00 9.953075714564274534e+00 1.004615572757015762e+01
9.677161503829122324e+00 9.677189828720749176e+00 9.677279385099888387e+00 9.677562419650881154e+00 9.678455167534936621e+00 9.681238842591652016e+00 9.689451100898065050e+00 9.710871429152893697e+00 9.757792833059134807e+00 9.838385669015531576e+00 9.940766765488803003e+00
9.554148966862550552e+00 9.554176942090839120e+00 9.554265393739918011e+00 9.554544950126837577e+00 9.555427013963081251e+00 9.558184026208421002e+00 9.566399156660267522e+00 9.588156945000555709e+00 9.636703118170638405e+00 9.721986375310336825e+00 9.833428134053471936e+00
