8.638961840485741561e+00 8.544102748109416723e+00 8.329108251443798849e+00 7.995992399587422916e+00 7.575217416371282653e+00 7.106124659054793291e+00 6.616673017804695967e+00 6.120067968820587900e+00 5.621144015543511507e+00 5.121484299155518727e+00 4.621591896409781519e+00
8.708731015624973537e+00 8.589048683258905470e+00 8.351840118705545990e+00 8.004364934643758644e+00 7.577342276194396931e+00 7.106491793178422611e+00 6.616716834354767762e+00 6.120070910804362718e+00 5.621143651469634683e+00 5.121484046314609628e+00 4.621591802394905635e+00
8.771479708644278617e+00 8.627508366545306728e+00 8.370224218126619320e+00 8.010799676684550619e+00 7.578916253305705730e+00 7.106757214181684823e+00 6.616747543249340779e+00 6.120072658150616185e+00 5.621143261151088311e+00 5.121483822590570334e+00 4.621591721407441788e+00
8.826622984821554496e+00 8.659611557918097446e+00 8.384781201207502477e+00 8.015676568477543285e+00 7.580073601340370892e+00 7.106948213815836191e+00 6.616768868403032577e+00 6.120073594115450710e+00 5.621142870353280863e+00 5.121483625964549091e+00 4.621591651771083775e+00
8.873895360456403480e+00 8.685767335470194084e+00 8.396093011933267292e+00 8.019330237614104462e+00 7.580919454239260169e+00 7.107085035753052615e+00 6.616783508575639239e+00 6.120073989500921741e+00 5.621142495099129555e+00 5.121483454092251364e+00 4.621591591987911585e+00
8.913407100853243392e+00 8.706602799019727001e+00 8.404742772040407317e+00 8.022041906066613492e+00 7.581534527617652230e+00 7.107182587585657352e+00 6.616793412191816159e+00 6.120074034190117196e+00 5.621142144702874432e+00 5.121483304520331181e+00 4.621591540730959125e+00
8.945629920511112942e+00 8.722871122424731283e+00 8.411269400926190798e+00 8.024039348322562049e+00 7.581979844691944415e+00 7.107251784839884401e+00 6.616799980795260439e+00 6.120073860096762353e+00 5.621141823932743975e+00 5.121483174826009233e+00 4.621591496832798462e+00
8.971316917712492511e+00 8.735358662705491994e+00 8.416141336943475437e+00 8.025501848312945441e+00 7.582301001238142213e+00 7.107300583353118206e+00 6.616804218768074897e+00 6.120073557806025022e+00 5.621141534541348683e+00 5.121483062702975708e+00 4.621591459272073266e+00
8.991385204494008576e+00 8.744809941917122131e+00 8.419747181939895242e+00 8.026567472287773342e+00 7.582531761424571748e+00 7.107334759745681296e+00 6.616806842986511228e+00 6.120073188598436076e+00 5.621141276339477244e+00 5.121482966010245441e+00 4.621591427159268406e+00
9.006797210620893779e+00 8.751882683368020110e+00 8.422398103863457663e+00 8.027340802153728916e+00 7.582696957168141516e+00 7.107358494584917530e+00 6.616808362826639645e+00 6.120072793107090625e+00 5.621141047941841329e+00 5.121482882795909575e+00 4.621591399722579041e+00
9.018467396450660090e+00 8.757128443929655504e+00 8.424336722743284156e+00 8.027900078834957043e+00 7.582814754954680048e+00 7.107374804360225617e+00 6.616809138350670416e+00 6.120072397527691166e+00 5.621140847278434549e+00 5.121482811304286287e+00 4.621591376294388098e+00
