1.370759434312607894e+01 1.370759434312607894e+01 1.370759434312607894e+01 1.370759434312607894e+01 1.370759434312607894e+01 1.370759434312607894e+01 1.370759434312607894e+01 1.370759434312607894e+01 1.370759434312607894e+01 1.370759434312607894e+01 1.370759434312607894e+01
1.370759062744093981e+01 1.370759062744093981e+01 1.370759062744093981e+01 1.370759062744093981e+01 1.370759062744093981e+01 1.370759062744093981e+01 1.370759062744093981e+01 1.370759062744093981e+01 1.370759062744093981e+01 1.370759062744093981e+01 1.370759062744093981e+01
1.370758592203523385e+01 1.370758592203523385e+01 1.370758592203523385e+01 1.370758592203523385e+01 1.370758592203523385e+01 1.370758592203523385e+01 1.370758592203523385e+01 1.370758592203523385e+01 1.370758592203523385e+01 1.370758592203523385e+01 1.370758592203523385e+01
1.370757997978476084e+01 1.370757997978476084e+01 1.370757997978476084e+01 1.370757997978476084e+01 1.370757997978476084e+01 1.370757997978476084e+01 1.370757997978476084e+01 1.370757997978476084e+01 1.370757997978476084e+01 1.370757997978476084e+01 1.370757997978476084e+01
1.370757249807478928e+01 1.370757249807478928e+01 1.370757249807478928e+01 1.370757249807478928e+01 1.370757249807478928e+01 1.370757249807478928e+01 1.370757249807478928e+01 1.370757249807478928e+01 1.370757249807478928e+01 1.370757249807478928e+01 1.370757249807478928e+01
1.370756310848999071e+01 1.370756310848999071e+01 1.370756310848999071e+01 1.370756310848999071e+01 1.370756310848999071e+01 1.370756310848999071e+01 1.370756310848999071e+01 1.370756310848999071e+01 1.370756310848999071e+01 1.370756310848999071e+01 1.370756310848999071e+01
1.370755136525160900e+01 1.370755136525160900e+01 1.370755136525160900e+01 1.370755136525160900e+01 1.370755136525160900e+01 1.370755136525160900e+01 1.370755136525160900e+01 1.370755136525160900e+01 1.370755136525160900e+01 1.370755136525160900e+01 1.370755136525160900e+01
1.370753673241565629e+01 1.370753673241565629e+01 1.370753673241565629e+01 1.370753673241565629e+01 1.370753673241565629e+01 1.370753673241565629e+01 1.370753673241565629e+01 1.370753673241565629e+01 1.370753673241565629e+01 1.370753673241565629e+01 1.370753673241565629e+01
1.370751856987160622e+01 1.370751856987160622e+01 1.370751856987160622e+01 1.370751856987160622e+01 1.370751856987160622e+01 1.370751856987160622e+01 1.370751856987160622e+01 1.370751856987160622e+01 1.370751856987160622e+01 1.370751856987160622e+01 1.370751856987160622e+01
1.370749611818824043e+01 1.370749611818824043e+01 1.370749611818824043e+01 1.370749611818824043e+01 1.370749611818824043e+01 1.370749611818824043e+01 1.370749611818824043e+01 1.370749611818824043e+01 1.370749611818824043e+01 1.370749611818824043e+01 1.370749611818824043e+01
1.370746848233276438e+01 1.370746848233276438e+01 1.370746848233276438e+01 1.370746848233276438e+01 1.370746848233276438e+01 1.370746848233276438e+01 1.370746848233276438e+01 1.370746848233276438e+01 1.370746848233276438e+01 1.370746848233276438e+01 1.370746848233276438e+01
