8.645727167305302885e+00 8.645727167305294003e+00 8.645727167305263805e+00 8.645727167305171434e+00 8.645727167304876559e+00 8.645727167303943972e+00 8.645727167300995220e+00 8.645727167291669346e+00 8.645727167262180046e+00 8.645727167168926641e+00 8.645727166874035419e+00
8.640567557892254058e+00 8.640567557892245176e+00 8.640567557892220307e+00 8.640567557892140371e+00 8.640567557891886352e+00 8.640567557891086992e+00 8.640567557888555683e+00 8.640567557880554972e+00 8.640567557855250769e+00 8.640567557775232999e+00 8.640567557522196296e+00
8.634325617837868450e+00 8.634325617837861344e+00 8.634325617837841804e+00 8.634325617837774303e+00 8.634325617837562916e+00 8.634325617836893230e+00 8.634325617834775812e+00 8.634325617828084276e+00 8.634325617806918984e+00 8.634325617739989411e+00 8.634325617528338270e+00
8.626817145206180371e+00 8.626817145206175041e+00 8.626817145206157278e+00 8.626817145206102211e+00 8.626817145205931681e+00 8.626817145205389892e+00 8.626817145203673931e+00 8.626817145198252490e+00 8.626817145181107094e+00 8.626817145126885578e+00 8.626817144955424510e+00
8.617837752941007068e+00 8.617837752941003515e+00 8.617837752940989304e+00 8.617837752940948448e+00 8.617837752940815221e+00 8.617837752940394225e+00 8.617837752939061957e+00 8.617837752934850215e+00 8.617837752921531091e+00 8.617837752879411894e+00 8.617837752746218882e+00
8.607163047238474363e+00 8.607163047238472586e+00 8.607163047238461928e+00 8.607163047238431730e+00 8.607163047238334030e+00 8.607163047238024944e+00 8.607163047237049724e+00 8.607163047233965969e+00 8.607163047224215546e+00 8.607163047193376215e+00 8.607163047095857777e+00
8.594549245075038257e+00 8.594549245075036481e+00 8.594549245075029376e+00 8.594549245075008059e+00 8.594549245074944110e+00 8.594549245074738053e+00 8.594549245074087906e+00 8.594549245072032662e+00 8.594549245065529419e+00 8.594549245044969865e+00 8.594549244979949876e+00
8.579734230338726064e+00 8.579734230338724288e+00 8.579734230338720735e+00 8.579734230338710077e+00 8.579734230338672774e+00 8.579734230338559087e+00 8.579734230338198486e+00 8.579734230337054512e+00 8.579734230333441403e+00 8.579734230322014099e+00 8.579734230285875896e+00
8.562439042714398596e+00 8.562439042714396820e+00 8.562439042714396820e+00 8.562439042714393267e+00 8.562439042714380832e+00 8.562439042714347082e+00 8.562439042714235171e+00 8.562439042713881676e+00 8.562439042712766124e+00 8.562439042709236503e+00 8.562439042698075653e+00
8.542369800709668226e+00 8.542369800709668226e+00 8.542369800709668226e+00 8.542369800709671779e+00 8.542369800709682437e+00 8.542369800709712635e+00 8.542369800709810335e+00 8.542369800710121197e+00 8.542369800711101746e+00 8.542369800714199712e+00 8.542369800724001649e+00
8.519220086300640205e+00 8.519220086300641981e+00 8.519220086300643757e+00 8.519220086300652639e+00 8.519220086300679284e+00 8.519220086300764549e+00 8.519220086301032779e+00 8.519220086301880102e+00 8.519220086304560624e+00 8.519220086313037399e+00 8.519220086339844400e+00
