6.202904813738200573e+00 6.202904813738200573e+00 6.202904813738200573e+00 6.202904813738200573e+00 6.202904813738200573e+00 6.202904813738200573e+00 6.202904813738200573e+00 6.202904813738201462e+00 6.202904813738202350e+00 6.202904813738205902e+00 6.202904813738218337e+00
6.339537782066490657e+00 6.339537782066490657e+00 6.339537782066490657e+00 6.339537782066490657e+00 6.339537782066490657e+00 6.339537782066490657e+00 6.339537782066490657e+00 6.339537782066490657e+00 6.339537782066492433e+00 6.339537782066495986e+00 6.339537782066507532e+00
6.475033484400968931e+00 6.475033484400968931e+00 6.475033484400968931e+00 6.475033484400968931e+00 6.475033484400968931e+00 6.475033484400968931e+00 6.475033484400968931e+00 6.475033484400969819e+00 6.475033484400970707e+00 6.475033484400974260e+00 6.475033484400986694e+00
6.609044191014529446e+00 6.609044191014529446e+00 6.609044191014529446e+00 6.609044191014529446e+00 6.609044191014529446e+00 6.609044191014529446e+00 6.609044191014529446e+00 6.609044191014530334e+00 6.609044191014531222e+00 6.609044191014534775e+00 6.609044191014547209e+00
6.741146631252378896e+00 6.741146631252378896e+00 6.741146631252378896e+00 6.741146631252378896e+00 6.741146631252378896e+00 6.741146631252378896e+00 6.741146631252378896e+00 6.741146631252379784e+00 6.741146631252380672e+00 6.741146631252384225e+00 6.741146631252396659e+00
6.870841615885039388e+00 6.870841615885039388e+00 6.870841615885039388e+00 6.870841615885039388e+00 6.870841615885040277e+00 6.870841615885040277e+00 6.870841615885040277e+00 6.870841615885040277e+00 6.870841615885042053e+00 6.870841615885045606e+00 6.870841615885057152e+00
6.997561526675492694e+00 6.997561526675492694e+00 6.997561526675492694e+00 6.997561526675492694e+00 6.997561526675492694e+00 6.997561526675492694e+00 6.997561526675492694e+00 6.997561526675493582e+00 6.997561526675494470e+00 6.997561526675498023e+00 6.997561526675510457e+00
7.120687051781999344e+00 7.120687051781999344e+00 7.120687051781999344e+00 7.120687051781999344e+00 7.120687051781999344e+00 7.120687051781999344e+00 7.120687051781999344e+00 7.120687051781999344e+00 7.120687051782001120e+00 7.120687051782004673e+00 7.120687051782017107e+00
7.239572883197807229e+00 7.239572883197807229e+00 7.239572883197807229e+00 7.239572883197807229e+00 7.239572883197807229e+00 7.239572883197807229e+00 7.239572883197807229e+00 7.239572883197808117e+00 7.239572883197809006e+00 7.239572883197813447e+00 7.239572883197825881e+00
7.353580090787710688e+00 7.353580090787710688e+00 7.353580090787710688e+00 7.353580090787710688e+00 7.353580090787710688e+00 7.353580090787710688e+00 7.353580090787710688e+00 7.353580090787711576e+00 7.353580090787712464e+00 7.353580090787716905e+00 7.353580090787730228e+00
7.462111209286707236e+00 7.462111209286707236e+00 7.462111209286707236e+00 7.462111209286707236e+00 7.462111209286707236e+00 7.462111209286707236e+00 7.462111209286708124e+00 7.462111209286708124e+00 7.462111209286709901e+00 7.462111209286714342e+00 7.462111209286727664e+00
