-1.558409976372295702e+01 -1.558409166455061268e+01 -1.558406605371282794e+01 -1.558398507507070185e+01 -1.558372909744510082e+01 -1.558292061662641714e+01 -1.558037383604158421e+01 -1.557241711144689233e+01 -1.554817423137755839e+01 -1.547936299590479692e+01 -1.531401021058382916e+01
-1.500161955941646319e+01 -1.500161743976952877e+01 -1.500161073692545877e+01 -1.500158954135219957e+01 -1.500152252187137769e+01 -1.500131065570296229e+01 -1.500064135544777244e+01 -1.499853160503175431e+01 -1.499192664841705991e+01 -1.497167745440724573e+01 -1.491322931259910334e+01
-1.450535335270663673e+01 -1.450535267527648209e+01 -1.450535053306119160e+01 -1.450534375885117555e+01 -1.450532233761354739e+01 -1.450525460466504768e+01 -1.450504048376979682e+01 -1.450436406797103750e+01 -1.450223196051545749e+01 -1.449555771658039305e+01 -1.447510261988248281e+01
-1.408189220374905126e+01 -1.408189194700700142e+01 -1.408189113511835266e+01 -1.408188856771100461e+01 -1.408188044895598878e+01 -1.408185477619716508e+01 -1.408177360179164239e+01 -1.408151700558851971e+01 -1.408070657345030874e+01 -1.407815366979734684e+01 -1.407017804558252649e+01
-1.371945977486858936e+01 -1.371945966230119929e+01 -1.371945930633205002e+01 -1.371945818066067879e+01 -1.371945462099444946e+01 -1.371944336453346658e+01 -1.371940777039833392e+01 -1.371929523105490745e+01 -1.371893954220428569e+01 -1.371781666862805693e+01 -1.371428481721952330e+01
-1.340766416295627117e+01 -1.340766410703637135e+01 -1.340766393020216896e+01 -1.340766337100379246e+01 -1.340766160266800000e+01 -1.340765601074661362e+01 -1.340763832801236966e+01 -1.340758241503464987e+01 -1.340740565003361873e+01 -1.340684714303811198e+01 -1.340508570092701568e+01
-1.313737391950189881e+01 -1.313737388857484945e+01 -1.313737379077494971e+01 -1.313737348150465678e+01 -1.313737250350756369e+01 -1.313736941082369825e+01 -1.313735963104354276e+01 -1.313732870611250902e+01 -1.313723092738363718e+01 -1.313692186869312195e+01 -1.313594598422407067e+01
-1.290067154290058582e+01 -1.290067152413860185e+01 -1.290067146480800098e+01 -1.290067127718822526e+01 -1.290067068388293059e+01 -1.290066880769218827e+01 -1.290066287470945738e+01 -1.290064411350410367e+01 -1.290058479069679009e+01 -1.290039724881929928e+01 -1.289980472175137649e+01
-1.269082348793699389e+01 -1.269082347560917512e+01 -1.269082343662519108e+01 -1.269082331334703362e+01 -1.269082292350749874e+01 -1.269082169072894750e+01 -1.269081779236390517e+01 -1.269080546488151029e+01 -1.269076648426201892e+01 -1.269064323974054709e+01 -1.269025373635594178e+01
-1.250222328382460368e+01 -1.250222327514640064e+01 -1.250222324770351534e+01 -1.250222316092149910e+01 -1.250222288649278646e+01 -1.250222201867414107e+01 -1.250221927440203551e+01 -1.250221059636578502e+01 -1.250218315514675105e+01 -1.250209638980207316e+01 -1.250182212771526125e+01
-1.233029412033098815e+01 -1.233029411384747576e+01 -1.233029409334480597e+01 -1.233029402850968026e+01 -1.233029382348307301e+01 -1.233029317513265077e+01 -1.233029112487496626e+01 -1.233028464145458969e+01 -1.233026413971612634e+01 -1.233019931389524970e+01 -1.232999438030832451e+01
