-5.499971628681471714e+00 -5.499971628681470825e+00 -5.499971628681467273e+00 -5.499971628681455726e+00 -5.499971628681419311e+00 -5.499971628681305624e+00 -5.499971628680945024e+00 -5.499971628679806379e+00 -5.499971628676203039e+00 -5.499971628664808598e+00 -5.499971628628777864e+00
-5.660810668173115623e+00 -5.660810668173113847e+00 -5.660810668173110294e+00 -5.660810668173097859e+00 -5.660810668173059668e+00 -5.660810668172939764e+00 -5.660810668172557847e+00 -5.660810668171351701e+00 -5.660810668167535198e+00 -5.660810668155469294e+00 -5.660810668117313149e+00
-5.827372813317658995e+00 -5.827372813317658107e+00 -5.827372813317653666e+00 -5.827372813317640343e+00 -5.827372813317599487e+00 -5.827372813317470701e+00 -5.827372813317062139e+00 -5.827372813315770728e+00 -5.827372813311687771e+00 -5.827372813298775434e+00 -5.827372813257943207e+00
-6.002418317068533682e+00 -6.002418317068531906e+00 -6.002418317068527465e+00 -6.002418317068514142e+00 -6.002418317068469733e+00 -6.002418317068329401e+00 -6.002418317067884423e+00 -6.002418317066480213e+00 -6.002418317062038433e+00 -6.002418317047993668e+00 -6.002418317003577641e+00
-6.185607682969320287e+00 -6.185607682969318510e+00 -6.185607682969313181e+00 -6.185607682969298082e+00 -6.185607682969249232e+00 -6.185607682969093801e+00 -6.185607682968603527e+00 -6.185607682967052767e+00 -6.185607682962147358e+00 -6.185607682946637986e+00 -6.185607682897591886e+00
-6.380673048304403849e+00 -6.380673048304402073e+00 -6.380673048304395856e+00 -6.380673048304378980e+00 -6.380673048304323025e+00 -6.380673048304148054e+00 -6.380673048303593831e+00 -6.380673048301841455e+00 -6.380673048296299221e+00 -6.380673048278773685e+00 -6.380673048223354904e+00
-6.589069862455924742e+00 -6.589069862455922966e+00 -6.589069862455916748e+00 -6.589069862455896320e+00 -6.589069862455831483e+00 -6.589069862455628979e+00 -6.589069862454985937e+00 -6.589069862452954673e+00 -6.589069862446529591e+00 -6.589069862426213398e+00 -6.589069862361967012e+00
-6.814218514930500348e+00 -6.814218514930497683e+00 -6.814218514930490578e+00 -6.814218514930465709e+00 -6.814218514930388437e+00 -6.814218514930145076e+00 -6.814218514929375914e+00 -6.814218514926942305e+00 -6.814218514919248015e+00 -6.814218514894914591e+00 -6.814218514817966366e+00
-7.059398553799842269e+00 -7.059398553799839604e+00 -7.059398553799829834e+00 -7.059398553799799636e+00 -7.059398553799703713e+00 -7.059398553799400844e+00 -7.059398553798442499e+00 -7.059398553795411146e+00 -7.059398553785827701e+00 -7.059398553755520389e+00 -7.059398553659681497e+00
-7.331763148100009175e+00 -7.331763148100005623e+00 -7.331763148099993188e+00 -7.331763148099953220e+00 -7.331763148099827099e+00 -7.331763148099428307e+00 -7.331763148098167981e+00 -7.331763148094182725e+00 -7.331763148081578585e+00 -7.331763148041721578e+00 -7.331763147915682843e+00
-7.633140382939716417e+00 -7.633140382939711088e+00 -7.633140382939693325e+00 -7.633140382939638258e+00 -7.633140382939462398e+00 -7.633140382938908175e+00 -7.633140382937152246e+00 -7.633140382931602907e+00 -7.633140382914053390e+00 -7.633140382858556450e+00 -7.633140382683059499e+00
