-2.385082766341262595e+00 -2.885082504382413759e+00 -3.385082421572064959e+00 -3.885082395385146103e+00 -4.385082387104116464e+00 -4.885082384485424534e+00 -5.385082383657321614e+00 -5.885082383395452865e+00 -6.385082383312642662e+00 -6.885082383286455610e+00 -7.385082383278175122e+00
-2.385082766342986993e+00 -2.885082504383034152e+00 -3.385082421572268796e+00 -3.885082395385210940e+00 -4.385082387104136892e+00 -4.885082384485431639e+00 -5.385082383657324279e+00 -5.885082383395453753e+00 -6.385082383312642662e+00 -6.885082383286455610e+00 -7.385082383278175122e+00
-2.385082766344498229e+00 -2.885082504383566615e+00 -3.385082421572442435e+00 -3.885082395385266452e+00 -4.385082387104154655e+00 -4.885082384485436968e+00 -5.385082383657326055e+00 -5.885082383395453753e+00 -6.385082383312642662e+00 -6.885082383286455610e+00 -7.385082383278175122e+00
-2.385082766345816285e+00 -2.885082504384022695e+00 -3.385082421572590761e+00 -3.885082395385313969e+00 -4.385082387104169754e+00 -4.885082384485441409e+00 -5.385082383657327831e+00 -5.885082383395454642e+00 -6.385082383312643550e+00 -6.885082383286455610e+00 -7.385082383278175122e+00
-2.385082766346961147e+00 -2.885082504384413049e+00 -3.385082421572716882e+00 -3.885082395385353937e+00 -4.385082387104182189e+00 -4.885082384485445850e+00 -5.385082383657328720e+00 -5.885082383395454642e+00 -6.385082383312643550e+00 -6.885082383286455610e+00 -7.385082383278175122e+00
-2.385082766347952354e+00 -2.885082504384747004e+00 -3.385082421572824796e+00 -3.885082395385388576e+00 -4.385082387104192847e+00 -4.885082384485449403e+00 -5.385082383657329608e+00 -5.885082383395455530e+00 -6.385082383312643550e+00 -6.885082383286455610e+00 -7.385082383278175122e+00
-2.385082766348807670e+00 -2.885082504385032554e+00 -3.385082421572916278e+00 -3.885082395385417442e+00 -4.385082387104202617e+00 -4.885082384485452067e+00 -5.385082383657330496e+00 -5.885082383395455530e+00 -6.385082383312643550e+00 -6.885082383286455610e+00 -7.385082383278175122e+00
-2.385082766349544414e+00 -2.885082504385276359e+00 -3.385082421572994882e+00 -3.885082395385442311e+00 -4.385082387104210611e+00 -4.885082384485454732e+00 -5.385082383657331384e+00 -5.885082383395455530e+00 -6.385082383312643550e+00 -6.885082383286455610e+00 -7.385082383278175122e+00
-2.385082766350178129e+00 -2.885082504385484636e+00 -3.385082421573061495e+00 -3.885082395385463627e+00 -4.385082387104216828e+00 -4.885082384485456508e+00 -5.385082383657332272e+00 -5.885082383395456418e+00 -6.385082383312643550e+00 -6.885082383286455610e+00 -7.385082383278175122e+00
-2.385082766350722139e+00 -2.885082504385662272e+00 -3.385082421573117895e+00 -3.885082395385481391e+00 -4.385082387104223045e+00 -4.885082384485458284e+00 -5.385082383657333160e+00 -5.885082383395456418e+00 -6.385082383312643550e+00 -6.885082383286455610e+00 -7.385082383278175122e+00
-2.385082766351188432e+00 -2.885082504385813706e+00 -3.385082421573166300e+00 -3.885082395385496490e+00 -4.385082387104227486e+00 -4.885082384485460061e+00 -5.385082383657333160e+00 -5.885082383395456418e+00 -6.385082383312643550e+00 -6.885082383286455610e+00 -7.385082383278175122e+00
