6.246726275093933189e+00 6.174416067486069970e+00 5.957043873129586942e+00 5.623064041099024024e+00 5.209258198717781063e+00 4.747867157579530151e+00 4.262851349387882571e+00 3.768080688361030717e+00 3.269800976908048717e+00 2.770352608641010850e+00 2.270527852808023717e+00
6.182606186119646630e+00 6.138889007259934694e+00 5.942180124632494120e+00 5.618170227412832674e+00 5.208034264956263648e+00 4.747639844499309980e+00 4.262819049444939168e+00 3.768076880278931284e+00 3.269800569282433678e+00 2.770352566391180993e+00 2.270527848368476320e+00
6.109434093128638388e+00 6.095785588375238540e+00 5.923376810101384393e+00 5.611794145026779645e+00 5.206410096689589651e+00 4.747335453728537047e+00 4.262775656848896588e+00 3.768071761128354513e+00 3.269800021567939030e+00 2.770352509726518697e+00 2.270527842447609856e+00
6.027585300413856650e+00 6.044483571992437909e+00 5.899936135709242357e+00 5.603561036449502097e+00 5.204263805475446425e+00 4.746928427036547937e+00 4.262717381052162580e+00 3.768064879636548348e+00 3.269799285534239708e+00 2.770352433700391970e+00 2.270527834542468870e+00
5.937715513383032828e+00 5.984618134237854825e+00 5.871191119662533708e+00 5.593044666513617535e+00 5.201442588805835321e+00 4.746385170352889205e+00 4.262639151760462042e+00 3.768055629471747103e+00 3.269798296335594934e+00 2.770352331664066803e+00 2.270527823977893878e+00
5.840672128823556797e+00 5.916115126374915434e+00 5.836561018110866250e+00 5.579781811264037827e+00 5.197758811730805562e+00 4.745661847440218573e+00 4.262534199107015809e+00 3.768043196210427048e+00 3.269796966787846149e+00 2.770352194680310909e+00 2.270527809847322498e+00
5.737399445072992599e+00 5.839184615910339993e+00 5.795598521849865570e+00 5.563295648986371411e+00 5.192987866503949945e+00 4.744701788925135055e+00 4.262393505482652500e+00 3.768026486367762828e+00 3.269795179676561414e+00 2.770352010734866699e+00 2.270527790933209555e+00
5.628855502896898955e+00 5.754281571906792792e+00 5.748016222093685457e+00 5.543125444984262629e+00 5.186869005793659504e+00 4.743432595471112734e+00 4.262205096768300727e+00 3.768004032584945318e+00 3.269792777421197449e+00 2.770351763676144330e+00 2.270527765600029557e+00
5.515949852587084479e+00 5.662047608438351531e+00 5.693686326652188434e+00 5.518856919610238165e+00 5.179110173321637589e+00 4.741763118689105383e+00 4.261953137661722124e+00 3.767973867247387254e+00 3.269789548190418227e+00 2.770351431789450203e+00 2.270527731650414882e+00
5.399504000215701538e+00 5.563247356494362528e+00 5.632617209448619988e+00 5.490146248492361991e+00 5.169397186589799631e+00 4.739580633974373569e+00 4.261616796271135321e+00 3.767933354524959810e+00 3.269785207257342563e+00 2.770350985879853400e+00 2.270527686131717182e+00
5.280231623494316295e+00 5.458708297890260575e+00 5.564917922312078602e+00 5.456732038786276995e+00 5.157406511268058047e+00 4.736748646139665730e+00 4.261168850058316693e+00 3.767878968035175635e+00 3.269779371975971127e+00 2.770350386694433009e+00 2.270527625075901668e+00
