1.038585793546745073e+01 1.038585775524831689e+01 1.038585718535938973e+01 1.038585538335255976e+01 1.038584968631001004e+01 1.038583168475957486e+01 1.038577490106795231e+01 1.038559679742594888e+01 1.038504904334138246e+01 1.038346982073503177e+01 1.037951506907247179e+01
1.038573179455795525e+01 1.038573162014487039e+01 1.038573106861377227e+01 1.038572932463440601e+01 1.038572381083982243e+01 1.038570638625726339e+01 1.038565140187900582e+01 1.038547873434600888e+01 1.038494568699141674e+01 1.038339458935682558e+01 1.037946933749928036e+01
1.038557177051087699e+01 1.038557160253874123e+01 1.038557107137335223e+01 1.038556939177237126e+01 1.038556408132360431e+01 1.038554729740849325e+01 1.038549431521517263e+01 1.038532773908669959e+01 1.038481156607497091e+01 1.038329479686817436e+01 1.037940803270738144e+01
1.038536937051914499e+01 1.038536920964698140e+01 1.038536870093147790e+01 1.038536709230128530e+01 1.038536200606190008e+01 1.038534592895596198e+01 1.038529515975174000e+01 1.038513535764209905e+01 1.038463834418218212e+01 1.038316289198679598e+01 1.037932593180939911e+01
1.038511419738294528e+01 1.038511404428129481e+01 1.038511356013630227e+01 1.038511202918476428e+01 1.038510718838553260e+01 1.038509188541257267e+01 1.038504354395052154e+01 1.038489121319205921e+01 1.038441572100913923e+01 1.038298926810421285e+01 1.037921612314553954e+01
1.038479360134028440e+01 1.038479345667481901e+01 1.038479299920557786e+01 1.038479155259211595e+01 1.038478697831258657e+01 1.038477251633807974e+01 1.038472681612313053e+01 1.038458265222790722e+01 1.038413106526815888e+01 1.038276183106733441e+01 1.037906950679966478e+01
1.038439229401313924e+01 1.038439215842443808e+01 1.038439172965686375e+01 1.038439037379021634e+01 1.038438608631897075e+01 1.038437252972471470e+01 1.038432967658609840e+01 1.038419435268716207e+01 1.038376900902376399e+01 1.038246552431466263e+01 1.037887418001582951e+01
1.038389192790859461e+01 1.038389180198841544e+01 1.038389140379404729e+01 1.038389014459491833e+01 1.038388616267859987e+01 1.038387357098412522e+01 1.038383375551557819e+01 1.038370789807703964e+01 1.038331100864653500e+01 1.038208182169240423e+01 1.037861470239375272e+01
1.038327064722307824e+01 1.038327053148790036e+01 1.038327016550023352e+01 1.038326900813664722e+01 1.038326534814254387e+01 1.038325377335159416e+01 1.038321716246639070e+01 1.038310132403467456e+01 1.038273488047686932e+01 1.038158820250231784e+01 1.037827124990106675e+01
1.038250261752782322e+01 1.038250251239098709e+01 1.038250217991737223e+01 1.038250112852600004e+01 1.038249780356013829e+01 1.038248728736499693e+01 1.038245401538685009e+01 1.038234864572490856e+01 1.038201432159382875e+01 1.038095762700596048e+01 1.037781868807732089e+01
1.038155754329271296e+01 1.038155744903704303e+01 1.038155715097208365e+01 1.038155620838431759e+01 1.038155322742441555e+01 1.038154379845616582e+01 1.038151395834430346e+01 1.038141937587461960e+01 1.038111842759177783e+01 1.038015803305131790e+01 1.037722562208366384e+01
