1.071954386863489006e+01 1.071955531739074630e+01 1.071959151432584889e+01 1.071970589543841434e+01 1.072006640699031088e+01 1.072118510879424136e+01 1.072441504558839043e+01 1.073243320403631529e+01 1.074844991288195573e+01 1.077103690183416695e+01 1.078608427716529583e+01
1.063715613187646802e+01 1.063716667754536616e+01 1.063720002067589654e+01 1.063730540115903267e+01 1.063763780585520458e+01 1.063867397779413082e+01 1.064171704888919301e+01 1.064950763346540619e+01 1.066590319713511370e+01 1.069148988292390889e+01 1.071493954086636613e+01
1.054928069761666265e+01 1.054929049289542142e+01 1.054932146443801599e+01 1.054941936133610447e+01 1.054972833800888488e+01 1.055069475671818680e+01 1.055357341513467162e+01 1.056114121442119824e+01 1.057776197282094621e+01 1.060577663847732133e+01 1.063665653288067681e+01
1.045610174833161210e+01 1.045611092380465479e+01 1.045613993627427440e+01 1.045623164893485857e+01 1.045652122933030270e+01 1.045742928144129102e+01 1.046016587363703643e+01 1.046752932591446772e+01 1.048428763171714451e+01 1.051430265719593216e+01 1.055174120399487592e+01
1.035788979754872763e+01 1.035789846432490613e+01 1.035792586879327004e+01 1.035801250400319518e+01 1.035828613733407089e+01 1.035914580895235382e+01 1.036176151943526769e+01 1.036894639516438055e+01 1.038580201564388261e+01 1.041751517885415090e+01 1.046078358836309086e+01
1.025499322714638240e+01 1.025500147920288718e+01 1.025502757265999243e+01 1.025511006730835994e+01 1.025537068251591677e+01 1.025619061076771210e+01 1.025870484881450828e+01 1.026573975918373449e+01 1.028268444355367173e+01 1.031589480368964118e+01 1.036441834798509021e+01
1.014782394005086807e+01 1.014783185630657414e+01 1.014785688818506237e+01 1.014793602950461704e+01 1.014818609331364563e+01 1.014897365233719562e+01 1.015140373543558994e+01 1.015831704530296165e+01 1.017536231982814066e+01 1.020994553783784298e+01 1.026329334392436188e+01
1.003683822262253500e+01 1.003684586877964513e+01 1.003687004675794725e+01 1.003694649042688525e+01 1.003718806079491976e+01 1.003794946558707757e+01 1.004031050033746197e+01 1.004712830894380282e+01 1.006429618197876863e+01 1.010018205037554573e+01 1.015804482840727019e+01
9.922514772005840200e+00 9.922522202203715835e+00 9.922545697422579636e+00 9.922619983900041518e+00 9.922854759238704858e+00 9.923595177898908659e+00 9.925900072664688878e+00 9.932645008237541262e+00 9.949961139508378238e+00 9.987114618473588834e+00 1.004927769889915368e+01
9.805332382399830848e+00 9.805339640719763494e+00 9.805362592532055999e+00 9.805435161973830915e+00 9.805664526738443243e+00 9.806388195725329382e+00 9.808647761743113591e+00 9.815338399590936902e+00 9.832827283374610872e+00 9.871233418216258215e+00 9.937550037834341765e+00
9.685749813562944510e+00 9.685756935410337221e+00 9.685779455746120092e+00 9.685850661739571876e+00 9.686075728830413567e+00 9.686786067743073048e+00 9.689009178836931468e+00 9.695659932933985203e+00 9.713341686868426805e+00 9.752994251197074860e+00 9.823361918594203601e+00
