-1.498569563000907756e+01 -1.498569562996315518e+01 -1.498569562981793091e+01 -1.498569562935869648e+01 -1.498569562790646614e+01 -1.498569562331410943e+01 -1.498569560879180607e+01 -1.498569556286825133e+01 -1.498569541764525326e+01 -1.498569495841013222e+01 -1.498569350618436324e+01
-1.853369897402107824e+01 -1.853369890733799963e+01 -1.853369869646766332e+01 -1.853369802963778312e+01 -1.853369592094329121e+01 -1.853368925273318268e+01 -1.853366816667510975e+01 -1.853360149344155516e+01 -1.853339072150206590e+01 -1.853272487450703210e+01 -1.853062597478209028e+01
-2.236210600908351509e+01 -2.236194205203646490e+01 -2.236142398131289255e+01 -2.235978975322369067e+01 -2.235466197303266966e+01 -2.233883383145419188e+01 -2.229226987103193380e+01 -2.217120011442830219e+01 -2.192338727503575413e+01 -2.154771999896977519e+01 -2.109581026632764988e+01
-2.661860165696113611e+01 -2.611945201829939123e+01 -2.561945215979799428e+01 -2.511945220454379069e+01 -2.461945221869365241e+01 -2.411945222316823489e+01 -2.361945222458322036e+01 -2.311945222503067754e+01 -2.261945222517217502e+01 -2.211945222521692145e+01 -2.161945222523107191e+01
-2.719265844667466325e+01 -2.669265844667466325e+01 -2.619265844667466325e+01 -2.569265844667466325e+01 -2.519265844667466325e+01 -2.469265844667466325e+01 -2.419265844667466325e+01 -2.369265844667466325e+01 -2.319265844667466325e+01 -2.269265844667466325e+01 -2.219265844667466325e+01
-2.785323323171110133e+01 -2.735323323171110133e+01 -2.685323323171110133e+01 -2.635323323171110133e+01 -2.585323323171110133e+01 -2.535323323171110133e+01 -2.485323323171110133e+01 -2.435323323171110133e+01 -2.385323323171110133e+01 -2.335323323171110133e+01 -2.285323323171110133e+01
-2.861666994735159975e+01 -2.811666994735159975e+01 -2.761666994735159975e+01 -2.711666994735159975e+01 -2.661666994735159975e+01 -2.611666994735159975e+01 -2.561666994735159975e+01 -2.511666994735159975e+01 -2.461666994735159975e+01 -2.411666994735159975e+01 -2.361666994735159975e+01
-2.950054285706138302e+01 -2.900054285706138302e+01 -2.850054285706138302e+01 -2.800054285706138302e+01 -2.750054285706138302e+01 -2.700054285706138302e+01 -2.650054285706138302e+01 -2.600054285706138302e+01 -2.550054285706138302e+01 -2.500054285706138302e+01 -2.450054285706138302e+01
-3.052483377264437081e+01 -3.002483377264437081e+01 -2.952483377264437081e+01 -2.902483377264437081e+01 -2.852483377264437081e+01 -2.802483377264437081e+01 -2.752483377264437081e+01 -2.702483377264437081e+01 -2.652483377264437081e+01 -2.602483377264437081e+01 -2.552483377264437081e+01
-3.171237938683945146e+01 -3.121237938683945146e+01 -3.071237938683945146e+01 -3.021237938683945146e+01 -2.971237938683945146e+01 -2.921237938683945146e+01 -2.871237938683945146e+01 -2.821237938683945146e+01 -2.771237938683945146e+01 -2.721237938683945146e+01 -2.671237938683945146e+01
-3.308939169751651832e+01 -3.258939169751651832e+01 -3.208939169751651832e+01 -3.158939169751651832e+01 -3.108939169751651832e+01 -3.058939169751651832e+01 -3.008939169751651832e+01 -2.958939169751651832e+01 -2.908939169751651832e+01 -2.858939169751651832e+01 -2.808939169751651832e+01
