4.988389020254498263e+00 5.370747627044520023e+00 5.679410243388307578e+00 5.910439175877169937e+00 6.053916250446336633e+00 6.090335539898326545e+00 5.991126729917825244e+00 5.735251675815450589e+00 5.340130528157751577e+00 4.867246762611459054e+00 4.371371582589590687e+00
4.989413763995560025e+00 5.371686803735849836e+00 5.680264955813033367e+00 5.911203133137808763e+00 6.054574258778108842e+00 6.090859919412165979e+00 5.991485117696752738e+00 5.735436457424157197e+00 5.340190329719493256e+00 4.867257538892990176e+00 4.371372849465984700e+00
4.991788124956888950e+00 5.373862888908977453e+00 5.682245291140638699e+00 5.912973109937424532e+00 6.056098625234885624e+00 6.092074469022653815e+00 5.992314886580801137e+00 5.735863989944853358e+00 5.340328552150773511e+00 4.867282421159394801e+00 4.371375773201753745e+00
4.996547337270449418e+00 5.378224612759593626e+00 5.686214466123304945e+00 5.916520317309833743e+00 6.059152984024136934e+00 6.094507025748851170e+00 5.993975454541351944e+00 5.736718370956587876e+00 5.340604182813653900e+00 4.867331932646207449e+00 4.371381584859566516e+00
5.004989992159985412e+00 5.385961938495429813e+00 5.693254817243338373e+00 5.922811055892233334e+00 6.064567627099654246e+00 6.098815998507658875e+00 5.996912566702573777e+00 5.738225566932902311e+00 5.341088483730286995e+00 4.867418582947266259e+00 4.371391736331697864e+00
5.018511772869803877e+00 5.398353525613862836e+00 5.704528491511033472e+00 5.932881307819004135e+00 6.073229901266476105e+00 6.105700413396497162e+00 6.001593477863128356e+00 5.740617023634058569e+00 5.341851828112544887e+00 4.867554262844413060e+00 4.371407581604344728e+00
5.038405142181614060e+00 5.416582931552314406e+00 5.721109498603895283e+00 5.947685400695751134e+00 6.085951662052777600e+00 6.115790779009063982e+00 6.008427946390530572e+00 5.744085143336826960e+00 5.342947644903700777e+00 4.867747104372976530e+00 4.371429996022224707e+00
5.065690932140542557e+00 5.441584036195397545e+00 5.743842313091112928e+00 5.967968347871898338e+00 6.103357046332594571e+00 6.129556097973611450e+00 6.017700441640778664e+00 5.748745040724456246e+00 5.344398901878000707e+00 4.867998946131398164e+00 4.371459077628445655e+00
5.101021763644378204e+00 5.473952323001246789e+00 5.773260554812339684e+00 5.994192184557825875e+00 6.125817305972275584e+00 6.147249464765019766e+00 6.029530474836470866e+00 5.754612885046251236e+00 5.346191320078137466e+00 4.868304315259665671e+00 4.371494045790198513e+00
5.144662283264962888e+00 5.513926590726552668e+00 5.809570048264506070e+00 6.026520384932568142e+00 6.153436671756841392e+00 6.168896190332210594e+00 6.043864818942944694e+00 5.761603777133670334e+00 5.348274694555454012e+00 4.868651203048055542e+00 4.371533367782467927e+00
5.196527583304034970e+00 5.561423983663161152e+00 5.852680725170265497e+00 6.064846510290575310e+00 6.186077402595427266e+00 6.194315156990149340e+00 6.060495399886368872e+00 5.769545911125556259e+00 5.350570976601402684e+00 4.869023247157075573e+00 4.371575054676397620e+00
