6.869603124289743512e+00 6.891593047848278530e+00 6.775173471564245098e+00 6.501963934465773143e+00 6.095033874675018559e+00 5.617914274263767105e+00 5.121342592577738273e+00 4.621752028218041097e+00 4.121804636309134295e+00 3.621813432938062682e+00 3.121815428499733258e+00
6.948318210189123434e+00 6.952939709387969458e+00 6.815420116134404793e+00 6.521305400155495313e+00 6.100694160074969119e+00 5.618846024903841219e+00 5.121448337111789151e+00 4.621762678875311892e+00 4.121805660034635110e+00 3.621813521364452892e+00 3.121815432918255251e+00
7.025249545236389892e+00 7.011831401584422530e+00 6.852786451416410074e+00 6.538261455028913538e+00 6.105275338219050774e+00 5.619550586501698142e+00 5.121526177189856810e+00 4.621770466046326575e+00 4.121806402520667767e+00 3.621813583638479717e+00 3.121815435349943879e+00
7.100251984329656985e+00 7.068123424486699058e+00 6.887224954131449195e+00 6.552957932885020043e+00 6.108935903026495140e+00 5.620079227231894237e+00 5.121583293158973760e+00 4.621776145410455783e+00 4.121806938978054724e+00 3.621813627017087533e+00 3.121815436435093627e+00
7.173185256853927605e+00 7.121684704945439037e+00 6.918717588154014386e+00 6.565545934456832100e+00 6.111824932025905710e+00 5.620473228330359561e+00 5.121625090355470533e+00 4.621780277976493601e+00 4.121807325039804404e+00 3.621813656830345174e+00 3.121815436631839802e+00
7.243912867448214499e+00 7.172398367110583983e+00 6.947276357282370363e+00 6.576196616327349531e+00 6.114078429267594039e+00 5.620765222549033879e+00 5.121655608179159991e+00 4.621783278474120849e+00 4.121807601685688383e+00 3.621813676971786577e+00 3.121815436264204546e+00
7.312301334892969962e+00 7.220162675216258208e+00 6.972943592219636777e+00 6.585095370448650343e+00 6.115817012916877182e+00 5.620980598272075746e+00 5.121677847371410408e+00 4.621785452400812844e+00 4.121807798990086091e+00 3.621813690270633046e+00 3.121815435558328300e+00
7.378219749269365302e+00 7.264892315558452829e+00 6.995791864484993461e+00 6.592435622119620753e+00 6.117144879862456364e+00 5.621138841014244214e+00 5.121694026376527376e+00 4.621787024106329689e+00 4.121807938950365902e+00 3.621813698771925605e+00 3.121815434669525935e+00
7.441539632953073635e+00 7.306519981882737547e+00 7.015923293895093060e+00 6.598412559218704843e+00 6.118149871969173148e+00 5.621254735767248434e+00 5.121705778897154282e+00 4.621788157915012185e+00 4.121808037606530917e+00 3.621813703945841567e+00 3.121815433702318288e+00
7.502135099129352724e+00 7.344998222806756516e+00 7.033468095460586156e+00 6.603217158451101909e+00 6.118904397320096500e+00 5.621339394998327244e+00 5.121714304208818014e+00 4.621788973909801257e+00 4.121808106620532541e+00 3.621813706843118652e+00 3.121815432725150607e+00
7.559883313925380044e+00 7.380301495207834073e+00 7.048582211706881040e+00 6.607030880096724346e+00 6.119466931760829453e+00 5.621401106331859410e+00 5.121720480398937347e+00 4.621789559664970959e+00 4.121808154447220041e+00 3.621813708209847604e+00 3.121815431781120864e+00
