1.319228919226077146e+01 1.319315229665637368e+01 1.319564875709235174e+01 1.320227743497904704e+01 1.321745510404476320e+01 1.324487150565559723e+01 1.327916013223768843e+01 1.329879645616917117e+01 1.327106977425726697e+01 1.316488000149388604e+01 1.296159700716576424e+01
1.309613348492898766e+01 1.309694699389091888e+01 1.309932190181185518e+01 1.310573780576319969e+01 1.312088229264849737e+01 1.314968861170662429e+01 1.318933654835782754e+01 1.322061747210469207e+01 1.321064247484914134e+01 1.312498053351948357e+01 1.293993594953850845e+01
1.299519235252357596e+01 1.299596401470993889e+01 1.299823497123608007e+01 1.300446248112532466e+01 1.301954971910155834e+01 1.304950328079517341e+01 1.309385711051204915e+01 1.313582310912902784e+01 1.314295432946937225e+01 1.307837366260496381e+01 1.291349845715766342e+01
1.288984973608557816e+01 1.289058604567317623e+01 1.289276832612409152e+01 1.289883146319598595e+01 1.291385337004374634e+01 1.294478431835952748e+01 1.299332546841959690e+01 1.304509763876373540e+01 1.306848839591327049e+01 1.302501919204281045e+01 1.288180677868356838e+01
1.278053252448830968e+01 1.278123880582905691e+01 1.278334521613436614e+01 1.278926561829945108e+01 1.280422988616100177e+01 1.283601457333055684e+01 1.288833686361303954e+01 1.294914980157490447e+01 1.298787318960305015e+01 1.296511491115031411e+01 1.284453165195334101e+01
1.266770067823817492e+01 1.266838116092357680e+01 1.267042197438015805e+01 1.267621747488500183e+01 1.269112666838208803e+01 1.272368059347559921e+01 1.277945807933361344e+01 1.284866338285804410e+01 1.290180132231053101e+01 1.289904915727065671e+01 1.280152154995127489e+01
1.255181925680921040e+01 1.255247716631890853e+01 1.255446018391975471e+01 1.256014403278614289e+01 1.257499971290631890e+01 1.260824207853954526e+01 1.266721115302203948e+01 1.274426165974566416e+01 1.281095744139754444e+01 1.282732959434370024e+01 1.275280160045815592e+01
1.243333917536753042e+01 1.243397682360508227e+01 1.243590748891826792e+01 1.244148796558769732e+01 1.245628497862596440e+01 1.249013848043311725e+01 1.255206070424027942e+01 1.263648454336856553e+01 1.271596394891342108e+01 1.275050692004601594e+01 1.269854276611095401e+01
1.231267970455461658e+01 1.231329858078298756e+01 1.231518013650265431e+01 1.232066046200485054e+01 1.233538476872549516e+01 1.236976296365848782e+01 1.243440508365993935e+01 1.252577623184930289e+01 1.261734635109287872e+01 1.266910884925254521e+01 1.263900857963798074e+01
1.219021545781019000e+01 1.219081631795237719e+01 1.219264998973178038e+01 1.219802844932894104e+01 1.221265591978739984e+01 1.224745645290131435e+01 1.231457153787983039e+01 1.241248096110928323e+01 1.251551570141752379e+01 1.258359232958194873e+01 1.257450890303128865e+01
1.206626830334297651e+01 1.206685125590355767e+01 1.206863645117505079e+01 1.207390665836331145e+01 1.208840258465567707e+01 1.212350262991276395e+01 1.219281792975487022e+01 1.229684450877709878e+01 1.241076363300076579e+01 1.249431480795739979e+01 1.250533282429404203e+01
