6.958918972548979731e+00 6.958919017369840532e+00 6.958919159105672492e+00 6.958919607311981004e+00 6.958921024647299447e+00 6.958925506480345469e+00 6.958939677533155788e+00 6.958984472859194526e+00 6.959125953321633418e+00 6.959571605268831007e+00 6.960963378247054578e+00
7.032057457448579463e+00 7.032057499773456399e+00 7.032057633616249248e+00 7.032058056862098283e+00 7.032059395260765733e+00 7.032063627426698993e+00 7.032077008487733316e+00 7.032119300890265379e+00 7.032252818920822435e+00 7.032672816814104166e+00 7.033978729186162404e+00
7.097916421805441800e+00 7.097916460467227573e+00 7.097916582726244705e+00 7.097916969340379190e+00 7.097918191893359818e+00 7.097922057662739093e+00 7.097934279472911889e+00 7.097972899971019878e+00 7.098094746136524691e+00 7.098477232475559617e+00 7.099658537306639872e+00
7.156691199971192852e+00 7.156691233566108146e+00 7.156691339802201846e+00 7.156691675746653658e+00 7.156692738060557168e+00 7.156696097034776827e+00 7.156706715470914304e+00 7.156740258187084258e+00 7.156845972384984655e+00 7.157176701086256365e+00 7.158186970279721173e+00
7.208680379987950637e+00 7.208680406899450333e+00 7.208680492000636875e+00 7.208680761109744317e+00 7.208681612062756372e+00 7.208684302565367297e+00 7.208692806211001169e+00 7.208719652400080058e+00 7.208804100735952680e+00 7.209066689509477044e+00 7.209852715913153354e+00
7.254265510864228439e+00 7.254265529309680716e+00 7.254265587638770718e+00 7.254265772086038844e+00 7.254266355304390679e+00 7.254268199051549182e+00 7.254274023980398667e+00 7.254292388921891543e+00 7.254349913438515429e+00 7.254526332155822210e+00 7.255029837039747242e+00
7.293890304457921303e+00 7.293890312556770894e+00 7.293890338166914233e+00 7.293890419146627835e+00 7.293890675160268344e+00 7.293891484079509269e+00 7.293894035437916479e+00 7.293902036881904749e+00 7.293926673983693654e+00 7.293997955713779291e+00 7.294158056314413052e+00
7.328040537682123379e+00 7.328040533540768564e+00 7.328040520443866335e+00 7.328040479019930942e+00 7.328040347947006872e+00 7.328039932668680478e+00 7.328038611551449755e+00 7.328034354943629758e+00 7.328020107280271311e+00 7.327967232360381722e+00 7.327723495307832735e+00
7.357225467512201966e+00 7.357225449317815524e+00 7.357225391781202717e+00 7.357225209825349665e+00 7.357224634339332603e+00 7.357222813581978826e+00 7.357217046736503896e+00 7.357198719400982689e+00 7.357139856214065965e+00 7.356944727573532461e+00 7.356240518377825666e+00
7.381961278263581505e+00 7.381961244377226450e+00 7.381961137218143065e+00 7.381960798341148156e+00 7.381959726615843209e+00 7.381956336501405147e+00 7.381945605807887389e+00 7.381911570401242351e+00 7.381802925352605627e+00 7.381449333497957177e+00 7.380235100403318427e+00
7.402756876039543243e+00 7.402756825078776082e+00 7.402756663925569747e+00 7.402756154303287595e+00 7.402754542625129552e+00 7.402749444941509438e+00 7.402733313558707451e+00 7.402682190922664773e+00 7.402519425819598098e+00 7.401993899849484748e+00 7.400230023347794450e+00
