3.852621066708433961e+00 4.233457250884533174e+00 4.504591982928427107e+00 4.675799170128705384e+00 4.739350477063033473e+00 4.671148458467765607e+00 4.447552138409853306e+00 4.076580932979575245e+00 3.613842706701546614e+00 3.120078125823379622e+00 2.620798614938494531e+00
3.853552842317708116e+00 4.234277009797635216e+00 4.505308784699784574e+00 4.676416030240628352e+00 4.739850068819680295e+00 4.671502917496415108e+00 4.447748004821781898e+00 4.076651584347859014e+00 3.613856999786511093e+00 3.120079916480320570e+00 2.620798799888857555e+00
3.855751627540600079e+00 4.236211355878138463e+00 4.507000186422074783e+00 4.677871519025027069e+00 4.741028682736870614e+00 4.672338887034743315e+00 4.448209689203595829e+00 4.076817973769327530e+00 3.613890628222894197e+00 3.120084127153735398e+00 2.620799234730978089e+00
3.860227399334869247e+00 4.240148394683539657e+00 4.510442746217523613e+00 4.680833545728441791e+00 4.743426471350065121e+00 4.674038492144794610e+00 4.449147233778715460e+00 4.077155230996894808e+00 3.613958648395004136e+00 3.120092634009279386e+00 2.620800112976394480e+00
3.868270178682872373e+00 4.247221599160840633e+00 4.516627553979000176e+00 4.686153777056692782e+00 4.747730619334897817e+00 4.677085642334162685e+00 4.450824401453046697e+00 4.077756434096121652e+00 3.614079430468192911e+00 3.120107706169323425e+00 2.620801668134315587e+00
3.881289103002746987e+00 4.258667099479566787e+00 4.526635404129255136e+00 4.694759144091932512e+00 4.754685285091507119e+00 4.681999068895271954e+00 4.453518666864426656e+00 4.078716520724616323e+00 3.614271051336632734e+00 3.120131530313458246e+00 2.620804124002332536e+00
3.900608444241648876e+00 4.275642909754949983e+00 4.541478621524446702e+00 4.707514178615133993e+00 4.764977032600143048e+00 4.689246817472503714e+00 4.457469949290107536e+00 4.080111703347837349e+00 3.614546725696039964e+00 3.120165614208485927e+00 2.620807632480345983e+00
3.927288568764450538e+00 4.299070648147486295e+00 4.561962429450537648e+00 4.725099975754486259e+00 4.779133544848920501e+00 4.699170113629677736e+00 4.462834776056507025e+00 4.081981271144640822e+00 3.614910900140291261e+00 3.120210291267252245e+00 2.620812222361028176e+00
3.962016468522823853e+00 4.329539845102428508e+00 4.588600845502350367e+00 4.747940299944026776e+00 4.797461303522575271e+00 4.711936319868057055e+00 4.469658427348769614e+00 4.084317367309837188e+00 3.615357392115537749e+00 3.120264516578374447e+00 2.620817779187501362e+00
4.005075019072342535e+00 4.367283250408209305e+00 4.621594409004596393e+00 4.776181448701676935e+00 4.820028328717878452e+00 4.727526416786405505e+00 4.477869232483368656e+00 4.087064877588766798e+00 3.615870107592789040e+00 3.120326020280206780e+00 2.620824062870760862e+00
4.056374539881561603e+00 4.412208223177705335e+00 4.660856707917252706e+00 4.809714789328355167e+00 4.846683208979881918e+00 4.745751039789094960e+00 4.487291854591687112e+00 4.090130129687947758e+00 3.616425881894880678e+00 3.120391742552642622e+00 2.620830754531704443e+00
