6.613696747704720380e+00 6.636628552676850035e+00 6.701469935529426714e+00 6.850029213343586498e+00 7.082867960847971212e+00 7.342786431780049305e+00 7.575997617787120220e+00 7.748315291387973147e+00 7.833705873985524981e+00 7.802690702921733390e+00 7.625584448077826316e+00
6.485070646374579084e+00 6.507973954151673901e+00 6.572892416656538117e+00 6.723442627988299947e+00 6.963500307072501450e+00 7.233432527727758909e+00 7.477624379520874776e+00 7.662015840656465571e+00 7.761758580134335617e+00 7.748721266354202442e+00 7.592501804562675538e+00
6.356420612225821998e+00 6.379289460236206466e+00 6.444233336158889713e+00 6.596397204586202712e+00 6.843291807846546781e+00 7.123087079445325820e+00 7.378068003715137380e+00 7.574234730380914549e+00 7.687841200625848970e+00 7.692184912077275172e+00 7.556596434756577274e+00
6.227751462854707931e+00 6.250579327396250662e+00 6.315503730695227524e+00 6.468929935936330367e+00 6.722213336116601212e+00 7.011721542005541430e+00 7.277316969977349892e+00 7.484991462501938031e+00 7.612013628505385654e+00 7.633152724606086181e+00 7.517864342124760846e+00
6.099066545861146160e+00 6.121846165039370291e+00 6.186710861599885369e+00 6.341080567251792033e+00 6.600238250488470904e+00 6.899303978138056515e+00 7.175355308755749562e+00 7.394297975514505517e+00 7.534326842819896619e+00 7.571692912630313188e+00 7.476313000343110637e+00
5.970368061749338651e+00 5.993091255315882826e+00 6.057858769333713589e+00 6.212888338944692279e+00 6.477344854447810718e+00 6.785798809980641444e+00 7.072162699042685574e+00 7.302159068847779544e+00 7.454823043409821715e+00 7.507869739645350649e+00 7.431959195901245430e+00
5.841657293410856155e+00 5.864314774227699978e+00 5.928948723920742125e+00 6.084388905492856381e+00 6.353519087564376555e+00 6.671166464588998757e+00 6.967714340430391395e+00 7.208572608995398312e+00 7.373535659098354955e+00 7.441742503884154480e+00 7.384826888257031818e+00
5.712934761333245959e+00 5.735515933845495518e+00 5.799979564009676736e+00 5.955611925166442333e+00 6.228757008864716838e+00 6.555363000776790017e+00 6.861980491013670580e+00 7.113529530783606170e+00 7.290489228231667340e+00 7.373364535859288083e+00 7.334945093519432469e+00
5.584200319426876113e+00 5.606693061031118752e+00 5.670947928371550262e+00 5.826579514802892490e+00 6.103066395689481283e+00 6.438339827792733949e+00 6.754926042298761146e+00 7.017013637594189390e+00 7.205699146337123828e+00 7.302782186152572130e+00 7.282345787334310039e+00
5.455453200717236051e+00 5.477843622454825478e+00 5.541848387815222488e+00 5.697305500501003372e+00 5.976466713771765527e+00 6.320043654143374212e+00 6.646509518150967466e+00 6.919001195186252673e+00 7.119171270421974285e+00 7.230033778329428173e+00 7.227061815022945090e+00
5.326692017531676981e+00 5.348964201143388664e+00 5.412673486114383259e+00 5.567795247103483725e+00 5.848986949446629779e+00 6.200416827988295410e+00 6.536682102311933917e+00 6.819460305276421330e+00 7.030901363416232286e+00 7.155148500048907678e+00 7.169124790917569712e+00
