6.293110232237214774e+00 6.690946534609523155e+00 7.152280035655909529e+00 7.635748203402489054e+00 8.118647530117373279e+00 8.588609040696674413e+00 9.034142633609899775e+00 9.441426992133218121e+00 9.795895313958428829e+00 1.008490391378501450e+01 1.029779120363007472e+01
6.505856362053779485e+00 6.789283614337463746e+00 7.189531356391457351e+00 7.648959835205821456e+00 8.123681485438282834e+00 8.590943859262132776e+00 9.035561335254374882e+00 9.442498624465624601e+00 9.796798897970983688e+00 1.008569431151975770e+01 1.029848134769682666e+01
6.789012466291018733e+00 6.959923602482185778e+00 7.266752426424558209e+00 7.678852068645437789e+00 8.135398158764052923e+00 8.596431866536326183e+00 9.038905747582925088e+00 9.445026854028299113e+00 9.798931076938249163e+00 1.008755946164065875e+01 1.030010986535040729e+01
7.087299954828839788e+00 7.182580304190034681e+00 7.392831385546568157e+00 7.734607256638260431e+00 8.158579299729632694e+00 8.607510955102879890e+00 9.045698855367190205e+00 9.450170705629520995e+00 9.803270925524737223e+00 1.009135603812411652e+01 1.030342451655872615e+01
7.369269955822691287e+00 7.422625895531212770e+00 7.557723545933400899e+00 7.821324990862538407e+00 8.198187944173136898e+00 8.627120730500163148e+00 9.057857274478033460e+00 9.459405617465678873e+00 9.811068347860084415e+00 1.009817815525349793e+01 1.030937979853105091e+01
7.625559842220987150e+00 7.656892967731262267e+00 7.743138820183736115e+00 7.937185107687911412e+00 8.257666088180563690e+00 8.658148743856559193e+00 9.077410214624677565e+00 9.474332056765547350e+00 9.823687295137450093e+00 1.010922081241237969e+01 1.031901697209972824e+01
7.856655067595701425e+00 7.876222935830721639e+00 7.932759073427361862e+00 8.072926787987700692e+00 8.336926910971651949e+00 8.702493413911845721e+00 9.106148118742332542e+00 9.496433638416139189e+00 9.842407404098333146e+00 1.012560703485620905e+01 1.033331203169060331e+01
8.066241468107188339e+00 8.079240690441160666e+00 8.117879145942017871e+00 8.220139815999470301e+00 8.434061288141419865e+00 8.761208902912230201e+00 9.145327758053134914e+00 9.526867023656430788e+00 9.868250854943552142e+00 1.014823672121357134e+01 1.035304242243010364e+01
8.258561903005373850e+00 8.267702371647684956e+00 8.295338964797869252e+00 8.371665432757854575e+00 8.544455009755402841e+00 8.833413141992792816e+00 9.195524402791177110e+00 9.566339337313099378e+00 9.901878578878308801e+00 1.017769533665621040e+01 1.037870604231817317e+01
8.437479082187444135e+00 8.444238022654381837e+00 8.464891806869152546e+00 8.523542796696105484e+00 8.663897356842023001e+00 8.918026691078233981e+00 9.256733644431614394e+00 9.615085222503614304e+00 9.943564848411558188e+00 1.021423016073590340e+01 1.041049946712586305e+01
8.606204928020693146e+00 8.611426612805635372e+00 8.627491194466347935e+00 8.673952295249057087e+00 8.789812071513221525e+00 9.013053713960553992e+00 9.328084540856552920e+00 9.672921891733357924e+00 9.993233412895550671e+00 1.025777960173787484e+01 1.044834286842447035e+01
