-1.534716299739521173e+00 -1.534716299507631998e+00 -1.534716298774335019e+00 -1.534716296455449269e+00 -1.534716289122515676e+00 -1.534716265934015444e+00 -1.534716192608259755e+00 -1.534715960759064801e+00 -1.534715227859569486e+00 -1.534712912947945984e+00 -1.534705619747035898e+00
-1.591088507364430082e+00 -1.591088506764058108e+00 -1.591088504865515896e+00 -1.591088498861800815e+00 -1.591088479876412887e+00 -1.591088419839606027e+00 -1.591088229989169101e+00 -1.591087629655535407e+00 -1.591085731495506472e+00 -1.591079731602327296e+00 -1.591060784425930796e+00
-1.654266460890786217e+00 -1.654266459945225254e+00 -1.654266456955099107e+00 -1.654266447499492809e+00 -1.654266417598265093e+00 -1.654266323042530074e+00 -1.654266024033536064e+00 -1.654265078509018716e+00 -1.654262088747404658e+00 -1.654252636785292108e+00 -1.654222771993260288e+00
-1.724398784358771142e+00 -1.724398783095169696e+00 -1.724398779099310719e+00 -1.724398766463297150e+00 -1.724398726504737356e+00 -1.724398600144912752e+00 -1.724398200562426098e+00 -1.724396936995289398e+00 -1.724392941481494024e+00 -1.724380308920663296e+00 -1.724340384882547372e+00
-1.801494138728630956e+00 -1.801494137177060306e+00 -1.801494132270563320e+00 -1.801494116754860375e+00 -1.801494067689921597e+00 -1.801493912533185693e+00 -1.801493421886734669e+00 -1.801491870348724156e+00 -1.801486964177726247e+00 -1.801471451732569395e+00 -1.801422419367232797e+00
-1.885410695892887789e+00 -1.885410694085239092e+00 -1.885410688368952314e+00 -1.885410670292468671e+00 -1.885410613129629098e+00 -1.885410432365068223e+00 -1.885409860739436283e+00 -1.885408053121472083e+00 -1.885402337141580453e+00 -1.885384263726085363e+00 -1.885327131564303649e+00
-1.975857316416813614e+00 -1.975857314385599972e+00 -1.975857307962338494e+00 -1.975857287650204075e+00 -1.975857223417615272e+00 -1.975857020296532873e+00 -1.975856377973249867e+00 -1.975854346788468607e+00 -1.975847923816076213e+00 -1.975827614572508661e+00 -1.975763410887091398e+00
-2.072406484682028260e+00 -2.072406482459201005e+00 -2.072406475430003781e+00 -2.072406453201732113e+00 -2.072406382909783851e+00 -2.072406160627314087e+00 -2.072405457710293497e+00 -2.072403234910189962e+00 -2.072396205985949091e+00 -2.072373980444435659e+00 -2.072303715793556655e+00
-2.174520426817035723e+00 -2.174520424432915711e+00 -2.174520416893666930e+00 -2.174520393052471245e+00 -2.174520317660007862e+00 -2.174520079248281945e+00 -2.174519325325979580e+00 -2.174516941232046641e+00 -2.174509402242278622e+00 -2.174485563635406127e+00 -2.174410197058767036e+00
-2.281585543076235290e+00 -2.281585540558657588e+00 -2.281585532597378396e+00 -2.281585507421605818e+00 -2.281585427808838329e+00 -2.281585176051331043e+00 -2.281584379925880146e+00 -2.281581862373049496e+00 -2.281573901340944399e+00 -2.281548728036568274e+00 -2.281469139951454395e+00
-2.392951878576419222e+00 -2.392951875950144913e+00 -2.392951867645137565e+00 -2.392951841382400247e+00 -2.392951758332347190e+00 -2.392951495705183174e+00 -2.392950665206790006e+00 -2.392948038956486112e+00 -2.392939734185922429e+00 -2.392913473816435932e+00 -2.392830447443065278e+00
