7.042315365925121640e+00 7.042315583020658742e+00 7.042316269536308404e+00 7.042318440482255859e+00 7.042325305544573588e+00 7.042347014062248611e+00 7.042415655267618924e+00 7.042632646272113384e+00 7.043318116786948302e+00 7.045478617280790168e+00 7.052239415230144637e+00
7.182149917117780724e+00 7.182150133912690748e+00 7.182150819477677750e+00 7.182152987417379286e+00 7.182159842973257824e+00 7.182181521430388571e+00 7.182250067590182141e+00 7.182466758165445775e+00 7.183151279610866524e+00 7.185308777878006481e+00 7.192059741882902202e+00
7.321933301926830673e+00 7.321933518496389404e+00 7.321934203348752668e+00 7.321936369034948378e+00 7.321943217464696119e+00 7.321964873387783790e+00 7.322033348295809319e+00 7.322249813609714053e+00 7.322933622813049936e+00 7.325088855049528114e+00 7.331832064342671096e+00
7.461646448376803242e+00 7.461646664796300676e+00 7.461647349174128863e+00 7.461649513359715158e+00 7.461656357044118337e+00 7.461677997961100317e+00 7.461746425414924389e+00 7.461962740637754443e+00 7.462646074290589127e+00 7.464799773301458607e+00 7.471537220645828370e+00
7.601263153271088591e+00 7.601263369620101962e+00 7.601264053775039109e+00 7.601266217255771451e+00 7.601273058711141672e+00 7.601294692578393963e+00 7.601363097729030294e+00 7.601579342295046615e+00 7.602262450345222966e+00 7.604415386467030302e+00 7.611149076225784071e+00
7.740747547353194591e+00 7.740747763720755792e+00 7.740748447934343801e+00 7.740750611600526021e+00 7.740757453642143737e+00 7.740779089361256915e+00 7.740847500346593080e+00 7.741063763110773266e+00 7.741746924957418230e+00 7.743899955338672925e+00 7.750632016761016096e+00
7.880050729363870410e+00 7.880050945854931044e+00 7.880051630459055545e+00 7.880053795360191238e+00 7.880060641306736890e+00 7.880082289370884396e+00 7.880150739358629863e+00 7.880367125045533605e+00 7.881050669780605311e+00 7.883204799743557700e+00 7.889937623117012855e+00
8.019106365866804254e+00 8.019106582610490364e+00 8.019107268013483392e+00 8.019109435440809008e+00 8.019116289375345374e+00 8.019137962694445676e+00 8.019206492490141613e+00 8.019423129925520755e+00 8.020107462156865097e+00 8.022263923199787428e+00 8.029000327793715641e+00
8.157825058822332664e+00 8.157825275982581559e+00 8.157825962702858646e+00 8.157828134295723288e+00 8.157835001402087727e+00 8.157856716366396199e+00 8.157925377774839504e+00 8.158142430493926511e+00 8.158828063604811831e+00 8.160988413490116500e+00 8.167731857279161289e+00
8.296087340603461868e+00 8.296087558392747141e+00 8.296088247102193947e+00 8.296090424985255396e+00 8.296097311981874611e+00 8.296119089833553062e+00 8.296187949993466759e+00 8.296405629918726987e+00 8.297093228921092134e+00 8.299259480064431926e+00 8.306014321523656818e+00
8.433735304172643055e+00 8.433735522869529433e+00 8.433736214449053747e+00 8.433738401407946839e+00 8.433745317103305439e+00 8.433767185692641277e+00 8.433836332626643895e+00 8.434054917576885302e+00 8.434745353919090860e+00 8.436920136658493163e+00 8.443691957589468444e+00
