5.761147412028110537e+00 5.928593014679747419e+00 5.990672768387796054e+00 5.921873348364588452e+00 5.698047603874717204e+00 5.327006869155134439e+00 4.864255757850719952e+00 4.370489866905659326e+00 3.871210251113947454e+00 3.371283923034827268e+00 2.871291309068144670e+00
5.761507337307542720e+00 5.928903594389486997e+00 5.990924478633631090e+00 5.922051899644615425e+00 5.698146169273236694e+00 5.327042332714053252e+00 4.864262882426592327e+00 4.370490740216610881e+00 3.871210334920752949e+00 3.371283929224154985e+00 2.871291308982006463e+00
5.762461234551112810e+00 5.929726683410411425e+00 5.991591496911127024e+00 5.922524971252095760e+00 5.698407238976358258e+00 5.327136219552085272e+00 4.864281733933204066e+00 4.370493050228337673e+00 3.871210556563850158e+00 3.371283945585912711e+00 2.871291308751301230e+00
5.764603696326994431e+00 5.931575192807053476e+00 5.993089199321581795e+00 5.923586770965721726e+00 5.698992784904461040e+00 5.327346556188018667e+00 4.864323913466027882e+00 4.370498214822938543e+00 3.871211051911926937e+00 3.371283982115167444e+00 2.871291308220413452e+00
5.768786128620167375e+00 5.935183158170221240e+00 5.996011250772451007e+00 5.925656686097010351e+00 5.700132598262334760e+00 5.327755041668435609e+00 4.864405615196312205e+00 4.370508202996634672e+00 3.871212009153939704e+00 3.371284052557985245e+00 2.871291307133857273e+00
5.776041551265675977e+00 5.941440058478166364e+00 6.001074862219016204e+00 5.929238349071251690e+00 5.702099618563813976e+00 5.328457011286368505e+00 4.864545357129302694e+00 4.370525238643355515e+00 3.871213639508227722e+00 3.371284172072899210e+00 2.871291305094779922e+00
5.787444157073038831e+00 5.951268267944579193e+00 6.009018902383890470e+00 5.934843827762999346e+00 5.705164656320553362e+00 5.329543288014161995e+00 4.864759949364175995e+00 4.370551280207101819e+00 3.871216126022753112e+00 3.371284353183171323e+00 2.871291301508489990e+00
5.803952794585638841e+00 5.965486199233645870e+00 6.020489678203674977e+00 5.942908167945113895e+00 5.709545081782843035e+00 5.331079648772844237e+00 4.865059992943821854e+00 4.370587447281192084e+00 3.871219567457268251e+00 3.371284601373685685e+00 2.871291295533603183e+00
5.826287720274980764e+00 5.984700114335397281e+00 6.035950070093513808e+00 5.953720918737662515e+00 5.715363678774126655e+00 5.333090719163073423e+00 4.865446536036307279e+00 4.370633613922725758e+00 3.871223939268811698e+00 3.371284912133897027e+00 2.871291286089377337e+00
5.854866720958198378e+00 6.009247585083778986e+00 6.055631616967646735e+00 5.967390007608236679e+00 5.722627710415918223e+00 5.335552922273004484e+00 4.865910037147232359e+00 4.370688323384442242e+00 3.871229087173938765e+00 3.371285270730856265e+00 2.871291271961437186e+00
5.889800135513823420e+00 6.039192494534926681e+00 6.079530058304476015e+00 5.983839198096096545e+00 5.731229813809612494e+00 5.338397446076676545e+00 4.866431841399935010e+00 4.370749042588736089e+00 3.871234754743674067e+00 3.371285654812242072e+00 2.871291252002612815e+00
