1.096633307555555703e+01 1.096633307555555703e+01 1.096633307555555703e+01 1.096633307555555703e+01 1.096633307555555703e+01 1.096633307555555703e+01 1.096633307555555703e+01 1.096633307555555703e+01 1.096633307555555703e+01 1.096633307555555703e+01 1.096633307555555703e+01
1.107759657225192562e+01 1.107759657225192562e+01 1.107759657225192562e+01 1.107759657225192562e+01 1.107759657225192562e+01 1.107759657225192562e+01 1.107759657225192562e+01 1.107759657225192562e+01 1.107759657225192562e+01 1.107759657225192562e+01 1.107759657225192562e+01
1.118321633030715390e+01 1.118321633030715390e+01 1.118321633030715390e+01 1.118321633030715390e+01 1.118321633030715390e+01 1.118321633030715390e+01 1.118321633030715390e+01 1.118321633030715390e+01 1.118321633030715390e+01 1.118321633030715390e+01 1.118321633030715390e+01
1.128276601258073697e+01 1.128276601258073697e+01 1.128276601258073697e+01 1.128276601258073697e+01 1.128276601258073697e+01 1.128276601258073697e+01 1.128276601258073697e+01 1.128276601258073697e+01 1.128276601258073697e+01 1.128276601258073697e+01 1.128276601258073697e+01
1.137593340837057454e+01 1.137593340837057454e+01 1.137593340837057454e+01 1.137593340837057454e+01 1.137593340837057454e+01 1.137593340837057454e+01 1.137593340837057454e+01 1.137593340837057454e+01 1.137593340837057454e+01 1.137593340837057454e+01 1.137593340837057454e+01
1.146253017763101134e+01 1.146253017763101134e+01 1.146253017763101134e+01 1.146253017763101134e+01 1.146253017763101134e+01 1.146253017763101134e+01 1.146253017763101134e+01 1.146253017763101134e+01 1.146253017763101134e+01 1.146253017763101134e+01 1.146253017763101134e+01
1.154249166730460274e+01 1.154249166730460274e+01 1.154249166730460274e+01 1.154249166730460274e+01 1.154249166730460274e+01 1.154249166730460274e+01 1.154249166730460274e+01 1.154249166730460274e+01 1.154249166730460274e+01 1.154249166730460274e+01 1.154249166730460274e+01
1.161586853597025559e+01 1.161586853597025559e+01 1.161586853597025559e+01 1.161586853597025559e+01 1.161586853597025559e+01 1.161586853597025559e+01 1.161586853597025559e+01 1.161586853597025559e+01 1.161586853597025559e+01 1.161586853597025559e+01 1.161586853597025559e+01
1.168281256481194497e+01 1.168281256481194497e+01 1.168281256481194497e+01 1.168281256481194497e+01 1.168281256481194497e+01 1.168281256481194497e+01 1.168281256481194497e+01 1.168281256481194497e+01 1.168281256481194497e+01 1.168281256481194497e+01 1.168281256481194497e+01
1.174355903438543791e+01 1.174355903438543791e+01 1.174355903438543791e+01 1.174355903438543791e+01 1.174355903438543791e+01 1.174355903438543791e+01 1.174355903438543791e+01 1.174355903438543791e+01 1.174355903438543791e+01 1.174355903438543791e+01 1.174355903438543791e+01
1.179840790681613960e+01 1.179840790681613960e+01 1.179840790681613960e+01 1.179840790681613960e+01 1.179840790681613960e+01 1.179840790681613960e+01 1.179840790681613960e+01 1.179840790681613960e+01 1.179840790681613960e+01 1.179840790681613960e+01 1.179840790681613960e+01
