9.583260790663038264e+00 9.583260790773399762e+00 9.583260791122393485e+00 9.583260792226006686e+00 9.583260795715943914e+00 9.583260806752086580e+00 9.583260841651403794e+00 9.583260952012421896e+00 9.583261301001490651e+00 9.583262404570664472e+00 9.583265894051136158e+00
9.622405152172545328e+00 9.622405152290696151e+00 9.622405152664319061e+00 9.622405153845823733e+00 9.622405157582065272e+00 9.622405169397097779e+00 9.622405206759459873e+00 9.622405324909145463e+00 9.622405698526483420e+00 9.622406879960495374e+00 9.622410615505291531e+00
9.657038645389251386e+00 9.657038645513802422e+00 9.657038645907666918e+00 9.657038647153171951e+00 9.657038651091808035e+00 9.657038663546861912e+00 9.657038702933123275e+00 9.657038827482693932e+00 9.657039221335733004e+00 9.657040466735564266e+00 9.657044404307107754e+00
9.687593228804688650e+00 9.687593228933204514e+00 9.687593229339602985e+00 9.687593230624750973e+00 9.687593234688742783e+00 9.687593247540201347e+00 9.687593288179975559e+00 9.687593416693122350e+00 9.687593823076351640e+00 9.687595108062728499e+00 9.687599170443846219e+00
9.714436256907102774e+00 9.714436257035842459e+00 9.714436257442955025e+00 9.714436258730357210e+00 9.714436262801479316e+00 9.714436275675478072e+00 9.714436316386475312e+00 9.714436445124299269e+00 9.714436852212546825e+00 9.714438139373594794e+00 9.714442208083649888e+00
9.737883424306472691e+00 9.737883424430140877e+00 9.737883424821211165e+00 9.737883426057884151e+00 9.737883429968587023e+00 9.737883442335288464e+00 9.737883481441988565e+00 9.737883605105794871e+00 9.737883996140729082e+00 9.737885232458118878e+00 9.737889139600033772e+00
9.758291607765542608e+00 9.758291607877023210e+00 9.758291608229557212e+00 9.758291609344368567e+00 9.758291612869708587e+00 9.758291624017777721e+00 9.758291659270714291e+00 9.758291770746748028e+00 9.758292123229544757e+00 9.758293237524254593e+00 9.758296757695291035e+00
9.775975090280450530e+00 9.775975090370657483e+00 9.775975090655913746e+00 9.775975091557976171e+00 9.775975094410540578e+00 9.775975103431090218e+00 9.775975131956068154e+00 9.775975222154929867e+00 9.775975507338403148e+00 9.775976408663968442e+00 9.775979253867548735e+00
9.791225919116753218e+00 9.791225919174564751e+00 9.791225919357385621e+00 9.791225919935513389e+00 9.791225921763707873e+00 9.791225927544896734e+00 9.791225945825916099e+00 9.791226003628558772e+00 9.791226186346396076e+00 9.791226763449223824e+00 9.791228581391465013e+00
9.804314036575641822e+00 9.804314036588012371e+00 9.804314036627133078e+00 9.804314036750840344e+00 9.804314037142031424e+00 9.804314038378986851e+00 9.804314042289629327e+00 9.804314054646631860e+00 9.804314093627523263e+00 9.804314215942179445e+00 9.804314593198709460e+00
9.815487916332344298e+00 9.815487916284576286e+00 9.815487916133520230e+00 9.815487915655838336e+00 9.815487914145261783e+00 9.815487909368275865e+00 9.815487894260851220e+00 9.815487846474361788e+00 9.815487695234006438e+00 9.815487215708078139e+00 9.815485686698279366e+00
