1.117642419001189324e+01 1.117642419001189324e+01 1.117642419001189324e+01 1.117642419001189324e+01 1.117642419001189324e+01 1.117642419001189324e+01 1.117642419001189324e+01 1.117642419001189324e+01 1.117642419001189324e+01 1.117642419001189324e+01 1.117642419001189324e+01
1.115809502367656947e+01 1.115809502367656947e+01 1.115809502367656947e+01 1.115809502367656947e+01 1.115809502367656947e+01 1.115809502367656947e+01 1.115809502367656947e+01 1.115809502367656947e+01 1.115809502367656947e+01 1.115809502367656947e+01 1.115809502367656947e+01
1.113740563049038990e+01 1.113740563049038990e+01 1.113740563049038990e+01 1.113740563049038990e+01 1.113740563049038990e+01 1.113740563049038990e+01 1.113740563049038990e+01 1.113740563049038990e+01 1.113740563049038990e+01 1.113740563049038990e+01 1.113740563049039167e+01
1.111410455327863467e+01 1.111410455327863467e+01 1.111410455327863467e+01 1.111410455327863467e+01 1.111410455327863467e+01 1.111410455327863467e+01 1.111410455327863467e+01 1.111410455327863467e+01 1.111410455327863467e+01 1.111410455327863467e+01 1.111410455327863467e+01
1.108792412590035070e+01 1.108792412590035070e+01 1.108792412590035070e+01 1.108792412590035070e+01 1.108792412590035070e+01 1.108792412590035070e+01 1.108792412590035070e+01 1.108792412590035070e+01 1.108792412590035070e+01 1.108792412590035070e+01 1.108792412590035070e+01
1.105858215911668729e+01 1.105858215911668729e+01 1.105858215911668729e+01 1.105858215911668729e+01 1.105858215911668729e+01 1.105858215911668729e+01 1.105858215911668729e+01 1.105858215911668729e+01 1.105858215911668729e+01 1.105858215911668729e+01 1.105858215911668729e+01
1.102578452745527571e+01 1.102578452745527571e+01 1.102578452745527571e+01 1.102578452745527571e+01 1.102578452745527571e+01 1.102578452745527571e+01 1.102578452745527571e+01 1.102578452745527571e+01 1.102578452745527571e+01 1.102578452745527571e+01 1.102578452745527571e+01
1.098922883646508808e+01 1.098922883646508808e+01 1.098922883646508808e+01 1.098922883646508808e+01 1.098922883646508808e+01 1.098922883646508808e+01 1.098922883646508808e+01 1.098922883646508808e+01 1.098922883646508808e+01 1.098922883646508808e+01 1.098922883646508808e+01
1.094860934721999968e+01 1.094860934721999968e+01 1.094860934721999968e+01 1.094860934721999968e+01 1.094860934721999968e+01 1.094860934721999968e+01 1.094860934721999968e+01 1.094860934721999968e+01 1.094860934721999968e+01 1.094860934721999968e+01 1.094860934721999968e+01
1.090362331188357636e+01 1.090362331188357636e+01 1.090362331188357636e+01 1.090362331188357636e+01 1.090362331188357636e+01 1.090362331188357636e+01 1.090362331188357636e+01 1.090362331188357636e+01 1.090362331188357636e+01 1.090362331188357636e+01 1.090362331188357636e+01
1.085397882123045932e+01 1.085397882123045932e+01 1.085397882123045932e+01 1.085397882123045932e+01 1.085397882123045932e+01 1.085397882123045932e+01 1.085397882123045932e+01 1.085397882123045932e+01 1.085397882123045932e+01 1.085397882123045932e+01 1.085397882123045932e+01
