1.106578212192945898e+01 1.060423440440794174e+01 1.011655987528073553e+01 9.620310727790787553e+00 9.121464471519686867e+00 8.621825025337198412e+00 8.121938569036680988e+00 7.621974425804668662e+00 7.121985759768852731e+00 6.621989343387242322e+00 6.121990476577249041e+00
1.106055325961719049e+01 1.060314053360337461e+01 1.011638620088544194e+01 9.620284120009669593e+00 9.121459501821664873e+00 8.621823822815287031e+00 8.121938226517849913e+00 7.621974321293531140e+00 7.121985727100693886e+00 6.621989333094807861e+00 6.121990473326310855e+00
1.105395457924161384e+01 1.060170723318424990e+01 1.011615742669829565e+01 9.620249918503011699e+00 9.121453366399329354e+00 8.621822384922991134e+00 8.121937823219518293e+00 7.621974198937778944e+00 7.121985688927459535e+00 6.621989321075314905e+00 6.121990469530609325e+00
1.104572536148486250e+01 1.059983677269467961e+01 1.011585534829601585e+01 9.620205683075274905e+00 9.121445741026045440e+00 8.621820658049923480e+00 8.121937347212478286e+00 7.621974055471577358e+00 7.121985644267181392e+00 6.621989307023319782e+00 6.121990465094062195e+00
1.103559287132494404e+01 1.059740875548212813e+01 1.011545576313479344e+01 9.620148121005311026e+00 9.121436196422926912e+00 8.621818573866503854e+00 8.121936783822144790e+00 7.621973886953606225e+00 7.121985591943609251e+00 6.621989290573876197e+00 6.121990459901966553e+00
1.102328100213098594e+01 1.059427760975381716e+01 1.011492661377878655e+01 9.620072770901922254e+00 9.121424159773292573e+00 8.621816044472142337e+00 8.121936114856433520e+00 7.621973688599939400e+00 7.121985530541086185e+00 6.621989271289036694e+00 6.121990453816802180e+00
1.100851798249467706e+01 1.059027079919615133e+01 1.011422565307231380e+01 9.619973564098110330e+00 9.121408860599336421e+00 8.621812955674505119e+00 8.121935317568398816e+00 7.621973454566063566e+00 7.121985458346663300e+00 6.621989248640656633e+00 6.121990446672910480e+00
1.099104179366071676e+01 1.058518792548133547e+01 1.011329756373706523e+01 9.619842214926830337e+00 9.121389253995722868e+00 8.621809157577018823e+00 8.121934363245383537e+00 7.621973177659299381e+00 7.121985373275073528e+00 6.621989221988259899e+00 6.121990438269648394e+00
1.097060252655528956e+01 1.057880070763723523e+01 1.011207047845892326e+01 9.619667371987322468e+00 9.121363910758791604e+00 8.621804451241976253e+00 8.121933215265130457e+00 7.621972848954644775e+00 7.121985272770391617e+00 6.621989190550257476e+00 6.121990428362525272e+00
1.094696153928157756e+01 1.057085359925746282e+01 1.011045186487574910e+01 9.619433436087243550e+00 9.121330858623723614e+00 8.621798569556739622e+00 8.121931826380299313e+00 7.621972457274836188e+00 7.121985153675638003e+00 6.621989153366120817e+00 6.121990416651574840e+00
1.091988771977032435e+01 1.056106460018956383e+01 1.010832375610838696e+01 9.619118914567449607e+00 9.121287350525495441e+00 8.621791149416052846e+00 8.121930134868973639e+00 7.621971988476574644e+00 7.121985012057643338e+00 6.621989109246061211e+00 6.121990402765953299e+00
