-2.788417511602046943e+02 -2.788417511540837950e+02 -2.788417511347278150e+02 -2.788417510735188785e+02 -2.788417508799594771e+02 -2.788417502678742039e+02 -2.788417483323216288e+02 -2.788417422118782838e+02 -2.788417228604498632e+02 -2.788416616969801680e+02 -2.788414685920563443e+02
-2.789296369693518614e+02 -2.789296369621730491e+02 -2.789296369394716066e+02 -2.789296368676833708e+02 -2.789296366406694005e+02 -2.789296359227911921e+02 -2.789296336526910522e+02 -2.789296264743059623e+02 -2.789296037772764976e+02 -2.789295320331333983e+02 -2.789293054596596448e+02
-2.790240069426151308e+02 -2.790240069344955032e+02 -2.790240069088190467e+02 -2.790240068276229408e+02 -2.790240065708587167e+02 -2.790240057589018079e+02 -2.790240031912977088e+02 -2.790239950721129958e+02 -2.790239693999176893e+02 -2.790238882465139341e+02 -2.790236319087556467e+02
-2.791243599146177417e+02 -2.791243599056768403e+02 -2.791243598774033217e+02 -2.791243597879945355e+02 -2.791243595052594628e+02 -2.791243586111754098e+02 -2.791243557838616880e+02 -2.791243468433936528e+02 -2.791243185739807018e+02 -2.791242292065341530e+02 -2.791239468845054148e+02
-2.792301000238139750e+02 -2.792301000141686700e+02 -2.792300999836676283e+02 -2.792300998872148625e+02 -2.792300995822047298e+02 -2.792300986176807100e+02 -2.792300955676153649e+02 -2.792300859227364072e+02 -2.792300554256964347e+02 -2.792299590130339197e+02 -2.792296544036737487e+02
-2.793405788189666055e+02 -2.793405788087266046e+02 -2.793405787763449553e+02 -2.793405786739450605e+02 -2.793405783501285669e+02 -2.793405773261335412e+02 -2.793405740880036774e+02 -2.793405638484051678e+02 -2.793405314706233185e+02 -2.793404291097981513e+02 -2.793401056833537268e+02
-2.794551380039487753e+02 -2.794551379932130430e+02 -2.794551379592635953e+02 -2.794551378519060449e+02 -2.794551375124120227e+02 -2.794551364388401566e+02 -2.794551330439339836e+02 -2.794551223085591118e+02 -2.794550883629335658e+02 -2.794549810435398740e+02 -2.794546419306109897e+02
-2.795731490787666758e+02 -2.795731490676209887e+02 -2.795731490323751700e+02 -2.795731489209182996e+02 -2.795731485684609083e+02 -2.795731474538952739e+02 -2.795731439293548988e+02 -2.795731327840359768e+02 -2.795730975420054278e+02 -2.795729861225375998e+02 -2.795726340392235443e+02
-2.796940415382499054e+02 -2.796940415267658864e+02 -2.796940414904503882e+02 -2.796940413756105386e+02 -2.796940410124554433e+02 -2.796940398640606418e+02 -2.796940362325426577e+02 -2.796940247489273474e+02 -2.796939884370744380e+02 -2.796938736341801928e+02 -2.796935108480187182e+02
-2.798173226602938257e+02 -2.798173226485289433e+02 -2.798173226113252667e+02 -2.798173224936768975e+02 -2.798173221216402453e+02 -2.798173209451595653e+02 -2.798173172248260130e+02 -2.798173054603489618e+02 -2.798172682603106409e+02 -2.798171506485011264e+02 -2.798167789775059759e+02
-2.799425858307607768e+02 -2.799425858187590279e+02 -2.799425857808062119e+02 -2.799425856607887795e+02 -2.799425852812606195e+02 -2.799425840810897057e+02 -2.799425802858410179e+02 -2.799425682844602647e+02 -2.799425303352559808e+02 -2.799424103542675653e+02 -2.799420311901866967e+02
