-5.462928196814795356e+00 -5.462928196736853259e+00 -5.462928196490377530e+00 -5.462928195710953894e+00 -5.462928193246199271e+00 -5.462928185451960239e+00 -5.462928160804414013e+00 -5.462928082862037904e+00 -5.462927836386696434e+00 -5.462927056964152150e+00 -5.462924592222854869e+00
-5.336739177647396026e+00 -5.336739177570639647e+00 -5.336739177327912920e+00 -5.336739176560342912e+00 -5.336739174133075636e+00 -5.336739166457381778e+00 -5.336739142184708129e+00 -5.336739065427783757e+00 -5.336738822701164509e+00 -5.336738055133093184e+00 -5.336735627878653965e+00
-5.210237660879550425e+00 -5.210237660803509030e+00 -5.210237660563044493e+00 -5.210237659802629651e+00 -5.210237657397986055e+00 -5.210237649793836745e+00 -5.210237625747407009e+00 -5.210237549705926341e+00 -5.210237309241739112e+00 -5.210236548828087066e+00 -5.210234144197745110e+00
-5.083238386050576985e+00 -5.083238385974895301e+00 -5.083238385735566744e+00 -5.083238384978743696e+00 -5.083238382585461679e+00 -5.083238375017237409e+00 -5.083238351084413686e+00 -5.083238275402186090e+00 -5.083238036074057220e+00 -5.083237279252930563e+00 -5.083234885983067386e+00
-4.955604596441633092e+00 -4.955604596366042891e+00 -4.955604596127005657e+00 -4.955604595371104537e+00 -4.955604592980732193e+00 -4.955604585421713004e+00 -4.955604561517995776e+00 -4.955604485927811886e+00 -4.955604246890751519e+00 -4.955603490990061033e+00 -4.955601100630850908e+00
-4.827240438312636606e+00 -4.827240438236941600e+00 -4.827240437997572187e+00 -4.827240437240622128e+00 -4.827240434846933326e+00 -4.827240427277426527e+00 -4.827240403340544717e+00 -4.827240327645486495e+00 -4.827240088276782082e+00 -4.827239331327344729e+00 -4.827236937651730564e+00
-4.698084486667504223e+00 -4.698084486591563191e+00 -4.698084486351416622e+00 -4.698084485592005421e+00 -4.698084483190538840e+00 -4.698084475596433940e+00 -4.698084451581765464e+00 -4.698084375640725341e+00 -4.698084135494158708e+00 -4.698083376084909446e+00 -4.698080974630744144e+00
-4.568104065076181719e+00 -4.568104064999897851e+00 -4.568104064758667704e+00 -4.568104063995829023e+00 -4.568104061583522224e+00 -4.568104053955138966e+00 -4.568104029832073643e+00 -4.568103953548251717e+00 -4.568103712317713061e+00 -4.568102949480652875e+00 -4.568100537186875698e+00
-4.437290161863421289e+00 -4.437290161786732412e+00 -4.437290161544222400e+00 -4.437290160777338066e+00 -4.437290158352237057e+00 -4.437290150683393719e+00 -4.437290126432381854e+00 -4.437290049743957354e+00 -4.437289807233955941e+00 -4.437289040350886005e+00 -4.437286615262599376e+00
-4.305652840189607033e+00 -4.305652840112480284e+00 -4.305652839868581161e+00 -4.305652839097305673e+00 -4.305652836658318883e+00 -4.305652828945564892e+00 -4.305652804555696989e+00 -4.305652727428170401e+00 -4.305652483529606833e+00 -4.305651712255530228e+00 -4.305649273281760614e+00
-4.173217100766922094e+00 -4.173217100689342374e+00 -4.173217100444012395e+00 -4.173217099668210750e+00 -4.173217097214910964e+00 -4.173217089456895401e+00 -4.173217064923898434e+00 -4.173216987343758788e+00 -4.173216742013909020e+00 -4.173215966213716932e+00 -4.173213512927219426e+00
