-3.901406912317940368e+01 -3.901415462947091584e+01 -3.901442527200062216e+01 -3.901528356747309090e+01 -3.901802127485664329e+01 -3.902688517353611530e+01 -3.905618661198962371e+01 -3.914738763401986432e+01 -3.936044688397574731e+01 -3.970674597450268806e+01 -4.014229083167107603e+01
-3.903701134235824810e+01 -3.903708301644166312e+01 -3.903730994512974206e+01 -3.903803028405950926e+01 -3.904033465682501003e+01 -3.904786139595833561e+01 -3.907335603053520146e+01 -3.915695195382596694e+01 -3.936339500054266693e+01 -3.970729447124372768e+01 -4.014236329149837701e+01
-3.906411207490213400e+01 -3.906416951827448258e+01 -3.906435146624708921e+01 -3.906492977487305751e+01 -3.906678723752307292e+01 -3.907292650132492184e+01 -3.909437752433751712e+01 -3.916926573104608167e+01 -3.936732221433428691e+01 -3.970803126839682307e+01 -4.014246080766625369e+01
-3.909589227268500622e+01 -3.909593521637633273e+01 -3.909607132694905118e+01 -3.909650483438716861e+01 -3.909790599002879929e+01 -3.910262126627635837e+01 -3.911983863446437226e+01 -3.918495853578669141e+01 -3.937253708378744932e+01 -3.970902044751218085e+01 -4.014259202005388971e+01
-3.913287416679539632e+01 -3.913290248984267095e+01 -3.913299237499275307e+01 -3.913327979867350592e+01 -3.913422002097704677e+01 -3.913749054453310094e+01 -3.915033903035799057e+01 -3.920472834425264352e+01 -3.937943333631825027e+01 -3.971034747769799367e+01 -4.014276853808015488e+01
-3.917556141952602644e+01 -3.917557516507333304e+01 -3.917561895639068581e+01 -3.917576066355874076e+01 -3.917624061138031522e+01 -3.917806304129228323e+01 -3.918646894264643521e+01 -3.922931932340801353e+01 -3.938850503363563860e+01 -3.971212603214804915e+01 -4.014300595722072273e+01
-3.922441566747162511e+01 -3.922441505518415283e+01 -3.922441344314911049e+01 -3.922441157528393063e+01 -3.922443758829406590e+01 -3.922482728673449515e+01 -3.922878340441479850e+01 -3.925949011747271555e+01 -3.940035879654939777e+01 -3.971450669017628599e+01 -4.014332521048689273e+01
-3.927982953762207785e+01 -3.927981497079531437e+01 -3.927976922727211928e+01 -3.927962777133843986e+01 -3.927921209651098877e+01 -3.927820385938969849e+01 -3.927777238759001932e+01 -3.929597374774583329e+01 -3.941571915231904910e+01 -3.971768791286938693e+01 -4.014375438208548985e+01
-3.934209878831934759e+01 -3.934207085396419501e+01 -3.934198283247069128e+01 -3.934170762177455316e+01 -3.934086841605352447e+01 -3.933851648121356703e+01 -3.933382929816098539e+01 -3.933943207837435807e+01 -3.943542152010665092e+01 -3.972192946242630285e+01 -4.014433111360015971e+01
-3.941139585303856308e+01 -3.941135531324051300e+01 -3.941122742161371661e+01 -3.941082604926189248e+01 -3.940958710478165017e+01 -3.940596427047650252e+01 -3.939722016701629315e+01 -3.939040866681314412e+01 -3.946038729606313211e+01 -3.972756822530244847e+01 -4.014510579447848926e+01
-3.948774834517145393e+01 -3.948769611845299465e+01 -3.948753125988982049e+01 -3.948701289212015553e+01 -3.948540304355414321e+01 -3.948059876847006677e+01 -3.946805723815559475e+01 -3.944928482834380645e+01 -3.949157698859451671e+01 -3.973503580380543809e+01 -4.014614576799915824e+01
