8.963037207840725884e+00 8.962199633328760129e+00 8.959136828003741115e+00 8.947882084460156094e+00 8.917389693513392501e+00 8.860510422038048617e+00 8.773455718106388801e+00 8.651239862243263801e+00 8.486865530953565440e+00 8.272050147525380481e+00 7.999087164009297979e+00
8.953415713885959804e+00 8.952809846227015811e+00 8.950494471216961401e+00 8.941174152674257414e+00 8.913194567482207731e+00 8.858099515611360886e+00 8.772102831424531288e+00 8.650500734854620788e+00 8.486480279438076479e+00 8.271863955675366142e+00 7.999006688362100270e+00
8.942049150380052325e+00 8.941652150050767744e+00 8.940030807597526774e+00 8.932695095499999738e+00 8.907694655812488094e+00 8.854892361103463116e+00 8.770292799225481772e+00 8.649509391370473921e+00 8.485962989409028268e+00 8.271613841562315272e+00 7.998898587000451421e+00
8.928705672163992801e+00 8.928491681067836083e+00 8.927494052901932875e+00 8.922114304583972810e+00 8.900538266615864558e+00 8.850640989322277719e+00 8.767875273635027611e+00 8.648180898061593069e+00 8.485268699104617340e+00 8.271277919958135882e+00 7.998753378523657531e+00
8.913138129747869343e+00 8.913079638346580680e+00 8.912623638132778581e+00 8.909091382360101008e+00 8.891312749018085881e+00 8.845031150051788416e+00 8.764653655479426320e+00 8.646402631669014127e+00 8.484337386529587022e+00 8.270826875041256798e+00 7.998558339715933663e+00
8.895084988062123443e+00 8.895154215666087438e+00 8.895151722020893104e+00 8.893288424939717274e+00 8.879552490523014541e+00 8.837672144837259935e+00 8.760373269295774534e+00 8.644025966397515859e+00 8.483089126173291916e+00 8.270221489636011114e+00 7.998296408719091311e+00
8.874271459076684465e+00 8.874441614429544600e+00 8.874804044629128086e+00 8.874379835266525518e+00 8.864756492834297674e+00 8.828090116643467766e+00 8.754708277139492623e+00 8.640856015519048583e+00 8.481417847318134307e+00 8.269409394847951233e+00 7.997944726687103767e+00
8.850410944177459882e+00 8.850657261431114975e+00 8.851300369393264589e+00 8.852057698721234047e+00 8.846415073266202356e+00 8.815728306415804738e+00 8.747248541388918497e+00 8.636639398453207050e+00 8.479183415840919835e+00 8.268320827642989812e+00 7.997472706497612549e+00
8.823206935943252560e+00 8.823507422249127430e+00 8.824354923612089507e+00 8.826032340190275605e+00 8.824041714324037500e+00 8.799958310545655138e+00 8.737488699543995097e+00 8.631050382663238096e+00 8.476201809516652474e+00 8.266863153231797767e+00 7.996839489008912061e+00
8.792355576055399524e+00 8.792691451598489749e+00 8.793677325404743783e+00 8.796029333955210916e+00 8.797202835190597980e+00 8.780105582950719523e+00 8.724823012974514569e+00 8.623676421250829449e+00 8.472233310746169366e+00 8.264913898168243733e+00 7.995990617422258140e+00
8.757549097727949317e+00 8.757904948269091605e+00 8.758974479063013518e+00 8.761785217344286281e+00 8.765537551675663508e+00 8.755489544811782210e+00 8.708550725989590902e+00 8.614005152082572891e+00 8.466968975954513255e+00 8.262312074720977506e+00 7.994853733521544825e+00
