8.757381705836456476e+00 8.757381705836493779e+00 8.757381705836607466e+00 8.757381705836971619e+00 8.757381705838122699e+00 8.757381705841760677e+00 8.757381705853267917e+00 8.757381705889654810e+00 8.757381706004718325e+00 8.757381706368581931e+00 8.757381707519222402e+00
8.718310159259008429e+00 8.718310159259045733e+00 8.718310159259162972e+00 8.718310159259532455e+00 8.718310159260701298e+00 8.718310159264396120e+00 8.718310159276079219e+00 8.718310159313025665e+00 8.718310159429860207e+00 8.718310159799326442e+00 8.718310160967678968e+00
8.674679834592069483e+00 8.674679834592106786e+00 8.674679834592222250e+00 8.674679834592588179e+00 8.674679834593748140e+00 8.674679834597412764e+00 8.674679834609005269e+00 8.674679834645658616e+00 8.674679834761571229e+00 8.674679835128115357e+00 8.674679836287230827e+00
8.626202949913162499e+00 8.626202949913198026e+00 8.626202949913309936e+00 8.626202949913668760e+00 8.626202949914798523e+00 8.626202949918374330e+00 8.626202949929682617e+00 8.626202949965442457e+00 8.626202950078527110e+00 8.626202950436127281e+00 8.626202951566959598e+00
8.572614787109376522e+00 8.572614787109410273e+00 8.572614787109520407e+00 8.572614787109865020e+00 8.572614787110953927e+00 8.572614787114401835e+00 8.572614787125303337e+00 8.572614787159777094e+00 8.572614787268788561e+00 8.572614787613519027e+00 8.572614788703647903e+00
8.513684051770802341e+00 8.513684051770836092e+00 8.513684051770939121e+00 8.513684051771269523e+00 8.513684051772312245e+00 8.513684051775607387e+00 8.513684051786031048e+00 8.513684051818993126e+00 8.513684051923227969e+00 8.513684052252845191e+00 8.513684053295188292e+00
8.449224324245477646e+00 8.449224324245507844e+00 8.449224324245607320e+00 8.449224324245919959e+00 8.449224324246912943e+00 8.449224324250048213e+00 8.449224324259963836e+00 8.449224324291321864e+00 8.449224324390479879e+00 8.449224324704051270e+00 8.449224325695649185e+00
8.379106023255030067e+00 8.379106023255058489e+00 8.379106023255152635e+00 8.379106023255451063e+00 8.379106023256392533e+00 8.379106023259367930e+00 8.379106023268777292e+00 8.379106023298531269e+00 8.379106023392624891e+00 8.379106023690173544e+00 8.379106024631104432e+00
8.303268014049633550e+00 8.303268014049661971e+00 8.303268014049750789e+00 8.303268014050033230e+00 8.303268014050924961e+00 8.303268014053747592e+00 8.303268014062672009e+00 8.303268014090894766e+00 8.303268014180142487e+00 8.303268014462370061e+00 8.303268015354849041e+00
8.221727716695960808e+00 8.221727716695987453e+00 8.221727716696072719e+00 8.221727716696340948e+00 8.221727716697188271e+00 8.221727716699868793e+00 8.221727716708345568e+00 8.221727716735149016e+00 8.221727716819913212e+00 8.221727717087956577e+00 8.221727717935586099e+00
8.134588372298745540e+00 8.134588372298770409e+00 8.134588372298850345e+00 8.134588372299106140e+00 8.134588372299912606e+00 8.134588372302465231e+00 8.134588372310538773e+00 8.134588372336063244e+00 8.134588372416782676e+00 8.134588372672036272e+00 8.134588373479223478e+00
