-1.734264278293248935e+02 -1.734264278489428932e+02 -1.734264279109804079e+02 -1.734264281071602340e+02 -1.734264287275347556e+02 -1.734264306893257697e+02 -1.734264368929987654e+02 -1.734264565101860853e+02 -1.734265185396834283e+02 -1.734267146391055689e+02 -1.734273342056723664e+02
-1.734289288453904305e+02 -1.734289288643821862e+02 -1.734289289244394183e+02 -1.734289291143569756e+02 -1.734289297149286426e+02 -1.734289316140985591e+02 -1.734289376197572778e+02 -1.734289566108779752e+02 -1.734290166616749218e+02 -1.734292065148654274e+02 -1.734298064390371792e+02
-1.734320655968988376e+02 -1.734320656151965636e+02 -1.734320656730590144e+02 -1.734320658560361323e+02 -1.734320664346602143e+02 -1.734320682644269596e+02 -1.734320740506237541e+02 -1.734320923478483110e+02 -1.734321502053862787e+02 -1.734323331332247449e+02 -1.734329112611976029e+02
-1.734359837905471693e+02 -1.734359838080794134e+02 -1.734359838635211872e+02 -1.734359840388434577e+02 -1.734359845932609119e+02 -1.734359863464804334e+02 -1.734359918906233986e+02 -1.734360094225028774e+02 -1.734360648607711539e+02 -1.734362401478561253e+02 -1.734367942104142628e+02
-1.734408565148190746e+02 -1.734408565315113719e+02 -1.734408565842969665e+02 -1.734408567512197124e+02 -1.734408572790756295e+02 -1.734408589483010701e+02 -1.734408642268403753e+02 -1.734408809188963971e+02 -1.734409337023015780e+02 -1.734411006028987288e+02 -1.734416282345973741e+02
-1.734468889859863339e+02 -1.734468890017620026e+02 -1.734468890516490092e+02 -1.734468892094055832e+02 -1.734468897082755916e+02 -1.734468912858403655e+02 -1.734468962745313547e+02 -1.734469120500880308e+02 -1.734469619360830279e+02 -1.734471196824257504e+02 -1.734476184477089191e+02
-1.734543204101458969e+02 -1.734543204249270616e+02 -1.734543204716691491e+02 -1.734543206194806544e+02 -1.734543210869016434e+02 -1.734543225650166107e+02 -1.734543272392270694e+02 -1.734543420203828248e+02 -1.734543887625438288e+02 -1.734545365745975118e+02 -1.734550039990250525e+02
-1.734634301478190821e+02 -1.734634301615278957e+02 -1.734634302048789891e+02 -1.734634303419671539e+02 -1.734634307754780878e+02 -1.734634321463607023e+02 -1.734634364814792207e+02 -1.734634501903977650e+02 -1.734634935425042102e+02 -1.734636306408436326e+02 -1.734640642515639968e+02
-1.734745360415289497e+02 -1.734745360540890147e+02 -1.734745360938073588e+02 -1.734745362194078666e+02 -1.734745366165916778e+02 -1.734745378725984040e+02 -1.734745418444532561e+02 -1.734745544046889734e+02 -1.734745941249193777e+02 -1.734747197440452169e+02 -1.734751171123907341e+02
-1.734880004888610472e+02 -1.734880005001989502e+02 -1.734880005360525956e+02 -1.734880006494317399e+02 -1.734880010079683075e+02 -1.734880021417622515e+02 -1.734880057271512896e+02 -1.734880170653246694e+02 -1.734880529215533045e+02 -1.734881663266256169e+02 -1.734885251208689567e+02
-1.735042263922906329e+02 -1.735042264023378209e+02 -1.735042264341097678e+02 -1.735042265345814769e+02 -1.735042268523012012e+02 -1.735042278570213909e+02 -1.735042310342476242e+02 -1.735042410817390532e+02 -1.735042728568951702e+02 -1.735043733607099625e+02 -1.735046914000398317e+02
