6.713095183851901737e+00 6.713095183851901737e+00 6.713095183851901737e+00 6.713095183851901737e+00 6.713095183851901737e+00 6.713095183851901737e+00 6.713095183851901737e+00 6.713095183851901737e+00 6.713095183851901737e+00 6.713095183851901737e+00 6.713095183851901737e+00
6.584673192407558773e+00 6.584673192407558773e+00 6.584673192407558773e+00 6.584673192407558773e+00 6.584673192407558773e+00 6.584673192407558773e+00 6.584673192407558773e+00 6.584673192407558773e+00 6.584673192407558773e+00 6.584673192407558773e+00 6.584673192407558773e+00
6.456181876841050382e+00 6.456181876841050382e+00 6.456181876841050382e+00 6.456181876841050382e+00 6.456181876841050382e+00 6.456181876841050382e+00 6.456181876841050382e+00 6.456181876841050382e+00 6.456181876841050382e+00 6.456181876841050382e+00 6.456181876841050382e+00
6.327638586408496302e+00 6.327638586408496302e+00 6.327638586408496302e+00 6.327638586408496302e+00 6.327638586408496302e+00 6.327638586408496302e+00 6.327638586408496302e+00 6.327638586408496302e+00 6.327638586408496302e+00 6.327638586408496302e+00 6.327638586408496302e+00
6.199056224889343270e+00 6.199056224889343270e+00 6.199056224889343270e+00 6.199056224889343270e+00 6.199056224889343270e+00 6.199056224889343270e+00 6.199056224889343270e+00 6.199056224889343270e+00 6.199056224889343270e+00 6.199056224889343270e+00 6.199056224889343270e+00
6.070444335813437675e+00 6.070444335813437675e+00 6.070444335813437675e+00 6.070444335813437675e+00 6.070444335813437675e+00 6.070444335813437675e+00 6.070444335813437675e+00 6.070444335813437675e+00 6.070444335813437675e+00 6.070444335813437675e+00 6.070444335813437675e+00
5.941809916885227416e+00 5.941809916885227416e+00 5.941809916885227416e+00 5.941809916885227416e+00 5.941809916885227416e+00 5.941809916885227416e+00 5.941809916885227416e+00 5.941809916885227416e+00 5.941809916885227416e+00 5.941809916885227416e+00 5.941809916885227416e+00
5.813158022105133327e+00 5.813158022105133327e+00 5.813158022105133327e+00 5.813158022105133327e+00 5.813158022105133327e+00 5.813158022105133327e+00 5.813158022105133327e+00 5.813158022105133327e+00 5.813158022105133327e+00 5.813158022105133327e+00 5.813158022105133327e+00
5.684492202680243800e+00 5.684492202680243800e+00 5.684492202680243800e+00 5.684492202680243800e+00 5.684492202680243800e+00 5.684492202680243800e+00 5.684492202680243800e+00 5.684492202680243800e+00 5.684492202680243800e+00 5.684492202680243800e+00 5.684492202680243800e+00
5.555814817615520873e+00 5.555814817615520873e+00 5.555814817615520873e+00 5.555814817615520873e+00 5.555814817615520873e+00 5.555814817615520873e+00 5.555814817615520873e+00 5.555814817615520873e+00 5.555814817615520873e+00 5.555814817615520873e+00 5.555814817615520873e+00
5.427127245243352327e+00 5.427127245243352327e+00 5.427127245243352327e+00 5.427127245243352327e+00 5.427127245243352327e+00 5.427127245243352327e+00 5.427127245243352327e+00 5.427127245243352327e+00 5.427127245243352327e+00 5.427127245243352327e+00 5.427127245243352327e+00
