-6.699775894288646327e+01 -6.699774977819676280e+01 -6.699772079817596193e+01 -6.699762916802819745e+01 -6.699733953522459728e+01 -6.699642490500920644e+01 -6.699354520224923704e+01 -6.698456244861655762e+01 -6.695732077289447659e+01 -6.688094803694752954e+01 -6.670198562832635503e+01
-6.684537060029607858e+01 -6.684536321235331968e+01 -6.684533985045409565e+01 -6.684526598191149560e+01 -6.684503247172186491e+01 -6.684429487286487870e+01 -6.684197059081364500e+01 -6.683470137557324620e+01 -6.681248354171317771e+01 -6.674888421846380027e+01 -6.659331106014522561e+01
-6.670228280505388341e+01 -6.670227659457880520e+01 -6.670225695591662429e+01 -6.670219485885772315e+01 -6.670199854912830517e+01 -6.670137834659601594e+01 -6.669942290260159723e+01 -6.669329656035743881e+01 -6.667447324859122659e+01 -6.661980944779665492e+01 -6.648182308095027793e+01
-6.656647466929493362e+01 -6.656646925687213923e+01 -6.656645214173236980e+01 -6.656639802334672140e+01 -6.656622693035323834e+01 -6.656568632996534518e+01 -6.656398121665253598e+01 -6.655863281490397299e+01 -6.654214054866210404e+01 -6.649376266797089841e+01 -6.636881909159674819e+01
-6.643636910711273913e+01 -6.643636424171911870e+01 -6.643634885635228216e+01 -6.643630020713715112e+01 -6.643614640066593324e+01 -6.643566038006922270e+01 -6.643412701777400287e+01 -6.642931342545939799e+01 -6.641443340666674544e+01 -6.637047709935818318e+01 -6.625506643946114593e+01
-6.631073529297218272e+01 -6.631073080156329524e+01 -6.631071659878701041e+01 -6.631067168872138495e+01 -6.631052970117998768e+01 -6.631008100241039926e+01 -6.630866513553074526e+01 -6.630421790982674679e+01 -6.629044696341641441e+01 -6.624956828412598497e+01 -6.614097778340679668e+01
-6.618860984388022928e+01 -6.618860560242006841e+01 -6.618859219001799943e+01 -6.618854977900434733e+01 -6.618841569085358856e+01 -6.618799193914151147e+01 -6.618665463317380215e+01 -6.618245259890463217e+01 -6.616942601047995254e+01 -6.613062964031634294e+01 -6.602674314155203206e+01
-6.606923456898574898e+01 -6.606923048516941321e+01 -6.606921757126100658e+01 -6.606917673642389843e+01 -6.606904763059341690e+01 -6.606863961451223588e+01 -6.606735187133519105e+01 -6.606330461839900181e+01 -6.605074879340243399e+01 -6.601327638971380907e+01 -6.591241938555961610e+01
-6.595200804192089095e+01 -6.595200404452693022e+01 -6.595199140389942727e+01 -6.595195143314661834e+01 -6.595182505873289358e+01 -6.595142566958676866e+01 -6.595016510198028925e+01 -6.594620274748488953e+01 -6.593390542712707258e+01 -6.589716237013840328e+01 -6.579798730463267020e+01
-6.583644828264009163e+01 -6.583644431477790704e+01 -6.583643176753452053e+01 -6.583639209205257714e+01 -6.583626665101105857e+01 -6.583587020988909444e+01 -6.583461892932020021e+01 -6.583068559322354929e+01 -6.581847667698741589e+01 -6.578198342512727947e+01 -6.568338658568274013e+01
-6.572216415647160659e+01 -6.572216017119433218e+01 -6.572214756888173781e+01 -6.572210771927663586e+01 -6.572198172781912717e+01 -6.572158354822389015e+01 -6.572032679098364838e+01 -6.571637634209997714e+01 -6.570411528913361110e+01 -6.566747469016512184e+01 -6.556853665291579603e+01
