-5.238732605619975669e-01 -5.238732605619975669e-01 -5.238732605619975669e-01 -5.238732605619974558e-01 -5.238732605619972338e-01 -5.238732605619965677e-01 -5.238732605619940141e-01 -5.238732605619867977e-01 -5.238732605619632610e-01 -5.238732605618887650e-01 -5.238732605616537308e-01
-6.569632230865535272e-01 -6.569632230865535272e-01 -6.569632230865534162e-01 -6.569632230865534162e-01 -6.569632230865531941e-01 -6.569632230865525280e-01 -6.569632230865501965e-01 -6.569632230865428690e-01 -6.569632230865195544e-01 -6.569632230864461686e-01 -6.569632230862141320e-01
-7.905745190492148300e-01 -7.905745190492148300e-01 -7.905745190492148300e-01 -7.905745190492146079e-01 -7.905745190492144969e-01 -7.905745190492137198e-01 -7.905745190492112773e-01 -7.905745190492042829e-01 -7.905745190491814123e-01 -7.905745190491091368e-01 -7.905745190488807639e-01
-9.255388710435926702e-01 -9.255388710435926702e-01 -9.255388710435926702e-01 -9.255388710435926702e-01 -9.255388710435924482e-01 -9.255388710435916710e-01 -9.255388710435894506e-01 -9.255388710435823452e-01 -9.255388710435596966e-01 -9.255388710434888644e-01 -9.255388710432643773e-01
-1.061876099042273314e+00 -1.061876099042273314e+00 -1.061876099042273314e+00 -1.061876099042273314e+00 -1.061876099042272870e+00 -1.061876099042272203e+00 -1.061876099042269983e+00 -1.061876099042263100e+00 -1.061876099042240895e+00 -1.061876099042171395e+00 -1.061876099041951127e+00
-1.199907771404299384e+00 -1.199907771404299384e+00 -1.199907771404299384e+00 -1.199907771404299384e+00 -1.199907771404299162e+00 -1.199907771404298273e+00 -1.199907771404296275e+00 -1.199907771404289392e+00 -1.199907771404267853e+00 -1.199907771404199686e+00 -1.199907771403984302e+00
-1.340093809125749047e+00 -1.340093809125749047e+00 -1.340093809125748825e+00 -1.340093809125749047e+00 -1.340093809125748603e+00 -1.340093809125747937e+00 -1.340093809125745938e+00 -1.340093809125739277e+00 -1.340093809125718183e+00 -1.340093809125651791e+00 -1.340093809125441293e+00
-1.483148779919905902e+00 -1.483148779919905902e+00 -1.483148779919905902e+00 -1.483148779919905902e+00 -1.483148779919905680e+00 -1.483148779919905014e+00 -1.483148779919903015e+00 -1.483148779919896354e+00 -1.483148779919875926e+00 -1.483148779919811089e+00 -1.483148779919605920e+00
-1.629689151778868750e+00 -1.629689151778868750e+00 -1.629689151778868750e+00 -1.629689151778868750e+00 -1.629689151778868528e+00 -1.629689151778867862e+00 -1.629689151778865863e+00 -1.629689151778859646e+00 -1.629689151778839440e+00 -1.629689151778776379e+00 -1.629689151778577205e+00
-1.781015025676032426e+00 -1.781015025676032426e+00 -1.781015025676032426e+00 -1.781015025676032426e+00 -1.781015025676032204e+00 -1.781015025676031760e+00 -1.781015025676029762e+00 -1.781015025676023544e+00 -1.781015025676004004e+00 -1.781015025675942942e+00 -1.781015025675749097e+00
-1.938393121571398980e+00 -1.938393121571398980e+00 -1.938393121571398980e+00 -1.938393121571398758e+00 -1.938393121571398758e+00 -1.938393121571398092e+00 -1.938393121571396316e+00 -1.938393121571390099e+00 -1.938393121571371447e+00 -1.938393121571311939e+00 -1.938393121571123645e+00
