1.069872964690702410e+01 1.069887094896394686e+01 1.069931384768740301e+01 1.070065716016529755e+01 1.070418899005235147e+01 1.071089407104386027e+01 1.071757104555206119e+01 1.071191367377500825e+01 1.067554311940159728e+01 1.059336766503072624e+01 1.045629968779776320e+01
1.064859408024333121e+01 1.064872005146821543e+01 1.064911584954050916e+01 1.065032999282916215e+01 1.065366109184536114e+01 1.066062946940887990e+01 1.066974445532183502e+01 1.067074287752317119e+01 1.064462047048071369e+01 1.057308996581898164e+01 1.044454027334026591e+01
1.059350040869499843e+01 1.059361308474479024e+01 1.059396771774861179e+01 1.059506449182353016e+01 1.059817402008979670e+01 1.060518275731001481e+01 1.061606056566841261e+01 1.062290913869436082e+01 1.060714275508159332e+01 1.054758279958323008e+01 1.042934865971789016e+01
1.053321131376446118e+01 1.053331254663752503e+01 1.053363155525430983e+01 1.053462396644991017e+01 1.053750986982393734e+01 1.054441061552016734e+01 1.055648407800877742e+01 1.056827012328168713e+01 1.056256048900168665e+01 1.051600163257870157e+01 1.040994177663778508e+01
1.046753344253520090e+01 1.046762489331287505e+01 1.046791333086864739e+01 1.046881445047632475e+01 1.047148664521132311e+01 1.047818972545067773e+01 1.049101379630119446e+01 1.050682294857400478e+01 1.051052460633507124e+01 1.047758771790930510e+01 1.038548249066516860e+01
1.039632974049331970e+01 1.039641288250746776e+01 1.039667528149982445e+01 1.039749757210948289e+01 1.039997296859166021e+01 1.040643212569597686e+01 1.041967922092626075e+01 1.043867607965291811e+01 1.045090715757967459e+01 1.043174915641898615e+01 1.035513912950593962e+01
1.031953132314163746e+01 1.031960745153770276e+01 1.031984782673531065e+01 1.032060278007746312e+01 1.032290180490003806e+01 1.032910117567791097e+01 1.034254566567651246e+01 1.036402191973700226e+01 1.038379171846809257e+01 1.037812776298160067e+01 1.031816500059646913e+01
1.023714774390093041e+01 1.023721798872466593e+01 1.023743986162196862e+01 1.023813783568021663e+01 1.024028209680928114e+01 1.024622590826775514e+01 1.025972427557997690e+01 1.028311678640112703e+01 1.030944128781775859e+01 1.031663503728162112e+01 1.027398543776358331e+01
1.014927403563181763e+01 1.014933937649039031e+01 1.014954581109801524e+01 1.015019598955640134e+01 1.015220677595230292e+01 1.015791162188722652e+01 1.017138257146763181e+01 1.019626938673013150e+01 1.022825606685035815e+01 1.024744957359548003e+01 1.022227280116424986e+01
1.005609519165515309e+01 1.005615647237283916e+01 1.005635011494403841e+01 1.005696053493758413e+01 1.005885789600968749e+01 1.006434716537145668e+01 1.007775389852406889e+01 1.010383705361416595e+01 1.014073197080882771e+01 1.017098025517512738e+01 1.016298938137577856e+01
9.957880894358462243e+00 9.957938837475364124e+00 9.958121958192457157e+00 9.958699579902509313e+00 9.960501819351984309e+00 9.965801866570222600e+00 9.979137503885105787e+00 1.000622017984492729e+01 1.004742569699889820e+01 1.008780818309548621e+01 1.009638642140905418e+01
