4.216317617265480600e+00 4.216317619248923343e+00 4.216317625521117662e+00 4.216317645355537991e+00 4.216317708077476745e+00 4.216317906421602757e+00 4.216318533640204258e+00 4.216320517073614660e+00 4.216326789181166212e+00 4.216346622730642757e+00 4.216409335960758398e+00
4.377379297300358907e+00 4.377379298892418724e+00 4.377379303926951515e+00 4.377379319847543471e+00 4.377379370192870489e+00 4.377379529398737645e+00 4.377380032851508673e+00 4.377381624905119395e+00 4.377386659382277223e+00 4.377402579412850159e+00 4.377452919129573239e+00
4.532754130936440973e+00 4.532754132256846091e+00 4.532754136432332714e+00 4.532754149636379459e+00 4.532754191391241250e+00 4.532754323431680277e+00 4.532754740979946462e+00 4.532756061380858625e+00 4.532760236828745626e+00 4.532773440490132977e+00 4.532815191491929241e+00
4.683950407955125073e+00 4.683950409081150568e+00 4.683950412641958216e+00 4.683950423902218496e+00 4.683950459510286990e+00 4.683950572112865807e+00 4.683950928193294949e+00 4.683952054216558913e+00 4.683955614995556793e+00 4.683966874975305394e+00 4.684002480236549637e+00
4.832087853978101144e+00 4.832087854961395479e+00 4.832087858070844177e+00 4.832087867903783085e+00 4.832087898998263853e+00 4.832087997327633389e+00 4.832088308272255439e+00 4.832089291564020783e+00 4.832092400990951830e+00 4.832102233715762196e+00 4.832133326056752942e+00
4.977992363282657706e+00 4.977992364158810190e+00 4.977992366929448131e+00 4.977992375690973859e+00 4.977992403397348831e+00 4.977992491012589227e+00 4.977992768076187957e+00 4.977993644227056258e+00 4.977996414847742024e+00 4.978005176203316395e+00 4.978032880879161404e+00
5.122270171399977201e+00 5.122270172194183679e+00 5.122270174705685797e+00 5.122270182647754133e+00 5.122270207762777083e+00 5.122270287183443571e+00 5.122270538333547840e+00 5.122271332538955946e+00 5.122273844027417589e+00 5.122281785955689948e+00 5.122306899582277140e+00
5.265364685034779946e+00 5.265364685765304920e+00 5.265364688075427679e+00 5.265364695380677418e+00 5.265364718481902351e+00 5.265364791534382860e+00 5.265365022546530049e+00 5.265365753070272881e+00 5.265368063181096403e+00 5.265375368312079196e+00 5.265398468355942718e+00
5.407599351276307864e+00 5.407599351956669409e+00 5.407599354108159062e+00 5.407599360911768294e+00 5.407599382426668377e+00 5.407599450462750923e+00 5.407599665611662942e+00 5.407600345971560252e+00 5.407602497451449608e+00 5.407609300958093890e+00 5.407630814833756183e+00
5.549209633664376362e+00 5.549209634304763661e+00 5.549209636329845097e+00 5.549209642733715420e+00 5.549209662984531555e+00 5.549209727023227678e+00 5.549209929531302876e+00 5.549210569917444325e+00 5.549212594990017955e+00 5.549218998769635647e+00 5.549239248677440450e+00
5.690366668399406969e+00 5.690366669007626221e+00 5.690366670930984583e+00 5.690366677013178887e+00 5.690366696246764278e+00 5.690366757068696657e+00 5.690366949404478625e+00 5.690367557623064343e+00 5.690369480973503258e+00 5.690375563085570576e+00 5.690394795852124155e+00
