4.273102277526917625e+00 4.273102328635103753e+00 4.273102490253342545e+00 4.273103001334690454e+00 4.273104617511862102e+00 4.273109728273227326e+00 4.273125889523763377e+00 4.273176991926164625e+00 4.273338552334218221e+00 4.273849055866300262e+00 4.275459470184864053e+00
4.144411706373603899e+00 4.144411757407461039e+00 4.144411918790646077e+00 4.144412429128692565e+00 4.144414042955347988e+00 4.144419146283850885e+00 4.144435284030802080e+00 4.144486312120248428e+00 4.144647637649137906e+00 4.145157399616909544e+00 4.146765480744582177e+00
4.015711844889079174e+00 4.015711895837543288e+00 4.015712056950694553e+00 4.015712566434820552e+00 4.015714177561156895e+00 4.015719272350636082e+00 4.015735383096170175e+00 4.015786325813137658e+00 4.015947381505425184e+00 4.016456291521925515e+00 4.018061691953964676e+00
3.887003444806622632e+00 3.887003495656739638e+00 3.887003656458889012e+00 3.887004164959540820e+00 3.887005772975874240e+00 3.887010857930813579e+00 3.887026937578345276e+00 3.887077781970182500e+00 3.887238526884949863e+00 3.887746455672764778e+00 3.889348768476788898e+00
3.758286729856787023e+00 3.758286780593468102e+00 3.758286941036901307e+00 3.758287448403197395e+00 3.758289052832398003e+00 3.758294126444003957e+00 3.758310170222528335e+00 3.758360901204229609e+00 3.758521287660814725e+00 3.759028084663178504e+00 3.760626835950523716e+00
3.629561500673283536e+00 3.629561551279018250e+00 3.629561711308364025e+00 3.629562217365201793e+00 3.629563817653553404e+00 3.629568878170847057e+00 3.629584880543542003e+00 3.629635480608741638e+00 3.629795453273176431e+00 3.630300943768454580e+00 3.631895583603253375e+00
3.500827170834809543e+00 3.500827221289329216e+00 3.500827380840491276e+00 3.500827885385180860e+00 3.500829480891724188e+00 3.500834526287843307e+00 3.500850480845512980e+00 3.500900929729568567e+00 3.501060424549565564e+00 3.501564406287502873e+00 3.503154298090423335e+00
3.372082679105667502e+00 3.372082729385567301e+00 3.372082888384532851e+00 3.372083391183026801e+00 3.372084981167641438e+00 3.372090009102155950e+00 3.372105908444055444e+00 3.372156182747231945e+00 3.372315125761048193e+00 3.372817365200669659e+00 3.374401773897806045e+00
3.243326559222380556e+00 3.243326609300678065e+00 3.243326767662122023e+00 3.243327268444599287e+00 3.243328852054037981e+00 3.243333859828785748e+00 3.243349695422974133e+00 3.243399768168891306e+00 3.243558074109555545e+00 3.244058302010701667e+00 3.245636380146064148e+00
3.114556832822052090e+00 3.114556882667696147e+00 3.114557040293423729e+00 3.114557538749365140e+00 3.114559115001687584e+00 3.114564099511543560e+00 3.114579861539209293e+00 3.114629701682614105e+00 3.114787272421946529e+00 3.115285178930614407e+00 3.116855951182205153e+00
2.985770943285525281e+00 2.985770992862838646e+00 2.985771149640033872e+00 2.985771645412682584e+00 2.985773213179728547e+00 2.985778170857189551e+00 2.985793848037417764e+00 2.985843419910110708e+00 2.986000142707208926e+00 2.986495371823032041e+00 2.988057717569660099e+00
