5.945896446354917764e+00 5.945896446354917764e+00 5.945896446354917764e+00 5.945896446354917764e+00 5.945896446354917764e+00 5.945896446354917764e+00 5.945896446354917764e+00 5.945896446354917764e+00 5.945896446354917764e+00 5.945896446354917764e+00 5.945896446354917764e+00
5.990159253910706916e+00 5.990159253910706916e+00 5.990159253910706916e+00 5.990159253910706916e+00 5.990159253910706916e+00 5.990159253910706916e+00 5.990159253910706916e+00 5.990159253910706916e+00 5.990159253910706916e+00 5.990159253910706916e+00 5.990159253910706916e+00
6.028237919033984760e+00 6.028237919033984760e+00 6.028237919033984760e+00 6.028237919033984760e+00 6.028237919033984760e+00 6.028237919033984760e+00 6.028237919033984760e+00 6.028237919033984760e+00 6.028237919033984760e+00 6.028237919033984760e+00 6.028237919033984760e+00
6.060698231586576057e+00 6.060698231586576057e+00 6.060698231586576057e+00 6.060698231586576057e+00 6.060698231586576057e+00 6.060698231586576057e+00 6.060698231586576057e+00 6.060698231586576057e+00 6.060698231586576057e+00 6.060698231586576057e+00 6.060698231586576057e+00
6.088126137587441811e+00 6.088126137587441811e+00 6.088126137587441811e+00 6.088126137587441811e+00 6.088126137587441811e+00 6.088126137587441811e+00 6.088126137587441811e+00 6.088126137587441811e+00 6.088126137587441811e+00 6.088126137587441811e+00 6.088126137587441811e+00
6.111106051614336288e+00 6.111106051614336288e+00 6.111106051614336288e+00 6.111106051614336288e+00 6.111106051614336288e+00 6.111106051614336288e+00 6.111106051614336288e+00 6.111106051614336288e+00 6.111106051614336288e+00 6.111106051614336288e+00 6.111106051614336288e+00
6.130203341539410822e+00 6.130203341539410822e+00 6.130203341539410822e+00 6.130203341539410822e+00 6.130203341539410822e+00 6.130203341539410822e+00 6.130203341539410822e+00 6.130203341539410822e+00 6.130203341539410822e+00 6.130203341539410822e+00 6.130203341539410822e+00
6.145951095066567227e+00 6.145951095066567227e+00 6.145951095066567227e+00 6.145951095066567227e+00 6.145951095066567227e+00 6.145951095066567227e+00 6.145951095066567227e+00 6.145951095066567227e+00 6.145951095066567227e+00 6.145951095066567227e+00 6.145951095066567227e+00
6.158840956413720313e+00 6.158840956413720313e+00 6.158840956413720313e+00 6.158840956413720313e+00 6.158840956413720313e+00 6.158840956413720313e+00 6.158840956413720313e+00 6.158840956413720313e+00 6.158840956413720313e+00 6.158840956413720313e+00 6.158840956413720313e+00
6.169317603297030495e+00 6.169317603297030495e+00 6.169317603297030495e+00 6.169317603297030495e+00 6.169317603297030495e+00 6.169317603297030495e+00 6.169317603297030495e+00 6.169317603297030495e+00 6.169317603297030495e+00 6.169317603297030495e+00 6.169317603297030495e+00
6.209388372118545441e+00 6.209388372118545441e+00 6.209388372118545441e+00 6.209388372118545441e+00 6.209388372118545441e+00 6.209388372118545441e+00 6.209388372118545441e+00 6.209388372118545441e+00 6.209388372118545441e+00 6.209388372118545441e+00 6.209388372118545441e+00
