-3.187479346110901890e+00 -3.187479346110901890e+00 -3.187479346110901890e+00 -3.187479346110901890e+00 -3.187479346110901890e+00 -3.187479346110901890e+00 -3.187479346110901890e+00 -3.187479346110901890e+00 -3.187479346110901890e+00 -3.187479346110901890e+00 -3.187479346110901890e+00
-3.029800582065651504e+00 -3.029800582065651504e+00 -3.029800582065651504e+00 -3.029800582065651504e+00 -3.029800582065651504e+00 -3.029800582065651504e+00 -3.029800582065651504e+00 -3.029800582065651504e+00 -3.029800582065651504e+00 -3.029800582065651504e+00 -3.029800582065651504e+00
-2.878935230361491904e+00 -2.878935230361491904e+00 -2.878935230361491904e+00 -2.878935230361491904e+00 -2.878935230361491904e+00 -2.878935230361491904e+00 -2.878935230361491904e+00 -2.878935230361491904e+00 -2.878935230361491904e+00 -2.878935230361491904e+00 -2.878935230361491904e+00
-2.733068925720388176e+00 -2.733068925720388176e+00 -2.733068925720388176e+00 -2.733068925720388176e+00 -2.733068925720388176e+00 -2.733068925720388176e+00 -2.733068925720388176e+00 -2.733068925720388176e+00 -2.733068925720388176e+00 -2.733068925720388176e+00 -2.733068925720388176e+00
-2.590810128011259206e+00 -2.590810128011259206e+00 -2.590810128011259206e+00 -2.590810128011259206e+00 -2.590810128011259206e+00 -2.590810128011259206e+00 -2.590810128011259206e+00 -2.590810128011259206e+00 -2.590810128011259206e+00 -2.590810128011259206e+00 -2.590810128011259206e+00
-2.451097967500020403e+00 -2.451097967500020403e+00 -2.451097967500020403e+00 -2.451097967500020403e+00 -2.451097967500020403e+00 -2.451097967500020403e+00 -2.451097967500020403e+00 -2.451097967500020403e+00 -2.451097967500020403e+00 -2.451097967500020403e+00 -2.451097967500020403e+00
-2.313128667554583018e+00 -2.313128667554583018e+00 -2.313128667554583018e+00 -2.313128667554583018e+00 -2.313128667554583018e+00 -2.313128667554583018e+00 -2.313128667554583018e+00 -2.313128667554583018e+00 -2.313128667554583018e+00 -2.313128667554583018e+00 -2.313128667554583018e+00
-2.176297731353075360e+00 -2.176297731353075360e+00 -2.176297731353075360e+00 -2.176297731353075360e+00 -2.176297731353075360e+00 -2.176297731353075360e+00 -2.176297731353075360e+00 -2.176297731353075360e+00 -2.176297731353075360e+00 -2.176297731353075360e+00 -2.176297731353075360e+00
-2.040154878970920738e+00 -2.040154878970920738e+00 -2.040154878970920738e+00 -2.040154878970920738e+00 -2.040154878970920738e+00 -2.040154878970920738e+00 -2.040154878970920738e+00 -2.040154878970920738e+00 -2.040154878970920738e+00 -2.040154878970920738e+00 -2.040154878970920738e+00
-1.904369006699420108e+00 -1.904369006699420108e+00 -1.904369006699420108e+00 -1.904369006699420108e+00 -1.904369006699420108e+00 -1.904369006699420108e+00 -1.904369006699420108e+00 -1.904369006699420108e+00 -1.904369006699420108e+00 -1.904369006699420108e+00 -1.904369006699420108e+00
-1.768700905690290037e+00 -1.768700905690290037e+00 -1.768700905690290037e+00 -1.768700905690290037e+00 -1.768700905690290037e+00 -1.768700905690290037e+00 -1.768700905690290037e+00 -1.768700905690290037e+00 -1.768700905690290037e+00 -1.768700905690290037e+00 -1.768700905690290037e+00
