-1.377362358256112032e+02 -1.377362358256108905e+02 -1.377362358256098673e+02 -1.377362358256066557e+02 -1.377362358255964807e+02 -1.377362358255643358e+02 -1.377362358254626145e+02 -1.377362358251410228e+02 -1.377362358241240088e+02 -1.377362358209079218e+02 -1.377362358107377531e+02
-1.376148760703244136e+02 -1.376148760703241294e+02 -1.376148760703231630e+02 -1.376148760703200935e+02 -1.376148760703104585e+02 -1.376148760702799621e+02 -1.376148760701835556e+02 -1.376148760698786475e+02 -1.376148760689144126e+02 -1.376148760658653032e+02 -1.376148760562231530e+02
-1.374983980142234259e+02 -1.374983980142231417e+02 -1.374983980142222322e+02 -1.374983980142193900e+02 -1.374983980142104087e+02 -1.374983980141819870e+02 -1.374983980140921460e+02 -1.374983980138079858e+02 -1.374983980129094334e+02 -1.374983980100679162e+02 -1.374983980010822791e+02
-1.373876837530518458e+02 -1.373876837530515900e+02 -1.373876837530507657e+02 -1.373876837530481794e+02 -1.373876837530399939e+02 -1.373876837530141017e+02 -1.373876837529321904e+02 -1.373876837526732118e+02 -1.373876837518542402e+02 -1.373876837492643972e+02 -1.373876837410745964e+02
-1.372835668645898295e+02 -1.372835668645896021e+02 -1.372835668645888632e+02 -1.372835668645865610e+02 -1.372835668645793135e+02 -1.372835668645564056e+02 -1.372835668644839018e+02 -1.372835668642546523e+02 -1.372835668635297566e+02 -1.372835668612373468e+02 -1.372835668539881055e+02
-1.371867679341532380e+02 -1.371867679341530391e+02 -1.371867679341524138e+02 -1.371867679341504811e+02 -1.371867679341443136e+02 -1.371867679341248163e+02 -1.371867679340631696e+02 -1.371867679338681967e+02 -1.371867679332517014e+02 -1.371867679313021142e+02 -1.371867679251369907e+02
-1.370978379650784404e+02 -1.370978379650782983e+02 -1.370978379650778152e+02 -1.370978379650762520e+02 -1.370978379650713066e+02 -1.370978379650556462e+02 -1.370978379650061925e+02 -1.370978379648498162e+02 -1.370978379643552785e+02 -1.370978379627913739e+02 -1.370978379578459396e+02
-1.370171193094222133e+02 -1.370171193094220996e+02 -1.370171193094217301e+02 -1.370171193094205933e+02 -1.370171193094169837e+02 -1.370171193094055866e+02 -1.370171193093695479e+02 -1.370171193092555484e+02 -1.370171193088951043e+02 -1.370171193077552800e+02 -1.370171193041508388e+02
-1.369447294123638130e+02 -1.369447294123637562e+02 -1.369447294123635288e+02 -1.369447294123628467e+02 -1.369447294123606866e+02 -1.369447294123538654e+02 -1.369447294123322365e+02 -1.369447294122639107e+02 -1.369447294120477636e+02 -1.369447294113643352e+02 -1.369447294092030916e+02
-1.368805673929103648e+02 -1.368805673929103648e+02 -1.368805673929102795e+02 -1.368805673929100806e+02 -1.368805673929094553e+02 -1.368805673929074374e+02 -1.368805673929010425e+02 -1.368805673928808631e+02 -1.368805673928170279e+02 -1.368805673926151769e+02 -1.368805673919768537e+02
-1.368243391907617195e+02 -1.368243391907617479e+02 -1.368243391907618616e+02 -1.368243391907621458e+02 -1.368243391907630837e+02 -1.368243391907660680e+02 -1.368243391907754756e+02 -1.368243391908052047e+02 -1.368243391908992237e+02 -1.368243391911965432e+02 -1.368243391921367333e+02
