1.310642227568407137e+01 1.310642226677473587e+01 1.310642223859992228e+01 1.310642214949314166e+01 1.310642186761088190e+01 1.310642097520501892e+01 1.310641814310184827e+01 1.310640908941824989e+01 1.310637957384868457e+01 1.310628020652243997e+01 1.310596147063599837e+01
1.310626604077178214e+01 1.310626603329056117e+01 1.310626600963194122e+01 1.310626593480765045e+01 1.310626569810086117e+01 1.310626494865403124e+01 1.310626256961184666e+01 1.310625495747809488e+01 1.310623005775547334e+01 1.310614501104810259e+01 1.310585897963341395e+01
1.310607920616009991e+01 1.310607919999256765e+01 1.310607918048832410e+01 1.310607911880252097e+01 1.310607892365527682e+01 1.310607830575055921e+01 1.310607634385142717e+01 1.310607006182945078e+01 1.310604945553320277e+01 1.310597819133870523e+01 1.310572719893074556e+01
1.310585670636831424e+01 1.310585670138603653e+01 1.310585668563002315e+01 1.310585663579842652e+01 1.310585647815002019e+01 1.310585597895202703e+01 1.310585439367126881e+01 1.310584931448415524e+01 1.310583261488587681e+01 1.310577424390495516e+01 1.310555945467328876e+01
1.310559277139407897e+01 1.310559276746018043e+01 1.310559275501955057e+01 1.310559271567333717e+01 1.310559259119478881e+01 1.310559219701048761e+01 1.310559094501629929e+01 1.310558693150295895e+01 1.310557370893500639e+01 1.310552706524715028e+01 1.310534828054238865e+01
1.310528082758681379e+01 1.310528082456162835e+01 1.310528081499471398e+01 1.310528078473709712e+01 1.310528068901036569e+01 1.310528038585855626e+01 1.310527942284116421e+01 1.310527633403060577e+01 1.310526613810880470e+01 1.310522987120284455e+01 1.310508551189990989e+01
1.310491338011190088e+01 1.310491337785823340e+01 1.310491337073116824e+01 1.310491334819001175e+01 1.310491327687460306e+01 1.310491305101548143e+01 1.310491233338864348e+01 1.310491003015930289e+01 1.310490241070834294e+01 1.310487508144765378e+01 1.310476235787705512e+01
1.310448187457662428e+01 1.310448187296421985e+01 1.310448186786509162e+01 1.310448185173764557e+01 1.310448180071235846e+01 1.310448163909795660e+01 1.310448112544632515e+01 1.310447947534219182e+01 1.310447400030686538e+01 1.310445416879777980e+01 1.310436940129859806e+01
1.310397653556831621e+01 1.310397653447729915e+01 1.310397653102700488e+01 1.310397652011429770e+01 1.310397648558608985e+01 1.310397637620631883e+01 1.310397602839713826e+01 1.310397490932701814e+01 1.310397117858555127e+01 1.310395747552319712e+01 1.310389649157185410e+01
1.310338617998029065e+01 1.310338617930345784e+01 1.310338617716298337e+01 1.310338617039280962e+01 1.310338614896965481e+01 1.310338608108381209e+01 1.310338586501075397e+01 1.310338516772491602e+01 1.310338282239780838e+01 1.310337399983684392e+01 1.310333252433602524e+01
1.310269800304920551e+01 1.310269800269322715e+01 1.310269800156742903e+01 1.310269799800634338e+01 1.310269798673519581e+01 1.310269795099265444e+01 1.310269783696396928e+01 1.310269746635232124e+01 1.310269619378930095e+01 1.310269115522182481e+01 1.310266512884315127e+01
