7.666850223266778563e+00 7.491899673539059279e+00 7.238134477011683998e+00 6.909411833668582581e+00 6.515067709516880967e+00 6.070975670779185762e+00 5.595956500045836002e+00 5.105549107040611823e+00 4.608866754011129885e+00 4.109952979273994167e+00 3.610300629641916004e+00
7.687266480644263211e+00 7.502318664190376296e+00 7.242730145703054845e+00 6.911105841929634508e+00 6.515565576211011845e+00 6.071087260355724879e+00 5.595975319152332261e+00 5.105551594837248075e+00 4.608867033086507803e+00 4.109953007601515829e+00 3.610300632225023065e+00
7.702827886952242409e+00 7.510088401632073918e+00 7.246112319553486003e+00 6.912342867537108582e+00 6.515927532768236219e+00 6.071168200805608706e+00 5.595988954031440699e+00 5.105553395759225843e+00 4.608867234741381047e+00 4.109953027952040649e+00 3.610300634041545997e+00
7.714545950518980177e+00 7.515839833850262330e+00 7.248591083607657914e+00 6.913244252977513327e+00 6.516190424118451396e+00 6.071226887817129381e+00 5.595998831243747418e+00 5.105554699218418868e+00 4.608867380384165102e+00 4.109953042548950997e+00 3.610300635310856876e+00
7.723285792406440642e+00 7.520073412619518116e+00 7.250402133950268002e+00 6.913900031811424540e+00 6.516381227064854897e+00 6.071269427420542542e+00 5.596005985361197865e+00 5.105555642438345920e+00 4.608867485513826523e+00 4.109953052999264500e+00 3.610300636190673096e+00
7.729756243016555395e+00 7.523176616812499162e+00 7.251722314549654769e+00 6.914376574527079988e+00 6.516519636248458092e+00 6.071300255663699907e+00 5.596011166437642181e+00 5.105556324822722480e+00 4.608867561349462960e+00 4.109953060464002661e+00 3.610300636794224527e+00
7.734519655159647122e+00 7.525444148534157662e+00 7.252683056069055390e+00 6.914722576226185247e+00 6.516619999653964435e+00 6.071322592828757969e+00 5.596014918124136983e+00 5.105556818371708161e+00 4.608867616010796198e+00 4.109953065781552617e+00 3.610300637202666252e+00
7.738011565581903284e+00 7.527097222270672461e+00 7.253381360924409549e+00 6.914973640502361185e+00 6.516692754091701012e+00 6.071338775295838097e+00 5.596017634395799689e+00 5.105557175231488110e+00 4.608867655373268590e+00 4.109953069556963712e+00 3.610300637474041618e+00
7.740563323977918131e+00 7.528300298075054187e+00 7.253888459450763548e+00 6.915155733611266342e+00 6.516745482891957764e+00 6.071350497446101890e+00 5.596019600719245979e+00 5.105557433165271775e+00 4.608867683687409844e+00 4.109953072226583792e+00 3.610300637649765498e+00
7.742423716475341777e+00 7.529174784361178929e+00 7.254256464276431338e+00 6.915287758522947748e+00 6.516783691587770377e+00 6.071358987693220577e+00 5.596021023914058645e+00 5.105557619517562706e+00 4.608867704027418633e+00 4.109953074104835125e+00 3.610300637759298770e+00
7.747363056356626032e+00 7.531485581435476639e+00 7.255226364492138202e+00 6.915635132756733583e+00 6.516884075242406205e+00 6.071381245795228310e+00 5.596024736653495424e+00 5.105558098770941022e+00 4.608867753915863119e+00 4.109953077884309636e+00 3.610300637678319990e+00
