8.265316619995861203e+00 8.682463228524005316e+00 9.146834578687982997e+00 9.622512410823775397e+00 1.009006128310479689e+01 1.053479981687248213e+01 1.094180858520480371e+01 1.129616866861288038e+01 1.158512388309921626e+01 1.179797549356325348e+01 1.192128697454920605e+01
8.431903431152356632e+00 8.754662279801895153e+00 9.173830548533731033e+00 9.632605116305159143e+00 1.009438432401579711e+01 1.053715258165113333e+01 1.094344159840498776e+01 1.129748265322382217e+01 1.158624745815576773e+01 1.179894559279754418e+01 1.192209965884137013e+01
8.666727249099078989e+00 8.883319687479446003e+00 9.229080781871436656e+00 9.654478111827405229e+00 1.010393807382103937e+01 1.054239477727758789e+01 1.094708689510101429e+01 1.130041724839280803e+01 1.158875707133326216e+01 1.180111234136020926e+01 1.192391456760576496e+01
8.927909071373473893e+00 9.061204319727433898e+00 9.321034062319611735e+00 9.694661206267703335e+00 1.012217026045292911e+01 1.055253065773449883e+01 1.095416150980366332e+01 1.130611825057920861e+01 1.159363352549059378e+01 1.180532232500878997e+01 1.192743994306610666e+01
9.184091391626918011e+00 9.264685323370972725e+00 9.447887920471801593e+00 9.757987240591488032e+00 1.015273943939481249e+01 1.056989428256019714e+01 1.096636071152928160e+01 1.131596626244550308e+01 1.160206044729562969e+01 1.181259674022995654e+01 1.193352833834507720e+01
9.422467804778369427e+00 9.472544100963792957e+00 9.598781295892038656e+00 9.845149913266487474e+00 1.019846284376335888e+01 1.059672895438275120e+01 1.098540812199812322e+01 1.133138585149366051e+01 1.161526302706359282e+01 1.182399156928845052e+01 1.194305739306149228e+01
9.640847563935233566e+00 9.673459427904194996e+00 9.761235021983230453e+00 9.952541402664111914e+00 1.026049682345671243e+01 1.063474479498504621e+01 1.101278274412119096e+01 1.135363627177236090e+01 1.163433104179318356e+01 1.184044388393978764e+01 1.195679834663337004e+01
9.841250948770509765e+00 9.863619793140403047e+00 9.926334111552426620e+00 1.007440668192308841e+01 1.033814513423588011e+01 1.068482590883334105e+01 1.104951277367437257e+01 1.138365009794698324e+01 1.166008179712141235e+01 1.186265230965321038e+01 1.197531313405365694e+01
1.002687552275022043e+01 1.004300317674973542e+01 1.008939243085744941e+01 1.020523404560878689e+01 1.042936038044006430e+01 1.074697432864293667e+01 1.109608491758653592e+01 1.142195422788890724e+01 1.169299111338181341e+01 1.189101631068515452e+01 1.199890140671129934e+01
1.020088839149609150e+01 1.021305443890215692e+01 1.024862348760453301e+01 1.034095299788168454e+01 1.053152817075496905e+01 1.082046865187684226e+01 1.115246688084322813e+01 1.146867150230311161e+01 1.173319168565284798e+01 1.192563298874009625e+01 1.202759680585324986e+01
1.036601406797711000e+01 1.037556536657075412e+01 1.040378369453037699e+01 1.047900891476571061e+01 1.064210903132464381e+01 1.090412536738597815e+01 1.121820682496343302e+01 1.152357901440429089e+01 1.178051751965516836e+01 1.196633459406034561e+01 1.206119845535373791e+01
