7.387961487242019842e+00 7.387961487242019842e+00 7.387961487242019842e+00 7.387961487242019842e+00 7.387961487242019842e+00 7.387961487242019842e+00 7.387961487242020731e+00 7.387961487242020731e+00 7.387961487242020731e+00 7.387961487242022507e+00 7.387961487242026948e+00
7.512397255311172195e+00 7.512397255311172195e+00 7.512397255311172195e+00 7.512397255311172195e+00 7.512397255311172195e+00 7.512397255311172195e+00 7.512397255311172195e+00 7.512397255311172195e+00 7.512397255311173083e+00 7.512397255311174860e+00 7.512397255311179300e+00
7.632844426043816632e+00 7.632844426043816632e+00 7.632844426043816632e+00 7.632844426043816632e+00 7.632844426043816632e+00 7.632844426043816632e+00 7.632844426043816632e+00 7.632844426043816632e+00 7.632844426043816632e+00 7.632844426043818409e+00 7.632844426043823738e+00
7.748673391644212316e+00 7.748673391644212316e+00 7.748673391644212316e+00 7.748673391644212316e+00 7.748673391644212316e+00 7.748673391644212316e+00 7.748673391644212316e+00 7.748673391644213204e+00 7.748673391644213204e+00 7.748673391644214981e+00 7.748673391644220310e+00
7.859286358248108506e+00 7.859286358248108506e+00 7.859286358248108506e+00 7.859286358248108506e+00 7.859286358248108506e+00 7.859286358248108506e+00 7.859286358248108506e+00 7.859286358248109394e+00 7.859286358248109394e+00 7.859286358248111171e+00 7.859286358248116500e+00
7.964150785491716178e+00 7.964150785491716178e+00 7.964150785491716178e+00 7.964150785491716178e+00 7.964150785491716178e+00 7.964150785491716178e+00 7.964150785491716178e+00 7.964150785491716178e+00 7.964150785491717066e+00 7.964150785491718842e+00 7.964150785491724172e+00
8.062827657168444517e+00 8.062827657168444517e+00 8.062827657168444517e+00 8.062827657168444517e+00 8.062827657168444517e+00 8.062827657168444517e+00 8.062827657168444517e+00 8.062827657168444517e+00 8.062827657168444517e+00 8.062827657168446294e+00 8.062827657168453399e+00
8.154991305640269417e+00 8.154991305640269417e+00 8.154991305640269417e+00 8.154991305640269417e+00 8.154991305640269417e+00 8.154991305640269417e+00 8.154991305640269417e+00 8.154991305640269417e+00 8.154991305640269417e+00 8.154991305640272969e+00 8.154991305640278298e+00
8.240439283363276246e+00 8.240439283363276246e+00 8.240439283363276246e+00 8.240439283363276246e+00 8.240439283363276246e+00 8.240439283363276246e+00 8.240439283363276246e+00 8.240439283363278022e+00 8.240439283363278022e+00 8.240439283363279799e+00 8.240439283363286904e+00
8.319092539200358516e+00 8.319092539200358516e+00 8.319092539200358516e+00 8.319092539200358516e+00 8.319092539200358516e+00 8.319092539200360292e+00 8.319092539200360292e+00 8.319092539200360292e+00 8.319092539200360292e+00 8.319092539200362069e+00 8.319092539200369174e+00
8.390987510238922198e+00 8.390987510238922198e+00 8.390987510238922198e+00 8.390987510238922198e+00 8.390987510238922198e+00 8.390987510238922198e+00 8.390987510238922198e+00 8.390987510238922198e+00 8.390987510238922198e+00 8.390987510238923974e+00 8.390987510238931080e+00
