-2.551785768476961369e+00 -2.551785768476961369e+00 -2.551785768476961369e+00 -2.551785768476961369e+00 -2.551785768476961369e+00 -2.551785768476961369e+00 -2.551785768476961369e+00 -2.551785768476961369e+00 -2.551785768476961369e+00 -2.551785768476961369e+00 -2.551785768476960925e+00
-2.680523497342467643e+00 -2.680523497342467643e+00 -2.680523497342467643e+00 -2.680523497342467643e+00 -2.680523497342467643e+00 -2.680523497342467643e+00 -2.680523497342467643e+00 -2.680523497342467643e+00 -2.680523497342468087e+00 -2.680523497342467643e+00 -2.680523497342467198e+00
-2.809283577164011003e+00 -2.809283577164011003e+00 -2.809283577164011003e+00 -2.809283577164011003e+00 -2.809283577164011003e+00 -2.809283577164011003e+00 -2.809283577164011003e+00 -2.809283577164011003e+00 -2.809283577164010559e+00 -2.809283577164010559e+00 -2.809283577164010559e+00
-2.938065549497382190e+00 -2.938065549497382190e+00 -2.938065549497382190e+00 -2.938065549497382190e+00 -2.938065549497382190e+00 -2.938065549497382190e+00 -2.938065549497382190e+00 -2.938065549497382190e+00 -2.938065549497382190e+00 -2.938065549497382190e+00 -2.938065549497381745e+00
-3.066870600156124116e+00 -3.066870600156124116e+00 -3.066870600156124116e+00 -3.066870600156124116e+00 -3.066870600156124116e+00 -3.066870600156124116e+00 -3.066870600156124116e+00 -3.066870600156124116e+00 -3.066870600156124116e+00 -3.066870600156123672e+00 -3.066870600156123672e+00
-3.195700017269292204e+00 -3.195700017269292204e+00 -3.195700017269292204e+00 -3.195700017269292204e+00 -3.195700017269292204e+00 -3.195700017269292204e+00 -3.195700017269292204e+00 -3.195700017269292204e+00 -3.195700017269292648e+00 -3.195700017269292204e+00 -3.195700017269292204e+00
-3.324556630815567626e+00 -3.324556630815567626e+00 -3.324556630815567626e+00 -3.324556630815567626e+00 -3.324556630815567626e+00 -3.324556630815567626e+00 -3.324556630815567626e+00 -3.324556630815567626e+00 -3.324556630815567626e+00 -3.324556630815567182e+00 -3.324556630815567182e+00
-3.453443302816491922e+00 -3.453443302816491922e+00 -3.453443302816491922e+00 -3.453443302816491922e+00 -3.453443302816491922e+00 -3.453443302816491922e+00 -3.453443302816491922e+00 -3.453443302816491922e+00 -3.453443302816491922e+00 -3.453443302816491478e+00 -3.453443302816491478e+00
-3.582364625660687363e+00 -3.582364625660687363e+00 -3.582364625660687363e+00 -3.582364625660687363e+00 -3.582364625660687363e+00 -3.582364625660687363e+00 -3.582364625660687363e+00 -3.582364625660687363e+00 -3.582364625660687363e+00 -3.582364625660687363e+00 -3.582364625660686919e+00
-3.711325410631991062e+00 -3.711325410631991062e+00 -3.711325410631991062e+00 -3.711325410631991062e+00 -3.711325410631991062e+00 -3.711325410631991062e+00 -3.711325410631991062e+00 -3.711325410631991062e+00 -3.711325410631991062e+00 -3.711325410631991062e+00 -3.711325410631991062e+00
-3.840331599578409971e+00 -3.840331599578409971e+00 -3.840331599578409971e+00 -3.840331599578409971e+00 -3.840331599578409971e+00 -3.840331599578409971e+00 -3.840331599578409971e+00 -3.840331599578409971e+00 -3.840331599578409971e+00 -3.840331599578409971e+00 -3.840331599578409527e+00
