-2.551781801398258942e+00 -2.551773223596616624e+00 -2.551746099322152350e+00 -2.551660335993299000e+00 -2.551389240052002183e+00 -2.550533072514421740e+00 -2.547836698886302820e+00 -2.539418657805798674e+00 -2.513825112439178167e+00 -2.441595482854561183e+00 -2.270097325907943109e+00
-2.680519529515965171e+00 -2.680510950097386047e+00 -2.680483820709853138e+00 -2.680398041213411631e+00 -2.680126894159224893e+00 -2.679270565122910952e+00 -2.676573682112864283e+00 -2.668154042760265021e+00 -2.642555548723981129e+00 -2.570310837092381728e+00 -2.398762522714107615e+00
-2.809279608576930265e+00 -2.809271027513795538e+00 -2.809243892925935793e+00 -2.809158096986773323e+00 -2.808886897957675988e+00 -2.808030404776792555e+00 -2.805333004814731801e+00 -2.796911751085525921e+00 -2.771308331919553503e+00 -2.699049261996311344e+00 -2.527458022201789056e+00
-2.938061580109510018e+00 -2.938052997314873238e+00 -2.938025857251816753e+00 -2.937940044001488449e+00 -2.937668790258912477e+00 -2.936812124350158815e+00 -2.934114181056695525e+00 -2.925691237019923285e+00 -2.900082723258509354e+00 -2.827809361549391998e+00 -2.656179611476580327e+00
-3.066866629895934615e+00 -3.066858045215146600e+00 -3.066830899187930726e+00 -3.066745067081007470e+00 -3.066473753745943220e+00 -3.065616899761014036e+00 -3.062918365399737830e+00 -3.054493587919992592e+00 -3.028879600157861951e+00 -2.956591356785031266e+00 -2.784925331895569123e+00
-3.195696046041194283e+00 -3.195687459267570585e+00 -3.195660306622682967e+00 -3.195574453593418962e+00 -3.195303074141788269e+00 -3.194446011533395691e+00 -3.191746821958402425e+00 -3.183320016299860722e+00 -3.157700099692031248e+00 -3.085395872399066874e+00 -2.913693958203525725e+00
-3.324552658492994528e+00 -3.324544069352873610e+00 -3.324516909225016636e+00 -3.324431032538034181e+00 -3.324159578329175080e+00 -3.323302279866521047e+00 -3.320602349892821437e+00 -3.312173255713461995e+00 -3.286546499926251474e+00 -3.214224651008260381e+00 -3.042485799884458331e+00
-3.453439329246954070e+00 -3.453430737410621898e+00 -3.453403568757250408e+00 -3.453317665116759194e+00 -3.453046125738719940e+00 -3.452188558598574541e+00 -3.449487785444155019e+00 -3.441056087602626157e+00 -3.415421672881468140e+00 -3.343080057512844316e+00 -3.171301695150832600e+00
-3.582360650655188383e+00 -3.582352055713994510e+00 -3.582324877242961225e+00 -3.582238942564022643e+00 -3.581967305110981492e+00 -3.581109428600113276e+00 -3.578407684757312079e+00 -3.569972991488665315e+00 -3.544329784557436636e+00 -3.471965656491195151e+00 -3.300143810842778969e+00
-3.711321433967116779e+00 -3.711312835437992952e+00 -3.711285645621837936e+00 -3.711199675075553372e+00 -3.710927924290711388e+00 -3.710069690297715717e+00 -3.707366824961673135e+00 -3.698928672392159722e+00 -3.673275326206223657e+00 -3.600885371592121853e+00 -3.429014862858504209e+00
-3.840327620990478863e+00 -3.840319018303290033e+00 -3.840291815339242465e+00 -3.840205803226309555e+00 -3.839933921102456793e+00 -3.839075272838779362e+00 -3.836371107967329053e+00 -3.827928948055530523e+00 -3.802263867363120386e+00 -3.729844125552792544e+00 -3.557918353668025446e+00
