-3.772484367073519085e+00 -4.270007438649405351e+00 -4.769757192470660101e+00 -5.269731855412863375e+00 -5.769729228029352619e+00 -6.269728935720918273e+00 -6.769728897139792423e+00 -7.269728890324868686e+00 -7.769728888708351100e+00 -8.269728888251018262e+00 -8.769728888111782084e+00
-3.773445352527959429e+00 -4.270104855623362283e+00 -4.769766944947285481e+00 -5.269732829828064347e+00 -5.769729325164293599e+00 -6.269728945337005754e+00 -6.769728898070593637e+00 -7.269728890408206468e+00 -7.769728888713603787e+00 -8.269728888250568843e+00 -8.769728888111428589e+00
-3.774743053237500146e+00 -4.270237019845810167e+00 -4.769780183089282311e+00 -5.269734152748106304e+00 -5.769729457094475045e+00 -6.269728958414782838e+00 -6.769728899341918904e+00 -7.269728890523811771e+00 -7.769728888721519233e+00 -8.269728888250208243e+00 -8.769728888111028908e+00
-3.776495034680531493e+00 -4.270416555004247883e+00 -4.769798178696562196e+00 -5.269735951376190108e+00 -5.769729636517496374e+00 -6.269728976216518923e+00 -6.769728901077625594e+00 -7.269728890683320621e+00 -7.769728888733022920e+00 -8.269728888249952448e+00 -8.769728888110558174e+00
-3.778859080384719960e+00 -4.270660795369094487e+00 -4.769822683050972678e+00 -5.269738401009326445e+00 -5.769729880960611013e+00 -6.269729000493601490e+00 -6.769728903452421953e+00 -7.269728890904067597e+00 -7.769728888749806828e+00 -8.269728888249957777e+00 -8.769728888110030596e+00
-3.782046083317063268e+00 -4.270993604139491140e+00 -4.769856115499246485e+00 -5.269741743858030070e+00 -5.769730214627911913e+00 -6.269729033660028428e+00 -6.769728906705670290e+00 -7.269728891209345178e+00 -7.769728888773995479e+00 -8.269728888250371668e+00 -8.769728888109437293e+00
-3.786336379516865858e+00 -4.271447927869419736e+00 -4.769901832481977522e+00 -5.269746316170458300e+00 -5.769730671139828182e+00 -6.269729079074485512e+00 -6.769728911172158803e+00 -7.269728891632289525e+00 -7.769728888808793421e+00 -8.269728888251480114e+00 -8.769728888108797804e+00
-3.792099920381309275e+00 -4.272069388196931605e+00 -4.769964511313935063e+00 -5.269752586724115950e+00 -5.769731297336204712e+00 -6.269729141405258055e+00 -6.769728917313710959e+00 -7.269728892217499627e+00 -7.769728888858161042e+00 -8.269728888253522925e+00 -8.769728888108087261e+00
-3.799820424927020657e+00 -4.272921358610552112e+00 -4.770050705863718932e+00 -5.269761213102188258e+00 -5.769732158969686608e+00 -6.269729227218757472e+00 -6.769728925784100682e+00 -7.269728893029446581e+00 -7.769728888928258748e+00 -8.269728888257024124e+00 -8.769728888107328757e+00
-3.810123039920585430e+00 -4.274092146610820819e+00 -4.770169655049841140e+00 -5.269773123709565965e+00 -5.769733348968040687e+00 -6.269729345821835054e+00 -6.769728937518324940e+00 -7.269728894162991395e+00 -7.769728889029003049e+00 -8.269728888263109923e+00 -8.769728888106675058e+00
-3.823804072392166908e+00 -4.275705156158456255e+00 -4.770334467296678760e+00 -5.269789637498753621e+00 -5.769734999205454073e+00 -6.269729510369082881e+00 -6.769728953821201323e+00 -7.269728895745248387e+00 -7.769728889172039743e+00 -8.269728888272611655e+00 -8.769728888106106623e+00
