9.409931849012112437e+00 9.376857077599607848e+00 9.325453216783492039e+00 9.251427641287188308e+00 9.149341022781566579e+00 9.012255673812999746e+00 8.831826872439771492e+00 8.599202750809185503e+00 8.307114454864128916e+00 7.953113055718934454e+00 7.542651835083366230e+00
9.410177260640463004e+00 9.376992899157379213e+00 9.325529175859239572e+00 9.251470135665849526e+00 9.149364352806713896e+00 9.012267933460655911e+00 8.831832822826251927e+00 8.599205270028900117e+00 8.307115284074948036e+00 7.953113194824698695e+00 7.542651783178469849e+00
9.410355302037213931e+00 9.377091220481759137e+00 9.325584075616411894e+00 9.251500785665706772e+00 9.149381125473498244e+00 9.012276697999848096e+00 8.831837032419953104e+00 8.599207013024111390e+00 8.307115823907377461e+00 7.953113255572989537e+00 7.542651723055720403e+00
9.410484369083695455e+00 9.377162361217040498e+00 9.325623732269807675e+00 9.251522873496572430e+00 9.149393166331224236e+00 9.012282947747527473e+00 8.831839995891886730e+00 8.599208205873075883e+00 8.307116163153798638e+00 7.953113265509846208e+00 7.542651660330549568e+00
9.410577874879157534e+00 9.377213810994042831e+00 9.325652360094659699e+00 9.251538774924586761e+00 9.149401795332105181e+00 9.012287390395238518e+00 8.831842069396836692e+00 8.599209010551527754e+00 8.307116364794811858e+00 7.953113243705526969e+00 7.542651598572523319e+00
9.410645581199876375e+00 9.377251001787740847e+00 9.325673011472975560e+00 9.251550209014032689e+00 9.149407966436555739e+00 9.012290536474788283e+00 8.831843509061636510e+00 8.599209542862292110e+00 8.307116473311024762e+00 7.953113203221560568e+00 7.542651539943222794e+00
9.410694582703417410e+00 9.377277871122712938e+00 9.325687896481573702e+00 9.251558419211164619e+00 9.149412368750329705e+00 9.012292753990665872e+00 8.831844498824040102e+00 8.599209885385851848e+00 8.307116519950717759e+00 7.953113152878499292e+00 7.542651485647330567e+00
9.410730030370286769e+00 9.377297272003556117e+00 9.325698614815877363e+00 9.251564304592831078e+00 9.149415499773427385e+00 9.012294307959868078e+00 8.831845170561509306e+00 8.599210096829120076e+00 8.307116526520866628e+00 7.953113098519945190e+00 7.542651436250050523e+00
9.410755661120964177e+00 9.377311270880953842e+00 9.325706323998360858e+00 9.251568514964356282e+00 9.149417718437719671e+00 9.012295389020598790e+00 8.831845618639407647e+00 8.599210218769595571e+00 8.307116508112114772e+00 7.953113043914098235e+00 7.542651391899060975e+00
9.410774184405031662e+00 9.377321364021224070e+00 9.325711861322645291e+00 9.251571519745880323e+00 9.149419283501075029e+00 9.012296134125673319e+00 8.831845910420922152e+00 8.599210280516732752e+00 8.307116475054584726e+00 7.953112991394816866e+00 7.542651352478510596e+00
9.410821865760119920e+00 9.377346876514188523e+00 9.325725425056294426e+00 9.251578474079545700e+00 9.149422520012334914e+00 9.012297302280552813e+00 8.831845995856172138e+00 8.599209890771801312e+00 8.307115978762839248e+00 7.953112584306817112e+00 7.542651097517182102e+00
