9.424756656037107660e+00 9.424756656037107660e+00 9.424756656037107660e+00 9.424756656037107660e+00 9.424756656037107660e+00 9.424756656037107660e+00 9.424756656037107660e+00 9.424756656037107660e+00 9.424756656037107660e+00 9.424756656037107660e+00 9.424756656037107660e+00
9.419921961658614507e+00 9.419921961658614507e+00 9.419921961658614507e+00 9.419921961658614507e+00 9.419921961658614507e+00 9.419921961658614507e+00 9.419921961658614507e+00 9.419921961658614507e+00 9.419921961658614507e+00 9.419921961658614507e+00 9.419921961658614507e+00
9.414143590796982153e+00 9.414143590796982153e+00 9.414143590796982153e+00 9.414143590796982153e+00 9.414143590796982153e+00 9.414143590796982153e+00 9.414143590796982153e+00 9.414143590796982153e+00 9.414143590796982153e+00 9.414143590796982153e+00 9.414143590796982153e+00
9.407276000302958963e+00 9.407276000302958963e+00 9.407276000302958963e+00 9.407276000302958963e+00 9.407276000302958963e+00 9.407276000302958963e+00 9.407276000302958963e+00 9.407276000302958963e+00 9.407276000302958963e+00 9.407276000302958963e+00 9.407276000302958963e+00
9.399159419099037294e+00 9.399159419099037294e+00 9.399159419099037294e+00 9.399159419099037294e+00 9.399159419099037294e+00 9.399159419099037294e+00 9.399159419099037294e+00 9.399159419099037294e+00 9.399159419099037294e+00 9.399159419099037294e+00 9.399159419099037294e+00
9.389619632050782982e+00 9.389619632050782982e+00 9.389619632050782982e+00 9.389619632050782982e+00 9.389619632050782982e+00 9.389619632050782982e+00 9.389619632050782982e+00 9.389619632050782982e+00 9.389619632050782982e+00 9.389619632050782982e+00 9.389619632050782982e+00
9.378467808970642139e+00 9.378467808970642139e+00 9.378467808970642139e+00 9.378467808970642139e+00 9.378467808970642139e+00 9.378467808970642139e+00 9.378467808970642139e+00 9.378467808970642139e+00 9.378467808970642139e+00 9.378467808970642139e+00 9.378467808970642139e+00
9.365500369073554765e+00 9.365500369073554765e+00 9.365500369073554765e+00 9.365500369073554765e+00 9.365500369073554765e+00 9.365500369073554765e+00 9.365500369073554765e+00 9.365500369073554765e+00 9.365500369073554765e+00 9.365500369073554765e+00 9.365500369073554765e+00
9.350498895431007540e+00 9.350498895431007540e+00 9.350498895431007540e+00 9.350498895431007540e+00 9.350498895431007540e+00 9.350498895431007540e+00 9.350498895431007540e+00 9.350498895431007540e+00 9.350498895431007540e+00 9.350498895431007540e+00 9.350498895431007540e+00
9.333230146147531769e+00 9.333230146147531769e+00 9.333230146147531769e+00 9.333230146147531769e+00 9.333230146147531769e+00 9.333230146147531769e+00 9.333230146147531769e+00 9.333230146147531769e+00 9.333230146147531769e+00 9.333230146147531769e+00 9.333230146147531769e+00
9.313447639203362272e+00 9.313447639203362272e+00 9.313447639203362272e+00 9.313447639203362272e+00 9.313447639203362272e+00 9.313447639203362272e+00 9.313447639203362272e+00 9.313447639203362272e+00 9.313447639203362272e+00 9.313447639203362272e+00 9.313447639203362272e+00
