8.915360053633230919e+00 8.915360053633914816e+00 8.915360053636081972e+00 8.915360053642933380e+00 8.915360053664597828e+00 8.915360053733108359e+00 8.915360053949754615e+00 8.915360054634852816e+00 8.915360056801322486e+00 8.915360063652302713e+00 8.915360085316997640e+00
8.849388162091926802e+00 8.849388162092566290e+00 8.849388162094586008e+00 8.849388162100973787e+00 8.849388162121176293e+00 8.849388162185059414e+00 8.849388162387075596e+00 8.849388163025910359e+00 8.849388165046081056e+00 8.849388171434423356e+00 8.849388191636130330e+00
8.777812905301669133e+00 8.777812905302265989e+00 8.777812905304152480e+00 8.777812905310115710e+00 8.777812905328975290e+00 8.777812905388612919e+00 8.777812905577208724e+00 8.777812906173597440e+00 8.777812908059541286e+00 8.777812914023424895e+00 8.777812932882874009e+00
8.700582037360179655e+00 8.700582037360739207e+00 8.700582037362504906e+00 8.700582037368086219e+00 8.700582037385739653e+00 8.700582037441565220e+00 8.700582037618101339e+00 8.700582038176357003e+00 8.700582039941712864e+00 8.700582045524262398e+00 8.700582063177829895e+00
8.617722764096027888e+00 8.617722764096551913e+00 8.617722764098211030e+00 8.617722764103458388e+00 8.617722764120047785e+00 8.617722764172507155e+00 8.617722764338401120e+00 8.617722764863001927e+00 8.617722766521936251e+00 8.617722771767947876e+00 8.617722788357291108e+00
8.529348500603374461e+00 8.529348500603870065e+00 8.529348500605436811e+00 8.529348500610391071e+00 8.529348500626054985e+00 8.529348500675592248e+00 8.529348500832238500e+00 8.529348501327600474e+00 8.529348502894073647e+00 8.529348507847693384e+00 8.529348523512418012e+00
8.435661168249717790e+00 8.435661168250188524e+00 8.435661168251675335e+00 8.435661168256379128e+00 8.435661168271250787e+00 8.435661168318283387e+00 8.435661168467010640e+00 8.435661168937325982e+00 8.435661170424594957e+00 8.435661175127751932e+00 8.435661190000439902e+00
8.336947941819214947e+00 8.336947941819664365e+00 8.336947941821085450e+00 8.336947941825576081e+00 8.336947941839779830e+00 8.336947941884693236e+00 8.336947942026723624e+00 8.336947942475863016e+00 8.336947943896165114e+00 8.336947948387557261e+00 8.336947962590585348e+00
8.233571915044858969e+00 8.233571915045290623e+00 8.233571915046654865e+00 8.233571915050969636e+00 8.233571915064613833e+00 8.233571915107757988e+00 8.233571915244194628e+00 8.233571915675646835e+00 8.233571917040015009e+00 8.233571921354528200e+00 8.233571934998215269e+00
8.125956969119618734e+00 8.125956969120036177e+00 8.125956969121354234e+00 8.125956969125523344e+00 8.125956969138703911e+00 8.125956969180387901e+00 8.125956969312206013e+00 8.125956969729049462e+00 8.125956971047221700e+00 8.125956975215650857e+00 8.125956988397382119e+00
8.014568070980661929e+00 8.014568070981065162e+00 8.014568070982345915e+00 8.014568070986396009e+00 8.014568070999199989e+00 8.014568071039690267e+00 8.014568071167730068e+00 8.014568071572631069e+00 8.014568072853037961e+00 8.014568076902039095e+00 8.014568089706108012e+00
