7.017928047875376052e+00 6.853493489298239538e+00 6.535855403550173470e+00 6.102739933550678231e+00 5.617990879468086618e+00 5.120526641008931179e+00 4.620970309765284334e+00 4.121070490564170186e+00 3.621098055813333438e+00 3.121106358608836562e+00 2.621108942697141675e+00
7.073767095235223401e+00 6.887004219378352943e+00 6.549832212728405878e+00 6.106170255826786963e+00 5.618486414618931946e+00 5.120578991380214440e+00 4.620974855558689143e+00 4.121070692804276625e+00 3.621097995453932850e+00 3.121106327068839281e+00 2.621108931477412973e+00
7.126856145493608352e+00 6.917518404397550391e+00 6.561723621409459639e+00 6.108866003046030002e+00 5.618855537975622205e+00 5.120617082652285212e+00 4.620978048877062427e+00 4.121070794948619387e+00 3.621097936437750242e+00 3.121106299259049255e+00 2.621108921767989930e+00
7.177006574706112474e+00 6.945009713393011097e+00 6.571695883462864707e+00 6.110957780148977392e+00 5.619128678225406404e+00 5.120644661023656674e+00 4.620980263896838025e+00 4.121070829856357420e+00 3.621097880533648006e+00 3.121106274875009134e+00 2.621108913386170247e+00
7.224040830309297334e+00 6.969490715363824584e+00 6.579935661244883605e+00 6.112562003760216633e+00 5.619329639514341501e+00 5.120664528634223167e+00 4.620981776462382840e+00 4.121070821039766408e+00 3.621097828755467152e+00 3.121106253594034374e+00 2.621108906165551478e+00
7.267794277015792836e+00 6.991014932420569927e+00 6.586642348864798713e+00 6.113779334470292426e+00 5.619476762866279174e+00 5.120678767192608838e+00 4.620982788615822123e+00 4.121070785101383471e+00 3.621097781591180453e+00 3.121106235093386250e+00 2.621108899956345439e+00
7.308118826953971414e+00 7.009678444000657649e+00 6.592019956852980478e+00 6.114694425520159626e+00 5.619584001999562872e+00 5.120688914290314919e+00 4.620983447432461588e+00 4.121070733586672752e+00 3.621097739172602026e+00 3.121106219062227627e+00 2.621108894624987418e+00
7.344888866435335117e+00 7.025620319290223570e+00 6.596269168566299967e+00 6.115376700930278631e+00 5.619661862342281822e+00 5.120696099998987449e+00 4.620983859324026888e+00 4.121070674376325016e+00 3.621097701399012436e+00 3.121106205208989959e+00 2.621108890053289731e+00
7.378009924497713534e+00 7.039021066021254214e+00 6.599580156868634973e+00 6.115881832225513293e+00 5.619718185796866550e+00 5.120701151265116380e+00 4.620984100801091898e+00 4.121070612722117055e+00 3.621097668025712757e+00 3.121106193265425599e+00 2.621108886137329286e+00
7.407430170582889772e+00 7.050098317251080715e+00 6.602126788376620148e+00 6.116253593943335787e+00 5.619758785424529890e+00 5.120704670842338047e+00 4.620984226509060377e+00 4.121070552010555943e+00 3.621097638726286316e+00 3.121106182988347300e+00 2.621108882786199246e+00
7.433154008157553783e+00 7.059099156258536567e+00 6.604062660130676221e+00 6.116525830523742435e+00 5.619787946001641110e+00 5.120707096463827490e+00 4.620984275188886770e+00 4.121070494321049438e+00 3.621097613135459525e+00 3.121106174159789415e+00 2.621108879920721613e+00
