1.240454210376102928e+01 1.240454210376102928e+01 1.240454210376102928e+01 1.240454210376102928e+01 1.240454210376102928e+01 1.240454210376102928e+01 1.240454210376102928e+01 1.240454210376102928e+01 1.240454210376102928e+01 1.240454210376102928e+01 1.240454210376102928e+01
1.240482098821998314e+01 1.240482098821998314e+01 1.240482098821998314e+01 1.240482098821998314e+01 1.240482098821998314e+01 1.240482098821998314e+01 1.240482098821998314e+01 1.240482098821998314e+01 1.240482098821998314e+01 1.240482098821998314e+01 1.240482098821998314e+01
1.240504776213351690e+01 1.240504776213351690e+01 1.240504776213351690e+01 1.240504776213351690e+01 1.240504776213351690e+01 1.240504776213351690e+01 1.240504776213351690e+01 1.240504776213351690e+01 1.240504776213351690e+01 1.240504776213351690e+01 1.240504776213351690e+01
1.240523113409413014e+01 1.240523113409413014e+01 1.240523113409413014e+01 1.240523113409413014e+01 1.240523113409413014e+01 1.240523113409413014e+01 1.240523113409413014e+01 1.240523113409413014e+01 1.240523113409413014e+01 1.240523113409413014e+01 1.240523113409413014e+01
1.240537858542324301e+01 1.240537858542324301e+01 1.240537858542324301e+01 1.240537858542324301e+01 1.240537858542324301e+01 1.240537858542324301e+01 1.240537858542324301e+01 1.240537858542324301e+01 1.240537858542324301e+01 1.240537858542324301e+01 1.240537858542324301e+01
1.240549650195541886e+01 1.240549650195541886e+01 1.240549650195541886e+01 1.240549650195541886e+01 1.240549650195541886e+01 1.240549650195541886e+01 1.240549650195541886e+01 1.240549650195541886e+01 1.240549650195541886e+01 1.240549650195541886e+01 1.240549650195541886e+01
1.240559029505310384e+01 1.240559029505310384e+01 1.240559029505310384e+01 1.240559029505310384e+01 1.240559029505310384e+01 1.240559029505310384e+01 1.240559029505310384e+01 1.240559029505310384e+01 1.240559029505310384e+01 1.240559029505310384e+01 1.240559029505310384e+01
1.240566451456282415e+01 1.240566451456282415e+01 1.240566451456282415e+01 1.240566451456282415e+01 1.240566451456282415e+01 1.240566451456282415e+01 1.240566451456282415e+01 1.240566451456282415e+01 1.240566451456282415e+01 1.240566451456282415e+01 1.240566451456282415e+01
1.240572295494074595e+01 1.240572295494074595e+01 1.240572295494074595e+01 1.240572295494074595e+01 1.240572295494074595e+01 1.240572295494074595e+01 1.240572295494074595e+01 1.240572295494074595e+01 1.240572295494074595e+01 1.240572295494074595e+01 1.240572295494074595e+01
1.240576875470635621e+01 1.240576875470635621e+01 1.240576875470635621e+01 1.240576875470635621e+01 1.240576875470635621e+01 1.240576875470635621e+01 1.240576875470635621e+01 1.240576875470635621e+01 1.240576875470635621e+01 1.240576875470635621e+01 1.240576875470635621e+01
1.240592334498123961e+01 1.240592334498123961e+01 1.240592334498123961e+01 1.240592334498123961e+01 1.240592334498123961e+01 1.240592334498123961e+01 1.240592334498123961e+01 1.240592334498123961e+01 1.240592334498123961e+01 1.240592334498123961e+01 1.240592334498123961e+01
