5.435482357916388452e+00 5.435482357924558805e+00 5.435482357950395027e+00 5.435482358032095895e+00 5.435482358290457228e+00 5.435482359107466799e+00 5.435482361691079234e+00 5.435482369861176721e+00 5.435482395697293967e+00 5.435482477398257295e+00 5.435482735759256556e+00
5.317595455300967444e+00 5.317595455309143126e+00 5.317595455334999777e+00 5.317595455416764594e+00 5.317595455675328431e+00 5.317595456492978379e+00 5.317595459078614972e+00 5.317595467255114450e+00 5.317595493111474170e+00 5.317595574876452957e+00 5.317595833439893838e+00
5.197359085135978773e+00 5.197359085144156232e+00 5.197359085170017323e+00 5.197359085251797239e+00 5.197359085510409038e+00 5.197359086328209976e+00 5.197359088914322633e+00 5.197359097092330238e+00 5.197359122953459476e+00 5.197359204733519533e+00 5.197359463344659147e+00
5.075219967162656332e+00 5.075219967170833790e+00 5.075219967196691329e+00 5.075219967278460587e+00 5.075219967537038634e+00 5.075219968354734768e+00 5.075219970940515246e+00 5.075219979117473024e+00 5.075220004975280474e+00 5.075220086744836046e+00 5.075220345322761339e+00
4.951563843157293476e+00 4.951563843165468271e+00 4.951563843191319592e+00 4.951563843273066645e+00 4.951563843531575415e+00 4.951563844349052168e+00 4.951563846934138979e+00 4.951563855108902068e+00 4.951563880959771069e+00 4.951563962707386857e+00 4.951564221215935646e+00
4.826714598001480283e+00 4.826714598009652413e+00 4.826714598035495740e+00 4.826714598117217925e+00 4.826714598375645870e+00 4.826714599192868604e+00 4.826714601777153391e+00 4.826714609949379842e+00 4.826714635792227703e+00 4.826714717514477115e+00 4.826714975942812735e+00
4.700937704833041408e+00 4.700937704841210873e+00 4.700937704867046207e+00 4.700937704948743523e+00 4.700937705207094197e+00 4.700937706024070017e+00 4.700937708607574983e+00 4.700937716777334963e+00 4.700937742612381953e+00 4.700937824309965762e+00 4.700938082660303330e+00
4.574446390946489416e+00 4.574446390954657105e+00 4.574446390980484445e+00 4.574446391062160444e+00 4.574446391320440952e+00 4.574446392137194728e+00 4.574446394719998921e+00 4.574446402887543783e+00 4.574446428715584823e+00 4.574446510391013021e+00 4.574446768671291075e+00
4.447409065907757864e+00 4.447409065915922888e+00 4.447409065941744899e+00 4.447409066023401358e+00 4.447409066281621470e+00 4.447409067098184288e+00 4.447409069680383631e+00 4.447409077846015357e+00 4.447409103668007013e+00 4.447409185324304737e+00 4.447409443544088070e+00
4.319956935822530042e+00 4.319956935830694178e+00 4.319956935856510860e+00 4.319956935938151332e+00 4.319956936196319930e+00 4.319956937012720211e+00 4.319956939594405299e+00 4.319956947758410770e+00 4.319956973575262538e+00 4.319957055215304820e+00 4.319957313383683939e+00
4.192191096111774762e+00 4.192191096119937122e+00 4.192191096145750251e+00 4.192191096227375624e+00 4.192191096485500701e+00 4.192191097301763314e+00 4.192191099883011418e+00 4.192191108045633996e+00 4.192191133858112373e+00 4.192191215484326605e+00 4.192191473608978924e+00
