1.284557915613853796e+00 1.284557915613864232e+00 1.284557915613897316e+00 1.284557915614001677e+00 1.284557915614332524e+00 1.284557915615378132e+00 1.284557915618685042e+00 1.284557915629141789e+00 1.284557915662209338e+00 1.284557915766777469e+00 1.284557916097451846e+00
1.024106940460902226e+00 1.024106940460908888e+00 1.024106940460929760e+00 1.024106940460996373e+00 1.024106940461206650e+00 1.024106940461871007e+00 1.024106940463971549e+00 1.024106940470615568e+00 1.024106940491625428e+00 1.024106940558064283e+00 1.024106940768161778e+00
7.405889694457576944e-01 7.405889694457614691e-01 7.405889694457736816e-01 7.405889694458119843e-01 7.405889694459329986e-01 7.405889694463153594e-01 7.405889694475249474e-01 7.405889694513504429e-01 7.405889694634473219e-01 7.405889695017007224e-01 7.405889696226682917e-01
3.995487847327406916e-01 3.995487847327428010e-01 3.995487847327493514e-01 3.995487847327705011e-01 3.995487847328370590e-01 3.995487847330469466e-01 3.995487847337108045e-01 3.995487847358111244e-01 3.995487847424519789e-01 3.995487847634530687e-01 3.995487848298638345e-01
-3.118719248984105560e-02 -3.118719248983991763e-02 -3.118719248983634063e-02 -3.118719248982478737e-02 -3.118719248978857675e-02 -3.118719248967403296e-02 -3.118719248931164922e-02 -3.118719248816605866e-02 -3.118719248454319970e-02 -3.118719247308672504e-02 -3.118719243685833670e-02
-6.333509573912097235e-01 -6.333509573912088353e-01 -6.333509573912066148e-01 -6.333509573911995094e-01 -6.333509573911766388e-01 -6.333509573911042523e-01 -6.333509573908761014e-01 -6.333509573901535683e-01 -6.333509573878699506e-01 -6.333509573806477277e-01 -6.333509573578097740e-01
-1.594853502668174716e+00 -1.594853502668174050e+00 -1.594853502668171386e+00 -1.594853502668163836e+00 -1.594853502668139189e+00 -1.594853502668061473e+00 -1.594853502667815670e+00 -1.594853502667038292e+00 -1.594853502664579814e+00 -1.594853502656806254e+00 -1.594853502632223474e+00
-3.487728362521006709e+00 -3.487728362521001380e+00 -3.487728362520985392e+00 -3.487728362520934766e+00 -3.487728362520774006e+00 -3.487728362520265524e+00 -3.487728362518658365e+00 -3.487728362513575764e+00 -3.487728362497503287e+00 -3.487728362446677721e+00 -3.487728362285952510e+00
-7.399793192394970021e+00 -7.399793192392631447e+00 -7.399793192385237361e+00 -7.399793192361855176e+00 -7.399793192287914323e+00 -7.399793192054091584e+00 -7.399793191314681273e+00 -7.399793188976458325e+00 -7.399793181582349888e+00 -7.399793158200125731e+00 -7.399793084259047582e+00
-1.771181157997289191e+01 -1.771010797426434280e+01 -1.770476426320725949e+01 -1.768828610301364535e+01 -1.763994664261494449e+01 -1.751508459217993519e+01 -1.726219502613201229e+01 -1.688274614995275513e+01 -1.642906905664327866e+01 -1.594480922683190194e+01 -1.544990781670701985e+01
-2.213221783737894199e+01 -2.163221783737894199e+01 -2.113221783737894199e+01 -2.063221783737894199e+01 -2.013221783737894199e+01 -1.963221783737894199e+01 -1.913221783737894199e+01 -1.863221783737894199e+01 -1.813221783737894199e+01 -1.763221783737894199e+01 -1.713221783737894199e+01
