2.366655464246890439e+00 2.835699460972417096e+00 3.286994560849527236e+00 3.670594116493183456e+00 3.976816784737934984e+00 4.203450854242280599e+00 4.341109606867741277e+00 4.369916597365394395e+00 4.261187166399305504e+00 3.995420763195125513e+00 3.593300693331290763e+00
1.930931331250477667e+00 2.390736489024518185e+00 2.857804032560342655e+00 3.275845576325916664e+00 3.617512001824676027e+00 3.881244465249824138e+00 4.061381138439737803e+00 4.143209749063245795e+00 4.101046922856982135e+00 3.907680670253026900e+00 3.561938074244352048e+00
1.445832045682983402e+00 1.882172206093308375e+00 2.353352262463553668e+00 2.804339957857741261e+00 3.186656638292224564e+00 3.491470565477320154e+00 3.716547864059220441e+00 3.852355629269376802e+00 3.878811499839025068e+00 3.767176931594055311e+00 3.498429007357505949e+00
9.106157448700690216e-01 1.306278249999105023e+00 1.766203813345786688e+00 2.237906766775384249e+00 2.665053141167425199e+00 3.016581602612937285e+00 3.290283090254011888e+00 3.481472677226971069e+00 3.576776058400108926e+00 3.551737153564334726e+00 3.378167336671933363e+00
3.151602679068197799e-01 6.552290945610251827e-01 1.088977893712622880e+00 1.562228283974349319e+00 2.028074400440369018e+00 2.433629686162633643e+00 2.761590006544745624e+00 3.010943677395100604e+00 3.174749038646585308e+00 3.236309995254754490e+00 3.168456162434857948e+00
-3.856058618440865726e-01 -9.780633187884266166e-02 3.056432959953557238e-01 7.696983280392816207e-01 1.252068460950288120e+00 1.711690319530360327e+00 2.102708081274479390e+00 2.415259079637531947e+00 2.649026337908084283e+00 2.794392095921141905e+00 2.832839879086480384e+00
-1.332920401061316484e+00 -1.036410391769619910e+00 -6.273975942135358030e-01 -1.607155561088671469e-01 3.272897046359573570e-01 8.172310969646265910e-01 1.275878696358214714e+00 1.662140795755577161e+00 1.969764120663713314e+00 2.197390126801438637e+00 2.336026413928963485e+00
-2.680710000159631790e+00 -2.229680327572542531e+00 -1.746390909347023790e+00 -1.251817830236636953e+00 -7.536074773819114725e-01 -2.547625171070261318e-01 2.394239965339123866e-01 7.032045714006589510e-01 1.096069747960538132e+00 1.409448540755480872e+00 1.643989732347628019e+00
-4.003428874206591992e+00 -3.503548109173410197e+00 -3.003585854806396949e+00 -2.503598125701829602e+00 -2.003605347363191846e+00 -1.503641027653374262e+00 -1.003984747676781808e+00 -5.072782607368868657e-01 -3.159656859445091059e-02 3.809790895420417933e-01 7.143450035768298401e-01
-5.452286324227237913e+00 -4.952286324350159141e+00 -4.452286325578232784e+00 -3.952286337858601062e+00 -3.452286460661980971e+00 -2.952287688676580757e+00 -2.452299966906772433e+00 -1.952422558106750916e+00 -1.453629823868672899e+00 -9.641968486990964982e-01 -5.186992692737221189e-01
-7.132217837379227987e+00 -6.632217837381794823e+00 -6.132217837407464067e+00 -5.632217837664157400e+00 -5.132217840231088957e+00 -4.632217865900392972e+00 -4.132218122592598242e+00 -3.632220689430902816e+00 -3.132246349443038813e+00 -2.632502116826985095e+00 -2.134980613611982214e+00
