1.011867534607328523e+01 1.011867534607328523e+01 1.011867534607328523e+01 1.011867534607328523e+01 1.011867534607328523e+01 1.011867534607328523e+01 1.011867534607328523e+01 1.011867534607328523e+01 1.011867534607328523e+01 1.011867534607328523e+01 1.011867534607328700e+01
1.025795578372609462e+01 1.025795578372609462e+01 1.025795578372609462e+01 1.025795578372609462e+01 1.025795578372609462e+01 1.025795578372609462e+01 1.025795578372609462e+01 1.025795578372609462e+01 1.025795578372609462e+01 1.025795578372609640e+01 1.025795578372609640e+01
1.039628970072623559e+01 1.039628970072623559e+01 1.039628970072623559e+01 1.039628970072623559e+01 1.039628970072623559e+01 1.039628970072623559e+01 1.039628970072623559e+01 1.039628970072623559e+01 1.039628970072623559e+01 1.039628970072623559e+01 1.039628970072623559e+01
1.053352147905448533e+01 1.053352147905448533e+01 1.053352147905448533e+01 1.053352147905448533e+01 1.053352147905448533e+01 1.053352147905448533e+01 1.053352147905448533e+01 1.053352147905448533e+01 1.053352147905448533e+01 1.053352147905448710e+01 1.053352147905448710e+01
1.066940985728384561e+01 1.066940985728384561e+01 1.066940985728384561e+01 1.066940985728384561e+01 1.066940985728384561e+01 1.066940985728384561e+01 1.066940985728384561e+01 1.066940985728384561e+01 1.066940985728384561e+01 1.066940985728384561e+01 1.066940985728384739e+01
1.080362521816890720e+01 1.080362521816890720e+01 1.080362521816890720e+01 1.080362521816890720e+01 1.080362521816890720e+01 1.080362521816890720e+01 1.080362521816890720e+01 1.080362521816890720e+01 1.080362521816890720e+01 1.080362521816890720e+01 1.080362521816890897e+01
1.093574956932378406e+01 1.093574956932378406e+01 1.093574956932378406e+01 1.093574956932378406e+01 1.093574956932378406e+01 1.093574956932378406e+01 1.093574956932378406e+01 1.093574956932378406e+01 1.093574956932378406e+01 1.093574956932378583e+01 1.093574956932378583e+01
1.106528228911468581e+01 1.106528228911468581e+01 1.106528228911468581e+01 1.106528228911468581e+01 1.106528228911468581e+01 1.106528228911468581e+01 1.106528228911468581e+01 1.106528228911468581e+01 1.106528228911468581e+01 1.106528228911468581e+01 1.106528228911468581e+01
1.119165410585149090e+01 1.119165410585149090e+01 1.119165410585149090e+01 1.119165410585149090e+01 1.119165410585149090e+01 1.119165410585149090e+01 1.119165410585149090e+01 1.119165410585149090e+01 1.119165410585149090e+01 1.119165410585149090e+01 1.119165410585149090e+01
1.131425338775698286e+01 1.131425338775698286e+01 1.131425338775698286e+01 1.131425338775698286e+01 1.131425338775698286e+01 1.131425338775698286e+01 1.131425338775698286e+01 1.131425338775698286e+01 1.131425338775698286e+01 1.131425338775698286e+01 1.131425338775698464e+01
1.143244553532274743e+01 1.143244553532274743e+01 1.143244553532274743e+01 1.143244553532274743e+01 1.143244553532274743e+01 1.143244553532274743e+01 1.143244553532274743e+01 1.143244553532274743e+01 1.143244553532274743e+01 1.143244553532274743e+01 1.143244553532274921e+01
