9.951395662862253744e+00 9.951395662862255520e+00 9.951395662862260849e+00 9.951395662862282165e+00 9.951395662862346114e+00 9.951395662862548619e+00 9.951395662863191660e+00 9.951395662865225589e+00 9.951395662871652448e+00 9.951395662891979299e+00 9.951395662956260324e+00
1.000518931452013227e+01 1.000518931452013582e+01 1.000518931452014293e+01 1.000518931452016602e+01 1.000518931452023708e+01 1.000518931452046445e+01 1.000518931452118210e+01 1.000518931452345228e+01 1.000518931453063054e+01 1.000518931455333416e+01 1.000518931462512384e+01
1.005347340232161990e+01 1.005347340232162345e+01 1.005347340232163056e+01 1.005347340232165543e+01 1.005347340232173536e+01 1.005347340232198938e+01 1.005347340232279052e+01 1.005347340232532538e+01 1.005347340233333853e+01 1.005347340235867826e+01 1.005347340243880971e+01
1.009662385871378021e+01 1.009662385871378198e+01 1.009662385871379264e+01 1.009662385871381929e+01 1.009662385871390988e+01 1.009662385871419055e+01 1.009662385871508405e+01 1.009662385871790313e+01 1.009662385872682400e+01 1.009662385875502899e+01 1.009662385884422164e+01
1.013502974722383421e+01 1.013502974722383776e+01 1.013502974722384664e+01 1.013502974722387862e+01 1.013502974722397632e+01 1.013502974722428895e+01 1.013502974722527661e+01 1.013502974722839944e+01 1.013502974723827599e+01 1.013502974726950612e+01 1.013502974736826623e+01
1.016908181424258650e+01 1.016908181424259006e+01 1.016908181424260071e+01 1.016908181424263447e+01 1.016908181424274282e+01 1.016908181424308566e+01 1.016908181424417101e+01 1.016908181424760116e+01 1.016908181425844937e+01 1.016908181429275437e+01 1.016908181440123293e+01
1.019916353688122079e+01 1.019916353688122435e+01 1.019916353688123500e+01 1.019916353688127231e+01 1.019916353688139132e+01 1.019916353688176258e+01 1.019916353688294031e+01 1.019916353688666710e+01 1.019916353689844790e+01 1.019916353693570521e+01 1.019916353705351852e+01
1.022564445509749120e+01 1.022564445509749476e+01 1.022564445509750719e+01 1.022564445509754805e+01 1.022564445509767417e+01 1.022564445509807207e+01 1.022564445509933151e+01 1.022564445510331765e+01 1.022564445511591735e+01 1.022564445515576459e+01 1.022564445528177046e+01
1.024887549349379690e+01 1.024887549349380045e+01 1.024887549349381288e+01 1.024887549349385552e+01 1.024887549349398697e+01 1.024887549349440441e+01 1.024887549349572424e+01 1.024887549349990046e+01 1.024887549351310234e+01 1.024887549355485206e+01 1.024887549368687445e+01
1.026918595041223625e+01 1.026918595041224158e+01 1.026918595041225402e+01 1.026918595041229665e+01 1.026918595041243165e+01 1.026918595041285620e+01 1.026918595041420268e+01 1.026918595041845528e+01 1.026918595043190940e+01 1.026918595047445137e+01 1.026918595060898021e+01
1.028688183874437811e+01 1.028688183874438167e+01 1.028688183874439588e+01 1.028688183874443673e+01 1.028688183874456819e+01 1.028688183874498563e+01 1.028688183874630369e+01 1.028688183875047457e+01 1.028688183876365869e+01 1.028688183880535512e+01 1.028688183893721053e+01
