-4.404906334377777455e+01 -4.404906334351102259e+01 -4.404906334266749468e+01 -4.404906334000001067e+01 -4.404906333156469600e+01 -4.404906330488989141e+01 -4.404906322053675893e+01 -4.404906295378884806e+01 -4.404906211025896567e+01 -4.404905944279405361e+01 -4.404905100763715353e+01
-4.602304438423882260e+01 -4.602304436722836556e+01 -4.602304431343657853e+01 -4.602304414333207916e+01 -4.602304360541483419e+01 -4.602304190437555320e+01 -4.602303652526086353e+01 -4.602301951544511383e+01 -4.602296573006880465e+01 -4.602279568959905021e+01 -4.602225841215032887e+01
-4.852273521013833602e+01 -4.852273163005317258e+01 -4.852272030902406641e+01 -4.852268451072867350e+01 -4.852257132599462608e+01 -4.852221359844515547e+01 -4.852108429991105254e+01 -4.851753234821374150e+01 -4.850648754002278906e+01 -4.847330198782262300e+01 -4.838246700972420911e+01
-5.115727401319689704e+01 -5.115626728029720738e+01 -5.115309898333684657e+01 -5.114322940584970922e+01 -5.111341802013687641e+01 -5.103070930645505854e+01 -5.084083632215233450e+01 -5.051451224215330171e+01 -5.008790391937630204e+01 -4.961395462830392233e+01 -4.912252875743065061e+01
-5.403843470933165349e+01 -5.371082489859042397e+01 -5.328350007511348707e+01 -5.280926623408608833e+01 -5.231774295571499067e+01 -5.182045833285310010e+01 -5.132132055583271324e+01 -5.082159357643826070e+01 -5.032167994724605364e+01 -4.982170726366883429e+01 -4.932171590223600788e+01
-5.452904092305300310e+01 -5.402904093971459076e+01 -5.352904094498295962e+01 -5.302904094664896206e+01 -5.252904094717580108e+01 -5.202904094734240203e+01 -5.152904094739508167e+01 -5.102904094741174390e+01 -5.052904094741700902e+01 -5.002904094741867880e+01 -4.952904094741920460e+01
-5.475095350452139087e+01 -5.425095350715140086e+01 -5.375095350798308402e+01 -5.325095350824608431e+01 -5.275095350832925334e+01 -5.225095350835555053e+01 -5.175095350836387098e+01 -5.125095350836649999e+01 -5.075095350836733132e+01 -5.025095350836759422e+01 -4.975095350836767238e+01
-5.499043218393152443e+01 -5.449043218393152443e+01 -5.399043218393152443e+01 -5.349043218393152443e+01 -5.299043218393152443e+01 -5.249043218393152443e+01 -5.199043218393152443e+01 -5.149043218393152443e+01 -5.099043218393152443e+01 -5.049043218393152443e+01 -4.999043218393152443e+01
-5.525110657614581555e+01 -5.475110657614581555e+01 -5.425110657614581555e+01 -5.375110657614581555e+01 -5.325110657614581555e+01 -5.275110657614581555e+01 -5.225110657614581555e+01 -5.175110657614581555e+01 -5.125110657614581555e+01 -5.075110657614581555e+01 -5.025110657614581555e+01
-5.553739895675914084e+01 -5.503739895675914084e+01 -5.453739895675914084e+01 -5.403739895675914084e+01 -5.353739895675914084e+01 -5.303739895675914084e+01 -5.253739895675914084e+01 -5.203739895675914084e+01 -5.153739895675914084e+01 -5.103739895675914084e+01 -5.053739895675914084e+01
-5.585467814067691705e+01 -5.535467814067691705e+01 -5.485467814067691705e+01 -5.435467814067691705e+01 -5.385467814067691705e+01 -5.335467814067691705e+01 -5.285467814067691705e+01 -5.235467814067691705e+01 -5.185467814067691705e+01 -5.135467814067691705e+01 -5.085467814067691705e+01
