-1.571969149359453866e+00 -1.071969149362243412e+00 -5.719691493901373214e-01 -7.196911012536498509e-02 4.280308870852299052e-01 9.280308591911831106e-01 1.428030580251095527e+00 1.928027790888455328e+00 2.427999901084666234e+00 2.927721384491118073e+00 3.424973566377778500e+00
-1.571969149359363493e+00 -1.071969149362214768e+00 -5.719691493901283286e-01 -7.196911012536214014e-02 4.280308870852308489e-01 9.280308591911832217e-01 1.428030580251095527e+00 1.928027790888455328e+00 2.427999901084666234e+00 2.927721384491118073e+00 3.424973566377778500e+00
-1.571969149334961457e+00 -1.071969149354490725e+00 -5.719691493876782884e-01 -7.196911012458000190e-02 4.280308870854855341e-01 9.280308591912712624e-01 1.428030580251130610e+00 1.928027790888473758e+00 2.427999901084679113e+00 2.927721384491129619e+00 3.424973566377789602e+00
-1.571969146480139745e+00 -1.071969148450865550e+00 -5.719691491010758799e-01 -7.196911003309895694e-02 4.280308871152657124e-01 9.280308592015396041e-01 1.428030580255229109e+00 1.928027790890620929e+00 2.427999901086209444e+00 2.927721384492464107e+00 3.424973566379054812e+00
-1.571968982853110486e+00 -1.071969096658657694e+00 -5.719691326741500603e-01 -7.196910478977058823e-02 4.280308888221427965e-01 9.280308597900926992e-01 1.428030580490136980e+00 1.928027791013696257e+00 2.427999901173915731e+00 2.927721384568943375e+00 3.424973566451557705e+00
-1.571963885428312002e+00 -1.071967483184532055e+00 -5.719686209281588107e-01 -7.196894144493898304e-02 4.280309419963052031e-01 9.280308781252247785e-01 1.428030587808199803e+00 1.928027794847846366e+00 2.427999903906232326e+00 2.927721386951496196e+00 3.424973568710240279e+00
-1.571869627747332299e+00 -1.071937645722365939e+00 -5.719591571388524809e-01 -7.196592066278256761e-02 4.280319253635584964e-01 9.280312172031092155e-01 1.428030723143676184e+00 1.928027865754122328e+00 2.427999954435912322e+00 2.927721431012876963e+00 3.424973610480845476e+00
-1.570755731397621036e+00 -1.071584704240161834e+00 -5.718471781438994039e-01 -7.193017426800611680e-02 4.280435623801123191e-01 9.280352298366587593e-01 1.428032324702803946e+00 1.928028704859253928e+00 2.428000552404475432e+00 2.927721952435580199e+00 3.424974104794497709e+00
-1.561865572257503221e+00 -1.068745550363497054e+00 -5.709441277101992007e-01 -7.164166940582278320e-02 4.281375069874590045e-01 9.280676260471597550e-01 1.428045255295968596e+00 1.928035479636728722e+00 2.428005380300110261e+00 2.927726162315274827e+00 3.424978095800727207e+00
-1.513457764603690858e+00 -1.052582028027828631e+00 -5.657260129975253404e-01 -6.996655798071879651e-02 4.286837981496168792e-01 9.282561019196235996e-01 1.428120494684907760e+00 1.928074901866278834e+00 2.428033474020700577e+00 2.927750659853856963e+00 3.425001319718472548e+00
-1.347981813305946908e+00 -9.878858770956924218e-01 -5.434972389425367645e-01 -6.267674285055112315e-02 4.310777359853712465e-01 9.290838624676629465e-01 1.428451164390997397e+00 1.928248194193055598e+00 2.428156975319370137e+00 2.927858353744934305e+00 3.425103414971106375e+00
