-1.024073172990723091e+00 -1.024073172990723091e+00 -1.024073172990723091e+00 -1.024073172990723091e+00 -1.024073172990723091e+00 -1.024073172990723091e+00 -1.024073172990723091e+00 -1.024073172990723091e+00 -1.024073172990723091e+00 -1.024073172990723091e+00 -1.024073172990723091e+00
-8.598647042620666259e-01 -8.598647042620666259e-01 -8.598647042620666259e-01 -8.598647042620666259e-01 -8.598647042620666259e-01 -8.598647042620666259e-01 -8.598647042620666259e-01 -8.598647042620666259e-01 -8.598647042620666259e-01 -8.598647042620666259e-01 -8.598647042620666259e-01
-7.039585772314885803e-01 -7.039585772314885803e-01 -7.039585772314885803e-01 -7.039585772314885803e-01 -7.039585772314885803e-01 -7.039585772314885803e-01 -7.039585772314885803e-01 -7.039585772314885803e-01 -7.039585772314885803e-01 -7.039585772314885803e-01 -7.039585772314885803e-01
-5.541939554815329405e-01 -5.541939554815329405e-01 -5.541939554815329405e-01 -5.541939554815329405e-01 -5.541939554815329405e-01 -5.541939554815329405e-01 -5.541939554815329405e-01 -5.541939554815329405e-01 -5.541939554815329405e-01 -5.541939554815329405e-01 -5.541939554815329405e-01
-4.089101880594358529e-01 -4.089101880594358529e-01 -4.089101880594358529e-01 -4.089101880594358529e-01 -4.089101880594358529e-01 -4.089101880594358529e-01 -4.089101880594358529e-01 -4.089101880594358529e-01 -4.089101880594358529e-01 -4.089101880594358529e-01 -4.089101880594358529e-01
-2.668399071531391553e-01 -2.668399071531391553e-01 -2.668399071531391553e-01 -2.668399071531391553e-01 -2.668399071531391553e-01 -2.668399071531391553e-01 -2.668399071531391553e-01 -2.668399071531391553e-01 -2.668399071531391553e-01 -2.668399071531391553e-01 -2.668399071531391553e-01
-1.270221174960337596e-01 -1.270221174960337596e-01 -1.270221174960337596e-01 -1.270221174960337596e-01 -1.270221174960337596e-01 -1.270221174960337596e-01 -1.270221174960337596e-01 -1.270221174960337596e-01 -1.270221174960337596e-01 -1.270221174960337596e-01 -1.270221174960337596e-01
1.126684033554908697e-02 1.126684033554908697e-02 1.126684033554908697e-02 1.126684033554908697e-02 1.126684033554908697e-02 1.126684033554908697e-02 1.126684033554908697e-02 1.126684033554908697e-02 1.126684033554908697e-02 1.126684033554908697e-02 1.126684033554908697e-02
1.485673878877175891e-01 1.485673878877175891e-01 1.485673878877175891e-01 1.485673878877175891e-01 1.485673878877175891e-01 1.485673878877175891e-01 1.485673878877175891e-01 1.485673878877175891e-01 1.485673878877175891e-01 1.485673878877175891e-01 1.485673878877175891e-01
2.852788160959730535e-01 2.852788160959730535e-01 2.852788160959730535e-01 2.852788160959730535e-01 2.852788160959730535e-01 2.852788160959730535e-01 2.852788160959730535e-01 2.852788160959730535e-01 2.852788160959730535e-01 2.852788160959730535e-01 2.852788160959730535e-01
4.216919905016915937e-01 4.216919905016915937e-01 4.216919905016915937e-01 4.216919905016915937e-01 4.216919905016915937e-01 4.216919905016915937e-01 4.216919905016915937e-01 4.216919905016915937e-01 4.216919905016915937e-01 4.216919905016915937e-01 4.216919905016915937e-01
