2.457068374851510306e+00 1.957279129063126843e+00 1.457337143767977850e+00 9.573546172909351837e-01 4.573600554014178310e-01 -4.263823367559251010e-02 -5.426376935101479004e-01 -1.042637522778140813e+00 -1.542637468798086609e+00 -2.042637451728970710e+00 -2.542637446331330153e+00
2.457052633103827155e+00 1.957277502033511363e+00 1.457336968213223560e+00 9.573545957742298773e-01 4.573600520001419589e-01 -4.263823441078583298e-02 -5.426376937085949370e-01 -1.042637522837491115e+00 -1.542637468816514312e+00 -2.042637451734764298e+00 -2.542637446333158913e+00
2.457031485104256507e+00 1.957275321912139709e+00 1.457336735203696332e+00 9.573545678741980369e-01 4.573600477599371605e-01 -4.263823529327269435e-02 -5.426376939418191547e-01 -1.042637522906658898e+00 -1.542637468837928738e+00 -2.042637451741490029e+00 -2.542637446335281215e+00
2.457003069710905763e+00 1.957272398237331235e+00 1.457336425307611760e+00 9.573545315438621861e-01 4.573600424437112011e-01 -4.263823635699456882e-02 -5.426376942164508055e-01 -1.042637522987330367e+00 -1.542637468862821937e+00 -2.042637451749300226e+00 -2.542637446337744578e+00
2.456964886774605894e+00 1.957268474376649303e+00 1.457336012390955116e+00 9.573544840486678531e-01 4.573600357403088124e-01 -4.263823764497198798e-02 -5.426376945405544383e-01 -1.042637523081501705e+00 -1.542637468891769448e+00 -2.042637451758370748e+00 -2.542637446340604512e+00
2.456913580368353500e+00 1.957263204354162234e+00 1.457335461271673571e+00 9.573544217288549874e-01 4.573600272398791744e-01 -4.263823921204115686e-02 -5.426376949239960501e-01 -1.042637523191541460e+00 -1.542637468925446065e+00 -2.042637451768908097e+00 -2.542637446343925856e+00
2.456844650880373848e+00 1.957256121489626466e+00 1.457334724538983384e+00 9.573543396774926162e-01 4.573600164005942048e-01 -4.263824112852294956e-02 -5.426376953789068258e-01 -1.042637523320288695e+00 -1.542637468964647818e+00 -2.042637451781153857e+00 -2.542637446347783214e+00
2.456752074550882181e+00 1.957246595938203715e+00 1.457333738236922027e+00 9.573542313042207041e-01 4.573600025038040973e-01 -4.263824348508727519e-02 -5.426376959202994232e-01 -1.042637523471101613e+00 -1.542637469010300855e+00 -2.042637451795386916e+00 -2.542637446352263630e+00
2.456627803900394369e+00 1.957233777167465494e+00 1.457332415996186459e+00 9.573540877426486295e-01 4.573599845933467023e-01 -4.263824639926928201e-02 -5.426376965668580077e-01 -1.042637523648072495e+00 -1.542637469063514066e+00 -2.042637451811939009e+00 -2.542637446357470576e+00
2.456461117038706732e+00 1.957216515990246153e+00 1.457330641041048036e+00 9.573538970432783346e-01 4.573599613930637853e-01 -4.263825002426874233e-02 -5.426376973419932970e-01 -1.042637523856053239e+00 -1.542637469125571315e+00 -2.042637451831192497e+00 -2.542637446363521736e+00
2.456237778635713465e+00 1.957193258869748709e+00 1.457328255283472096e+00 9.573536430727696001e-01 4.573599311946845991e-01 -4.263825456078982473e-02 -5.426376982752375566e-01 -1.042637524101056368e+00 -1.542637469198034461e+00 -2.042637451853606123e+00 -2.542637446370559218e+00
