1.360739253555430750e+01 1.360739253555430750e+01 1.360739253555430750e+01 1.360739253555430750e+01 1.360739253555430750e+01 1.360739253555430750e+01 1.360739253555430750e+01 1.360739253555430750e+01 1.360739253555430750e+01 1.360739253555430750e+01 1.360739253555430750e+01
1.360735459386367374e+01 1.360735459386367374e+01 1.360735459386367374e+01 1.360735459386367374e+01 1.360735459386367374e+01 1.360735459386367374e+01 1.360735459386367374e+01 1.360735459386367374e+01 1.360735459386367374e+01 1.360735459386367374e+01 1.360735459386367374e+01
1.360730830303421612e+01 1.360730830303421612e+01 1.360730830303421612e+01 1.360730830303421612e+01 1.360730830303421612e+01 1.360730830303421612e+01 1.360730830303421612e+01 1.360730830303421612e+01 1.360730830303421612e+01 1.360730830303421612e+01 1.360730830303421612e+01
1.360725208152506305e+01 1.360725208152506305e+01 1.360725208152506305e+01 1.360725208152506305e+01 1.360725208152506305e+01 1.360725208152506305e+01 1.360725208152506305e+01 1.360725208152506305e+01 1.360725208152506305e+01 1.360725208152506305e+01 1.360725208152506305e+01
1.360718410756310703e+01 1.360718410756310703e+01 1.360718410756310703e+01 1.360718410756310703e+01 1.360718410756310703e+01 1.360718410756310703e+01 1.360718410756310703e+01 1.360718410756310703e+01 1.360718410756310703e+01 1.360718410756310703e+01 1.360718410756310703e+01
1.360710229075791666e+01 1.360710229075791666e+01 1.360710229075791666e+01 1.360710229075791666e+01 1.360710229075791666e+01 1.360710229075791666e+01 1.360710229075791666e+01 1.360710229075791666e+01 1.360710229075791666e+01 1.360710229075791666e+01 1.360710229075791666e+01
1.360700423936491710e+01 1.360700423936491710e+01 1.360700423936491710e+01 1.360700423936491710e+01 1.360700423936491710e+01 1.360700423936491710e+01 1.360700423936491710e+01 1.360700423936491710e+01 1.360700423936491710e+01 1.360700423936491710e+01 1.360700423936491710e+01
1.360688722184853283e+01 1.360688722184853283e+01 1.360688722184853283e+01 1.360688722184853283e+01 1.360688722184853283e+01 1.360688722184853283e+01 1.360688722184853283e+01 1.360688722184853283e+01 1.360688722184853283e+01 1.360688722184853283e+01 1.360688722184853283e+01
1.360674812122839761e+01 1.360674812122839761e+01 1.360674812122839761e+01 1.360674812122839761e+01 1.360674812122839761e+01 1.360674812122839761e+01 1.360674812122839761e+01 1.360674812122839761e+01 1.360674812122839761e+01 1.360674812122839761e+01 1.360674812122839761e+01
1.360658338059466743e+01 1.360658338059466743e+01 1.360658338059466743e+01 1.360658338059466743e+01 1.360658338059466743e+01 1.360658338059466743e+01 1.360658338059466743e+01 1.360658338059466743e+01 1.360658338059466743e+01 1.360658338059466743e+01 1.360658338059466743e+01
1.360638893816603812e+01 1.360638893816603812e+01 1.360638893816603812e+01 1.360638893816603812e+01 1.360638893816603812e+01 1.360638893816603812e+01 1.360638893816603812e+01 1.360638893816603812e+01 1.360638893816603812e+01 1.360638893816603812e+01 1.360638893816603812e+01
