1.118621283795834920e+01 1.117502260633209055e+01 1.115750970977344991e+01 1.113127277391073910e+01 1.109320948632576354e+01 1.103943668893180075e+01 1.096516729806238288e+01 1.086450970375415892e+01 1.073025816954298328e+01 1.055392893660890152e+01 1.032649813545212503e+01
1.118618931508316017e+01 1.117500897305053620e+01 1.115750173164556891e+01 1.113126807931031692e+01 1.109320671371078681e+01 1.103943504697664224e+01 1.096516632473513475e+01 1.086450912835240423e+01 1.073025783236135311e+01 1.055392874228778943e+01 1.032649802628519531e+01
1.118615771971171746e+01 1.117499065773635714e+01 1.115749101766795803e+01 1.113126178015491341e+01 1.109320299881568950e+01 1.103943285211033043e+01 1.096516502838426455e+01 1.086450836625772531e+01 1.073025738949506369e+01 1.055392849012636880e+01 1.032649788695061588e+01
1.118611529061010224e+01 1.117496605216111050e+01 1.115747662752944258e+01 1.113125332554558966e+01 1.109319801892671364e+01 1.103942991578472821e+01 1.096516329962630110e+01 1.086450735495902897e+01 1.073025680618794198e+01 1.055392816164174796e+01 1.032649770823875102e+01
1.118605833107211645e+01 1.117493299721236433e+01 1.115745729774389972e+01 1.113124197512428282e+01 1.109319134042565658e+01 1.103942598477410009e+01 1.096516099167760494e+01 1.086450601068593436e+01 1.073025603596718902e+01 1.055392773221048586e+01 1.032649747795444384e+01
1.118598189946417421e+01 1.117488859570230986e+01 1.115743133086494510e+01 1.113122673393380424e+01 1.109318238063172046e+01 1.103942071893159671e+01 1.096515790750917674e+01 1.086450422112502245e+01 1.073025501664571912e+01 1.055392716898816197e+01 1.032649717991779958e+01
1.118587940336307796e+01 1.117482896282353622e+01 1.115739644699781685e+01 1.113120626493797261e+01 1.109317035652062700e+01 1.103941366129010326e+01 1.096515378258135165e+01 1.086450183563212590e+01 1.073025366495273225e+01 1.055392642811739456e+01 1.032649679262521403e+01
1.118574207196491521e+01 1.117474889449976772e+01 1.115734958500815921e+01 1.113117877159454672e+01 1.109315421582055983e+01 1.103940419787479676e+01 1.096514826163702949e+01 1.086449865207879029e+01 1.073025186932071229e+01 1.055392545097995871e+01 1.032649628745426718e+01
1.118555827852991236e+01 1.117464142843098784e+01 1.115728663679770882e+01 1.113114184032423992e+01 1.109313254445015851e+01 1.103939150369113520e+01 1.096514086750849870e+01 1.086449439917412008e+01 1.073024948019440394e+01 1.055392415916437265e+01 1.032649562625605988e+01
1.118531268468509232e+01 1.117449726636737140e+01 1.115720209285949416e+01 1.113109222935723963e+01 1.109310344221862898e+01 1.103937447014247475e+01 1.096513095919068981e+01 1.086448871270477490e+01 1.073024629700908150e+01 1.055392244770741961e+01 1.032649475812480055e+01
1.118498518462360458e+01 1.117430401951635588e+01 1.115708857083120797e+01 1.113102558602257020e+01 1.109306435598226592e+01 1.103935160751020916e+01 1.096511767549050020e+01 1.086448110359999930e+01 1.073024205069180503e+01 1.055392017601590027e+01 1.032649361506214269e+01
