-4.331501321504441115e+00 -4.294023751248915666e+00 -4.193154869971599474e+00 -3.974248908712542772e+00 -3.621678889263427958e+00 -3.181077145850673027e+00 -2.701728254879388835e+00 -2.208876835034228492e+00 -1.715204797846404228e+00 -1.254999521100434334e+00 -1.009017190319476898e+00
-4.196641866699653001e+00 -4.159064948446887122e+00 -4.057967694127991187e+00 -3.838716144026244947e+00 -3.485853359751506897e+00 -3.045104191900160018e+00 -2.565714419410356939e+00 -2.072999262732120318e+00 -1.580842577113180658e+00 -1.133725425676736842e+00 -9.416431049270792553e-01
-4.061198300949846463e+00 -4.023522381327831354e+00 -3.922197722870393033e+00 -3.702602510473725683e+00 -3.349449082684228252e+00 -2.908554300805677340e+00 -2.429130034696834972e+00 -1.936609353856277860e+00 -1.446524374721464667e+00 -1.016434793411555848e+00 -8.832201142280975414e-01
-3.925220627006682506e+00 -3.887448936041050018e+00 -3.785904456443664134e+00 -3.565977480941321609e+00 -3.212543968610630074e+00 -2.771509881825270138e+00 -2.292061357971991509e+00 -1.799815702817492369e+00 -1.312557243392204809e+00 -9.042801366433492749e-01 -8.334505665040246036e-01
-3.788758564690269282e+00 -3.750896245975229526e+00 -3.649143899867306029e+00 -3.428903605896093776e+00 -3.075206077404559313e+00 -2.634042075352750700e+00 -2.154583646716678569e+00 -1.662723857423732854e+00 -1.179310345229996004e+00 -7.984542797991081020e-01 -7.917686492701239143e-01
-3.651860380205371293e+00 -3.613913749253510943e+00 -3.511968152684989519e+00 -3.291436929461713845e+00 -2.937494757500423770e+00 -2.496212298521047313e+00 -2.016763166486125414e+00 -1.525441367576713780e+00 -1.047236772662435866e+00 -7.000988307312197012e-01 -7.574207075774558318e-01
-3.514572043464212925e+00 -3.476548031656192972e+00 -3.374425183936147654e+00 -3.153627432853260970e+00 -2.799461673772371650e+00 -2.358073618593224285e+00 -1.878659118535870975e+00 -1.388083792311894049e+00 -9.168968012640712484e-01 -6.101935339972986982e-01 -7.295461208457316715e-01
-3.376936661352146540e+00 -3.338842408969059594e+00 -3.236558760565115822e+00 -3.015519495767132963e+00 -2.661151734965780502e+00 -2.219671980258969946e+00 -1.740325562282365679e+00 -1.250782062500569669e+00 -7.889795880247933990e-01 -5.294501552590568094e-01 -7.072480902591053997e-01
-3.238994136620203967e+00 -3.200836703943701789e+00 -3.098408497575019904e+00 -2.877152365250427835e+00 -2.522603930136367634e+00 -2.081047313163045143e+00 -1.601813424112244810e+00 -1.113691669469873302e+00 -6.643179234156664226e-01 -4.582376138678588284e-01 -6.896493051965559840e-01
-3.100781005880719920e+00 -3.062567176355651899e+00 -2.960010000415994380e+00 -2.738560622102339526e+00 -2.383852082908398895e+00 -1.942234547097245745e+00 -1.463172706689473301e+00 -9.770041979180357217e-01 -5.438880141999349327e-01 -3.965565421468131291e-01 -6.759315151115928844e-01
-2.962330415285694407e+00 -2.924066569256325909e+00 -2.821395073509447293e+00 -2.599774636297552455e+00 -2.244925531869885749e+00 -1.803264564568865413e+00 -1.324455043601692861e+00 -8.409616979292835470e-01 -4.287847260279994965e-01 -3.440653310901465867e-01 -6.653603336563215231e-01
