9.259894900884024338e+00 9.259894900884024338e+00 9.259894900884024338e+00 9.259894900884024338e+00 9.259894900884024338e+00 9.259894900884024338e+00 9.259894900884024338e+00 9.259894900884024338e+00 9.259894900884024338e+00 9.259894900884026114e+00 9.259894900884029667e+00
9.230258116684934677e+00 9.230258116684934677e+00 9.230258116684934677e+00 9.230258116684934677e+00 9.230258116684934677e+00 9.230258116684934677e+00 9.230258116684934677e+00 9.230258116684934677e+00 9.230258116684934677e+00 9.230258116684934677e+00 9.230258116684938230e+00
9.196928417945674283e+00 9.196928417945674283e+00 9.196928417945674283e+00 9.196928417945674283e+00 9.196928417945674283e+00 9.196928417945674283e+00 9.196928417945674283e+00 9.196928417945674283e+00 9.196928417945674283e+00 9.196928417945676060e+00 9.196928417945679612e+00
9.159604189132672047e+00 9.159604189132672047e+00 9.159604189132672047e+00 9.159604189132672047e+00 9.159604189132672047e+00 9.159604189132672047e+00 9.159604189132672047e+00 9.159604189132672047e+00 9.159604189132672047e+00 9.159604189132672047e+00 9.159604189132675600e+00
9.117984379931078465e+00 9.117984379931078465e+00 9.117984379931078465e+00 9.117984379931078465e+00 9.117984379931078465e+00 9.117984379931078465e+00 9.117984379931078465e+00 9.117984379931078465e+00 9.117984379931080241e+00 9.117984379931080241e+00 9.117984379931083794e+00
9.071775146234177356e+00 9.071775146234177356e+00 9.071775146234177356e+00 9.071775146234177356e+00 9.071775146234177356e+00 9.071775146234177356e+00 9.071775146234177356e+00 9.071775146234177356e+00 9.071775146234177356e+00 9.071775146234179132e+00 9.071775146234180909e+00
9.020698060595430334e+00 9.020698060595430334e+00 9.020698060595430334e+00 9.020698060595430334e+00 9.020698060595430334e+00 9.020698060595430334e+00 9.020698060595430334e+00 9.020698060595430334e+00 9.020698060595430334e+00 9.020698060595432111e+00 9.020698060595433887e+00
8.964499852732844332e+00 8.964499852732844332e+00 8.964499852732844332e+00 8.964499852732844332e+00 8.964499852732844332e+00 8.964499852732844332e+00 8.964499852732844332e+00 8.964499852732846108e+00 8.964499852732846108e+00 8.964499852732846108e+00 8.964499852732847884e+00
8.902963468431234872e+00 8.902963468431234872e+00 8.902963468431234872e+00 8.902963468431234872e+00 8.902963468431234872e+00 8.902963468431234872e+00 8.902963468431236649e+00 8.902963468431236649e+00 8.902963468431236649e+00 8.902963468431236649e+00 8.902963468431238425e+00
8.835920011935597174e+00 8.835920011935597174e+00 8.835920011935597174e+00 8.835920011935597174e+00 8.835920011935597174e+00 8.835920011935597174e+00 8.835920011935597174e+00 8.835920011935597174e+00 8.835920011935597174e+00 8.835920011935597174e+00 8.835920011935598950e+00
8.763260871360966320e+00 8.763260871360966320e+00 8.763260871360966320e+00 8.763260871360966320e+00 8.763260871360966320e+00 8.763260871360966320e+00 8.763260871360966320e+00 8.763260871360968096e+00 8.763260871360968096e+00 8.763260871360968096e+00 8.763260871360969873e+00
