-2.162669492250285330e+01 -2.162669492250285330e+01 -2.162669492250285330e+01 -2.162669492250285330e+01 -2.162669492250285330e+01 -2.162669492250285330e+01 -2.162669492250285330e+01 -2.162669492250285330e+01 -2.162669492250285330e+01 -2.162669492250285330e+01 -2.162669492250285330e+01
-2.149394535026482700e+01 -2.149394535026482700e+01 -2.149394535026482700e+01 -2.149394535026482700e+01 -2.149394535026482700e+01 -2.149394535026482700e+01 -2.149394535026482700e+01 -2.149394535026482700e+01 -2.149394535026482700e+01 -2.149394535026482700e+01 -2.149394535026482700e+01
-2.136038521643008892e+01 -2.136038521643008892e+01 -2.136038521643008892e+01 -2.136038521643008892e+01 -2.136038521643008892e+01 -2.136038521643008892e+01 -2.136038521643008892e+01 -2.136038521643008892e+01 -2.136038521643008892e+01 -2.136038521643008892e+01 -2.136038521643008892e+01
-2.122608332064627490e+01 -2.122608332064627490e+01 -2.122608332064627490e+01 -2.122608332064627490e+01 -2.122608332064627490e+01 -2.122608332064627490e+01 -2.122608332064627490e+01 -2.122608332064627490e+01 -2.122608332064627490e+01 -2.122608332064627490e+01 -2.122608332064627490e+01
-2.109110754730988191e+01 -2.109110754730988191e+01 -2.109110754730988191e+01 -2.109110754730988191e+01 -2.109110754730988191e+01 -2.109110754730988191e+01 -2.109110754730988191e+01 -2.109110754730988191e+01 -2.109110754730988191e+01 -2.109110754730988191e+01 -2.109110754730988191e+01
-2.095552370050787871e+01 -2.095552370050787871e+01 -2.095552370050787871e+01 -2.095552370050787871e+01 -2.095552370050787871e+01 -2.095552370050787871e+01 -2.095552370050787871e+01 -2.095552370050787871e+01 -2.095552370050787871e+01 -2.095552370050787871e+01 -2.095552370050787871e+01
-2.081939462687266484e+01 -2.081939462687266484e+01 -2.081939462687266484e+01 -2.081939462687266484e+01 -2.081939462687266484e+01 -2.081939462687266484e+01 -2.081939462687266484e+01 -2.081939462687266484e+01 -2.081939462687266484e+01 -2.081939462687266484e+01 -2.081939462687266484e+01
-2.068277960948055139e+01 -2.068277960948055139e+01 -2.068277960948055139e+01 -2.068277960948055139e+01 -2.068277960948055139e+01 -2.068277960948055139e+01 -2.068277960948055139e+01 -2.068277960948055139e+01 -2.068277960948055139e+01 -2.068277960948055139e+01 -2.068277960948054783e+01
-2.054573400812371986e+01 -2.054573400812371986e+01 -2.054573400812371986e+01 -2.054573400812371986e+01 -2.054573400812371986e+01 -2.054573400812371986e+01 -2.054573400812371986e+01 -2.054573400812371986e+01 -2.054573400812371986e+01 -2.054573400812371986e+01 -2.054573400812371986e+01
-2.040830911817024429e+01 -2.040830911817024429e+01 -2.040830911817024429e+01 -2.040830911817024429e+01 -2.040830911817024429e+01 -2.040830911817024429e+01 -2.040830911817024429e+01 -2.040830911817024429e+01 -2.040830911817024429e+01 -2.040830911817024429e+01 -2.040830911817024074e+01
-2.027055222119713207e+01 -2.027055222119713207e+01 -2.027055222119713207e+01 -2.027055222119713207e+01 -2.027055222119713207e+01 -2.027055222119713207e+01 -2.027055222119713207e+01 -2.027055222119713207e+01 -2.027055222119713207e+01 -2.027055222119713207e+01 -2.027055222119713207e+01
