6.363171541471940529e+00 6.363190279286981443e+00 6.363249528076927675e+00 6.363436835376216294e+00 6.364028615251800858e+00 6.365894623361662674e+00 6.371742253547943768e+00 6.389715335395055540e+00 6.441744859864572348e+00 6.567885486375735660e+00 6.770338402348472506e+00
6.234995334158092817e+00 6.235013828777786316e+00 6.235072308670976504e+00 6.235257186051088141e+00 6.235841297346122580e+00 6.237683211517337512e+00 6.243456251265045331e+00 6.261210611453778441e+00 6.312747262554043282e+00 6.439428031101380512e+00 6.650329358084312581e+00
6.106626126047470571e+00 6.106644350790342735e+00 6.106701977420935457e+00 6.106884158176891120e+00 6.107459758308706022e+00 6.109274921562103167e+00 6.114965024463541177e+00 6.132474257884392266e+00 6.183420272906235304e+00 6.310100274215905358e+00 6.528343037001270055e+00
5.978093268551219808e+00 5.978111191333906227e+00 5.978167863257251469e+00 5.978347026710978618e+00 5.978913102771724830e+00 5.980698323178076592e+00 5.986295492081545433e+00 6.003528506257524100e+00 6.053780234538431060e+00 6.179957470084759485e+00 6.404295774080400960e+00
5.849412739789523030e+00 5.849430323173841373e+00 5.849485922014733497e+00 5.849661693977772359e+00 5.850217064135589951e+00 5.851968618590118965e+00 5.857461209864798235e+00 5.874382130043984240e+00 5.923827009875915373e+00 6.049030945208744292e+00 6.278115031810513891e+00
5.720589079015409695e+00 5.720606280195934090e+00 5.720660670608739728e+00 5.720832623250434956e+00 5.721375936274360363e+00 5.723089568386463100e+00 5.728464278394119980e+00 5.745032313818825287e+00 5.793546220764290489e+00 5.917327129876675862e+00 6.149744133628669118e+00
5.591614241126247720e+00 5.591631011998268619e+00 5.591684041881251233e+00 5.591851694400547856e+00 5.592381431724994023e+00 5.594052357730380898e+00 5.599294234830874295e+00 5.615463634495744039e+00 5.662909681604669565e+00 5.784827143617944145e+00 6.019141358232345418e+00
5.462470432148074373e+00 5.462486719320860828e+00 5.462538219857493438e+00 5.462701038607256088e+00 5.463215514661535543e+00 5.464838423817091062e+00 5.469930862804316618e+00 5.485650819805923284e+00 5.531881416336470458e+00 5.651491265915356443e+00 5.886273744722806178e+00
5.333121757773664484e+00 5.333137502987456813e+00 5.333187289964230970e+00 5.333344692610432425e+00 5.333842067890021355e+00 5.335411162990385314e+00 5.340336024848625129e+00 5.355550966059799300e+00 5.400407373424620516e+00 5.517253246374713704e+00 5.751104550730866016e+00
5.203519675384020715e+00 5.203534815831911686e+00 5.203582690655386145e+00 5.203734049384681093e+00 5.204212340508413526e+00 5.205721368826248252e+00 5.210459069848008440e+00 5.225108847940281187e+00 5.268414162139104739e+00 5.382020155118357962e+00 5.613577688856652870e+00
5.073593472925286285e+00 5.073607942080882616e+00 5.073653694393893687e+00 5.073798344176045916e+00 5.074255449906541315e+00 5.075697784399507917e+00 5.080227542211656733e+00 5.094248105947947636e+00 5.135806115000060679e+00 5.245671491793339136e+00 5.473602521379380192e+00
