8.690117924995082177e+00 8.373193127499368060e+00 7.995452306079910976e+00 7.565834486676666693e+00 7.099949373677635123e+00 6.613929579057830743e+00 6.118962950849009985e+00 5.620642618384142253e+00 5.121184169164634703e+00 4.621356531376522803e+00 4.121411150489102226e+00
8.690164635145420036e+00 8.373211097131550318e+00 7.995457929160351362e+00 7.565835822542064548e+00 7.099949594286619536e+00 6.613929598470532412e+00 6.118962948659502743e+00 5.620642616638321876e+00 5.121184168496969669e+00 4.621356531153447911e+00 4.121411150417353397e+00
8.690198414008559524e+00 8.373224069208589526e+00 7.995461973576476034e+00 7.565836774851509183e+00 7.099949747301083747e+00 6.613929609965847334e+00 6.118962946195804165e+00 5.620642615087942495e+00 5.121184167922071317e+00 4.621356530962907883e+00 4.121411150356215636e+00
8.690222831853191110e+00 8.373233427230909243e+00 7.995464878599129577e+00 7.565837451581865380e+00 7.099949852357801738e+00 6.613929616107407483e+00 6.118962943664040033e+00 5.620642613721657632e+00 5.121184167427953682e+00 4.621356530800243334e+00 4.121411150304128412e+00
8.690240474976853591e+00 8.373240172702935524e+00 7.995466961854430288e+00 7.565837930620939566e+00 7.099949923532715701e+00 6.613929618695650881e+00 6.118962941194113547e+00 5.620642612524918924e+00 5.121184167003910659e+00 4.621356530661437922e+00 4.121411150259758571e+00
8.690253216468123654e+00 8.373245030424889990e+00 7.995468452919329394e+00 7.565838268106814368e+00 7.099949970895346851e+00 6.613929618986552406e+00 6.118962938863596435e+00 5.620642611481805773e+00 5.121184166640467161e+00 4.621356530543038410e+00 4.121411150221966579e+00
8.690262412601256869e+00 8.373248524804218107e+00 7.995469517654514746e+00 7.565838504462791825e+00 7.099950001631663454e+00 6.613929617848831377e+00 6.118962936714607892e+00 5.620642610576198628e+00 5.121184166329296517e+00 4.621356530442077393e+00 4.121411150189780770e+00
8.690269045231964640e+00 8.373251035149733568e+00 7.995470275825054429e+00 7.565838668763587904e+00 7.099950020854775445e+00 6.613929615876776857e+00 6.118962934765678874e+00 5.620642609792520616e+00 5.121184166063120102e+00 4.621356530356008463e+00 4.121411150162371584e+00
8.690273825010381259e+00 8.373252835729058319e+00 7.995470813858008619e+00 7.565838781893295284e+00 7.099950032189856763e+00 6.613929613471079882e+00 6.118962933020033468e+00 5.620642609116166533e+00 5.121184165835603430e+00 4.621356530282653807e+00 4.121411150139032920e+00
8.690277266175389315e+00 8.373254124782841146e+00 7.995471194077356181e+00 7.565838858828717761e+00 7.099950038195875557e+00 6.613929610896612132e+00 6.118962931471323863e+00 5.620642608533728435e+00 5.121184165641257557e+00 4.621356530220146475e+00 4.121411150119159927e+00
8.690285863019665769e+00 8.373257193662810849e+00 7.995471995019246769e+00 7.565838956808327964e+00 7.099950008193875561e+00 6.613929586864965238e+00 6.118962921503340091e+00 5.620642605083526533e+00 5.121184164517556425e+00 4.621356529861428974e+00 4.121411150005383384e+00
