8.759583406007100947e+00 8.759583408886211231e+00 8.759583417990755905e+00 8.759583446781853411e+00 8.759583537827264621e+00 8.759583825737838225e+00 8.759584736188017473e+00 8.759587615254346815e+00 8.759596719361995909e+00 8.759625506078645429e+00 8.759716507525274309e+00
8.853741731317743557e+00 8.853741734398335339e+00 8.853741744140021908e+00 8.853741774945939724e+00 8.853741872362761001e+00 8.853742180421393826e+00 8.853743154584281072e+00 8.853746235117332830e+00 8.853755976213127710e+00 8.853786776205078368e+00 8.853884133529287936e+00
8.941327642941178766e+00 8.941327646258296014e+00 8.941327656747935393e+00 8.941327689919082999e+00 8.941327794815411067e+00 8.941328126526157050e+00 8.941329175482017888e+00 8.941332492515442709e+00 8.941342981333171736e+00 8.941376144246554247e+00 8.941480957834507137e+00
9.022246938350887646e+00 9.022246941941130416e+00 9.022246953294473570e+00 9.022246989196888833e+00 9.022247102730217350e+00 9.022247461753320152e+00 9.022248597076051979e+00 9.022252187201683427e+00 9.022263539374417718e+00 9.022299430066214043e+00 9.022412845558571703e+00
9.096522148980429989e+00 9.096522152880289980e+00 9.096522165212725497e+00 9.096522204211302309e+00 9.096522327535511820e+00 9.096522717519745171e+00 9.096523950746540521e+00 9.096527850435789375e+00 9.096540181172128925e+00 9.096579162719150347e+00 9.096702315707021924e+00
9.164279452489694222e+00 9.164279456733007478e+00 9.164279470151539542e+00 9.164279512584645460e+00 9.164279646769738719e+00 9.164280071098547253e+00 9.164281412926895243e+00 9.164285655989042212e+00 9.164299072011763414e+00 9.164341479979846383e+00 9.164475412227394813e+00
9.225731718454371233e+00 9.225731723068673062e+00 9.225731737660369802e+00 9.225731783803341912e+00 9.225731929719978908e+00 9.225732391146332034e+00 9.225733850278940551e+00 9.225738464204914280e+00 9.225753052153107703e+00 9.225799157561734631e+00 9.225944696257501576e+00
9.281159955920310622e+00 9.281159960921808505e+00 9.281159976737932027e+00 9.281160026752864667e+00 9.281160184913586519e+00 9.281160685057837867e+00 9.281162266614204626e+00 9.281167267548209310e+00 9.281183078023191868e+00 9.281233036362747768e+00 9.281390627533937732e+00
9.330894973211494303e+00 9.330894978598461620e+00 9.330894995633544298e+00 9.330895049503141081e+00 9.330895219853184486e+00 9.330895758541476681e+00 9.330897461964987372e+00 9.330902848078547862e+00 9.330919874614460596e+00 9.330973658580518304e+00 9.331143146669479194e+00
9.375300515564461534e+00 9.375300521308886914e+00 9.375300539474343609e+00 9.375300596918471285e+00 9.375300778571874716e+00 9.375301353001523452e+00 9.375303169419103355e+00 9.375308912550933016e+00 9.375327065071473953e+00 9.375384379563218573e+00 9.375564727924972530e+00
9.414758632985412490e+00 9.414758639022952735e+00 9.414758658115317758e+00 9.414758718490546130e+00 9.414758909412444865e+00 9.414759513147149761e+00 9.414761422190414564e+00 9.414767457779856130e+00 9.414786530623276306e+00 9.414846710211513425e+00 9.415035662679775541e+00
