1.250571270613004771e+01 1.250571270613004771e+01 1.250571270613004771e+01 1.250571270613004771e+01 1.250571270613004771e+01 1.250571270613004771e+01 1.250571270613004771e+01 1.250571270613004771e+01 1.250571270613004771e+01 1.250571270613004771e+01 1.250571270613004771e+01
1.250560211813274236e+01 1.250560211813274236e+01 1.250560211813274236e+01 1.250560211813274236e+01 1.250560211813274236e+01 1.250560211813274236e+01 1.250560211813274236e+01 1.250560211813274236e+01 1.250560211813274236e+01 1.250560211813274236e+01 1.250560211813274236e+01
1.250546669824367285e+01 1.250546669824367285e+01 1.250546669824367285e+01 1.250546669824367285e+01 1.250546669824367285e+01 1.250546669824367285e+01 1.250546669824367285e+01 1.250546669824367285e+01 1.250546669824367285e+01 1.250546669824367285e+01 1.250546669824367285e+01
1.250530163532820893e+01 1.250530163532820893e+01 1.250530163532820893e+01 1.250530163532820893e+01 1.250530163532820893e+01 1.250530163532820893e+01 1.250530163532820893e+01 1.250530163532820893e+01 1.250530163532820893e+01 1.250530163532820893e+01 1.250530163532820893e+01
1.250510137729674121e+01 1.250510137729674121e+01 1.250510137729674121e+01 1.250510137729674121e+01 1.250510137729674121e+01 1.250510137729674121e+01 1.250510137729674121e+01 1.250510137729674121e+01 1.250510137729674121e+01 1.250510137729674121e+01 1.250510137729674121e+01
1.250485954920403131e+01 1.250485954920403131e+01 1.250485954920403131e+01 1.250485954920403131e+01 1.250485954920403131e+01 1.250485954920403131e+01 1.250485954920403131e+01 1.250485954920403131e+01 1.250485954920403131e+01 1.250485954920403131e+01 1.250485954920403131e+01
1.250456886170032433e+01 1.250456886170032433e+01 1.250456886170032433e+01 1.250456886170032433e+01 1.250456886170032433e+01 1.250456886170032433e+01 1.250456886170032433e+01 1.250456886170032433e+01 1.250456886170032433e+01 1.250456886170032433e+01 1.250456886170032433e+01
1.250422100635731582e+01 1.250422100635731582e+01 1.250422100635731582e+01 1.250422100635731582e+01 1.250422100635731582e+01 1.250422100635731582e+01 1.250422100635731582e+01 1.250422100635731582e+01 1.250422100635731582e+01 1.250422100635731582e+01 1.250422100635731582e+01
1.250380653373945350e+01 1.250380653373945350e+01 1.250380653373945350e+01 1.250380653373945350e+01 1.250380653373945350e+01 1.250380653373945350e+01 1.250380653373945350e+01 1.250380653373945350e+01 1.250380653373945350e+01 1.250380653373945350e+01 1.250380653373945350e+01
1.250331470968062852e+01 1.250331470968062852e+01 1.250331470968062852e+01 1.250331470968062852e+01 1.250331470968062852e+01 1.250331470968062852e+01 1.250331470968062852e+01 1.250331470968062852e+01 1.250331470968062852e+01 1.250331470968062852e+01 1.250331470968062852e+01
1.250273334514436563e+01 1.250273334514436563e+01 1.250273334514436563e+01 1.250273334514436563e+01 1.250273334514436563e+01 1.250273334514436563e+01 1.250273334514436563e+01 1.250273334514436563e+01 1.250273334514436563e+01 1.250273334514436563e+01 1.250273334514436563e+01
