1.242651446030278173e+01 1.242651446030278173e+01 1.242651446030278173e+01 1.242651446030278173e+01 1.242651446030278173e+01 1.242651446030278173e+01 1.242651446030278173e+01 1.242651446030278173e+01 1.242651446030278173e+01 1.242651446030278173e+01 1.242651446030278173e+01
1.241471116641360339e+01 1.241471116641360339e+01 1.241471116641360339e+01 1.241471116641360339e+01 1.241471116641360339e+01 1.241471116641360339e+01 1.241471116641360339e+01 1.241471116641360339e+01 1.241471116641360339e+01 1.241471116641360339e+01 1.241471116641360339e+01
1.240130953232524824e+01 1.240130953232524824e+01 1.240130953232524824e+01 1.240130953232524824e+01 1.240130953232524824e+01 1.240130953232524824e+01 1.240130953232524824e+01 1.240130953232524824e+01 1.240130953232524824e+01 1.240130953232524824e+01 1.240130953232524824e+01
1.238611887394780986e+01 1.238611887394780986e+01 1.238611887394780986e+01 1.238611887394780986e+01 1.238611887394780986e+01 1.238611887394780986e+01 1.238611887394780986e+01 1.238611887394780986e+01 1.238611887394780986e+01 1.238611887394780986e+01 1.238611887394780986e+01
1.236893127143756210e+01 1.236893127143756210e+01 1.236893127143756210e+01 1.236893127143756210e+01 1.236893127143756210e+01 1.236893127143756210e+01 1.236893127143756210e+01 1.236893127143756210e+01 1.236893127143756210e+01 1.236893127143756210e+01 1.236893127143756210e+01
1.234952131340233628e+01 1.234952131340233628e+01 1.234952131340233628e+01 1.234952131340233628e+01 1.234952131340233628e+01 1.234952131340233628e+01 1.234952131340233628e+01 1.234952131340233628e+01 1.234952131340233628e+01 1.234952131340233628e+01 1.234952131340233628e+01
1.232764622359749751e+01 1.232764622359749751e+01 1.232764622359749751e+01 1.232764622359749751e+01 1.232764622359749751e+01 1.232764622359749751e+01 1.232764622359749751e+01 1.232764622359749751e+01 1.232764622359749751e+01 1.232764622359749751e+01 1.232764622359749751e+01
1.230304649065280920e+01 1.230304649065280920e+01 1.230304649065280920e+01 1.230304649065280920e+01 1.230304649065280920e+01 1.230304649065280920e+01 1.230304649065280920e+01 1.230304649065280920e+01 1.230304649065280920e+01 1.230304649065280920e+01 1.230304649065280920e+01
1.227544714213063415e+01 1.227544714213063415e+01 1.227544714213063415e+01 1.227544714213063415e+01 1.227544714213063415e+01 1.227544714213063415e+01 1.227544714213063415e+01 1.227544714213063415e+01 1.227544714213063415e+01 1.227544714213063415e+01 1.227544714213063415e+01
1.224455982351090100e+01 1.224455982351090100e+01 1.224455982351090100e+01 1.224455982351090100e+01 1.224455982351090100e+01 1.224455982351090100e+01 1.224455982351090100e+01 1.224455982351090100e+01 1.224455982351090100e+01 1.224455982351090100e+01 1.224455982351090100e+01
1.221008585725460271e+01 1.221008585725460271e+01 1.221008585725460271e+01 1.221008585725460271e+01 1.221008585725460271e+01 1.221008585725460271e+01 1.221008585725460271e+01 1.221008585725460271e+01 1.221008585725460271e+01 1.221008585725460271e+01 1.221008585725460271e+01
