3.341750060478780870e+00 3.341750519480896298e+00 3.341751970969838226e+00 3.341756560948965227e+00 3.341771075418147330e+00 3.341816971007390613e+00 3.341962073690021295e+00 3.342420609840290435e+00 3.343867450266563957e+00 3.348411292599295930e+00 3.362475052841481293e+00
3.481677100540387038e+00 3.481677558777257264e+00 3.481679007846291807e+00 3.481683590173105358e+00 3.481698080444601828e+00 3.481743899524586627e+00 3.481888760369056701e+00 3.482346532811851247e+00 3.483790968650682274e+00 3.488327310074480714e+00 3.502368332370106696e+00
3.621606610476614474e+00 3.621607068065197943e+00 3.621608515084179913e+00 3.621613090928245349e+00 3.621627560700380055e+00 3.621673314964557022e+00 3.621817970932065478e+00 3.622275096381812887e+00 3.623717495052186877e+00 3.628247481024004628e+00 3.642269230034156813e+00
3.761537033282110087e+00 3.761537490322405919e+00 3.761538935607556144e+00 3.761543505968840240e+00 3.761557958403638047e+00 3.761603657849763138e+00 3.761748140541536944e+00 3.762204718785713720e+00 3.763645394405267464e+00 3.768170004047660004e+00 3.782175439294212627e+00
3.901466546352156506e+00 3.901467002930094630e+00 3.901468446753149077e+00 3.901473012490941361e+00 3.901487450305590965e+00 3.901533103524902568e+00 3.901677440096177119e+00 3.902133556880863718e+00 3.903572779343697619e+00 3.908092853683777790e+00 3.922084514274086775e+00
4.041392924496955530e+00 4.041393380686946202e+00 4.041394823283207316e+00 4.041399385141589917e+00 4.041413810688970543e+00 4.041459425120799587e+00 4.041603639085534105e+00 4.042059368655766427e+00 4.043497371622036596e+00 4.048013638421018356e+00 4.061993717247808888e+00
4.181313353248291342e+00 4.181313809115522417e+00 4.181315250691133301e+00 4.181319809321974112e+00 4.181334224663374677e+00 4.181379806825053613e+00 4.181523918782534821e+00 4.181979326175765621e+00 4.183416314281645398e+00 4.187929410407700281e+00 4.201899820599781066e+00
4.321224174445879029e+00 4.321224630048467574e+00 4.321226070787208329e+00 4.321230626771665584e+00 4.321245033744764541e+00 4.321290589446566521e+00 4.321434617760668395e+00 4.321889760950396564e+00 4.323325916542779090e+00 4.327836408824196290e+00 4.341798845144196228e+00
4.461120539161906429e+00 4.461120994553001040e+00 4.461122434622941668e+00 4.461126988492485346e+00 4.461141388777845940e+00 4.461186923333195331e+00 4.461330884796653962e+00 4.461785816788209402e+00 4.463221306503776908e+00 4.467729712043049695e+00 4.481685710013328716e+00
4.600995933815231531e+00 4.600996389045183044e+00 4.600997828605541962e+00 4.601002380863659980e+00 4.601016776053344692e+00 4.601062294495754657e+00 4.601206205015611950e+00 4.601660976008127513e+00 4.603095957553692052e+00 4.607602764593704769e+00 4.621553760398856348e+00
4.740841533136761043e+00 4.740841988255492190e+00 4.740843427464144000e+00 4.740847978610063684e+00 4.740862370282653337e+00 4.740907877602879239e+00 4.741051752949746678e+00 4.741506412698675454e+00 4.742941042252994066e+00 4.747446732875881814e+00 4.761394127567992740e+00
