1.278453173012987421e+01 1.278453174667274439e+01 1.278453179898589198e+01 1.278453196441453699e+01 1.278453248754533256e+01 1.278453414182396841e+01 1.278453937301737042e+01 1.278455591353069032e+01 1.278460817264950045e+01 1.278477266767972154e+01 1.278528596154560049e+01
1.265949279559460550e+01 1.265949281152732908e+01 1.265949286191102274e+01 1.265949302123820530e+01 1.265949352507454506e+01 1.265949511833967023e+01 1.265950015661066708e+01 1.265951608755081459e+01 1.265956643123394620e+01 1.265972502288376766e+01 1.266022064893096122e+01
1.253338490598910049e+01 1.253338492129074133e+01 1.253338496967877091e+01 1.253338512269511895e+01 1.253338560657489253e+01 1.253338713673255178e+01 1.253339197545470185e+01 1.253340727573094426e+01 1.253345563427840936e+01 1.253360807986666536e+01 1.253408517315689963e+01
1.240635953034087713e+01 1.240635954497802018e+01 1.240635959126472621e+01 1.240635973763610522e+01 1.240636020050269117e+01 1.240636166421142406e+01 1.240636629281474690e+01 1.240638092890418243e+01 1.240642719395994220e+01 1.240657312990015981e+01 1.240703045541436467e+01
1.227851122800327310e+01 1.227851124193253085e+01 1.227851128598070751e+01 1.227851142527323880e+01 1.227851186575458442e+01 1.227851325867549193e+01 1.227851766343681561e+01 1.227853159187298182e+01 1.227857562418317272e+01 1.227871459055867298e+01 1.227915061585626155e+01
1.214987779861838568e+01 1.214987781178894899e+01 1.214987785343792304e+01 1.214987798514351702e+01 1.214987840163289690e+01 1.214987971868501226e+01 1.214988388353521920e+01 1.214989705345309012e+01 1.214993869081010658e+01 1.215007015675123903e+01 1.215048312809446074e+01
1.202043835949777595e+01 1.202043837185414610e+01 1.202043841092841703e+01 1.202043853449208832e+01 1.202043892523447965e+01 1.202044016086789036e+01 1.202044406825543810e+01 1.202045642411639648e+01 1.202049548988301098e+01 1.202061888085480312e+01 1.202100690643957215e+01
1.189010830032472477e+01 1.189010831180974037e+01 1.189010834812854789e+01 1.189010846297867907e+01 1.189010882616648068e+01 1.189010997466501429e+01 1.189011360651288918e+01 1.189012509112680505e+01 1.189016140371274055e+01 1.189027613176278209e+01 1.189063727563966921e+01
1.175873009762044141e+01 1.175873010817869257e+01 1.175873014156680973e+01 1.175873024714929116e+01 1.175873058103024071e+01 1.175873163685273148e+01 1.175873497563757475e+01 1.175874553357217422e+01 1.175877891714914902e+01 1.175888441492640446e+01 1.175921680441313377e+01
1.162605889853809060e+01 1.162605890811975229e+01 1.162605893841962335e+01 1.162605903423621889e+01 1.162605933723475360e+01 1.162606029539880836e+01 1.162606332536436149e+01 1.162607290678030481e+01 1.162610320335629943e+01 1.162619896224469862e+01 1.162650090996948471e+01
1.149174161836648089e+01 1.149174162693153711e+01 1.149174165401662151e+01 1.149174173966716594e+01 1.149174201051785538e+01 1.149174286702179515e+01 1.149174557551316944e+01 1.149175414038174914e+01 1.149178122309699290e+01 1.149186683504769668e+01 1.149213697406305101e+01
