1.390673939385705182e+01 1.390673939385705182e+01 1.390673939385705182e+01 1.390673939385705182e+01 1.390673939385705182e+01 1.390673939385705182e+01 1.390673939385705182e+01 1.390673939385705182e+01 1.390673939385705182e+01 1.390673939385705182e+01 1.390673939385705182e+01
1.390655159702481747e+01 1.390655159702481747e+01 1.390655159702481747e+01 1.390655159702481747e+01 1.390655159702481747e+01 1.390655159702481747e+01 1.390655159702481747e+01 1.390655159702481747e+01 1.390655159702481747e+01 1.390655159702481747e+01 1.390655159702481747e+01
1.390633165603869692e+01 1.390633165603869692e+01 1.390633165603869692e+01 1.390633165603869692e+01 1.390633165603869692e+01 1.390633165603869692e+01 1.390633165603869692e+01 1.390633165603869692e+01 1.390633165603869692e+01 1.390633165603869692e+01 1.390633165603869692e+01
1.390607462790730686e+01 1.390607462790730686e+01 1.390607462790730686e+01 1.390607462790730686e+01 1.390607462790730686e+01 1.390607462790730686e+01 1.390607462790730686e+01 1.390607462790730686e+01 1.390607462790730686e+01 1.390607462790730686e+01 1.390607462790730686e+01
1.390577482701315759e+01 1.390577482701315759e+01 1.390577482701315759e+01 1.390577482701315759e+01 1.390577482701315759e+01 1.390577482701315759e+01 1.390577482701315759e+01 1.390577482701315759e+01 1.390577482701315759e+01 1.390577482701315759e+01 1.390577482701315759e+01
1.390542570863630623e+01 1.390542570863630623e+01 1.390542570863630623e+01 1.390542570863630623e+01 1.390542570863630623e+01 1.390542570863630623e+01 1.390542570863630623e+01 1.390542570863630623e+01 1.390542570863630623e+01 1.390542570863630623e+01 1.390542570863630623e+01
1.390501973599173802e+01 1.390501973599173802e+01 1.390501973599173802e+01 1.390501973599173802e+01 1.390501973599173802e+01 1.390501973599173802e+01 1.390501973599173802e+01 1.390501973599173802e+01 1.390501973599173802e+01 1.390501973599173802e+01 1.390501973599173802e+01
1.390454822896354159e+01 1.390454822896354159e+01 1.390454822896354159e+01 1.390454822896354159e+01 1.390454822896354159e+01 1.390454822896354159e+01 1.390454822896354159e+01 1.390454822896354159e+01 1.390454822896354159e+01 1.390454822896354159e+01 1.390454822896354159e+01
1.390400119247835953e+01 1.390400119247835953e+01 1.390400119247835953e+01 1.390400119247835953e+01 1.390400119247835953e+01 1.390400119247835953e+01 1.390400119247835953e+01 1.390400119247835953e+01 1.390400119247835953e+01 1.390400119247835953e+01 1.390400119247835953e+01
1.390336712213542469e+01 1.390336712213542469e+01 1.390336712213542469e+01 1.390336712213542469e+01 1.390336712213542469e+01 1.390336712213542469e+01 1.390336712213542469e+01 1.390336712213542469e+01 1.390336712213542469e+01 1.390336712213542469e+01 1.390336712213542469e+01
1.390263278455350893e+01 1.390263278455350893e+01 1.390263278455350893e+01 1.390263278455350893e+01 1.390263278455350893e+01 1.390263278455350893e+01 1.390263278455350893e+01 1.390263278455350893e+01 1.390263278455350893e+01 1.390263278455350893e+01 1.390263278455350893e+01
