1.260511093286230633e+01 1.260552856894337204e+01 1.260679327589609855e+01 1.261045030342709516e+01 1.262016627626637089e+01 1.264250923497978540e+01 1.268365066406388841e+01 1.273906163771302680e+01 1.278547878935048487e+01 1.278624185781904821e+01 1.270331043531641946e+01
1.271948271665474017e+01 1.271991592754046252e+01 1.272122104751172955e+01 1.272495844979884261e+01 1.273471690863188499e+01 1.275652170736203850e+01 1.279488264176207579e+01 1.284268522211411678e+01 1.287485060389274061e+01 1.285503112370397716e+01 1.274822211681527406e+01
1.282843224943417404e+01 1.282888631098491494e+01 1.283024613794215263e+01 1.283409645091189510e+01 1.284394706551155529e+01 1.286521296778009926e+01 1.290056628593126575e+01 1.294011642170999643e+01 1.295706102989091413e+01 1.291604353990341281e+01 1.278614610194422063e+01
1.293147486422972037e+01 1.293195586957994436e+01 1.293338643640983676e+01 1.293738358453299497e+01 1.294736552238001615e+01 1.296803318451608611e+01 1.299998936097407309e+01 1.303042993870978172e+01 1.303117648611678447e+01 1.296881464683071350e+01 1.281734321597606296e+01
1.302823657485798314e+01 1.302875153904209249e+01 1.303027062445623940e+01 1.303444850808627820e+01 1.304458211339015072e+01 1.306450615394889603e+01 1.309248378062278206e+01 1.311278233362720336e+01 1.309651300378531680e+01 1.301328485636642540e+01 1.284237972738261035e+01
1.311846627990321856e+01 1.311902323697117545e+01 1.312065021574051649e+01 1.312504031025611795e+01 1.313531529077193305e+01 1.315423520284995718e+01 1.317744597623259750e+01 1.318648584514389199e+01 1.315273912861431427e+01 1.304981021280440423e+01 1.286202732722767372e+01
1.320204015719430579e+01 1.320264823182626479e+01 1.320440365488672363e+01 1.320903114717567206e+01 1.321939047547000534e+01 1.323690038468346586e+01 1.325436292345896483e+01 1.325109087648346318e+01 1.319993613385830145e+01 1.307909281563352089e+01 1.287714797653754140e+01
1.327895663600310883e+01 1.327962606217160868e+01 1.328153080207247960e+01 1.328640867816229409e+01 1.329672790753072320e+01 1.331225169134678588e+01 1.332284940286863772e+01 1.330646115078215708e+01 1.323859166614412786e+01 1.310206162589317636e+01 1.288859419316500166e+01
1.334932417424005457e+01 1.335006621534538418e+01 1.335213993846109481e+01 1.335726031968839145e+01 1.336732308857704865e+01 1.338010563357084415e+01 1.338269738025732991e+01 1.335281775132580329e+01 1.326952439756886371e+01 1.311973929104083680e+01 1.289714105846063497e+01
1.341334443855343572e+01 1.341417113839813879e+01 1.341642976344774674e+01 1.342175184302154634e+01 1.343122449607899149e+01 1.344035299161367725e+01 1.343392891382835863e+01 1.339073087714894505e+01 1.329376215438289499e+01 1.313312886920190437e+01 1.290345147104056878e+01
1.347129333056542499e+01 1.347221698189978589e+01 1.347466870418506524e+01 1.348010297644563060e+01 1.348851448446965406e+01 1.349298238758727386e+01 1.347683424313758671e+01 1.342105415974544513e+01 1.331240940687878904e+01 1.314313771574419576e+01 1.290806736953076062e+01
