8.740574937559019375e+00 8.740574937562920255e+00 8.740574937575258829e+00 8.740574937614274731e+00 8.740574937737656924e+00 8.740574938127824822e+00 8.740574939361643203e+00 8.740574943263316854e+00 8.740574955601497109e+00 8.740574994618244276e+00 8.740575118000005972e+00
8.611733080942345353e+00 8.611733080946148533e+00 8.611733080958178022e+00 8.611733080996218703e+00 8.611733081116511812e+00 8.611733081496911524e+00 8.611733082699844388e+00 8.611733086503848611e+00 8.611733098533166597e+00 8.611733136573210601e+00 8.611733256866369146e+00
8.482747171017958721e+00 8.482747171021651766e+00 8.482747171033334865e+00 8.482747171070277759e+00 8.482747171187099866e+00 8.482747171556527022e+00 8.482747172724756979e+00 8.482747176419023205e+00 8.482747188101317448e+00 8.482747225043977934e+00 8.482747341866902602e+00
8.353590377844385628e+00 8.353590377847957882e+00 8.353590377859251959e+00 8.353590377894963837e+00 8.353590378007899275e+00 8.353590378365028712e+00 8.353590379494374218e+00 8.353590383065679248e+00 8.353590394359132532e+00 8.353590430072170392e+00 8.353590543006689018e+00
8.224220953098473785e+00 8.224220953101907483e+00 8.224220953112766352e+00 8.224220953147106883e+00 8.224220953255702682e+00 8.224220953599109762e+00 8.224220954685057094e+00 8.224220958119126124e+00 8.224220968978606550e+00 8.224221003319293288e+00 8.224221111914065574e+00
8.094578553560047851e+00 8.094578553563330559e+00 8.094578553573708035e+00 8.094578553606524451e+00 8.094578553710300994e+00 8.094578554038468710e+00 8.094578555076230586e+00 8.094578558357916620e+00 8.094578568735521173e+00 8.094578601552388619e+00 8.094578705328418167e+00
7.964578968481803578e+00 7.964578968484917532e+00 7.964578968494762989e+00 7.964578968525898084e+00 7.964578968624357103e+00 7.964578968935711600e+00 7.964578969920300899e+00 7.964578973033845877e+00 7.964578982879739755e+00 7.964579014015186864e+00 7.964579112474102551e+00
7.834106808783290354e+00 7.834106808786219567e+00 7.834106808795483268e+00 7.834106808824777168e+00 7.834106808917413289e+00 7.834106809210353184e+00 7.834106810136710841e+00 7.834106813066111563e+00 7.834106822329689912e+00 7.834106851623694467e+00 7.834106944259459304e+00
7.703005565886027028e+00 7.703005565888756401e+00 7.703005565897387719e+00 7.703005565924683218e+00 7.703005566010997285e+00 7.703005566283948724e+00 7.703005567147094723e+00 7.703005569876602898e+00 7.703005578508065554e+00 7.703005605803145528e+00 7.703005692117756098e+00
7.571064255055990344e+00 7.571064255058504777e+00 7.571064255066457527e+00 7.571064255091605411e+00 7.571064255171128465e+00 7.571064255422604639e+00 7.571064256217840516e+00 7.571064258732596919e+00 7.571064266684954802e+00 7.571064291832518833e+00 7.571064371356088785e+00
7.437999636264273740e+00 7.437999636266560799e+00 7.437999636273792348e+00 7.437999636296660277e+00 7.437999636368975764e+00 7.437999636597656838e+00 7.437999637320809931e+00 7.437999639607618896e+00 7.437999646839146273e+00 7.437999669707241246e+00 7.437999742022499028e+00
