1.327628537957805221e+01 1.327628537957805221e+01 1.327628537957805221e+01 1.327628537957805221e+01 1.327628537957805399e+01 1.327628537957805399e+01 1.327628537957805932e+01 1.327628537957807175e+01 1.327628537957811261e+01 1.327628537957824051e+01 1.327628537957864374e+01
1.328081673522966177e+01 1.328081673522966177e+01 1.328081673522966177e+01 1.328081673522966177e+01 1.328081673522966355e+01 1.328081673522966355e+01 1.328081673522966888e+01 1.328081673522968309e+01 1.328081673522972928e+01 1.328081673522987138e+01 1.328081673523032613e+01
1.328471662720833457e+01 1.328471662720833457e+01 1.328471662720833457e+01 1.328471662720833457e+01 1.328471662720833457e+01 1.328471662720833635e+01 1.328471662720834168e+01 1.328471662720835766e+01 1.328471662720840918e+01 1.328471662720856905e+01 1.328471662720907531e+01
1.328806926636589303e+01 1.328806926636589303e+01 1.328806926636589303e+01 1.328806926636589303e+01 1.328806926636589480e+01 1.328806926636589658e+01 1.328806926636590191e+01 1.328806926636591967e+01 1.328806926636597474e+01 1.328806926636615060e+01 1.328806926636670838e+01
1.329094832704976348e+01 1.329094832704976348e+01 1.329094832704976348e+01 1.329094832704976348e+01 1.329094832704976525e+01 1.329094832704976703e+01 1.329094832704977236e+01 1.329094832704979190e+01 1.329094832704985230e+01 1.329094832705004237e+01 1.329094832705064455e+01
1.329341810932919543e+01 1.329341810932919543e+01 1.329341810932919543e+01 1.329341810932919543e+01 1.329341810932919543e+01 1.329341810932919721e+01 1.329341810932920431e+01 1.329341810932922385e+01 1.329341810932928780e+01 1.329341810932949031e+01 1.329341810933012979e+01
1.329553460505530005e+01 1.329553460505530005e+01 1.329553460505530005e+01 1.329553460505530005e+01 1.329553460505530182e+01 1.329553460505530360e+01 1.329553460505530893e+01 1.329553460505533025e+01 1.329553460505539597e+01 1.329553460505560558e+01 1.329553460505626461e+01
1.329734646900570993e+01 1.329734646900570993e+01 1.329734646900570993e+01 1.329734646900570993e+01 1.329734646900570993e+01 1.329734646900571171e+01 1.329734646900571882e+01 1.329734646900574013e+01 1.329734646900580586e+01 1.329734646900601192e+01 1.329734646900666739e+01
1.329889589828955287e+01 1.329889589828955287e+01 1.329889589828955287e+01 1.329889589828955287e+01 1.329889589828955465e+01 1.329889589828955643e+01 1.329889589828956176e+01 1.329889589828958130e+01 1.329889589828964347e+01 1.329889589828983709e+01 1.329889589829044994e+01
1.330021942454210304e+01 1.330021942454210304e+01 1.330021942454210304e+01 1.330021942454210304e+01 1.330021942454210304e+01 1.330021942454210482e+01 1.330021942454211015e+01 1.330021942454212613e+01 1.330021942454217765e+01 1.330021942454234107e+01 1.330021942454285799e+01
1.330134862431265752e+01 1.330134862431265752e+01 1.330134862431265752e+01 1.330134862431265752e+01 1.330134862431265752e+01 1.330134862431265930e+01 1.330134862431266285e+01 1.330134862431267351e+01 1.330134862431270903e+01 1.330134862431281739e+01 1.330134862431316556e+01
