-5.734309676509168341e-01 -5.734309676509168341e-01 -5.734309676509168341e-01 -5.734309676509168341e-01 -5.734309676509168341e-01 -5.734309676509168341e-01 -5.734309676509168341e-01 -5.734309676509168341e-01 -5.734309676509168341e-01 -5.734309676509170561e-01 -5.734309676509170561e-01
-6.245365222690175688e-01 -6.245365222690175688e-01 -6.245365222690175688e-01 -6.245365222690175688e-01 -6.245365222690175688e-01 -6.245365222690175688e-01 -6.245365222690175688e-01 -6.245365222690175688e-01 -6.245365222690174578e-01 -6.245365222690171247e-01 -6.245365222690161255e-01
-6.822233561309444250e-01 -6.822233561309444250e-01 -6.822233561309444250e-01 -6.822233561309444250e-01 -6.822233561309444250e-01 -6.822233561309444250e-01 -6.822233561309444250e-01 -6.822233561309443139e-01 -6.822233561309439809e-01 -6.822233561309434258e-01 -6.822233561309412053e-01
-7.467361533292152798e-01 -7.467361533292152798e-01 -7.467361533292152798e-01 -7.467361533292152798e-01 -7.467361533292152798e-01 -7.467361533292152798e-01 -7.467361533292152798e-01 -7.467361533292151687e-01 -7.467361533292148357e-01 -7.467361533292138365e-01 -7.467361533292107278e-01
-8.181946918768250310e-01 -8.181946918768250310e-01 -8.181946918768250310e-01 -8.181946918768250310e-01 -8.181946918768250310e-01 -8.181946918768249200e-01 -8.181946918768249200e-01 -8.181946918768248089e-01 -8.181946918768244759e-01 -8.181946918768230326e-01 -8.181946918768190358e-01
-8.965766583292202885e-01 -8.965766583292202885e-01 -8.965766583292202885e-01 -8.965766583292202885e-01 -8.965766583292202885e-01 -8.965766583292202885e-01 -8.965766583292198444e-01 -8.965766583292198444e-01 -8.965766583292196223e-01 -8.965766583292178460e-01 -8.965766583292129610e-01
-9.817094139602996483e-01 -9.817094139602996483e-01 -9.817094139602996483e-01 -9.817094139602996483e-01 -9.817094139602996483e-01 -9.817094139602996483e-01 -9.817094139602995373e-01 -9.817094139602994263e-01 -9.817094139602988712e-01 -9.817094139602969838e-01 -9.817094139602913216e-01
-1.073273187722180166e+00 -1.073273187722180166e+00 -1.073273187722180166e+00 -1.073273187722180166e+00 -1.073273187722180166e+00 -1.073273187722180166e+00 -1.073273187722180166e+00 -1.073273187722179944e+00 -1.073273187722179278e+00 -1.073273187722177058e+00 -1.073273187722170841e+00
-1.170816810722950851e+00 -1.170816810722950851e+00 -1.170816810722950851e+00 -1.170816810722950851e+00 -1.170816810722950851e+00 -1.170816810722950851e+00 -1.170816810722950629e+00 -1.170816810722950407e+00 -1.170816810722949741e+00 -1.170816810722947743e+00 -1.170816810722940637e+00
-1.273784986075811920e+00 -1.273784986075811920e+00 -1.273784986075811920e+00 -1.273784986075811920e+00 -1.273784986075811920e+00 -1.273784986075811920e+00 -1.273784986075811920e+00 -1.273784986075811698e+00 -1.273784986075811032e+00 -1.273784986075808590e+00 -1.273784986075801262e+00
-1.381553876477387144e+00 -1.381553876477387144e+00 -1.381553876477387144e+00 -1.381553876477387144e+00 -1.381553876477387144e+00 -1.381553876477387144e+00 -1.381553876477386922e+00 -1.381553876477386700e+00 -1.381553876477385812e+00 -1.381553876477383369e+00 -1.381553876477375598e+00
