6.195849846793990423e+00 6.195849846775631775e+00 6.195849846717575993e+00 6.195849846533987737e+00 6.195849845953432578e+00 6.195849844117553573e+00 6.195849838311995761e+00 6.195849819953210158e+00 6.195849761897639141e+00 6.195849578309846173e+00 6.195848997754727527e+00
6.192322681053572531e+00 6.192322681036254828e+00 6.192322680981493299e+00 6.192322680808322488e+00 6.192322680260706314e+00 6.192322678528994651e+00 6.192322673052839122e+00 6.192322655735715387e+00 6.192322600974165425e+00 6.192322427802961826e+00 6.192321880187781069e+00
6.187947074435238726e+00 6.187947074419048121e+00 6.187947074367850853e+00 6.187947074205950138e+00 6.187947073693974787e+00 6.187947072074964971e+00 6.187947066955208797e+00 6.187947050765118640e+00 6.187946999567556894e+00 6.187946837666658872e+00 6.187946325691121352e+00
6.182543389274989032e+00 6.182543389260008126e+00 6.182543389212635354e+00 6.182543389062830741e+00 6.182543388589104794e+00 6.182543387091051557e+00 6.182543382353793859e+00 6.182543367373268595e+00 6.182543320000686293e+00 6.182543170195416771e+00 6.182542696469453425e+00
6.175902009570971352e+00 6.175902009557277417e+00 6.175902009513973390e+00 6.175902009377034929e+00 6.175902008943997323e+00 6.175902007574610941e+00 6.175902003244232219e+00 6.175901989550371951e+00 6.175901946246579399e+00 6.175901809307938528e+00 6.175901376269690601e+00
6.167780850101469703e+00 6.167780850089131128e+00 6.167780850050114339e+00 6.167780849926730369e+00 6.167780849536555365e+00 6.167780848302714780e+00 6.167780844400969187e+00 6.167780832062566887e+00 6.167780793045106513e+00 6.167780669661027559e+00 6.167780279485954864e+00
6.157903446605505593e+00 6.157903446594580110e+00 6.157903446560030858e+00 6.157903446450775142e+00 6.157903446105280842e+00 6.157903445012730792e+00 6.157903441557785129e+00 6.157903430632287289e+00 6.157903396082822667e+00 6.157903286827781209e+00 6.157902941332556779e+00
6.145957911163619336e+00 6.145957911154150466e+00 6.145957911124204642e+00 6.145957911029509724e+00 6.145957910730056817e+00 6.145957909783103190e+00 6.145957906788574121e+00 6.145957897319040519e+00 6.145957867373741834e+00 6.145957772678340092e+00 6.145957473224680889e+00
6.131597071629691698e+00 6.131597071621704309e+00 6.131597071596444515e+00 6.131597071516567077e+00 6.131597071263972687e+00 6.131597070465200083e+00 6.131597067939257073e+00 6.131597059951523931e+00 6.131597034692087611e+00 6.131596954814684253e+00 6.131596702219607842e+00
6.114440134928792681e+00 6.114440134922292991e+00 6.114440134901738766e+00 6.114440134836741869e+00 6.114440134631202284e+00 6.114440133981230652e+00 6.114440131925839239e+00 6.114440125426118477e+00 6.114440104872193693e+00 6.114440039874919464e+00 6.114439834334926438e+00
6.094076213733578662e+00 6.094076213728551572e+00 6.094076213712654955e+00 6.094076213662386721e+00 6.094076213503424988e+00 6.094076213000742648e+00 6.094076211411120880e+00 6.094076206384295702e+00 6.094076190488071809e+00 6.094076140219744531e+00 6.094075981256770191e+00
