2.412412313016905063e+00 1.912640468509041458e+00 1.412712230298653671e+00 9.127348841314431027e-01 4.127420439623397663e-01 -8.725569229485193035e-02 -5.872549764759893431e-01 -1.087254750128327618e+00 -1.587254678548084774e+00 -2.087254655912464063e+00 -2.587254648754456099e+00
2.412413080911922858e+00 1.912640545023940097e+00 1.412712237684339955e+00 9.127348847802255749e-01 4.127420439986431155e-01 -8.725569230026353207e-02 -5.872549764793899563e-01 -1.087254750129572178e+00 -1.587254678548494891e+00 -2.087254655912595513e+00 -2.587254648754497843e+00
2.412413636743210077e+00 1.912640600292239812e+00 1.412712242982357980e+00 9.127348852335224194e-01 4.127420440196480911e-01 -8.725569230585951408e-02 -5.872549764823834506e-01 -1.087254750130640879e+00 -1.587254678548845499e+00 -2.087254655912707424e+00 -2.587254648754533370e+00
2.412414039003527577e+00 1.912640640191980435e+00 1.412712246775718272e+00 9.127348855476804523e-01 4.127420440303573024e-01 -8.725569231133956105e-02 -5.872549764850031329e-01 -1.087254750131557923e+00 -1.587254678549144371e+00 -2.087254655912802459e+00 -2.587254648754563569e+00
2.412414330063626267e+00 1.912640668978237590e+00 1.412712249485649885e+00 9.127348857631532031e-01 4.127420440342782770e-01 -8.725569231652345603e-02 -5.872549764872849742e-01 -1.087254750132343739e+00 -1.587254678549399056e+00 -2.087254655912884171e+00 -2.587254648754589326e+00
2.412414540613530001e+00 1.912640689730737753e+00 1.412712251416341713e+00 9.127348859089339239e-01 4.127420440338522845e-01 -8.725569232131236141e-02 -5.872549764892647239e-01 -1.087254750133016534e+00 -1.587254678549616660e+00 -2.087254655912953005e+00 -2.587254648754611086e+00
2.412414692880946898e+00 1.912640704678099990e+00 1.412712252787331035e+00 9.127348860057600266e-01 4.127420440307633109e-01 -8.725569232566117439e-02 -5.872549764909772430e-01 -1.087254750133591630e+00 -1.587254678549801623e+00 -2.087254655913012069e+00 -2.587254648754629738e+00
2.412414802963300797e+00 1.912640715432696537e+00 1.412712253756952308e+00 9.127348860684266763e-01 4.127420440261583279e-01 -8.725569232956018051e-02 -5.872549764924545057e-01 -1.087254750134083237e+00 -1.587254678549959719e+00 -2.087254655913062251e+00 -2.587254648754645725e+00
2.412414882517377901e+00 1.912640723160755840e+00 1.412712254439303150e+00 9.127348861074588982e-01 4.127420440208078856e-01 -8.725569233302228611e-02 -5.872549764937263772e-01 -1.087254750134503123e+00 -1.587254678550094278e+00 -2.087254655913104884e+00 -2.587254648754659048e+00
2.412414939983468454e+00 1.912640728705560011e+00 1.412712254916524079e+00 9.127348861303157257e-01 4.127420440152164693e-01 -8.725569233607270714e-02 -5.872549764948192808e-01 -1.087254750134861725e+00 -1.587254678550208853e+00 -2.087254655913141299e+00 -2.587254648754670594e+00
2.412414981472199127e+00 1.912640732676659461e+00 1.412712255247679405e+00 9.127348861422603932e-01 4.127420440097062659e-01 -8.725569233874434782e-02 -5.872549764957569751e-01 -1.087254750135167480e+00 -1.587254678550306553e+00 -2.087254655913172385e+00 -2.587254648754680808e+00
