6.072036929808062311e+00 5.610262066119888757e+00 5.117981400872119835e+00 4.619356913922834984e+00 4.119650892621085525e+00 3.619728717109374383e+00 3.119751785773375641e+00 2.619758925774099634e+00 2.119761168121347072e+00 1.619761875661131612e+00 1.119762099249566045e+00
6.062620223632960936e+00 5.608288325280791575e+00 5.117718775383202079e+00 4.619327930324773845e+00 4.119647673866778881e+00 3.619728306352583136e+00 3.119751716908047534e+00 2.619758910108871408e+00 2.119761163779037005e+00 1.619761874349128883e+00 1.119762098840790143e+00
6.051428423270117207e+00 5.605764371606795748e+00 5.117368720189885423e+00 4.619289013695976109e+00 4.119643394672609205e+00 3.619727774636313455e+00 3.119751631365250244e+00 2.619758891330619122e+00 2.119761158668492573e+00 1.619761872815810744e+00 1.119762098364190717e+00
6.038269646026348525e+00 5.602564643440109293e+00 5.116903225566949764e+00 4.619236696494258609e+00 4.119637687827723660e+00 3.619727082552506303e+00 3.119751524421465305e+00 2.619758868720961420e+00 2.119761152640113444e+00 1.619761871021628608e+00 1.119762097808036705e+00
6.022956617309061400e+00 5.598545346972549019e+00 5.116286080976478523e+00 4.619166288907603501e+00 4.119630053944787207e+00 3.619726176896103098e+00 3.119751389829848787e+00 2.619758841364483892e+00 2.119761145510479228e+00 1.619761868919187053e+00 1.119762097158401692e+00
6.005308882615727484e+00 5.593544726894429608e+00 5.115470912082076715e+00 4.619071448969462423e+00 4.119619812011674931e+00 3.619724985538775197e+00 3.119751219277541399e+00 2.619758808085376423e+00 2.119761137053142619e+00 1.619761866451417731e+00 1.119762096398693174e+00
5.985154163988812392e+00 5.587383933970751393e+00 5.114398951426241346e+00 4.618943605429383759e+00 4.119606030598139235e+00 3.619723410277232656e+00 3.119751001632644183e+00 2.619758767360851781e+00 2.119761126986421385e+00 1.619761863549234127e+00 1.119762095509062805e+00
5.962328796215839333e+00 5.579868384843493345e+00 5.112996582380927357e+00 4.618771186750396218e+00 4.119587431743669370e+00 3.619721316795865729e+00 3.119750721892168954e+00 2.619758717201849052e+00 2.119761114957027903e+00 1.619761860128493325e+00 1.119762094465660329e+00
5.936677224762043181e+00 5.570789433311913896e+00 5.111172718915391933e+00 4.618538597484598718e+00 4.119562256077722751e+00 3.619718520485636581e+00 3.119750359701188636e+00 2.619758654987188962e+00 2.119761100517906449e+00 1.619761856086014085e+00 1.119762093239675682e+00
5.908050914028447842e+00 5.559926110309241665e+00 5.108816099698409552e+00 4.618224869431826640e+00 4.119528072655264772e+00 3.619714766260929029e+00 3.119749887251327181e+00 2.619758577230834717e+00 2.119761083097871701e+00 1.619761851294301724e+00 1.119762091796105308e+00
5.876304429047307210e+00 5.547046650392378986e+00 5.105792577056530668e+00 4.617801899721769132e+00 4.119481509572750610e+00 3.619709699600262898e+00 3.119749266271615529e+00 2.619758479251959926e+00 2.119761061959535287e+00 1.619761845594471339e+00 1.119762090092135676e+00
