9.009294970486946497e+00 9.009294970486946497e+00 9.009294970486946497e+00 9.009294970486946497e+00 9.009294970486944720e+00 9.009294970486944720e+00 9.009294970486941168e+00 9.009294970486932286e+00 9.009294970486900311e+00 9.009294970486804388e+00 9.009294970486498855e+00
9.009293633806144896e+00 9.009293633806144896e+00 9.009293633806144896e+00 9.009293633806143120e+00 9.009293633806143120e+00 9.009293633806143120e+00 9.009293633806139567e+00 9.009293633806130686e+00 9.009293633806098711e+00 9.009293633806002788e+00 9.009293633805697255e+00
9.009291884967673525e+00 9.009291884967673525e+00 9.009291884967673525e+00 9.009291884967673525e+00 9.009291884967673525e+00 9.009291884967671749e+00 9.009291884967668196e+00 9.009291884967659314e+00 9.009291884967629116e+00 9.009291884967531416e+00 9.009291884967225883e+00
9.009289598357753448e+00 9.009289598357753448e+00 9.009289598357753448e+00 9.009289598357753448e+00 9.009289598357753448e+00 9.009289598357751672e+00 9.009289598357749895e+00 9.009289598357739237e+00 9.009289598357709039e+00 9.009289598357613116e+00 9.009289598357307582e+00
9.009286610597797562e+00 9.009286610597797562e+00 9.009286610597797562e+00 9.009286610597797562e+00 9.009286610597797562e+00 9.009286610597795786e+00 9.009286610597792233e+00 9.009286610597783351e+00 9.009286610597753153e+00 9.009286610597657230e+00 9.009286610597353473e+00
9.009282709424326185e+00 9.009282709424326185e+00 9.009282709424326185e+00 9.009282709424326185e+00 9.009282709424326185e+00 9.009282709424324409e+00 9.009282709424322633e+00 9.009282709424311975e+00 9.009282709424281776e+00 9.009282709424185853e+00 9.009282709423882096e+00
9.009277619378750046e+00 9.009277619378750046e+00 9.009277619378750046e+00 9.009277619378750046e+00 9.009277619378750046e+00 9.009277619378748270e+00 9.009277619378744717e+00 9.009277619378735835e+00 9.009277619378705637e+00 9.009277619378609714e+00 9.009277619378307733e+00
9.009270983401460597e+00 9.009270983401460597e+00 9.009270983401460597e+00 9.009270983401460597e+00 9.009270983401460597e+00 9.009270983401458821e+00 9.009270983401455268e+00 9.009270983401446387e+00 9.009270983401416188e+00 9.009270983401320265e+00 9.009270983401020061e+00
9.009262339293570676e+00 9.009262339293570676e+00 9.009262339293570676e+00 9.009262339293570676e+00 9.009262339293570676e+00 9.009262339293570676e+00 9.009262339293567123e+00 9.009262339293558242e+00 9.009262339293528044e+00 9.009262339293432120e+00 9.009262339293131916e+00
9.009251091189874217e+00 9.009251091189874217e+00 9.009251091189874217e+00 9.009251091189874217e+00 9.009251091189874217e+00 9.009251091189872440e+00 9.009251091189870664e+00 9.009251091189860006e+00 9.009251091189831584e+00 9.009251091189735661e+00 9.009251091189437233e+00
9.009236467144795313e+00 9.009236467144795313e+00 9.009236467144795313e+00 9.009236467144795313e+00 9.009236467144793536e+00 9.009236467144793536e+00 9.009236467144789984e+00 9.009236467144781102e+00 9.009236467144750904e+00 9.009236467144656757e+00 9.009236467144360105e+00
