1.055568181209561196e+01 1.070961619999375891e+01 1.079041610636429915e+01 1.076341038454998156e+01 1.059631758177851957e+01 1.027966158346299785e+01 9.849766997723694573e+00 9.367426884035296553e+00 8.870946461403304895e+00 8.371706791343767051e+00 7.871905731280055996e+00
1.065567521695126629e+01 1.079548100500277918e+01 1.086033493760293034e+01 1.081428625736152149e+01 1.062616940316496184e+01 1.029172028714586240e+01 9.852621620594133489e+00 9.367788494027703194e+00 8.870962190508235423e+00 8.371700060967230073e+00 7.871902382297133904e+00
1.075674471930421561e+01 1.088183142562700212e+01 1.092972794849324281e+01 1.086348191773746308e+01 1.065376498798928040e+01 1.030216638611861413e+01 9.854909253226898258e+00 9.368057721090002232e+00 8.870969860784354566e+00 8.371693428357446010e+00 7.871899341206352041e+00
1.085844753907606020e+01 1.096817127381500079e+01 1.099803842590801040e+01 1.091047954163508571e+01 1.067883656874014342e+01 1.031102939309431399e+01 9.856705498349549899e+00 9.368253461627420009e+00 8.870971692207213266e+00 8.371687062840697635e+00 7.871896605179621531e+00
1.096033410401170194e+01 1.105398214029178483e+01 1.106468783693040159e+01 1.095478143195091292e+01 1.070119473960814815e+01 1.031838888934555953e+01 9.858089032968704757e+00 9.368392161295897580e+00 8.870969476883757920e+00 8.371681079594704755e+00 7.871894163203239536e+00
1.106192458453515570e+01 1.113870109599070446e+01 1.112906490404521698e+01 1.099591968818210752e+01 1.072073839182718125e+01 1.032436828302679643e+01 9.859135552051565554e+00 9.368487558841403384e+00 8.870964612160117113e+00 8.371675548792639532e+00 7.871891998602750462e+00
1.116268299102630834e+01 1.122169823974686054e+01 1.119052123830415724e+01 1.103347524588348705e+01 1.073746263709171700e+01 1.032912414022341352e+01 9.859913679389554986e+00 9.368550761356575052e+00 8.870958153492059850e+00 8.371670505110689220e+00 7.871890091163367131e+00
1.126199064724970889e+01 1.130225818569487295e+01 1.124837947873776045e+01 1.106710704594926753e+01 1.075147801306543194e+01 1.033283155784362783e+01 9.860482750862926693e+00 9.368590509351172102e+00 8.870950873585906393e+00 8.371665956554982913e+00 7.871888418819672495e+00
1.135912260343253877e+01 1.137957226756450879e+01 1.130196054740560463e+01 1.109658818398344593e+01 1.076291436163959858e+01 1.033566827596257909e+01 9.860892131576765252e+00 9.368613526083992227e+00 8.870943319624609913e+00 8.371661892082519429e+00 7.871886958938720369e+00
1.145323285427781812e+01 1.145275078013800751e+01 1.135063425122782732e+01 1.112184065961655755e+01 1.077207108202992458e+01 1.033779342309379956e+01 9.861181614639459525e+00 9.368624881565432716e+00 8.870935864271661586e+00 8.371658287839437662e+00 7.871885689247437590e+00
1.154335656937188581e+01 1.152086501978461719e+01 1.139389022096468373e+01 1.114295614921462629e+01 1.077925429988769501e+01 1.033936957732809070e+01 9.861382457078986974e+00 9.368628331068117987e+00 8.870928748722629820e+00 8.371655112051158198e+00 7.871884588465635879e+00
