1.095388098293186552e+01 1.095388098293186552e+01 1.095388098293186552e+01 1.095388098293186552e+01 1.095388098293186552e+01 1.095388098293186552e+01 1.095388098293186552e+01 1.095388098293186552e+01 1.095388098293186552e+01 1.095388098293186552e+01 1.095388098293186552e+01
1.101731843391709731e+01 1.101731843391709731e+01 1.101731843391709731e+01 1.101731843391709731e+01 1.101731843391709731e+01 1.101731843391709731e+01 1.101731843391709731e+01 1.101731843391709731e+01 1.101731843391709731e+01 1.101731843391709731e+01 1.101731843391709731e+01
1.107472233945526696e+01 1.107472233945526696e+01 1.107472233945526696e+01 1.107472233945526696e+01 1.107472233945526696e+01 1.107472233945526696e+01 1.107472233945526696e+01 1.107472233945526696e+01 1.107472233945526696e+01 1.107472233945526696e+01 1.107472233945526696e+01
1.112641924448674580e+01 1.112641924448674580e+01 1.112641924448674580e+01 1.112641924448674580e+01 1.112641924448674580e+01 1.112641924448674580e+01 1.112641924448674580e+01 1.112641924448674580e+01 1.112641924448674580e+01 1.112641924448674580e+01 1.112641924448674580e+01
1.117277264981921903e+01 1.117277264981921903e+01 1.117277264981921903e+01 1.117277264981921903e+01 1.117277264981921903e+01 1.117277264981921903e+01 1.117277264981921903e+01 1.117277264981921903e+01 1.117277264981921903e+01 1.117277264981921903e+01 1.117277264981921903e+01
1.121416755264220022e+01 1.121416755264220022e+01 1.121416755264220022e+01 1.121416755264220022e+01 1.121416755264220022e+01 1.121416755264220022e+01 1.121416755264220022e+01 1.121416755264220022e+01 1.121416755264220022e+01 1.121416755264220022e+01 1.121416755264220022e+01
1.125099742912626510e+01 1.125099742912626510e+01 1.125099742912626510e+01 1.125099742912626510e+01 1.125099742912626510e+01 1.125099742912626510e+01 1.125099742912626510e+01 1.125099742912626510e+01 1.125099742912626510e+01 1.125099742912626510e+01 1.125099742912626510e+01
1.128365374972349144e+01 1.128365374972349144e+01 1.128365374972349144e+01 1.128365374972349144e+01 1.128365374972349144e+01 1.128365374972349144e+01 1.128365374972349144e+01 1.128365374972349144e+01 1.128365374972349144e+01 1.128365374972349144e+01 1.128365374972349144e+01
1.131251789783811823e+01 1.131251789783811823e+01 1.131251789783811823e+01 1.131251789783811823e+01 1.131251789783811823e+01 1.131251789783811823e+01 1.131251789783811823e+01 1.131251789783811823e+01 1.131251789783811823e+01 1.131251789783811823e+01 1.131251789783811823e+01
1.133795523531378890e+01 1.133795523531378890e+01 1.133795523531378890e+01 1.133795523531378890e+01 1.133795523531378890e+01 1.133795523531378890e+01 1.133795523531378890e+01 1.133795523531378890e+01 1.133795523531378890e+01 1.133795523531378890e+01 1.133795523531378890e+01
1.136031100069947719e+01 1.136031100069947719e+01 1.136031100069947719e+01 1.136031100069947719e+01 1.136031100069947719e+01 1.136031100069947719e+01 1.136031100069947719e+01 1.136031100069947719e+01 1.136031100069947719e+01 1.136031100069947719e+01 1.136031100069947719e+01
