4.605180702903520995e+00 4.114823419587835041e+00 3.616108633459373944e+00 3.116277045304861826e+00 2.616305110769389319e+00 2.116311444330892133e+00 1.616313192606005256e+00 1.116313719991564035e+00 6.163138842184691102e-01 1.163139358968620640e-01 -3.836860477864668661e-01
4.607658237091640352e+00 4.115150046024910857e+00 3.616142710768393442e+00 3.116280324005298308e+00 2.616305389103713352e+00 2.116311456357815590e+00 1.616313188807178447e+00 1.116313718029979585e+00 6.163138835221301237e-01 1.163139356690571224e-01 -3.836860478592654666e-01
4.609589045998298218e+00 4.115392858547505917e+00 3.616167685985685942e+00 3.116282703150705657e+00 2.616305584377571769e+00 2.116311462309129254e+00 1.616313185107038031e+00 1.116313716301621239e+00 6.163138829197464252e-01 1.163139354729837288e-01 -3.836860479218274778e-01
4.611077111212676272e+00 4.115572423590999840e+00 3.616185933757010584e+00 3.116284422085654260e+00 2.616305719639845595e+00 2.116311464190760550e+00 1.616313181611343408e+00 1.116313714787070088e+00 6.163138823998902671e-01 1.163139353044993218e-01 -3.836860479755160314e-01
4.612212382729323323e+00 4.115704635784910970e+00 3.616199228868977933e+00 3.116285658439121420e+00 2.616305811856530106e+00 2.116311463435980311e+00 1.616313178379956694e+00 1.116313713465913571e+00 6.163138819521727374e-01 1.163139351599255245e-01 -3.836860480215337765e-01
4.613070674829621076e+00 4.115801626981951067e+00 3.616208890270979026e+00 3.116286543400171194e+00 2.616305873439051410e+00 2.116311461055291776e+00 1.616313175440864613e+00 1.116313712317842377e+00 6.163138815672550841e-01 1.163139350360173768e-01 -3.836860480609355362e-01
4.613714405311978517e+00 4.115872562115486133e+00 3.616215893540800419e+00 3.116287173445829950e+00 2.616305913412901862e+00 2.116311457750167602e+00 1.616313172800538434e+00 1.116313711323365654e+00 6.163138812368202935e-01 1.163139349299292524e-01 -3.836860480946431284e-01
4.614193893754551468e+00 4.115924306623838014e+00 3.616220957432472627e+00 3.116287619253731656e+00 2.616305938302318612e+00 2.116311453998394043e+00 1.616313170451470826e+00 1.116313710464247544e+00 6.163138809535149143e-01 1.163139348391775268e-01 -3.836860481234576903e-01
4.614548958306677662e+00 4.115961968282504380e+00 3.616224609718837968e+00 3.116287932419045781e+00 2.616305952794415468e+00 2.116311450117491333e+00 1.616313168377559117e+00 1.116313709723743663e+00 6.163138807108793360e-01 1.163139347616025665e-01 -3.836860481480737217e-01
4.614810599228341026e+00 4.115989326225239608e+00 3.616227236828303937e+00 3.116288150481803854e+00 2.616305960234175387e+00 2.116311446311406108e+00 1.616313166557883596e+00 1.116313709086696582e+00 6.163138805032656320e-01 1.163139346953332015e-01 -3.836860481690914648e-01
4.615002616771383792e+00 4.116009164119748931e+00 3.616229120992783930e+00 3.116288300667987343e+00 2.616305962991115397e+00 2.116311442704617019e+00 1.616313164969301885e+00 1.116313708539536709e+00 6.163138803257576237e-01 1.163139346387521839e-01 -3.836860481870287831e-01
