-1.091029022642684509e+01 -1.041029022642835322e+01 -9.910290226428831062e+00 -9.410290226428982052e+00 -8.910290226429030014e+00 -8.410290226429044225e+00 -7.910290226429049554e+00 -7.410290226429051330e+00 -6.910290226429053106e+00 -6.410290226429069982e+00 -5.910290226429236959e+00
-1.091029022483900945e+01 -1.041029022592623576e+01 -9.910290226270047853e+00 -9.410290226378769773e+00 -8.910290226413151160e+00 -8.410290226424024240e+00 -7.910290226427461491e+00 -7.410290226428548621e+00 -6.910290226428895011e+00 -6.410290226429020244e+00 -5.910290226429221860e+00
-1.091028979623968631e+01 -1.041029009039117703e+01 -9.910290183410086939e+00 -9.410290212825252354e+00 -8.910290222127144943e+00 -8.410290225068662195e+00 -7.910290225998851454e+00 -7.410290226293002824e+00 -6.910290226386023527e+00 -6.410290226415455983e+00 -5.910290226424924853e+00
-1.091023965638370186e+01 -1.041027423413908970e+01 -9.910285169158397522e+00 -9.410288627172425535e+00 -8.910289720698205684e+00 -8.410290066501993067e+00 -7.910290175854810535e+00 -7.410290210435213076e+00 -6.910290221370498642e+00 -6.410290224828556482e+00 -5.910290225922252283e+00
-1.090737547017874043e+01 -1.040936638282784799e+01 -9.909997868857667314e+00 -9.410197753518223962e+00 -8.910260981748583831e+00 -8.410280978186522205e+00 -7.910287301807035654e+00 -7.410289301530585959e+00 -6.910289933900615189e+00 -6.410290133873784768e+00 -5.910290197111033983e+00
-1.082646831485023498e+01 -1.038199469554060350e+01 -9.901141511204462731e+00 -9.407376257403276654e+00 -8.909366631397027447e+00 -8.409997946057544027e+00 -7.910197776422545068e+00 -7.410260987472739203e+00 -6.910280978476791347e+00 -6.410287300378872288e+00 -5.910289299559158493e+00
-1.020911688892181957e+01 -1.005369973172735953e+01 -9.763373974351088336e+00 -9.358252487557709998e+00 -8.893150660160662468e+00 -8.404796709438761226e+00 -7.908545469915162940e+00 -7.409737698138920692e+00 -6.910115395964365526e+00 -6.410234902896893239e+00 -5.910272701152265107e+00
-9.210079140656581842e+00 -9.191743952551615138e+00 -9.138386141130997231e+00 -9.003062172835150534e+00 -8.736686740487378700e+00 -8.347555867593520418e+00 -7.889454997645814593e+00 -7.403592495742475244e+00 -6.908160669014871580e+00 -6.409615309848656572e+00 -5.910076323498876683e+00
-8.292851877625555090e+00 -8.290591758491778762e+00 -8.283521071333215247e+00 -8.261890358573543480e+00 -8.199818487470382777e+00 -8.047176382475809575e+00 -7.760016534630537421e+00 -7.356925768262684073e+00 -6.892692654951315667e+00 -6.404644906641119739e+00 -5.908494037761816919e+00
-7.506443765254928735e+00 -7.506073347833828180e+00 -7.504904059994125909e+00 -7.501227030541765650e+00 -7.489799988056803137e+00 -7.455524594833503826e+00 -7.362110283171743319e+00 -7.154742432409743280e+00 -6.812205337863943555e+00 -6.376797817816262537e+00 -5.899398937904864582e+00
-6.836397001663357287e+00 -6.836317771468076288e+00 -6.836067318674952098e+00 -6.835276266601928441e+00 -6.832784180929660778e+00 -6.824996327386536166e+00 -6.801249683166601834e+00 -6.733707608311664927e+00 -6.570705332574118707e+00 -6.271942208870255442e+00 -5.861525338478842606e+00
