1.775540655048708283e+00 1.775540655047699534e+00 1.775540655044509641e+00 1.775540655034421711e+00 1.775540655002520785e+00 1.775540654901641924e+00 1.775540654582634215e+00 1.775540653573843386e+00 1.775540650383767183e+00 1.775540640295857120e+00 1.775540608395058673e+00
1.740609979049765332e+00 1.740609979049136502e+00 1.740609979047148093e+00 1.740609979040860011e+00 1.740609979020975251e+00 1.740609978958094661e+00 1.740609978759248389e+00 1.740609978130441826e+00 1.740609976141979987e+00 1.740609969853909034e+00 1.740609949969256443e+00
1.700256244008955919e+00 1.700256244008698125e+00 1.700256244007882778e+00 1.700256244005304840e+00 1.700256243997152472e+00 1.700256243971372427e+00 1.700256243889849195e+00 1.700256243632049857e+00 1.700256242816816199e+00 1.700256240238818828e+00 1.700256232086449604e+00
1.654021843243493439e+00 1.654021843243592693e+00 1.654021843243906664e+00 1.654021843244899870e+00 1.654021843248040469e+00 1.654021843257971858e+00 1.654021843289378069e+00 1.654021843388692847e+00 1.654021843702753181e+00 1.654021844695897636e+00 1.654021847836470993e+00
1.601505331100983032e+00 1.601505331101420904e+00 1.601505331102805796e+00 1.601505331107184738e+00 1.601505331121032327e+00 1.601505331164821744e+00 1.601505331303296753e+00 1.601505331741193361e+00 1.601505333125943453e+00 1.601505337504905757e+00 1.601505351352376483e+00
1.542386154270710685e+00 1.542386154271464527e+00 1.542386154273848176e+00 1.542386154281386368e+00 1.542386154305224411e+00 1.542386154380606778e+00 1.542386154618986760e+00 1.542386155372810652e+00 1.542386157756610032e+00 1.542386165294843625e+00 1.542386189132809449e+00
1.476448827003354225e+00 1.476448827004398057e+00 1.476448827007698528e+00 1.476448827018135734e+00 1.476448827051140888e+00 1.476448827155512733e+00 1.476448827485565163e+00 1.476448828529282498e+00 1.476448831829806352e+00 1.476448842266977035e+00 1.476448875272188488e+00
1.403603925554810505e+00 1.403603925556115684e+00 1.403603925560242827e+00 1.403603925573294164e+00 1.403603925614566039e+00 1.403603925745079195e+00 1.403603926157797943e+00 1.403603927462928835e+00 1.403603931590115650e+00 1.403603944641424350e+00 1.403603985913266738e+00
1.323902920873897937e+00 1.323902920875434708e+00 1.323902920880294154e+00 1.323902920895660973e+00 1.323902920944254769e+00 1.323902921097922736e+00 1.323902921583862691e+00 1.323902923120540143e+00 1.323902927979940580e+00 1.323902943346711769e+00 1.323902991940691942e+00
1.237543965039128224e+00 1.237543965040866389e+00 1.237543965046362660e+00 1.237543965063743423e+00 1.237543965118705902e+00 1.237543965292513093e+00 1.237543965842139881e+00 1.237543967580211790e+00 1.237543973076478121e+00 1.237543990457196319e+00 1.237544045419836980e+00
1.144866493396914153e+00 1.144866493398824403e+00 1.144866493404864460e+00 1.144866493423965403e+00 1.144866493484367531e+00 1.144866493675376296e+00 1.144866494279398905e+00 1.144866496189485661e+00 1.144866502229710870e+00 1.144866521330578424e+00 1.144866581732809419e+00
