2.337234664948406593e+00 1.869736612156191802e+00 1.381407165998753461e+00 8.852928117964062871e-01 3.865442001825145635e-01 -1.130576821377071578e-01 -6.129315422974755956e-01 -1.112891628829437929e+00 -1.612879004645213943e+00 -2.112875012274465281e+00 -2.612873749751365438e+00
2.337153211071679504e+00 1.869725697015781618e+00 1.381405918390761656e+00 8.852926804464229527e-01 3.865441868005575210e-01 -1.130576834882633802e-01 -6.129315424342681728e-01 -1.112891628843596603e+00 -1.612879004646779135e+00 -2.112875012274668673e+00 -2.612873749751400965e+00
2.337043706781560370e+00 1.869711018485019860e+00 1.381404240534942707e+00 8.852925038059016316e-01 3.865441688071077908e-01 -1.130576853033588292e-01 -6.129315426178373327e-01 -1.112891628862511029e+00 -1.612879004648843928e+00 -2.112875012274929798e+00 -2.612873749751444041e+00
2.336896512242791157e+00 1.869691279536343398e+00 1.381401984060110388e+00 8.852922662561714118e-01 3.865441446122862557e-01 -1.130576877430105737e-01 -6.129315428642521102e-01 -1.112891628887801243e+00 -1.612879004651574189e+00 -2.112875012275266418e+00 -2.612873749751498220e+00
2.336698690824630109e+00 1.869664736574185637e+00 1.381398949436067003e+00 8.852919467921294139e-01 3.865441120779639639e-01 -1.130576910223952264e-01 -6.129315431951130044e-01 -1.112891628921641951e+00 -1.612879004655191517e+00 -2.112875012275702069e+00 -2.612873749751564834e+00
2.336432894453473796e+00 1.869629046039586129e+00 1.381394868339844484e+00 8.852915171646292825e-01 3.865440683286865964e-01 -1.130576954308648713e-01 -6.129315436394598970e-01 -1.112891628966955260e+00 -1.612879004659993454e+00 -2.112875012276267395e+00 -2.612873749751648322e+00
2.336075882345527432e+00 1.869581058612436175e+00 1.381389379948860352e+00 8.852909393822836481e-01 3.865440094973870977e-01 -1.130577013575280315e-01 -6.129315442363334476e-01 -1.112891629027666474e+00 -1.612879004666378568e+00 -2.112875012277005027e+00 -2.612873749751753572e+00
2.335596560693316448e+00 1.869516543347232274e+00 1.381381999074085654e+00 8.852901623518905083e-01 3.865439303834054541e-01 -1.130577093256462384e-01 -6.129315450382238906e-01 -1.112891629109049152e+00 -1.612879004674881100e+00 -2.112875012277970033e+00 -2.612873749751885910e+00
2.334953402716394066e+00 1.869429818295271994e+00 1.381372073330834782e+00 8.852891173604507946e-01 3.865438239925572117e-01 -1.130577200388980103e-01 -6.129315461157072153e-01 -1.112891629218190070e+00 -1.612879004686218032e+00 -2.112875012279236575e+00 -2.612873749752055108e+00
2.334091078680333720e+00 1.869313256673375001e+00 1.381358725590652536e+00 8.852877119996396260e-01 3.865436809185860412e-01 -1.130577344435944181e-01 -6.129315475636797350e-01 -1.112891629364614055e+00 -1.612879004701351038e+00 -2.112875012280904574e+00 -2.612873749752270491e+00
2.332936098308508122e+00 1.869156627985437247e+00 1.381340776679850446e+00 8.852858219960429986e-01 3.865434885112924435e-01 -1.130577538123538617e-01 -6.129315495097423794e-01 -1.112891629561121754e+00 -1.612879004721571308e+00 -2.112875012283105480e+00 -2.612873749752547159e+00
