-2.501904432220065644e+00 -2.501904432220014574e+00 -2.501904432219853813e+00 -2.501904432219344443e+00 -2.501904432217734175e+00 -2.501904432212641805e+00 -2.501904432196538242e+00 -2.501904432145614976e+00 -2.501904431984582011e+00 -2.501904431475349355e+00 -2.501904429865015267e+00
-2.655941051015666243e+00 -2.655941051015620058e+00 -2.655941051015473509e+00 -2.655941051015009879e+00 -2.655941051013544385e+00 -2.655941051008910314e+00 -2.655941050994255370e+00 -2.655941050947912441e+00 -2.655941050801363890e+00 -2.655941050337935483e+00 -2.655941048872445975e+00
-2.818330876210106251e+00 -2.818330876210064506e+00 -2.818330876209932168e+00 -2.818330876209513836e+00 -2.818330876208191782e+00 -2.818330876204011126e+00 -2.818330876190788814e+00 -2.818330876148978259e+00 -2.818330876016760467e+00 -2.818330875598652696e+00 -2.818330874276478326e+00
-2.992471970009720206e+00 -2.992471970009682458e+00 -2.992471970009563886e+00 -2.992471970009189075e+00 -2.992471970008003801e+00 -2.992471970004256132e+00 -2.992471969992403835e+00 -2.992471969954923150e+00 -2.992471969836400625e+00 -2.992471969461597769e+00 -2.992471968276368965e+00
-3.183301371496497723e+00 -3.183301371496464416e+00 -3.183301371496358279e+00 -3.183301371496022991e+00 -3.183301371494962506e+00 -3.183301371491609189e+00 -3.183301371481004338e+00 -3.183301371447469386e+00 -3.183301371341423103e+00 -3.183301371006074021e+00 -3.183301369945608084e+00
-3.397623709637656031e+00 -3.397623709637625833e+00 -3.397623709637530354e+00 -3.397623709637228817e+00 -3.397623709636274913e+00 -3.397623709633257771e+00 -3.397623709623717403e+00 -3.397623709593548647e+00 -3.397623709498146294e+00 -3.397623709196456954e+00 -3.397623708242431206e+00
-3.646937901274778238e+00 -3.646937901274750704e+00 -3.646937901274663218e+00 -3.646937901274385663e+00 -3.646937901273508142e+00 -3.646937901270734361e+00 -3.646937901261963155e+00 -3.646937901234224011e+00 -3.646937901146507066e+00 -3.646937900869121840e+00 -3.646937899991951504e+00
-3.949666673210820544e+00 -3.949666673210793455e+00 -3.949666673210708634e+00 -3.949666673210439960e+00 -3.949666673209590417e+00 -3.949666673206904122e+00 -3.949666673198409583e+00 -3.949666673171547515e+00 -3.949666673086602131e+00 -3.949666672817980562e+00 -3.949666671968524945e+00
-4.328377598959609607e+00 -4.328377598959581185e+00 -4.328377598959491479e+00 -4.328377598959207262e+00 -4.328377598958307537e+00 -4.328377598955464478e+00 -4.328377598946472560e+00 -4.328377598918038416e+00 -4.328377598828121897e+00 -4.328377598543780458e+00 -4.328377597644613495e+00
-4.837942496810352822e+00 -4.837942496810316406e+00 -4.837942496810200055e+00 -4.837942496809834125e+00 -4.837942496808674164e+00 -4.837942496805006876e+00 -4.837942496793410818e+00 -4.837942496756738819e+00 -4.837942496640773804e+00 -4.837942496274060034e+00 -4.837942495114408992e+00
-5.550050301462537305e+00 -5.550050301462469804e+00 -5.550050301462259306e+00 -5.550050301461594060e+00 -5.550050301459489965e+00 -5.550050301452834844e+00 -5.550050301431790345e+00 -5.550050301365240912e+00 -5.550050301154794141e+00 -5.550050300489301591e+00 -5.550050298384831216e+00
