-7.597498179163223453e-01 -2.651689935844271373e-01 2.329963405533191645e-01 7.313708432451386798e-01 1.220897586554105851e+00 1.646607877729477920e+00 1.894780287923088391e+00 1.944852037223169239e+00 1.813258689516620503e+00 1.510485407091338939e+00 1.081333976477101277e+00
-9.539428999630956696e-01 -4.598878937009769352e-01 3.814927884876061215e-02 5.368580294115047336e-01 1.029974366530389540e+00 1.476948953705605527e+00 1.765279683323409898e+00 1.852053400437798869e+00 1.755466028100936660e+00 1.484010449716061553e+00 1.074006486287423234e+00
-1.160093616283294438e+00 -6.666695520470856673e-01 -1.688109289593496820e-01 3.300944238772379191e-01 8.256771872503596565e-01 1.289722632714588313e+00 1.619196539572372417e+00 1.745934041880841781e+00 1.686688563965419663e+00 1.449959129841640548e+00 1.063434629922855201e+00
-1.380624227691517936e+00 -8.879426648998900440e-01 -3.903067252337295567e-01 1.086927781616928990e-01 6.059117928352815152e-01 1.082842585002354641e+00 1.452827891774704838e+00 1.623643193480909686e+00 1.604562329292189782e+00 1.406193321034477250e+00 1.048170520122570615e+00
-1.618498197140594064e+00 -1.126670507404966992e+00 -6.293015114459444836e-01 -1.302804147154263958e-01 3.679811177552108625e-01 8.540201015659371064e-01 1.261612491233601085e+00 1.481365300204526170e+00 1.506029247186073894e+00 1.349935397779288948e+00 1.026137079454718437e+00
-1.877431236374836665e+00 -1.386501247573400653e+00 -8.894171944195772284e-01 -3.904222178564620838e-01 1.084721360491396336e-01 6.005260219786038300e-01 1.040298888929762855e+00 1.313919548255113590e+00 1.387070956561762047e+00 1.277557402746280157e+00 9.943780052498458755e-01
-2.162090666227955538e+00 -1.671930717833516766e+00 -1.175088401607358835e+00 -6.761326417150370638e-01 -1.768718463652788064e-01 3.188855102928188079e-01 7.834381570100159564e-01 1.114231343640275762e+00 1.242307604570934254e+00 1.184295317076403009e+00 9.487296517121905914e-01
-2.478298835664591859e+00 -1.988408441947122407e+00 -1.491696113637513088e+00 -9.927606934666860505e-01 -4.932951093805421072e-01 4.580036753870855501e-03 4.859540630926022509e-01 8.728471769999081031e-01 1.064365608463357038e+00 1.063852418729190896e+00 8.834055026505656105e-01
-2.833121727086457042e+00 -2.342720918532173791e+00 -1.845822145971224737e+00 -1.346796020593808318e+00 -8.471877988512790392e-01 -3.481857408406728860e-01 1.431350753506832052e-01 5.782033961731288807e-01 8.428566348094780336e-01 9.078157252650755904e-01 7.904879042528263344e-01
-3.235329675942819172e+00 -2.742808252273748248e+00 -2.245200588281075049e+00 -1.745963308204586451e+00 -1.246239674781751461e+00 -7.466751440890811997e-01 -2.502371446978987057e-01 2.188899377389564305e-01 5.628854613516067751e-01 7.047025483605565688e-01 6.593103902772424751e-01
-3.693696893317658603e+00 -3.197726770210311376e+00 -2.699009073456371421e+00 -2.199402624763754588e+00 -1.699553396657337512e+00 -1.199723794857701087e+00 -7.009979028734203421e-01 -2.129533768491944368e-01 2.041301340684140431e-01 4.382002302767895041e-01 4.756325284824829969e-01
