8.748468910410627686e+00 8.748468910410627686e+00 8.748468910410627686e+00 8.748468910410629462e+00 8.748468910410631239e+00 8.748468910410638344e+00 8.748468910410659660e+00 8.748468910410730714e+00 8.748468910410954535e+00 8.748468910411659749e+00 8.748468910413890853e+00
8.908275113845720128e+00 8.908275113845720128e+00 8.908275113845720128e+00 8.908275113845721904e+00 8.908275113845723681e+00 8.908275113845729010e+00 8.908275113845746773e+00 8.908275113845803617e+00 8.908275113845984805e+00 8.908275113846555016e+00 8.908275113848358018e+00
9.062722465333552080e+00 9.062722465333552080e+00 9.062722465333553856e+00 9.062722465333553856e+00 9.062722465333555633e+00 9.062722465333559185e+00 9.062722465333575173e+00 9.062722465333623134e+00 9.062722465333772348e+00 9.062722465334248412e+00 9.062722465335752986e+00
9.213232957657826461e+00 9.213232957657826461e+00 9.213232957657826461e+00 9.213232957657826461e+00 9.213232957657828237e+00 9.213232957657833566e+00 9.213232957657846001e+00 9.213232957657886857e+00 9.213232957658014755e+00 9.213232957658423317e+00 9.213232957659712952e+00
9.360859669924359139e+00 9.360859669924359139e+00 9.360859669924359139e+00 9.360859669924359139e+00 9.360859669924360915e+00 9.360859669924364468e+00 9.360859669924375126e+00 9.360859669924410653e+00 9.360859669924524340e+00 9.360859669924881388e+00 9.360859669926012927e+00
9.506377006154332676e+00 9.506377006154332676e+00 9.506377006154332676e+00 9.506377006154334453e+00 9.506377006154334453e+00 9.506377006154338005e+00 9.506377006154348663e+00 9.506377006154380638e+00 9.506377006154481890e+00 9.506377006154801634e+00 9.506377006155812381e+00
9.650350851641276151e+00 9.650350851641276151e+00 9.650350851641276151e+00 9.650350851641276151e+00 9.650350851641277927e+00 9.650350851641279704e+00 9.650350851641288585e+00 9.650350851641318783e+00 9.650350851641411154e+00 9.650350851641700700e+00 9.650350851642620853e+00
9.793191919209252916e+00 9.793191919209252916e+00 9.793191919209252916e+00 9.793191919209252916e+00 9.793191919209252916e+00 9.793191919209256469e+00 9.793191919209265350e+00 9.793191919209291996e+00 9.793191919209375484e+00 9.793191919209643714e+00 9.793191919210492813e+00
9.935195583352562920e+00 9.935195583352562920e+00 9.935195583352562920e+00 9.935195583352562920e+00 9.935195583352562920e+00 9.935195583352566473e+00 9.935195583352573578e+00 9.935195583352598447e+00 9.935195583352678383e+00 9.935195583352928850e+00 9.935195583353721105e+00
1.007657111521216109e+01 1.007657111521216109e+01 1.007657111521216109e+01 1.007657111521216287e+01 1.007657111521216287e+01 1.007657111521216464e+01 1.007657111521217175e+01 1.007657111521219662e+01 1.007657111521227122e+01 1.007657111521250748e+01 1.007657111521325355e+01
1.021746270219898634e+01 1.021746270219898634e+01 1.021746270219898634e+01 1.021746270219898634e+01 1.021746270219898811e+01 1.021746270219898989e+01 1.021746270219899699e+01 1.021746270219901831e+01 1.021746270219909114e+01 1.021746270219931496e+01 1.021746270220002550e+01
