8.181754148379994263e+00 8.181754141462487695e+00 8.181754119587441920e+00 8.181754050412788359e+00 8.181753831666423338e+00 8.181753139960601828e+00 8.181750952901007068e+00 8.181744039789133893e+00 8.181722206318571722e+00 8.181653403231525346e+00 8.181437783089169358e+00
8.181754054123809183e+00 8.181754047215388681e+00 8.181754025369061267e+00 8.181753956285049867e+00 8.181753737823658668e+00 8.181753047002501944e+00 8.181750862580754458e+00 8.181743956380151062e+00 8.181722134995855100e+00 8.181653339695305505e+00 8.181437721723499479e+00
8.181753999858877080e+00 8.181753992953751720e+00 8.181753971117847968e+00 8.181753902066832396e+00 8.181753683710111247e+00 8.181752993223055270e+00 8.181750809883759246e+00 8.181743907217780887e+00 8.181722095297637054e+00 8.181653309626964798e+00 8.181437695482678407e+00
8.181753933691963354e+00 8.181753926789808062e+00 8.181753904963301238e+00 8.181753835942060959e+00 8.181753617680065815e+00 8.181752927498070704e+00 8.181750745171841643e+00 8.181743845978925123e+00 8.181722043151477664e+00 8.181653266669709268e+00 8.181437659123453443e+00
8.181753862989346260e+00 8.181753856089319044e+00 8.181753834269542836e+00 8.181753765269579759e+00 8.181753547074789523e+00 8.181752857104376275e+00 8.181750675434232178e+00 8.181743778084872076e+00 8.181721977985413119e+00 8.181653205764261472e+00 8.181437608602239564e+00
8.181753766231240732e+00 8.181753759332465847e+00 8.181753737516643810e+00 8.181753668529177403e+00 8.181753450373813408e+00 8.181752760527217561e+00 8.181750579240860688e+00 8.181743683051019289e+00 8.181721886416717382e+00 8.181653122972742054e+00 8.181437539600928233e+00
8.181753634702921829e+00 8.181753627804988938e+00 8.181753605991834988e+00 8.181753537012788513e+00 8.181753318883961512e+00 8.181752629120465414e+00 8.181750448092248718e+00 8.181743552772077877e+00 8.181721760512310482e+00 8.181653010446179763e+00 8.181437445591324575e+00
8.181753457071026858e+00 8.181753450174145570e+00 8.181753428364313407e+00 8.181753359395765202e+00 8.181753141300042387e+00 8.181752451640406321e+00 8.181750270936028357e+00 8.181743376698836556e+00 8.181721589828207186e+00 8.181652857719340588e+00 8.181437317782089380e+00
8.181753218647886072e+00 8.181753211752686994e+00 8.181753189948175020e+00 8.181753120996441808e+00 8.181752902953800088e+00 8.181752213461223278e+00 8.181750033279596934e+00 8.181743140714271334e+00 8.181721360524488063e+00 8.181652650913754599e+00 8.181437144348709722e+00
8.181752900388913119e+00 8.181752893496197387e+00 8.181752871699531582e+00 8.181752802772599864e+00 8.181752584808320350e+00 8.181751895562813459e+00 8.181749716156611285e+00 8.181742826026413340e+00 8.181721054187894637e+00 8.181652371720668171e+00 8.181436909410695790e+00
8.181752477506805121e+00 8.181752470617384532e+00 8.181752448831142388e+00 8.181752379937169195e+00 8.181752162077044588e+00 8.181751473160284505e+00 8.181749294788122739e+00 8.181742407892768298e+00 8.181720646395019614e+00 8.181651996083612488e+00 8.181436591679618786e+00
