4.775735931062982331e+00 4.775735931062982331e+00 4.775735931062982331e+00 4.775735931062982331e+00 4.775735931062982331e+00 4.775735931062982331e+00 4.775735931062982331e+00 4.775735931062982331e+00 4.775735931062982331e+00 4.775735931062982331e+00 4.775735931062982331e+00
4.915300499146385782e+00 4.915300499146385782e+00 4.915300499146385782e+00 4.915300499146385782e+00 4.915300499146385782e+00 4.915300499146385782e+00 4.915300499146385782e+00 4.915300499146385782e+00 4.915300499146385782e+00 4.915300499146385782e+00 4.915300499146385782e+00
5.054802150969316621e+00 5.054802150969316621e+00 5.054802150969316621e+00 5.054802150969316621e+00 5.054802150969316621e+00 5.054802150969316621e+00 5.054802150969316621e+00 5.054802150969316621e+00 5.054802150969316621e+00 5.054802150969316621e+00 5.054802150969316621e+00
5.194209573722782913e+00 5.194209573722782913e+00 5.194209573722782913e+00 5.194209573722782913e+00 5.194209573722782913e+00 5.194209573722782913e+00 5.194209573722782913e+00 5.194209573722782913e+00 5.194209573722782913e+00 5.194209573722782913e+00 5.194209573722782913e+00
5.333479490145086821e+00 5.333479490145086821e+00 5.333479490145086821e+00 5.333479490145086821e+00 5.333479490145086821e+00 5.333479490145086821e+00 5.333479490145086821e+00 5.333479490145086821e+00 5.333479490145086821e+00 5.333479490145086821e+00 5.333479490145086821e+00
5.472552989820979263e+00 5.472552989820979263e+00 5.472552989820979263e+00 5.472552989820979263e+00 5.472552989820979263e+00 5.472552989820979263e+00 5.472552989820979263e+00 5.472552989820979263e+00 5.472552989820979263e+00 5.472552989820979263e+00 5.472552989820979263e+00
5.611350600561865853e+00 5.611350600561865853e+00 5.611350600561865853e+00 5.611350600561865853e+00 5.611350600561865853e+00 5.611350600561865853e+00 5.611350600561865853e+00 5.611350600561865853e+00 5.611350600561865853e+00 5.611350600561865853e+00 5.611350600561865853e+00
5.749765928646214164e+00 5.749765928646214164e+00 5.749765928646214164e+00 5.749765928646214164e+00 5.749765928646214164e+00 5.749765928646214164e+00 5.749765928646214164e+00 5.749765928646214164e+00 5.749765928646214164e+00 5.749765928646214164e+00 5.749765928646214164e+00
5.887657780748503100e+00 5.887657780748503100e+00 5.887657780748503100e+00 5.887657780748503100e+00 5.887657780748503100e+00 5.887657780748503100e+00 5.887657780748503100e+00 5.887657780748503100e+00 5.887657780748503100e+00 5.887657780748503100e+00 5.887657780748503100e+00
6.024840878682751644e+00 6.024840878682751644e+00 6.024840878682751644e+00 6.024840878682751644e+00 6.024840878682751644e+00 6.024840878682751644e+00 6.024840878682751644e+00 6.024840878682751644e+00 6.024840878682751644e+00 6.024840878682751644e+00 6.024840878682751644e+00
6.161075633011629193e+00 6.161075633011629193e+00 6.161075633011629193e+00 6.161075633011629193e+00 6.161075633011629193e+00 6.161075633011629193e+00 6.161075633011629193e+00 6.161075633011629193e+00 6.161075633011629193e+00 6.161075633011629193e+00 6.161075633011629193e+00
