1.243013116804813301e+01 1.222418549357719542e+01 1.196221184556808836e+01 1.163883510414083666e+01 1.125524885371303263e+01 1.082118224592005440e+01 1.035258717080396451e+01 9.865263884290680352e+00 9.369782738986843995e+00 8.871283256074013579e+00 8.371766094317989015e+00
1.243013097814633738e+01 1.222418533543817176e+01 1.196221172303486746e+01 1.163883501843363000e+01 1.125524880147064977e+01 1.082118221902127608e+01 1.035258715920124750e+01 9.865263879972340888e+00 9.369782737522088567e+00 8.871283255598703121e+00 8.371766094166371630e+00
1.243013075747435181e+01 1.222418515182586773e+01 1.196221158083620040e+01 1.163883491900201506e+01 1.125524874087363081e+01 1.082118218782397712e+01 1.035258714574506911e+01 9.865263874964291801e+00 9.369782735823406483e+00 8.871283255047485383e+00 8.371766093990540725e+00
1.243013050096539729e+01 1.222418493859681732e+01 1.196221141579807323e+01 1.163883480364144063e+01 1.125524867058375733e+01 1.082118215164071273e+01 1.035258713013925203e+01 9.865263869156358112e+00 9.369782733853432077e+00 8.871283254408236729e+00 8.371766093786630947e+00
1.243013020269082602e+01 1.222418469091983972e+01 1.196221122422804584e+01 1.163883466979087800e+01 1.125524858904771719e+01 1.082118210967392535e+01 1.035258711204026305e+01 9.865263862420768248e+00 9.369782731568836454e+00 8.871283253666897295e+00 8.371766093550153442e+00
1.243012985570431006e+01 1.222418440315723487e+01 1.196221100182847863e+01 1.163883451447437700e+01 1.125524849446228437e+01 1.082118206099823432e+01 1.035258709104961738e+01 9.865263854609327865e+00 9.369782728919371806e+00 8.871283252807165454e+00 8.371766093275912368e+00
1.243012945185486373e+01 1.222418406872393248e+01 1.196221074359452352e+01 1.163883433423276159e+01 1.125524838473377010e+01 1.082118200453987455e+01 1.035258706670508388e+01 9.865263845550160227e+00 9.369782725846755866e+00 8.871283251810130110e+00 8.371766092957875216e+00
1.243012898156159274e+01 1.222418367991995503e+01 1.196221044369399600e+01 1.163883412504370263e+01 1.125524825743076995e+01 1.082118193905277970e+01 1.035258703847046569e+01 9.865263835043919016e+00 9.369782722283405363e+00 8.871283250653863917e+00 8.371766092589044916e+00
1.243012843354111396e+01 1.222418322773056687e+01 1.196221009532555435e+01 1.163883388222809145e+01 1.125524810972908440e+01 1.082118186309079810e+01 1.035258700572372703e+01 9.865263822859393628e+00 9.369782718150934997e+00 8.871283249312934771e+00 8.371766092161312400e+00
1.243012779447619387e+01 1.222418270158694220e+01 1.196220969055091565e+01 1.163883360034017223e+01 1.125524793834742887e+01 1.082118177497535605e+01 1.035258696774322829e+01 9.865263808728411021e+00 9.369782713358434378e+00 8.871283247757851598e+00 8.371766091665270082e+00
1.243012704861097362e+01 1.222418208907852488e+01 1.196220922009575993e+01 1.163883327303842385e+01 1.125524773947234713e+01 1.082118167275782383e+01 1.035258692369171207e+01 9.865263792339911575e+00 9.369782707800471400e+00 8.871283245954407093e+00 8.371766091090007578e+00
