-4.199398313184430798e+00 -4.199398313184429909e+00 -4.199398313184429909e+00 -4.199398313184427245e+00 -4.199398313184420140e+00 -4.199398313184398823e+00 -4.199398313184330434e+00 -4.199398313184113718e+00 -4.199398313183428044e+00 -4.199398313181261777e+00 -4.199398313174409481e+00
-4.040453021170656633e+00 -4.040453021170655745e+00 -4.040453021170655745e+00 -4.040453021170653969e+00 -4.040453021170648640e+00 -4.040453021170630876e+00 -4.040453021170576697e+00 -4.040453021170405279e+00 -4.040453021169862602e+00 -4.040453021168147529e+00 -4.040453021162721647e+00
-3.890095395003627221e+00 -3.890095395003627221e+00 -3.890095395003626777e+00 -3.890095395003625445e+00 -3.890095395003621004e+00 -3.890095395003606793e+00 -3.890095395003561940e+00 -3.890095395003420720e+00 -3.890095395002973522e+00 -3.890095395001559098e+00 -3.890095394997086231e+00
-3.746182877407130185e+00 -3.746182877407129741e+00 -3.746182877407129741e+00 -3.746182877407128409e+00 -3.746182877407124412e+00 -3.746182877407112422e+00 -3.746182877407074230e+00 -3.746182877406953438e+00 -3.746182877406571965e+00 -3.746182877405364930e+00 -3.746182877401548872e+00
-3.607040658905263264e+00 -3.607040658905263264e+00 -3.607040658905262820e+00 -3.607040658905261932e+00 -3.607040658905258379e+00 -3.607040658905248165e+00 -3.607040658905214414e+00 -3.607040658905108277e+00 -3.607040658904772990e+00 -3.607040658903712949e+00 -3.607040658900360963e+00
-3.471361803383962830e+00 -3.471361803383962386e+00 -3.471361803383962386e+00 -3.471361803383961053e+00 -3.471361803383958389e+00 -3.471361803383948619e+00 -3.471361803383918421e+00 -3.471361803383822942e+00 -3.471361803383521405e+00 -3.471361803382567057e+00 -3.471361803379549915e+00
-3.338127073476790052e+00 -3.338127073476790052e+00 -3.338127073476789608e+00 -3.338127073476788720e+00 -3.338127073476786055e+00 -3.338127073476777174e+00 -3.338127073476749640e+00 -3.338127073476661710e+00 -3.338127073476384599e+00 -3.338127073475507967e+00 -3.338127073472735518e+00
-3.206542141169837823e+00 -3.206542141169837823e+00 -3.206542141169837379e+00 -3.206542141169836491e+00 -3.206542141169833826e+00 -3.206542141169825832e+00 -3.206542141169800075e+00 -3.206542141169717919e+00 -3.206542141169459015e+00 -3.206542141168639670e+00 -3.206542141166048410e+00
-3.075989158823778880e+00 -3.075989158823778880e+00 -3.075989158823778880e+00 -3.075989158823777991e+00 -3.075989158823775327e+00 -3.075989158823767777e+00 -3.075989158823742908e+00 -3.075989158823665637e+00 -3.075989158823420055e+00 -3.075989158822643343e+00 -3.075989158820187530e+00
-2.945989672823623007e+00 -2.945989672823622563e+00 -2.945989672823622563e+00 -2.945989672823621675e+00 -2.945989672823619454e+00 -2.945989672823611905e+00 -2.945989672823588368e+00 -2.945989672823514205e+00 -2.945989672823278838e+00 -2.945989672822533656e+00 -2.945989672820178651e+00
-2.816176214216053797e+00 -2.816176214216053797e+00 -2.816176214216053353e+00 -2.816176214216052465e+00 -2.816176214216050244e+00 -2.816176214216043139e+00 -2.816176214216020490e+00 -2.816176214215948104e+00 -2.816176214215720286e+00 -2.816176214214999529e+00 -2.816176214212720019e+00
