5.879851187443404292e+00 5.879851187443404292e+00 5.879851187443404292e+00 5.879851187443404292e+00 5.879851187443404292e+00 5.879851187443404292e+00 5.879851187443404292e+00 5.879851187443404292e+00 5.879851187443404292e+00 5.879851187443404292e+00 5.879851187443404292e+00
5.695705051807097519e+00 5.695705051807097519e+00 5.695705051807097519e+00 5.695705051807097519e+00 5.695705051807097519e+00 5.695705051807097519e+00 5.695705051807097519e+00 5.695705051807097519e+00 5.695705051807097519e+00 5.695705051807097519e+00 5.695705051807097519e+00
5.494340337576240962e+00 5.494340337576240962e+00 5.494340337576240962e+00 5.494340337576240962e+00 5.494340337576240962e+00 5.494340337576240962e+00 5.494340337576240962e+00 5.494340337576240962e+00 5.494340337576240962e+00 5.494340337576240962e+00 5.494340337576240962e+00
5.271035136603624771e+00 5.271035136603624771e+00 5.271035136603624771e+00 5.271035136603624771e+00 5.271035136603624771e+00 5.271035136603624771e+00 5.271035136603624771e+00 5.271035136603624771e+00 5.271035136603624771e+00 5.271035136603624771e+00 5.271035136603624771e+00
5.020049515974959853e+00 5.020049515974959853e+00 5.020049515974959853e+00 5.020049515974959853e+00 5.020049515974959853e+00 5.020049515974959853e+00 5.020049515974959853e+00 5.020049515974959853e+00 5.020049515974959853e+00 5.020049515974959853e+00 5.020049515974959853e+00
4.734383882410661215e+00 4.734383882410661215e+00 4.734383882410661215e+00 4.734383882410661215e+00 4.734383882410661215e+00 4.734383882410661215e+00 4.734383882410661215e+00 4.734383882410661215e+00 4.734383882410661215e+00 4.734383882410661215e+00 4.734383882410661215e+00
4.405151140976412805e+00 4.405151140976412805e+00 4.405151140976412805e+00 4.405151140976412805e+00 4.405151140976412805e+00 4.405151140976412805e+00 4.405151140976412805e+00 4.405151140976412805e+00 4.405151140976412805e+00 4.405151140976412805e+00 4.405151140976412805e+00
4.019446500449238791e+00 4.019446500449238791e+00 4.019446500449238791e+00 4.019446500449238791e+00 4.019446500449238791e+00 4.019446500449238791e+00 4.019446500449238791e+00 4.019446500449238791e+00 4.019446500449238791e+00 4.019446500449238791e+00 4.019446500449238791e+00
3.553468931821467613e+00 3.553468931821467613e+00 3.553468931821467613e+00 3.553468931821467613e+00 3.553468931821467613e+00 3.553468931821467613e+00 3.553468931821467613e+00 3.553468931821467613e+00 3.553468931821467613e+00 3.553468931821467613e+00 3.553468931821467613e+00
2.948883977594579431e+00 2.948883977594579431e+00 2.948883977594579431e+00 2.948883977594579431e+00 2.948883977594579431e+00 2.948883977594579431e+00 2.948883977594579431e+00 2.948883977594579431e+00 2.948883977594579431e+00 2.948883977594579431e+00 2.948883977594579431e+00
1.997398478135313349e+00 1.997398478135313349e+00 1.997398478135313349e+00 1.997398478135313349e+00 1.997398478135313349e+00 1.997398478135313349e+00 1.997398478135313349e+00 1.997398478135313349e+00 1.997398478135313349e+00 1.997398478135313349e+00 1.997398478135313349e+00
