1.130038115766277684e+01 1.130038115766277684e+01 1.130038115766277684e+01 1.130038115766277684e+01 1.130038115766277684e+01 1.130038115766277684e+01 1.130038115766277684e+01 1.130038115766277684e+01 1.130038115766277684e+01 1.130038115766277507e+01 1.130038115766276619e+01
1.130037997706385866e+01 1.130037997706385866e+01 1.130037997706385866e+01 1.130037997706385866e+01 1.130037997706385866e+01 1.130037997706385866e+01 1.130037997706385866e+01 1.130037997706385866e+01 1.130037997706385866e+01 1.130037997706385511e+01 1.130037997706384800e+01
1.130037844151543780e+01 1.130037844151543780e+01 1.130037844151543780e+01 1.130037844151543780e+01 1.130037844151543780e+01 1.130037844151543780e+01 1.130037844151543780e+01 1.130037844151543780e+01 1.130037844151543780e+01 1.130037844151543425e+01 1.130037844151542714e+01
1.130037644606703218e+01 1.130037644606703218e+01 1.130037644606703218e+01 1.130037644606703218e+01 1.130037644606703218e+01 1.130037644606703218e+01 1.130037644606703218e+01 1.130037644606703218e+01 1.130037644606703040e+01 1.130037644606702862e+01 1.130037644606702152e+01
1.130037385549670681e+01 1.130037385549670681e+01 1.130037385549670681e+01 1.130037385549670681e+01 1.130037385549670681e+01 1.130037385549670681e+01 1.130037385549670681e+01 1.130037385549670681e+01 1.130037385549670503e+01 1.130037385549670326e+01 1.130037385549669615e+01
1.130037049588959697e+01 1.130037049588959697e+01 1.130037049588959697e+01 1.130037049588959697e+01 1.130037049588959697e+01 1.130037049588959697e+01 1.130037049588959697e+01 1.130037049588959697e+01 1.130037049588959519e+01 1.130037049588959341e+01 1.130037049588958631e+01
1.130036614399849881e+01 1.130036614399849881e+01 1.130036614399849881e+01 1.130036614399849881e+01 1.130036614399849881e+01 1.130036614399849881e+01 1.130036614399849881e+01 1.130036614399849704e+01 1.130036614399849704e+01 1.130036614399849526e+01 1.130036614399848816e+01
1.130036051385241613e+01 1.130036051385241613e+01 1.130036051385241613e+01 1.130036051385241613e+01 1.130036051385241613e+01 1.130036051385241613e+01 1.130036051385241613e+01 1.130036051385241436e+01 1.130036051385241436e+01 1.130036051385241258e+01 1.130036051385240548e+01
1.130035323997028662e+01 1.130035323997028662e+01 1.130035323997028662e+01 1.130035323997028662e+01 1.130035323997028662e+01 1.130035323997028662e+01 1.130035323997028662e+01 1.130035323997028662e+01 1.130035323997028485e+01 1.130035323997028307e+01 1.130035323997027596e+01
1.130034385641621952e+01 1.130034385641621952e+01 1.130034385641621952e+01 1.130034385641621952e+01 1.130034385641621952e+01 1.130034385641621952e+01 1.130034385641621952e+01 1.130034385641621952e+01 1.130034385641621952e+01 1.130034385641621775e+01 1.130034385641621064e+01
1.130033177080055928e+01 1.130033177080055928e+01 1.130033177080055928e+01 1.130033177080055928e+01 1.130033177080055928e+01 1.130033177080055928e+01 1.130033177080055928e+01 1.130033177080055928e+01 1.130033177080055751e+01 1.130033177080055573e+01 1.130033177080054863e+01
