1.257028180004617823e+01 1.257028180004619600e+01 1.257028180004625284e+01 1.257028180004643048e+01 1.257028180004699003e+01 1.257028180004876283e+01 1.257028180005436724e+01 1.257028180007209173e+01 1.257028180012813934e+01 1.257028180030537889e+01 1.257028180086585856e+01
1.257562365357823175e+01 1.257562365357825129e+01 1.257562365357831169e+01 1.257562365357850354e+01 1.257562365357911105e+01 1.257562365358103307e+01 1.257562365358711176e+01 1.257562365360633372e+01 1.257562365366711887e+01 1.257562365385933489e+01 1.257562365446717578e+01
1.258022384615616751e+01 1.258022384615618883e+01 1.258022384615625278e+01 1.258022384615645706e+01 1.258022384615710365e+01 1.258022384615914646e+01 1.258022384616560707e+01 1.258022384618603873e+01 1.258022384625064660e+01 1.258022384645495606e+01 1.258022384710103836e+01
1.258417976569289110e+01 1.258417976569291064e+01 1.258417976569297814e+01 1.258417976569318952e+01 1.258417976569385743e+01 1.258417976569597307e+01 1.258417976570265751e+01 1.258417976572379793e+01 1.258417976579065112e+01 1.258417976600205890e+01 1.258417976667058547e+01
1.258757683220029655e+01 1.258757683220031787e+01 1.258757683220038537e+01 1.258757683220059498e+01 1.258757683220126111e+01 1.258757683220336787e+01 1.258757683221003099e+01 1.258757683223109858e+01 1.258757683229772084e+01 1.258757683250840032e+01 1.258757683317462472e+01
1.259048977404996350e+01 1.259048977404998304e+01 1.259048977405004521e+01 1.259048977405024416e+01 1.259048977405087122e+01 1.259048977405285541e+01 1.259048977405913128e+01 1.259048977407897318e+01 1.259048977414172299e+01 1.259048977434015626e+01 1.259048977496764898e+01
1.259298381214385998e+01 1.259298381214387597e+01 1.259298381214393103e+01 1.259298381214409979e+01 1.259298381214463802e+01 1.259298381214633800e+01 1.259298381215171325e+01 1.259298381216871121e+01 1.259298381222246199e+01 1.259298381239243803e+01 1.259298381292994407e+01
1.259511575017600471e+01 1.259511575017601714e+01 1.259511575017605445e+01 1.259511575017617346e+01 1.259511575017655183e+01 1.259511575017774732e+01 1.259511575018152740e+01 1.259511575019348051e+01 1.259511575023127961e+01 1.259511575035080888e+01 1.259511575072878919e+01
1.259693497176130883e+01 1.259693497176131416e+01 1.259693497176132659e+01 1.259693497176136567e+01 1.259693497176149357e+01 1.259693497176189503e+01 1.259693497176316690e+01 1.259693497176718502e+01 1.259693497177989308e+01 1.259693497182008137e+01 1.259693497194715661e+01
1.259848434692312225e+01 1.259848434692311514e+01 1.259848434692309205e+01 1.259848434692301566e+01 1.259848434692277586e+01 1.259848434692201558e+01 1.259848434691961216e+01 1.259848434691201113e+01 1.259848434688797347e+01 1.259848434681196316e+01 1.259848434657158300e+01
1.259980105146742879e+01 1.259980105146740570e+01 1.259980105146733109e+01 1.259980105146709306e+01 1.259980105146633989e+01 1.259980105146396134e+01 1.259980105145644025e+01 1.259980105143265305e+01 1.259980105135743322e+01 1.259980105111956661e+01 1.259980105036734521e+01
