5.129485078482814764e+00 5.129485078482814764e+00 5.129485078482814764e+00 5.129485078482814764e+00 5.129485078482814764e+00 5.129485078482814764e+00 5.129485078482814764e+00 5.129485078482814764e+00 5.129485078482814764e+00 5.129485078482814764e+00 5.129485078482814764e+00
5.269331399667025018e+00 5.269331399667025018e+00 5.269331399667025018e+00 5.269331399667025018e+00 5.269331399667025018e+00 5.269331399667025018e+00 5.269331399667025018e+00 5.269331399667025018e+00 5.269331399667025018e+00 5.269331399667025018e+00 5.269331399667025018e+00
5.409137814010745338e+00 5.409137814010745338e+00 5.409137814010745338e+00 5.409137814010745338e+00 5.409137814010745338e+00 5.409137814010745338e+00 5.409137814010745338e+00 5.409137814010745338e+00 5.409137814010745338e+00 5.409137814010745338e+00 5.409137814010745338e+00
5.548888484528670340e+00 5.548888484528670340e+00 5.548888484528670340e+00 5.548888484528670340e+00 5.548888484528670340e+00 5.548888484528670340e+00 5.548888484528670340e+00 5.548888484528670340e+00 5.548888484528670340e+00 5.548888484528670340e+00 5.548888484528670340e+00
5.688561744468323411e+00 5.688561744468323411e+00 5.688561744468323411e+00 5.688561744468323411e+00 5.688561744468323411e+00 5.688561744468323411e+00 5.688561744468323411e+00 5.688561744468323411e+00 5.688561744468323411e+00 5.688561744468323411e+00 5.688561744468323411e+00
5.828127986097161539e+00 5.828127986097161539e+00 5.828127986097161539e+00 5.828127986097161539e+00 5.828127986097161539e+00 5.828127986097161539e+00 5.828127986097161539e+00 5.828127986097161539e+00 5.828127986097161539e+00 5.828127986097161539e+00 5.828127986097161539e+00
5.967546835719938159e+00 5.967546835719938159e+00 5.967546835719938159e+00 5.967546835719938159e+00 5.967546835719938159e+00 5.967546835719938159e+00 5.967546835719938159e+00 5.967546835719938159e+00 5.967546835719938159e+00 5.967546835719938159e+00 5.967546835719938159e+00
6.106763421128690972e+00 6.106763421128690972e+00 6.106763421128690972e+00 6.106763421128690972e+00 6.106763421128690972e+00 6.106763421128690972e+00 6.106763421128690972e+00 6.106763421128690972e+00 6.106763421128690972e+00 6.106763421128690972e+00 6.106763421128690972e+00
6.245703522471312219e+00 6.245703522471312219e+00 6.245703522471312219e+00 6.245703522471312219e+00 6.245703522471312219e+00 6.245703522471312219e+00 6.245703522471312219e+00 6.245703522471312219e+00 6.245703522471312219e+00 6.245703522471312219e+00 6.245703522471312219e+00
6.384267415798474232e+00 6.384267415798474232e+00 6.384267415798474232e+00 6.384267415798474232e+00 6.384267415798474232e+00 6.384267415798474232e+00 6.384267415798474232e+00 6.384267415798474232e+00 6.384267415798474232e+00 6.384267415798474232e+00 6.384267415798474232e+00
6.522322301060968108e+00 6.522322301060968108e+00 6.522322301060968108e+00 6.522322301060968108e+00 6.522322301060968108e+00 6.522322301060968108e+00 6.522322301060968108e+00 6.522322301060968108e+00 6.522322301060968108e+00 6.522322301060968108e+00 6.522322301060968108e+00
