-2.871634575713972182e-01 -2.878451335310552861e-01 -2.899610245558479904e-01 -2.963689506070069646e-01 -3.148290452525552285e-01 -3.634268125710591324e-01 -4.745576928407850836e-01 -6.853255065490343467e-01 -1.010256563466783053e+00 -1.426058351292293525e+00 -1.892833531637850175e+00
-2.871624991303262653e-01 -2.878442602539545425e-01 -2.899603699249846955e-01 -2.963684575519413000e-01 -3.148286908011810326e-01 -3.634265790266580920e-01 -4.745575568801122524e-01 -6.853254392214358504e-01 -1.010256535506424358e+00 -1.426058341215111991e+00 -1.892833528286096190e+00
-2.871626024635575702e-01 -2.878443624088649622e-01 -2.899604487638017258e-01 -2.963685101648976805e-01 -3.148287168212013931e-01 -3.634265850993067537e-01 -4.745575528839667268e-01 -6.853254337451393230e-01 -1.010256532151795561e+00 -1.426058339775996942e+00 -1.892833527771601521e+00
-2.871627958383451418e-01 -2.878446320385502633e-01 -2.899606166423587816e-01 -2.963686179168927848e-01 -3.148287756446592200e-01 -3.634266071167590040e-01 -4.745575543623036241e-01 -6.853254292142842985e-01 -1.010256528644561946e+00 -1.426058338165778538e+00 -1.892833527182113729e+00
-2.871632276993253408e-01 -2.878450455952476505e-01 -2.899608977573508439e-01 -2.963688040035932780e-01 -3.148288822097937700e-01 -3.634266527700163452e-01 -4.745575642950390360e-01 -6.853254264071514390e-01 -1.010256525092402491e+00 -1.426058336377360680e+00 -1.892833526508123532e+00
-2.871639525241879154e-01 -2.878456659949815699e-01 -2.899613400063593138e-01 -2.963691020221331796e-01 -3.148290573675075477e-01 -3.634267327730365538e-01 -4.745575868668450159e-01 -6.853254264430939102e-01 -1.010256521665828133e+00 -1.426058334409516570e+00 -1.892833525739460399e+00
-2.871650652269124859e-01 -2.878465797903609347e-01 -2.899620092014860706e-01 -2.963695582061844913e-01 -3.148293298602550805e-01 -3.634268619441648474e-01 -4.745576279083071336e-01 -6.853254309113469001e-01 -1.010256518623863453e+00 -1.426058332270213391e+00 -1.892833524865475514e+00
-2.871667064892694521e-01 -2.878479051920707077e-01 -2.899629954397304199e-01 -2.963702359470758996e-01 -3.148297391551984625e-01 -3.634270606870713682e-01 -4.745576954959711546e-01 -6.853254420464776064e-01 -1.010256516349318678e+00 -1.426058329981322537e+00 -1.892833523875361523e+00
-2.871690618673054529e-01 -2.878498024822906398e-01 -2.899644216605475888e-01 -2.963712218935704579e-01 -3.148303392713524551e-01 -3.634273569926969039e-01 -4.745578007644604135e-01 -6.853254629664786712e-01 -1.010256515396987131e+00 -1.426058327585195684e+00 -1.892833522758659681e+00
-2.871723572773509647e-01 -2.878524872458448347e-01 -2.899664551011327251e-01 -2.963726341719705726e-01 -3.148312039461965695e-01 -3.634277891438317254e-01 -4.745579590047446783e-01 -6.853254979954684911e-01 -1.010256516559338680e+00 -1.426058325153793938e+00 -1.892833521506029015e+00
-2.871768671443032939e-01 -2.878562468121994011e-01 -2.899693225505807215e-01 -2.963746334422523998e-01 -3.148324336039738380e-01 -3.634284093659602144e-01 -4.745581911480493686e-01 -6.853255531005488788e-01 -1.010256520955894244e+00 -1.426058322801295519e+00 -1.892833520110387635e+00
