-4.730277929843222928e-01 -4.730277940272624160e-01 -4.730277973253294022e-01 -4.730278077547357407e-01 -4.730278407354417958e-01 -4.730279450298700006e-01 -4.730282748405875703e-01 -4.730293178214263206e-01 -4.730326162941618229e-01 -4.730430497576123550e-01 -4.730760710189078067e-01
-4.391408749487141217e-01 -4.391408764334646109e-01 -4.391408811286582337e-01 -4.391408959761669006e-01 -4.391409429281384336e-01 -4.391410914035805968e-01 -4.391415609268644049e-01 -4.391430457169578361e-01 -4.391477413064954760e-01 -4.391625927737566881e-01 -4.392095843118730136e-01
-4.106320856706980327e-01 -4.106320875942732762e-01 -4.106320936771528096e-01 -4.106321129129097969e-01 -4.106321737417395479e-01 -4.106323660996459290e-01 -4.106329743913248453e-01 -4.106348980042027197e-01 -4.106409812591136355e-01 -4.106602207683045513e-01 -4.107210870964052019e-01
-3.868521689525440954e-01 -3.868521713062592071e-01 -3.868521787493602870e-01 -3.868522022865147902e-01 -3.868522767175563981e-01 -3.868525120894109048e-01 -3.868532564029135701e-01 -3.868556101523287771e-01 -3.868630535960334016e-01 -3.868865941760082361e-01 -3.869610594407706938e-01
-3.671765499673771971e-01 -3.671765527375754901e-01 -3.671765614977119951e-01 -3.671765891996979225e-01 -3.671766768010896742e-01 -3.671769538212170669e-01 -3.671778298378094441e-01 -3.671806000658296432e-01 -3.671893604991818827e-01 -3.672170654525125366e-01 -3.673046964806384040e-01
-3.510207820227398967e-01 -3.510207851916232746e-01 -3.510207952125126152e-01 -3.510208269013485038e-01 -3.510209271102629480e-01 -3.510212439988364408e-01 -3.510222460901172847e-01 -3.510254149972236726e-01 -3.510354361236908138e-01 -3.510671273299684758e-01 -3.511673599030945003e-01
-3.378504791014528275e-01 -3.378504826479561962e-01 -3.378504938629849907e-01 -3.378505293280208988e-01 -3.378506414783230549e-01 -3.378509961288297392e-01 -3.378521176333210141e-01 -3.378556641530836013e-01 -3.378668793448983410e-01 -3.379023460099260801e-01 -3.380145125505510384e-01
-3.271866129754215091e-01 -3.271866168760834692e-01 -3.271866292110598984e-01 -3.271866682176806651e-01 -3.271867915674512850e-01 -3.271871816337257877e-01 -3.271884151321010625e-01 -3.271923158015465072e-01 -3.272046508522359343e-01 -3.272436582141579064e-01 -3.273670153355040524e-01
-3.186071374070288953e-01 -3.186071416368181364e-01 -3.186071550125863516e-01 -3.186071973104789290e-01 -3.186073310681576953e-01 -3.186077540470576563e-01 -3.186090916235848614e-01 -3.186133214099681199e-01 -3.186266971490156474e-01 -3.186689947483911656e-01 -3.188027494245991855e-01
-3.117458541465436550e-01 -3.117458586796127418e-01 -3.117458730144358481e-01 -3.117459183451257720e-01 -3.117460616933435125e-01 -3.117465150001099139e-01 -3.117479484809659862e-01 -3.117524815354029144e-01 -3.117668162116078445e-01 -3.118121454298979356e-01 -3.119554788512296506e-01
-3.062893412859667430e-01 -3.062893460963125314e-01 -3.062893613079613053e-01 -3.062894094114161914e-01 -3.062895615278780626e-01 -3.062900425621766787e-01 -3.062915637242867861e-01 -3.062963740421785208e-01 -3.063115854122430703e-01 -3.063596860779299602e-01 -3.065117745554301054e-01
