8.976127982209440859e+00 8.555735264362340331e+00 8.095704125141038432e+00 7.612607151464036548e+00 7.118825963460431616e+00 6.620924611895792289e+00 6.121604356917377032e+00 5.621821053011112568e+00 5.121889757441820734e+00 4.621911501766767572e+00 4.121918379739038407e+00
8.976134432387434359e+00 8.555736889706345494e+00 8.095704414619845579e+00 7.612607181105601306e+00 7.118825961847608852e+00 6.620924609935793015e+00 6.121604356135220470e+00 5.621821052746869718e+00 5.121889757356546724e+00 4.621911501739629280e+00 4.121918379730439064e+00
8.976139074466239265e+00 8.555738050324599442e+00 8.095704616643679685e+00 7.612607199599212393e+00 7.118825959645323387e+00 6.620924608177120696e+00 6.121604355460151581e+00 5.621821052521012163e+00 5.121889757283868860e+00 4.621911501716520654e+00 4.121918379723118697e+00
8.976142411150698663e+00 8.555738876766183054e+00 8.095704756452802187e+00 7.612607210459924723e+00 7.118825957169835128e+00 6.620924606614711827e+00 6.121604354878799725e+00 5.621821052328086488e+00 5.121889757221939732e+00 4.621911501696844837e+00 4.121918379716887237e+00
8.976144805995868836e+00 8.555739463241854637e+00 8.095704852163288834e+00 7.612607216168343349e+00 7.118825954627376440e+00 6.620924605237397564e+00 6.121604354379077684e+00 5.621821052163379129e+00 5.121889757169177493e+00 4.621911501680092016e+00 4.121918379711583036e+00
8.976146521827370606e+00 8.555739877689306994e+00 8.095704916755037672e+00 7.612607218465443637e+00 7.118825952147868286e+00 6.620924604030698823e+00 6.121604353950185207e+00 5.621821052022827558e+00 5.121889757124232112e+00 4.621911501665828759e+00 4.121918379707067537e+00
8.976147748570566520e+00 8.555740169058038802e+00 8.095704959508355003e+00 7.612607218564708234e+00 7.118825949808849529e+00 6.620924602978692342e+00 6.121604353582557501e+00 5.621821051902934130e+00 5.121889757085949846e+00 4.621911501653685583e+00 4.121918379703224389e+00
8.976148623404396787e+00 8.555740372580670439e+00 8.095704987041580480e+00 7.612607217304570462e+00 7.118825947652374531e+00 6.620924602065216824e+00 6.121604353267782628e+00 5.621821051800696800e+00 5.121889757053346592e+00 4.621911501643348075e+00 4.121918379699952339e+00
8.976149245354102746e+00 8.555740513586195917e+00 8.095705004060116394e+00 7.612607215257806814e+00 7.118825945696891644e+00 6.620924601274622567e+00 6.121604352998507359e+00 5.621821051713538964e+00 5.121889757025581247e+00 4.621911501634547115e+00 4.121918379697167012e+00
8.976149685855450144e+00 8.555740610257698719e+00 8.095705013896774105e+00 7.612607212809882284e+00 7.118825943945536139e+00 6.620924600592224429e+00 6.121604352768332369e+00 5.621821051639254385e+00 5.121889757001938825e+00 4.621911501627056218e+00 4.121918379694796464e+00
8.976150634624072921e+00 8.555740750593153976e+00 8.095704988010949066e+00 7.612607186339761967e+00 7.118825932393866296e+00 6.620924596522231198e+00 6.121604351434690727e+00 5.621821051212671172e+00 5.121889756866550236e+00 4.621911501584192727e+00 4.121918379681237532e+00
