3.360433455560258409e+00 3.360433455560258409e+00 3.360433455560258409e+00 3.360433455560258409e+00 3.360433455560258409e+00 3.360433455560258409e+00 3.360433455560258409e+00 3.360433455560258409e+00 3.360433455560258409e+00 3.360433455560258409e+00 3.360433455560258409e+00
3.231694108214445915e+00 3.231694108214445915e+00 3.231694108214445915e+00 3.231694108214445915e+00 3.231694108214445915e+00 3.231694108214445915e+00 3.231694108214445915e+00 3.231694108214445915e+00 3.231694108214445915e+00 3.231694108214445915e+00 3.231694108214445915e+00
3.102943008604350350e+00 3.102943008604350350e+00 3.102943008604350350e+00 3.102943008604350350e+00 3.102943008604350350e+00 3.102943008604350350e+00 3.102943008604350350e+00 3.102943008604350350e+00 3.102943008604350350e+00 3.102943008604350350e+00 3.102943008604350350e+00
2.974177091507617110e+00 2.974177091507617110e+00 2.974177091507617110e+00 2.974177091507617110e+00 2.974177091507617110e+00 2.974177091507617110e+00 2.974177091507617110e+00 2.974177091507617110e+00 2.974177091507617110e+00 2.974177091507617110e+00 2.974177091507617110e+00
2.845392381885158084e+00 2.845392381885158084e+00 2.845392381885158084e+00 2.845392381885158084e+00 2.845392381885158084e+00 2.845392381885158084e+00 2.845392381885158084e+00 2.845392381885158084e+00 2.845392381885158084e+00 2.845392381885158084e+00 2.845392381885158084e+00
2.716583643035634488e+00 2.716583643035634488e+00 2.716583643035634488e+00 2.716583643035634488e+00 2.716583643035634488e+00 2.716583643035634488e+00 2.716583643035634488e+00 2.716583643035634488e+00 2.716583643035634488e+00 2.716583643035634488e+00 2.716583643035634488e+00
2.587743997576395838e+00 2.587743997576395838e+00 2.587743997576395838e+00 2.587743997576395838e+00 2.587743997576395838e+00 2.587743997576395838e+00 2.587743997576395838e+00 2.587743997576395838e+00 2.587743997576395838e+00 2.587743997576395838e+00 2.587743997576395838e+00
2.458864397392488854e+00 2.458864397392488854e+00 2.458864397392488854e+00 2.458864397392488854e+00 2.458864397392488854e+00 2.458864397392488854e+00 2.458864397392488854e+00 2.458864397392488854e+00 2.458864397392488854e+00 2.458864397392488854e+00 2.458864397392488854e+00
2.329933066031020683e+00 2.329933066031020683e+00 2.329933066031020683e+00 2.329933066031020683e+00 2.329933066031020683e+00 2.329933066031020683e+00 2.329933066031020683e+00 2.329933066031020683e+00 2.329933066031020683e+00 2.329933066031020683e+00 2.329933066031020683e+00
2.200934175998310760e+00 2.200934175998310760e+00 2.200934175998310760e+00 2.200934175998310760e+00 2.200934175998310760e+00 2.200934175998310760e+00 2.200934175998310760e+00 2.200934175998310760e+00 2.200934175998310760e+00 2.200934175998310760e+00 2.200934175998310760e+00
2.071846885588399800e+00 2.071846885588399800e+00 2.071846885588399800e+00 2.071846885588399800e+00 2.071846885588399800e+00 2.071846885588399800e+00 2.071846885588399800e+00 2.071846885588399800e+00 2.071846885588399800e+00 2.071846885588399800e+00 2.071846885588399800e+00
