1.061715577833903268e+01 1.012041915522463853e+01 9.621489215597454958e+00 9.121831876880319712e+00 8.621940682442964743e+00 8.121975135085737207e+00 7.621986034519412812e+00 7.121989481678792089e+00 6.621990571811905646e+00 6.121990916546825368e+00 5.621991025562034672e+00
1.061715577393173326e+01 1.012041915375664480e+01 9.621489215124569228e+00 9.121831876729862287e+00 8.621940682395292654e+00 8.121975135070652385e+00 7.621986034514641517e+00 7.121989481677283962e+00 6.621990571811427806e+00 6.121990916546674377e+00 5.621991025561987598e+00
1.061715576881963230e+01 1.012041915205410447e+01 9.621489214576154581e+00 9.121831876555374308e+00 8.621940682340005324e+00 8.121975135053157047e+00 7.621986034509108165e+00 7.121989481675533362e+00 6.621990571810874471e+00 6.121990916546499406e+00 5.621991025561931643e+00
1.061715576288984408e+01 1.012041915007952220e+01 9.621489213940142449e+00 9.121831876353020618e+00 8.621940682275891277e+00 8.121975135032871052e+00 7.621986034502691965e+00 7.121989481673503875e+00 6.621990571810233206e+00 6.121990916546296901e+00 5.621991025561867694e+00
1.061715575601133743e+01 1.012041914778940210e+01 9.621489213202536916e+00 9.121831876118347893e+00 8.621940682201536532e+00 8.121975135009343205e+00 7.621986034495249918e+00 7.121989481671151090e+00 6.621990571809488912e+00 6.121990916546061534e+00 5.621991025561793087e+00
1.061715574803200646e+01 1.012041914513328500e+01 9.621489212347107411e+00 9.121831875846195814e+00 8.621940682115306842e+00 8.121975134982058364e+00 7.621986034486620376e+00 7.121989481668421718e+00 6.621990571808625603e+00 6.121990916545787975e+00 5.621991025561706934e+00
1.061715573877524399e+01 1.012041914205262927e+01 9.621489211355029880e+00 9.121831875530578060e+00 8.621940682015305057e+00 8.121975134950414343e+00 7.621986034476611493e+00 7.121989481665257138e+00 6.621990571807624626e+00 6.121990916545471784e+00 5.621991025561607458e+00
1.061715572803596253e+01 1.012041913847951236e+01 9.621489210204464015e+00 9.121831875164549075e+00 8.621940681899333825e+00 8.121975134913718364e+00 7.621986034465004778e+00 7.121989481661586296e+00 6.621990571806463777e+00 6.121990916545104966e+00 5.621991025561491107e+00
1.061715571557594906e+01 1.012041913433512264e+01 9.621489208870086074e+00 9.121831874740056634e+00 8.621940681764840519e+00 8.121975134871162183e+00 7.621986034451545322e+00 7.121989481657329257e+00 6.621990571805118186e+00 6.121990916544678640e+00 5.621991025561356103e+00
1.061715570111844542e+01 1.012041912952800260e+01 9.621489207322513337e+00 9.121831874247764205e+00 8.621940681608867507e+00 8.121975134821809661e+00 7.621986034435935586e+00 7.121989481652392762e+00 6.621990571803556769e+00 6.121990916544184813e+00 5.621991025561199784e+00
1.061715568434181733e+01 1.012041912395201493e+01 9.621489205527666400e+00 9.121831873676839564e+00 8.621940681427982867e+00 8.121975134764575444e+00 7.621986034417832734e+00 7.121989481646668452e+00 6.621990571801746661e+00 6.121990916543612826e+00 5.621991025561019484e+00
