1.029682821867745623e+01 9.857812664376623957e+00 9.370166479063083642e+00 8.871781419208700115e+00 8.371963832337108613e+00 7.871986392797255760e+00 7.371989983150482928e+00 6.871990763703783145e+00 6.371990975047299166e+00 5.871991038330898860e+00 5.371991057988016571e+00
1.030393453678027882e+01 9.859512502593901218e+00 9.370394607303849099e+00 8.871801625916944545e+00 8.371964475353626867e+00 7.871986014298489209e+00 7.371989805204874457e+00 6.871990701606510932e+00 6.371990954827823295e+00 5.871991031878680545e+00 5.371991055941819582e+00
1.031123432518810290e+01 9.861181023280733982e+00 9.370610773880081013e+00 8.871820209896714715e+00 8.371964912501061562e+00 7.871985602640559243e+00 7.371989619975376939e+00 6.871990637525976275e+00 6.371990934013189722e+00 5.871991025241456441e+00 5.371991053837439800e+00
1.031849586695734011e+01 9.862759363826423709e+00 9.370807725172763725e+00 8.871836558344345036e+00 8.371965122385041980e+00 7.871985168298117230e+00 7.371989432498931905e+00 6.871990573227484411e+00 6.371990913178885663e+00 5.871991018602936485e+00 5.371991051733141731e+00
1.032551165209448030e+01 9.864203410516376280e+00 9.370981012894894491e+00 8.871850357879903726e+00 8.371965108107827902e+00 7.871984722345464647e+00 7.371989247286573566e+00 6.871990510238485506e+00 6.371990892818028662e+00 5.871991012120068909e+00 5.371991049678658925e+00
1.033211045318967614e+01 9.865485262575102610e+00 9.371128805919406446e+00 8.871861555320643689e+00 8.371964891812737619e+00 7.871984275494355643e+00 7.371989068095876618e+00 6.871990449784286525e+00 6.371990873321801807e+00 5.871991005916927797e+00 5.371991047713263967e+00
1.033816390236678728e+01 9.866592350053968730e+00 9.371251389098581797e+00 8.871870292546647718e+00 8.371964507781942899e+00 7.871983837332366285e+00 7.371988897832495446e+00 6.871990392771144762e+00 6.371990854975531526e+00 5.871991000083613521e+00 5.371991045865437187e+00
1.034358821440987164e+01 9.867524975623741312e+00 9.371350539262262913e+00 8.871876836014138235e+00 8.371963995819502458e+00 7.871983415827530806e+00 7.371988738553385545e+00 6.871990339803273784e+00 6.371990837965662458e+00 5.871990994678624176e+00 5.371991044153629602e+00
1.034834197686423174e+01 9.868293072540279098e+00 9.371428921143946766e+00 8.871881514366782184e+00 8.371963395933786245e+00 7.871983017099671187e+00 7.371988591539834879e+00 6.871990291220470226e+00 6.371990822393110321e+00 5.871990989733218314e+00 5.371991042587661802e+00
1.035242104223983262e+01 9.868912845151866620e+00 9.371489586458672250e+00 8.871884670527231620e+00 8.371962744682949875e+00 7.871982645414619562e+00 7.371988457410640017e+00 6.871990247145400410e+00 6.371990808289366370e+00 5.871990985256624107e+00 5.371991041170378622e+00
1.035585156084033720e+01 9.869403761854069757e+00 9.371535607654355005e+00 8.871886629398350266e+00 8.371962073101339996e+00 7.871982303337421882e+00 7.371988336251432017e+00 6.871990207532594930e+00 6.371990795632794580e+00 5.871990981241274277e+00 5.371991039899314480e+00
