1.400767607560153039e+01 1.400758076179041467e+01 1.400737301036237703e+01 1.400697639743297174e+01 1.400627715712519539e+01 1.400509471540556206e+01 1.400314052501430950e+01 1.399996356900958716e+01 1.399487890689865921e+01 1.398687923604888539e+01 1.397453545466417069e+01
1.400767286676756207e+01 1.400757873172840640e+01 1.400737180738583376e+01 1.400697567236962549e+01 1.400627670204777786e+01 1.400509441546054923e+01 1.400314031546719740e+01 1.399996341259870647e+01 1.399487878197449575e+01 1.398687913002620498e+01 1.397453536029226129e+01
1.400766865674986050e+01 1.400757603080173297e+01 1.400737020656219300e+01 1.400697471262858507e+01 1.400627610512660404e+01 1.400509402710748574e+01 1.400314004865116324e+01 1.399996321719786607e+01 1.399487862884899236e+01 1.398687900221422886e+01 1.397453524799190738e+01
1.400766315803045714e+01 1.400757244096856802e+01 1.400736807467922596e+01 1.400697343994771416e+01 1.400627531989538532e+01 1.400509352226530524e+01 1.400313970721201251e+01 1.399996297174827298e+01 1.399487844017269289e+01 1.398687884745786114e+01 1.397453511391445602e+01
1.400765601354898315e+01 1.400756767744724840e+01 1.400736523423625712e+01 1.400697174967660175e+01 1.400627428428787447e+01 1.400509286355971916e+01 1.400313926819447019e+01 1.399996266175875625e+01 1.399487820644102243e+01 1.398687865920092221e+01 1.397453495325673245e+01
1.400764678512926942e+01 1.400756137133882184e+01 1.400736144922912096e+01 1.400696950191334267e+01 1.400627291535307428e+01 1.400509200118618125e+01 1.400313870117291515e+01 1.399996226818316458e+01 1.399487791531166536e+01 1.398687842906311651e+01 1.397453475999137851e+01
1.400763494153591360e+01 1.400755304967406012e+01 1.400735640680744964e+01 1.400696650973496737e+01 1.400627110218499816e+01 1.400509086870625630e+01 1.400313796574833169e+01 1.399996176592053665e+01 1.399487755069625372e+01 1.398687814628072168e+01 1.397453452651368799e+01
1.400761984646139346e+01 1.400754211362145796e+01 1.400734969394501839e+01 1.400696252363208139e+01 1.400626869647522454e+01 1.400508937741576254e+01 1.400313700819543428e+01 1.399996112180975416e+01 1.399487709155011572e+01 1.398687779696554401e+01 1.397453424317768267e+01
1.400760074668737332e+01 1.400752781619986997e+01 1.400734076834587150e+01 1.400695721103670621e+01 1.400626549990962921e+01 1.400508740880192882e+01 1.400313575697032675e+01 1.399996029194640990e+01 1.399487651025779655e+01 1.398687736312125196e+01 1.397453389768497445e+01
1.400757676052458578e+01 1.400750924140397835e+01 1.400732892313621569e+01 1.400695012959955754e+01 1.400626124739452294e+01 1.400508480444751847e+01 1.400313411669094243e+01 1.399995921809094668e+01 1.399487577047716336e+01 1.398687682133550325e+01 1.397453347427768300e+01
1.400754686639070812e+01 1.400748528690124850e+01 1.400731324561164470e+01 1.400694069266660335e+01 1.400625558480374089e+01 1.400508135253036812e+01 1.400313196007155625e+01 1.399995782285823509e+01 1.399487482425805140e+01 1.398687614103851118e+01 1.397453295267024131e+01
