6.589810945627404770e+00 6.560980807337120524e+00 6.383126568368001408e+00 6.051234500579175446e+00 5.608334524397645460e+00 5.119707625964329267e+00 4.621217598638991397e+00 4.121402009793282417e+00 3.621429052911850910e+00 3.121434447830718550e+00 2.621435837680080816e+00
6.653787166551083487e+00 6.608108402394523573e+00 6.411024305310563776e+00 6.062503499415790920e+00 5.610944754748532048e+00 5.120061344128478353e+00 4.621253468860499147e+00 4.121405007377168417e+00 3.621429155508931963e+00 3.121434395592320499e+00 2.621435812689884237e+00
6.717437090729625027e+00 6.654045555400103673e+00 6.437223583872365928e+00 6.072465869118587101e+00 5.613090909219256908e+00 5.120338417203098125e+00 4.621280980745737565e+00 4.121407224436247851e+00 3.621429201507116780e+00 3.121434344526149207e+00 2.621435789978090458e+00
6.780371367234626412e+00 6.698445470209180463e+00 6.461532049874273653e+00 6.081130521550385026e+00 5.614826018505854499e+00 5.120552609315978110e+00 4.621301817929739819e+00 4.121408829996469514e+00 3.621429206553018698e+00 3.121434295783626744e+00 2.621435769528991599e+00
6.842235843262328032e+00 6.741005559570786509e+00 6.483814306740359967e+00 6.088546299375596327e+00 5.616207179134341310e+00 5.120716288779187053e+00 4.621317418352037798e+00 4.121409966015807669e+00 3.621429183324662127e+00 3.121434250142064215e+00 2.621435751265086544e+00
6.902708230325081296e+00 6.781466232625112056e+00 6.503990122606063018e+00 6.094793438507426053e+00 5.617291090916507024e+00 5.120840107622274928e+00 4.621328971873486680e+00 4.121410748128988111e+00 3.621429141738484958e+00 3.121434208065394511e+00 2.621435735065798855e+00
6.961494923662024270e+00 6.819609823524044323e+00 6.522030625214624067e+00 6.099974856170727655e+00 5.618130870866758997e+00 5.120932942241342545e+00 4.621337438793390540e+00 4.121411268206099265e+00 3.621429089302689697e+00 3.121434169769040867e+00 2.621435720783295231e+00
7.018328158691644170e+00 6.855259791279038950e+00 6.537954942873408726e+00 6.104207587539584701e+00 5.618774072407224374e+00 5.121001998093733576e+00 4.621343578657669759e+00 4.121411597715713526e+00 3.621429031521878006e+00 3.121434135281142552e+00 2.621435708255164698e+00
7.072963625934194809e+00 6.888280244113285988e+00 6.551825701935727331e+00 6.107614892962377695e+00 5.619261726998884043e+00 5.121053001987357689e+00 4.621347982325268333e+00 4.121411791244970146e+00 3.621428972294201909e+00 3.121434104496001005e+00 2.621435697314102864e+00
7.125178631842204346e+00 6.918575776517099207e+00 6.563743207711431715e+00 6.110319440994254059e+00 5.619628169209730295e+00 5.121090427948200130e+00 4.621351103072271371e+00 4.121411889802891970e+00 3.621428914269119392e+00 3.121434077218185887e+00 2.621435687794952507e+00
7.174770881962073688e+00 6.946091550209311904e+00 6.573839146220731067e+00 6.112437861206049483e+00 5.619901398389774982e+00 5.121117722376564707e+00 4.621353284517496718e+00 4.121411923722991588e+00 3.621428859151985868e+00 3.121434053197311265e+00 2.621435679539545482e+00
