-3.946796445148364474e-01 -2.827322797909715413e-01 -4.756993873832469910e-02 3.183517508939523455e-01 7.655544018256229544e-01 1.247343429025870032e+00 1.740468210157353202e+00 2.229051182811093934e+00 2.655717381883298867e+00 2.884255512179369152e+00 2.875216575711734723e+00
-5.273867548898205637e-01 -4.170568110395840300e-01 -1.842047949995461176e-01 1.798783258310862887e-01 6.261877411365522894e-01 1.107668490011041174e+00 1.600951631943395848e+00 2.092050545414094298e+00 2.534869626480497740e+00 2.797313216010711479e+00 2.819571000954058437e+00
-6.608158436500238819e-01 -5.523306211456830983e-01 -3.221393223748620915e-01 3.978999440971792145e-02 4.850636371107287514e-01 9.661709859151972335e-01 1.459521677130181772e+00 1.952483134414017218e+00 2.408618545447847925e+00 2.704305726137518295e+00 2.759022434038401528e+00
-7.951428243926822459e-01 -6.887487732922841221e-01 -4.616073464525890513e-01 -1.021863061255493393e-01 3.418796142381614334e-01 8.225439935042708761e-01 1.315887057386519121e+00 1.810210338510327865e+00 2.277064084179684755e+00 2.604721209104339241e+00 2.693174390603877644e+00
-9.306968921428785402e-01 -8.266355298962201337e-01 -6.029392570698597353e-01 -2.463255583000448501e-01 1.962936486344164511e-01 6.764293007531682056e-01 1.169695889121161070e+00 1.664998864724953620e+00 2.140287876966497915e+00 2.497999425681996843e+00 2.621544812720892015e+00
-1.067634019128669509e+00 -9.661707419019135434e-01 -7.464028751795380723e-01 -3.931149340014877258e-01 4.787009992358979421e-02 5.273853407896604839e-01 1.020520011823027096e+00 1.516515816007576900e+00 1.998306700439995254e+00 2.383549452091179077e+00 2.543541996670733774e+00
-1.206345391022353608e+00 -1.107795647349331114e+00 -8.924493283428707180e-01 -5.429214726985166495e-01 -1.038760794755028000e-01 3.749106260590586714e-01 8.678530714588970074e-01 1.364320868288266819e+00 1.851028618201545628e+00 2.260773805080892984e+00 2.458435541098130894e+00
-1.347360019155997790e+00 -1.251967197525484687e+00 -1.041599656198292756e+00 -6.963673645571784032e-01 -2.595463470510983028e-01 2.183908126585645815e-01 7.110824411058379591e-01 1.207855720820091072e+00 1.698215593929162104e+00 2.129092154515745960e+00 2.365322343275657158e+00
-1.491095460694716879e+00 -1.399249995327307428e+00 -1.194370469384504752e+00 -8.540655543986477305e-01 -4.198495935396233669e-01 5.709159942961393452e-02 5.494776687474481891e-01 1.046426068332177994e+00 1.539451928686448534e+00 1.987952089506586306e+00 2.263089210964083886e+00
-1.638550328173200343e+00 -1.550458977488432977e+00 -1.351610566898588495e+00 -1.016866159291719640e+00 -5.856202240311739748e-01 -1.098499715436337953e-01 3.821561095139279773e-01 8.791793219547830995e-01 1.374116736445766485e+00 1.836812399217207403e+00 2.150376605138843100e+00
-1.790711358852224766e+00 -1.706606475266134515e+00 -1.514364922489841003e+00 -1.185803394468987859e+00 -7.579505898309423229e-01 -2.835041107547864314e-01 2.080577848627548077e-01 7.050755605816996230e-01 1.201355447773742702e+00 1.675089349445185505e+00 2.025553185214276297e+00
