8.367192762353809599e+00 8.071841716449974058e+00 7.713161932071432858e+00 7.298223098208253212e+00 6.841587638044982711e+00 6.360199630571753637e+00 5.867121580636302625e+00 5.369471304626001640e+00 4.870234269605800748e+00 4.370477712997760555e+00 3.870554920657185871e+00
8.365580373974996320e+00 8.071178344031919139e+00 7.712934470263118847e+00 7.298161285511055141e+00 6.841574788571578303e+00 6.360197555660531243e+00 5.867121293339507382e+00 5.369471263710860143e+00 4.870234262326757602e+00 4.370477711287978018e+00 3.870554920176606739e+00
8.363426519571561357e+00 8.070289563313032488e+00 7.712629283788370316e+00 7.298078334679578560e+00 6.841557568669712985e+00 6.360194787824292817e+00 5.867120914852012703e+00 5.369471211281433121e+00 4.870234253369870814e+00 4.370477709252999610e+00 3.870554919614041189e+00
8.360555585636159748e+00 8.069100100775269624e+00 7.712220003730098306e+00 7.297967020844714270e+00 6.841534483300870662e+00 6.360191091788606421e+00 5.867120414983460819e+00 5.369471143780980782e+00 4.870234242289398274e+00 4.370477706822903485e+00 3.870554918954588253e+00
8.356739802940083450e+00 8.067510618773589215e+00 7.711671492380292037e+00 7.297817667291000454e+00 6.841503525808815489e+00 6.360186151801771715e+00 5.867119753332908694e+00 5.369471056492119310e+00 4.870234228507084318e+00 4.370477703910395917e+00 3.870554918180345361e+00
8.351687331009738813e+00 8.065390857222341836e+00 7.710937071121162667e+00 7.297617329744629622e+00 6.841462003765416355e+00 6.360179544048246036e+00 5.867118875800326094e+00 5.369470943146994912e+00 4.870234211269820257e+00 4.370477700405895227e+00 3.870554917269710682e+00
8.345030224930239271e+00 8.062571457012815301e+00 7.709954985076704403e+00 7.297348722641737062e+00 6.841406306452446628e+00 6.360170699626834789e+00 5.867117709901077838e+00 5.369470795404660990e+00 4.870234189593261931e+00 4.370477696171090720e+00 3.870554916196506490e+00
8.336314388343609494e+00 8.058834705083782524e+00 7.708643982865869937e+00 7.296988816396600797e+00 6.841331595182693626e+00 6.360158854894720548e+00 5.867116158472345688e+00 5.369470602150093086e+00 4.870234162186600102e+00 4.370477691030482781e+00 3.870554914928855617e+00
8.324994947807486056e+00 8.053904900628886310e+00 7.706897943425057740e+00 7.296507023659358993e+00 6.841231392224236707e+00 6.360142984918442544e+00 5.867114091219676197e+00 5.369470348553625705e+00 4.870234127352103926e+00 4.370477684760228243e+00 3.870554913427749710e+00
8.310441842885460062e+00 8.047439763028380710e+00 7.704579607707458422e+00 7.295862887107234407e+00 6.841097037575262441e+00 6.360121714381839375e+00 5.867111333363289383e+00 5.369470014808499059e+00 4.870234082850833701e+00 4.370477677073409950e+00 3.870554911645205820e+00
8.291961107054623525e+00 8.039025279658643441e+00 7.701513712398603495e+00 7.295003189040247804e+00 6.840916975454608639e+00 6.360093198491641786e+00 5.867107650391607976e+00 5.369469574435907333e+00 4.870234025722980142e+00 4.370477667600527028e+00 3.870554909521884301e+00
