1.011664113410165378e+01 1.011664113410165378e+01 1.011664113410165378e+01 1.011664113410165378e+01 1.011664113410165378e+01 1.011664113410165378e+01 1.011664113410165378e+01 1.011664113410165378e+01 1.011664113410165378e+01 1.011664113410165378e+01 1.011664113410165555e+01
1.017397013639650538e+01 1.017397013639650538e+01 1.017397013639650538e+01 1.017397013639650538e+01 1.017397013639650538e+01 1.017397013639650538e+01 1.017397013639650538e+01 1.017397013639650538e+01 1.017397013639650538e+01 1.017397013639650538e+01 1.017397013639650716e+01
1.022558160104698466e+01 1.022558160104698466e+01 1.022558160104698466e+01 1.022558160104698466e+01 1.022558160104698466e+01 1.022558160104698466e+01 1.022558160104698466e+01 1.022558160104698466e+01 1.022558160104698466e+01 1.022558160104698644e+01 1.022558160104698821e+01
1.027183766453594593e+01 1.027183766453594593e+01 1.027183766453594593e+01 1.027183766453594593e+01 1.027183766453594593e+01 1.027183766453594593e+01 1.027183766453594593e+01 1.027183766453594593e+01 1.027183766453594593e+01 1.027183766453594771e+01 1.027183766453594949e+01
1.031312178137759439e+01 1.031312178137759439e+01 1.031312178137759439e+01 1.031312178137759439e+01 1.031312178137759439e+01 1.031312178137759439e+01 1.031312178137759439e+01 1.031312178137759439e+01 1.031312178137759616e+01 1.031312178137759616e+01 1.031312178137759972e+01
1.034982571483976876e+01 1.034982571483976876e+01 1.034982571483976876e+01 1.034982571483976876e+01 1.034982571483976876e+01 1.034982571483976876e+01 1.034982571483976876e+01 1.034982571483976876e+01 1.034982571483976876e+01 1.034982571483976876e+01 1.034982571483977232e+01
1.038233907080809537e+01 1.038233907080809537e+01 1.038233907080809537e+01 1.038233907080809537e+01 1.038233907080809537e+01 1.038233907080809537e+01 1.038233907080809537e+01 1.038233907080809537e+01 1.038233907080809715e+01 1.038233907080809715e+01 1.038233907080810070e+01
1.041104124808115294e+01 1.041104124808115294e+01 1.041104124808115294e+01 1.041104124808115294e+01 1.041104124808115294e+01 1.041104124808115294e+01 1.041104124808115294e+01 1.041104124808115294e+01 1.041104124808115294e+01 1.041104124808115472e+01 1.041104124808115827e+01
1.043629555156094213e+01 1.043629555156094213e+01 1.043629555156094213e+01 1.043629555156094213e+01 1.043629555156094213e+01 1.043629555156094213e+01 1.043629555156094213e+01 1.043629555156094391e+01 1.043629555156094391e+01 1.043629555156094391e+01 1.043629555156094924e+01
1.045844515738833813e+01 1.045844515738833813e+01 1.045844515738833813e+01 1.045844515738833813e+01 1.045844515738833813e+01 1.045844515738833813e+01 1.045844515738833813e+01 1.045844515738833991e+01 1.045844515738833991e+01 1.045844515738834168e+01 1.045844515738834524e+01
1.047781060844850565e+01 1.047781060844850565e+01 1.047781060844850565e+01 1.047781060844850565e+01 1.047781060844850565e+01 1.047781060844850565e+01 1.047781060844850742e+01 1.047781060844850742e+01 1.047781060844850742e+01 1.047781060844850920e+01 1.047781060844851275e+01
