-1.996127623150553587e+00 -2.458423625505802512e+00 -2.954184030085354351e+00 -3.453752166320080530e+00 -3.953708531721138009e+00 -4.453704048539552929e+00 -4.953703562589107712e+00 -5.453703502096128197e+00 -5.953703492284402543e+00 -6.453703490113445795e+00 -6.953703489520107972e+00
-1.985568037169018529e+00 -2.457169947263147414e+00 -2.954055569330332975e+00 -3.453739286916466700e+00 -3.953707243528610249e+00 -4.453703919745829687e+00 -4.953703549718907695e+00 -5.453703500812021154e+00 -5.953703492156913413e+00 -6.453703490100989093e+00 -6.953703489518954228e+00
-1.977481667961975331e+00 -2.456243892315145505e+00 -2.953961268645952210e+00 -3.453729838860066348e+00 -3.953706298575497602e+00 -4.453703825260737048e+00 -4.953703540274233319e+00 -5.453703499868773008e+00 -5.953703492062974334e+00 -6.453703490091716510e+00 -6.953703489518066050e+00
-1.971350002479466124e+00 -2.455562280266860853e+00 -2.953892185342488208e+00 -3.453722920806852503e+00 -3.953705606671396033e+00 -4.453703756069783637e+00 -4.953703533355297672e+00 -5.453703499176934422e+00 -5.953703491993807440e+00 -6.453703490084805594e+00 -6.953703489517375935e+00
-1.966739928198586229e+00 -2.455062039665408591e+00 -2.953841662648421629e+00 -3.453717863249187836e+00 -3.953705100838591502e+00 -4.453703705478730512e+00 -4.953703528293918801e+00 -5.453703498670080307e+00 -5.953703491942895276e+00 -6.453703490079642613e+00 -6.953703489516837699e+00
-1.963298787511073007e+00 -2.454695769822354823e+00 -2.953804767170113976e+00 -3.453714170786279958e+00 -3.953704731524857685e+00 -4.453703668535020199e+00 -4.953703524595749919e+00 -5.453703498299063313e+00 -5.953703491905415035e+00 -6.453703490075774596e+00 -6.953703489516412262e+00
-1.960745604197677183e+00 -2.454428100511303334e+00 -2.953777856045306738e+00 -3.453711478028195891e+00 -3.953704462186319990e+00 -4.453703641586225892e+00 -4.953703521896204442e+00 -5.453703498027634211e+00 -5.953703491877805121e+00 -6.453703490072866700e+00 -6.953703489516075642e+00
-1.958860588597130858e+00 -2.454232788774486362e+00 -2.953758247497313416e+00 -3.453709516208880892e+00 -3.953704265944855134e+00 -4.453703621945937385e+00 -4.953703519927105781e+00 -5.453703497829121893e+00 -5.953703491857447183e+00 -6.453703490070670235e+00 -6.953703489515804748e+00
-1.957474435898035159e+00 -2.454090452118619314e+00 -2.953743972257284689e+00 -3.453708088088854655e+00 -3.953704123076396737e+00 -4.453703607642726325e+00 -4.953703518491629154e+00 -5.453703497683943802e+00 -5.953703491842413875e+00 -6.453703490069004012e+00 -6.953703489515587144e+00
-1.956458375548088879e+00 -2.453986826972923474e+00 -2.953733587310896080e+00 -3.453707049200972712e+00 -3.953704019134573588e+00 -4.453703597232607336e+00 -4.953703517445589455e+00 -5.453703497577750525e+00 -5.953703491831292105e+00 -6.453703490067733028e+00 -6.953703489515409508e+00
-1.955715475069934373e+00 -2.453911447202709262e+00 -2.953726037132776039e+00 -3.453706293904859059e+00 -3.953703943555730849e+00 -4.453703589659630424e+00 -4.953703516683526153e+00 -5.453703497500037578e+00 -5.953703491823044480e+00 -6.453703490066757809e+00 -6.953703489515263847e+00
