-8.088172918080244855e+00 -8.088172918080244855e+00 -8.088172918080244855e+00 -8.088172918080244855e+00 -8.088172918080244855e+00 -8.088172918080244855e+00 -8.088172918080244855e+00 -8.088172918080244855e+00 -8.088172918080244855e+00 -8.088172918080244855e+00 -8.088172918080244855e+00
-7.951933485331403872e+00 -7.951933485331403872e+00 -7.951933485331403872e+00 -7.951933485331403872e+00 -7.951933485331403872e+00 -7.951933485331403872e+00 -7.951933485331403872e+00 -7.951933485331403872e+00 -7.951933485331403872e+00 -7.951933485331403872e+00 -7.951933485331403872e+00
-7.815224882330803702e+00 -7.815224882330803702e+00 -7.815224882330803702e+00 -7.815224882330803702e+00 -7.815224882330803702e+00 -7.815224882330803702e+00 -7.815224882330803702e+00 -7.815224882330803702e+00 -7.815224882330803702e+00 -7.815224882330803702e+00 -7.815224882330803702e+00
-7.678100109283665375e+00 -7.678100109283665375e+00 -7.678100109283665375e+00 -7.678100109283665375e+00 -7.678100109283665375e+00 -7.678100109283665375e+00 -7.678100109283665375e+00 -7.678100109283665375e+00 -7.678100109283665375e+00 -7.678100109283665375e+00 -7.678100109283665375e+00
-7.540608535745770169e+00 -7.540608535745770169e+00 -7.540608535745770169e+00 -7.540608535745770169e+00 -7.540608535745770169e+00 -7.540608535745770169e+00 -7.540608535745770169e+00 -7.540608535745770169e+00 -7.540608535745770169e+00 -7.540608535745770169e+00 -7.540608535745770169e+00
-7.402795904039241925e+00 -7.402795904039241925e+00 -7.402795904039241925e+00 -7.402795904039241925e+00 -7.402795904039241925e+00 -7.402795904039241925e+00 -7.402795904039241925e+00 -7.402795904039241925e+00 -7.402795904039241925e+00 -7.402795904039241925e+00 -7.402795904039241925e+00
-7.264704520195420123e+00 -7.264704520195420123e+00 -7.264704520195420123e+00 -7.264704520195420123e+00 -7.264704520195420123e+00 -7.264704520195420123e+00 -7.264704520195420123e+00 -7.264704520195420123e+00 -7.264704520195420123e+00 -7.264704520195420123e+00 -7.264704520195420123e+00
-7.126373617709265140e+00 -7.126373617709265140e+00 -7.126373617709265140e+00 -7.126373617709265140e+00 -7.126373617709265140e+00 -7.126373617709265140e+00 -7.126373617709265140e+00 -7.126373617709265140e+00 -7.126373617709265140e+00 -7.126373617709265140e+00 -7.126373617709265140e+00
-6.987839890684720778e+00 -6.987839890684720778e+00 -6.987839890684720778e+00 -6.987839890684720778e+00 -6.987839890684720778e+00 -6.987839890684720778e+00 -6.987839890684720778e+00 -6.987839890684720778e+00 -6.987839890684720778e+00 -6.987839890684720778e+00 -6.987839890684720778e+00
-6.849138207126211242e+00 -6.849138207126211242e+00 -6.849138207126211242e+00 -6.849138207126211242e+00 -6.849138207126211242e+00 -6.849138207126211242e+00 -6.849138207126211242e+00 -6.849138207126211242e+00 -6.849138207126211242e+00 -6.849138207126211242e+00 -6.849138207126211242e+00
-6.710302530544439925e+00 -6.710302530544439925e+00 -6.710302530544439925e+00 -6.710302530544439925e+00 -6.710302530544439925e+00 -6.710302530544439925e+00 -6.710302530544439925e+00 -6.710302530544439925e+00 -6.710302530544439925e+00 -6.710302530544439925e+00 -6.710302530544439925e+00
