4.363878225025018764e+00 4.363878225278586598e+00 4.363878226080440292e+00 4.363878228616123067e+00 4.363878236634655572e+00 4.363878261991482432e+00 4.363878342176798597e+00 4.363878595744935751e+00 4.363879397596810428e+00 4.363881933265290947e+00 4.363889951655176347e+00
4.235430805661800413e+00 4.235430805915308738e+00 4.235430806716971475e+00 4.235430809252053841e+00 4.235430817268686532e+00 4.235430842619503977e+00 4.235430922785819341e+00 4.235431176293869449e+00 4.235431977955734340e+00 4.235434513023367487e+00 4.235442529513374410e+00
4.106919377787080272e+00 4.106919378040537083e+00 4.106919378842038171e+00 4.106919381376607170e+00 4.106919389391618047e+00 4.106919414737305374e+00 4.106919494887399047e+00 4.106919748344149745e+00 4.106920549843795065e+00 4.106923084398458101e+00 4.106931099266440732e+00
3.978359922579299823e+00 3.978359922832710893e+00 3.978359923634067208e+00 3.978359926168178351e+00 3.978359934181741941e+00 3.978359959522854261e+00 3.978360039658477287e+00 3.978360293069469922e+00 3.978361094424415434e+00 3.978363628521507600e+00 3.978371641942625825e+00
3.849764324753706557e+00 3.849764325007074994e+00 3.849764325808295862e+00 3.849764328341978903e+00 3.849764336354188465e+00 3.849764361691018877e+00 3.849764441813101623e+00 3.849764695181276952e+00 3.849765496400821885e+00 3.849768030069748992e+00 3.849776042136972443e+00
3.721141388864553257e+00 3.721141389117879950e+00 3.721141389918968034e+00 3.721141392452230967e+00 3.721141400463112259e+00 3.721141425795741586e+00 3.721141505904539404e+00 3.721141759230703894e+00 3.721142560317401760e+00 3.721145093566235129e+00 3.721153104305075399e+00
3.592497626851771209e+00 3.592497627105054381e+00 3.592497627906006574e+00 3.592497630438839185e+00 3.592497638448359787e+00 3.592497663776686334e+00 3.592497743871877702e+00 3.592497997155014833e+00 3.592498798105649094e+00 3.592501330924216418e+00 3.592509340302497467e+00
3.463837792099588420e+00 3.463837792352826295e+00 3.463837793153633715e+00 3.463837795686010246e+00 3.463837803694087114e+00 3.463837829017848424e+00 3.463837909098603340e+00 3.463838162336090321e+00 3.463838963142363614e+00 3.463841495504428991e+00 3.463849503439179411e+00
3.335165344391784359e+00 3.335165344644972052e+00 3.335165345445622709e+00 3.335165347977500971e+00 3.335165355984003543e+00 3.335165381302787502e+00 3.335165461367802120e+00 3.335165714555512029e+00 3.335166515204380122e+00 3.335169047068689885e+00 3.335177053429452698e+00
3.206482750311129504e+00 3.206482750564261686e+00 3.206482751364736927e+00 3.206482753896061855e+00 3.206482761900813827e+00 3.206482787214061325e+00 3.206482867261568614e+00 3.206483120393915254e+00 3.206483920867708282e+00 3.206486452178388458e+00 3.206494456788475667e+00
3.077791722552896125e+00 3.077791722805966579e+00 3.077791723606244201e+00 3.077791726136944739e+00 3.077791734139722291e+00 3.077791759446725894e+00 3.077791839474487645e+00 3.077792092544394453e+00 3.077792892820736537e+00 3.077795423507027284e+00 3.077803426142676990e+00
