-1.797009503813492870e+01 -1.796998188818730569e+01 -1.796962427052295652e+01 -1.796849531828855717e+01 -1.796494444994821293e+01 -1.795390295441843520e+01 -1.792072686356684130e+01 -1.782991437334706930e+01 -1.762669481518294390e+01 -1.728788940359306636e+01 -1.685446257702678707e+01
-1.563351364868715976e+01 -1.563351312733727383e+01 -1.563351147868829294e+01 -1.563350626524364095e+01 -1.563348977929594774e+01 -1.563343765027002163e+01 -1.563327284498284087e+01 -1.563275209610848115e+01 -1.563110944093817345e+01 -1.562595542473437149e+01 -1.561004823545010645e+01
-1.364464193207775899e+01 -1.364464192672894072e+01 -1.364464190981449221e+01 -1.364464185632631832e+01 -1.364464168718190074e+01 -1.364464115230072494e+01 -1.364463946086226187e+01 -1.364463411210755339e+01 -1.364461719829354891e+01 -1.364456371645206723e+01 -1.364439463535054209e+01
-1.195177410728624601e+01 -1.195177410717775679e+01 -1.195177410683468011e+01 -1.195177410574978083e+01 -1.195177410231902293e+01 -1.195177409147001590e+01 -1.195177405716244401e+01 -1.195177394867239684e+01 -1.195177360559692303e+01 -1.195177252069879792e+01 -1.195176908996752907e+01
-1.051085606261364980e+01 -1.051085606260971872e+01 -1.051085606259728955e+01 -1.051085606255798233e+01 -1.051085606243368176e+01 -1.051085606204060952e+01 -1.051085606079760737e+01 -1.051085605686688851e+01 -1.051085604443686528e+01 -1.051085600512968199e+01 -1.051085588082947631e+01
-9.284390007437771430e+00 -9.284390007437536951e+00 -9.284390007436799763e+00 -9.284390007434465630e+00 -9.284390007427086644e+00 -9.284390007403752421e+00 -9.284390007329960781e+00 -9.284390007096611441e+00 -9.284390006358696823e+00 -9.284390004025206977e+00 -9.284389996646062571e+00
-8.240458348627804241e+00 -8.240458348627782925e+00 -8.240458348627717200e+00 -8.240458348627505814e+00 -8.240458348626839680e+00 -8.240458348624731144e+00 -8.240458348618060924e+00 -8.240458348596970239e+00 -8.240458348530278698e+00 -8.240458348319378956e+00 -8.240458347652456439e+00
-7.351889927368284283e+00 -7.351889927368281619e+00 -7.351889927368272737e+00 -7.351889927368245203e+00 -7.351889927368159050e+00 -7.351889927367886379e+00 -7.351889927367024846e+00 -7.351889927364299027e+00 -7.351889927355678367e+00 -7.351889927328419283e+00 -7.351889927242218015e+00
-6.595540139244841171e+00 -6.595540139244841171e+00 -6.595540139244839395e+00 -6.595540139244834066e+00 -6.595540139244819855e+00 -6.595540139244771893e+00 -6.595540139244620903e+00 -6.595540139244143063e+00 -6.595540139242632272e+00 -6.595540139237854760e+00 -6.595540139222746845e+00
-5.951652473066758375e+00 -5.951652473066757487e+00 -5.951652473066757487e+00 -5.951652473066756599e+00 -5.951652473066753046e+00 -5.951652473066742388e+00 -5.951652473066707749e+00 -5.951652473066599391e+00 -5.951652473066256555e+00 -5.951652473065171201e+00 -5.951652473061740167e+00
-5.403272246820476354e+00 -5.403272246820476354e+00 -5.403272246820476354e+00 -5.403272246820476354e+00 -5.403272246820475466e+00 -5.403272246820471914e+00 -5.403272246820462144e+00 -5.403272246820431945e+00 -5.403272246820334246e+00 -5.403272246820026936e+00 -5.403272246819055269e+00
