-1.632498880086118209e+00 -2.132498879840730943e+00 -2.632498879763132571e+00 -3.132498879738593978e+00 -3.632498879730834407e+00 -4.132498879728380814e+00 -4.632498879727604546e+00 -5.132498879727358521e+00 -5.632498879727281249e+00 -6.132498879727257268e+00 -6.632498879727249275e+00
-1.632498880086118209e+00 -2.132498879840730943e+00 -2.632498879763133015e+00 -3.132498879738593978e+00 -3.632498879730834407e+00 -4.132498879728380814e+00 -4.632498879727604546e+00 -5.132498879727358521e+00 -5.632498879727281249e+00 -6.132498879727257268e+00 -6.632498879727249275e+00
-1.632498880086118209e+00 -2.132498879840730943e+00 -2.632498879763133015e+00 -3.132498879738593978e+00 -3.632498879730834407e+00 -4.132498879728380814e+00 -4.632498879727604546e+00 -5.132498879727358521e+00 -5.632498879727281249e+00 -6.132498879727257268e+00 -6.632498879727249275e+00
-1.632498880086118431e+00 -2.132498879840730943e+00 -2.632498879763133015e+00 -3.132498879738593978e+00 -3.632498879730834407e+00 -4.132498879728380814e+00 -4.632498879727604546e+00 -5.132498879727358521e+00 -5.632498879727281249e+00 -6.132498879727257268e+00 -6.632498879727249275e+00
-1.632498880086118431e+00 -2.132498879840730943e+00 -2.632498879763133015e+00 -3.132498879738593978e+00 -3.632498879730834407e+00 -4.132498879728380814e+00 -4.632498879727604546e+00 -5.132498879727358521e+00 -5.632498879727281249e+00 -6.132498879727257268e+00 -6.632498879727249275e+00
-1.632498880086118653e+00 -2.132498879840730943e+00 -2.632498879763133015e+00 -3.132498879738593978e+00 -3.632498879730834407e+00 -4.132498879728380814e+00 -4.632498879727604546e+00 -5.132498879727358521e+00 -5.632498879727281249e+00 -6.132498879727257268e+00 -6.632498879727249275e+00
-1.632498880086118653e+00 -2.132498879840731387e+00 -2.632498879763133015e+00 -3.132498879738593978e+00 -3.632498879730834407e+00 -4.132498879728380814e+00 -4.632498879727604546e+00 -5.132498879727358521e+00 -5.632498879727281249e+00 -6.132498879727257268e+00 -6.632498879727249275e+00
-1.632498880086118875e+00 -2.132498879840731387e+00 -2.632498879763133015e+00 -3.132498879738593978e+00 -3.632498879730834407e+00 -4.132498879728380814e+00 -4.632498879727604546e+00 -5.132498879727358521e+00 -5.632498879727281249e+00 -6.132498879727257268e+00 -6.632498879727249275e+00
-1.632498880086119097e+00 -2.132498879840731387e+00 -2.632498879763133015e+00 -3.132498879738593978e+00 -3.632498879730834407e+00 -4.132498879728380814e+00 -4.632498879727604546e+00 -5.132498879727358521e+00 -5.632498879727281249e+00 -6.132498879727257268e+00 -6.632498879727249275e+00
-1.632498880086119319e+00 -2.132498879840731387e+00 -2.632498879763133015e+00 -3.132498879738593978e+00 -3.632498879730834407e+00 -4.132498879728380814e+00 -4.632498879727604546e+00 -5.132498879727358521e+00 -5.632498879727281249e+00 -6.132498879727257268e+00 -6.632498879727249275e+00
-1.632498880086119764e+00 -2.132498879840731387e+00 -2.632498879763133015e+00 -3.132498879738593978e+00 -3.632498879730834407e+00 -4.132498879728380814e+00 -4.632498879727604546e+00 -5.132498879727358521e+00 -5.632498879727281249e+00 -6.132498879727257268e+00 -6.632498879727249275e+00
