-7.702440661900750740e+01 -7.681927151843517265e+01 -7.648689080091881465e+01 -7.612237900001753133e+01 -7.602348752471048954e+01 -7.635485460922890866e+01 -7.683170051151003577e+01 -7.732877881027886247e+01 -7.782831933498110288e+01 -7.832822090034089513e+01 -7.882819446840593969e+01
-7.688594112113661083e+01 -7.668100092765685361e+01 -7.635180532066378589e+01 -7.601027258850888302e+01 -7.598000393046460488e+01 -7.634859176163000427e+01 -7.683103794276489396e+01 -7.732871127000171896e+01 -7.782831233024347739e+01 -7.832822012363841679e+01 -7.882819436670772006e+01
-7.674750452237525167e+01 -7.654302624810357258e+01 -7.621832589685092785e+01 -7.590598335633671923e+01 -7.594552508199166141e+01 -7.634399511562645557e+01 -7.683055675913186633e+01 -7.732866217729167602e+01 -7.782830720782210676e+01 -7.832821954602235337e+01 -7.882819428832738140e+01
-7.660918140845409141e+01 -7.640550317404607483e+01 -7.608701804825312820e+01 -7.581084431679622071e+01 -7.591870759234230093e+01 -7.634063253901615553e+01 -7.683020737711051140e+01 -7.732862647659895572e+01 -7.782830345623867174e+01 -7.832821911483907229e+01 -7.882819422753071592e+01
-7.647107763865112418e+01 -7.626863629203752737e+01 -7.595860468072555705e+01 -7.572597361073789557e+01 -7.589818242790194347e+01 -7.633817867610628127e+01 -7.682995371418502373e+01 -7.732860049981640316e+01 -7.782830070384245857e+01 -7.832821879161866718e+01 -7.882819418006300793e+01
-7.633332871465113101e+01 -7.613269517238312289e+01 -7.583398700643672896e+01 -7.565209700360814793e+01 -7.588267686134945222e+01 -7.633639109446210114e+01 -7.682976954057214414e+01 -7.732858158546898153e+01 -7.782829868046464128e+01 -7.832821854821482077e+01 -7.882819414275579106e+01
-7.619611047994389708e+01 -7.599803388144508176e+01 -7.571425034032682788e+01 -7.558941622226265622e+01 -7.587108325125299757e+01 -7.633509051487749275e+01 -7.682963580317792207e+01 -7.732856780231530536e+01 -7.782829718960323362e+01 -7.832821836400094639e+01 -7.882819411323991687e+01
-7.605965245881455417e+01 -7.586511334698595022e+01 -7.560064177415762288e+01 -7.553757034801540726e+01 -7.586248323716279174e+01 -7.633414509039073437e+01 -7.682953866923844544e+01 -7.732855774880191291e+01 -7.782829608824566492e+01 -7.832821822383282040e+01 -7.882819408973601583e+01
-7.592425386618469929e+01 -7.573452474143576296e+01 -7.549450599657461680e+01 -7.549570522968731723e+01 -7.585614218749130089e+01 -7.633345824554774595e+01 -7.682946809954017908e+01 -7.732855040758839493e+01 -7.782829527223054811e+01 -7.832821811656742739e+01 -7.882819407090102004e+01
-7.579030173885726640e+01 -7.560701006602324981e+01 -7.539717131342247569e+01 -7.546262438381531013e+01 -7.585148779142014064e+01 -7.633295944621285400e+01 -7.682941680967317666e+01 -7.732854504003655904e+01 -7.782829466562645848e+01 -7.832821803398566374e+01 -7.882819405571588334e+01
-7.565828963654564632e+01 -7.548347353444684416e+01 -7.530979289526274556e+01 -7.543696950865719941e+01 -7.584808280321823304e+01 -7.633259728584121717e+01 -7.682937951473378746e+01 -7.732854110969206829e+01 -7.782829421302416506e+01 -7.832821797000812580e+01 -7.882819404340293090e+01
