1.049258880611949785e+01 1.040825948773746745e+01 1.028064638253338714e+01 1.010346768677819007e+01 9.869726739198709353e+00 9.573784847370019335e+00 9.214787125152744451e+00 8.799690795768478679e+00 8.342985662878025011e+00 7.861570444724604201e+00 7.368482815260208874e+00
1.047592531687345563e+01 1.039786131868349806e+01 1.027469413297825973e+01 1.010034004935479324e+01 9.868244682416737135e+00 9.573171333968575780e+00 9.214574414954162407e+00 8.799631644098244720e+00 8.342972699277163784e+00 7.861568072221084336e+00 7.368482386692018160e+00
1.045490598932470583e+01 1.038438215417212618e+01 1.026685292984804576e+01 1.009618303279660090e+01 9.866265658734269195e+00 9.572350446450862194e+00 9.214289840778334906e+00 8.799552733743523092e+00 8.342955543129860985e+00 7.861564989765309264e+00 7.368481848178211280e+00
1.042878747889034763e+01 1.036708769468715907e+01 1.025658765883898660e+01 1.009067741559754694e+01 9.863627948301608939e+00 9.571252960417558242e+00 9.213909126522977999e+00 8.799447382821139030e+00 8.342932794790927531e+00 7.861560969812753541e+00 7.368481167837558132e+00
1.039687134160408277e+01 1.034517165383639536e+01 1.024325520216556207e+01 1.008341959749567884e+01 9.860121221179317885e+00 9.569787411689103962e+00 9.213399919637620172e+00 8.799306650554660436e+00 8.342902580868306828e+00 7.861555709136875514e+00 7.368480303753250027e+00
1.035856368182790810e+01 1.031780064615223935e+01 1.022610972603867019e+01 1.007390956215188815e+01 9.855474963118339815e+00 9.567833652265276712e+00 9.212719221574838357e+00 8.799118585059085618e+00 8.342862393582183955e+00 7.861548803209034375e+00 7.368479200663060169e+00
1.031342444287654736e+01 1.028417805494746240e+01 1.020432543931071301e+01 1.006154419605060646e+01 9.849346377930768170e+00 9.565235079039061006e+00 9.211810095715456725e+00 8.798867231583676229e+00 8.342808876238505533e+00 7.861539711853311019e+00 7.368477785531398538e+00
1.026119443764579664e+01 1.024361823890859569e+01 1.017704158624017907e+01 1.004562112251459993e+01 9.841309523673261950e+00 9.561789681087184078e+00 9.210597524377231338e+00 8.798531333642332086e+00 8.342737537345282561e+00 7.861527713215216373e+00 7.368475961621223647e+00
1.020179569267208386e+01 1.019561599829903997e+01 1.014342994756138339e+01 1.002535916288557516e+01 9.830848686449975560e+00 9.557240442406937930e+00 9.208983325088892613e+00 8.798082647852881522e+00 8.342642370741650382e+00 7.861511842095784353e+00 7.368473600552739811e+00
1.013531002348519472e+01 1.013989469547679079e+01 1.010277753589085314e+01 9.999940691154870720e+00 9.817360391479347470e+00 9.551266274072332862e+00 9.206840136488578352e+00 8.797483785325418637e+00 8.342515352841502363e+00 7.861490807401508185e+00 7.368470531659919942e+00
1.006194674494378738e+01 1.007642207928360811e+01 1.005456898003578559e+01 9.968577192423289546e+00 9.800169430638270285e+00 9.543475555198842386e+00 9.204004684485456167e+00 8.796685495047450232e+00 8.342345780828695823e+00 7.861462881759653243e+00 7.368466527720111792e+00
