1.381875679692169845e+00 1.386662650446319534e+00 1.401462206763652851e+00 1.445196230042835372e+00 1.560119478816321070e+00 1.799478698950077948e+00 2.168674127723866807e+00 2.617506113307748183e+00 3.099984599721645306e+00 3.594290645254115901e+00 4.092446829043919543e+00
1.880254183601662188e+00 1.881782257822761428e+00 1.886579369976819187e+00 1.901409580564404012e+00 1.945228307021524827e+00 2.060337382003488926e+00 2.299956378182927530e+00 2.669354001093585893e+00 3.118282934889728963e+00 3.600794880387861330e+00 4.095087315111419990e+00
2.306627732101051098e+00 2.307203528216769772e+00 2.309019347561719560e+00 2.314712012252802875e+00 2.332237897720361275e+00 2.383418446322751905e+00 2.514249139972622338e+00 2.774923441878174746e+00 3.160023919565593253e+00 3.616298059601942061e+00 4.101474084771280282e+00
2.672272635441303112e+00 2.672523252418813833e+00 2.673314822444426309e+00 2.675808533687121571e+00 2.683601407446882803e+00 2.707362814761529179e+00 2.774942721287492642e+00 2.938015332981524175e+00 3.236855047978502764e+00 3.647316713383136122e+00 4.114648486429526741e+00
2.987734016825688066e+00 2.987857433801939244e+00 2.988247481892508439e+00 2.989478621862716512e+00 2.993349017590867689e+00 3.005366104779854552e+00 3.041316632057980307e+00 3.138653407273475526e+00 3.352155131919159370e+00 3.700085842597472308e+00 4.138284076644026754e+00
3.262470484108697555e+00 3.262538010773416097e+00 3.262751479764642415e+00 3.263425838278292357e+00 3.265551481899208408e+00 3.272205695080474097e+00 3.292601279138199555e+00 3.351435380516960549e+00 3.497763354915175427e+00 3.777553125077795837e+00 4.175794985522990999e+00
3.504752786447256963e+00 3.504793200819669163e+00 3.504920977541566618e+00 3.505324795780586644e+00 3.506599315681813156e+00 3.510605260885259593e+00 3.523035334660761020e+00 3.560153146676166891e+00 3.660193505638242861e+00 3.877840052076498178e+00 4.229314355478963172e+00
3.721621653334306945e+00 3.721647761093576534e+00 3.721730310750043014e+00 3.721991252468822786e+00 3.722815392328103989e+00 3.725411306385517651e+00 3.733519656846635115e+00 3.758207447505765408e+00 3.828152131300758043e+00 3.995586090521917377e+00 4.299113518524552369e+00
3.918905143782176470e+00 3.918923142605870602e+00 3.918980054975309102e+00 3.919159978622573703e+00 3.919728457087094942e+00 3.921521262262283258e+00 3.927142389320852800e+00 3.944453756993570703e+00 3.995054613499715135e+00 4.124675922878835443e+00 4.383769278391209667e+00
4.101300632808984936e+00 4.101313747510237029e+00 4.101355217230861605e+00 4.101486329947757525e+00 4.101900684455870305e+00 4.103208392780373970e+00 4.107318004255269273e+00 4.120063570956726373e+00 4.158070210005853973e+00 4.260152090914766987e+00 4.480865546059447979e+00
4.272506359138114718e+00 4.272516376088490553e+00 4.272548050946466169e+00 4.272648200441336641e+00 4.272964749047264199e+00 4.273964247886629764e+00 4.277109886764169033e+00 4.286909923211937645e+00 4.316520496389708583e+00 4.398737599035019485e+00 4.587756271296892230e+00
