-4.756894411361093589e+00 -4.756894419598223678e+00 -4.756894445646317138e+00 -4.756894528017646451e+00 -4.756894788498897242e+00 -4.756895612215289226e+00 -4.756898217058771472e+00 -4.756906454532450645e+00 -4.756932506063773936e+00 -4.757014911732423634e+00 -4.757275735315636744e+00
-4.778079833943423615e+00 -4.778079840885131269e+00 -4.778079862836743352e+00 -4.778079932253860740e+00 -4.778080151770319972e+00 -4.778080845944923105e+00 -4.778083041143819543e+00 -4.778089983232788995e+00 -4.778111938650269508e+00 -4.778181393797098053e+00 -4.778401289655517914e+00
-4.803168414443741874e+00 -4.803168420056032062e+00 -4.803168437803654989e+00 -4.803168493926594174e+00 -4.803168671403187595e+00 -4.803169232636244068e+00 -4.803171007438873374e+00 -4.803176620136281549e+00 -4.803194371830279863e+00 -4.803250535457831205e+00 -4.803428418184857662e+00
-4.832667970187578099e+00 -4.832667974449505799e+00 -4.832667987926907216e+00 -4.832668030546223292e+00 -4.832668165320621156e+00 -4.832668591517595758e+00 -4.832669939299808703e+00 -4.832674201651797397e+00 -4.832687683295762149e+00 -4.832730345014155660e+00 -4.832865542811720871e+00
-4.867094453525564468e+00 -4.867094456430875127e+00 -4.867094465618279742e+00 -4.867094494671433402e+00 -4.867094586545867685e+00 -4.867094877081300730e+00 -4.867095795864646135e+00 -4.867098701609013922e+00 -4.867107893342244473e+00 -4.867136989767120170e+00 -4.867229296386684112e+00
-4.906954659904326554e+00 -4.906954661462757272e+00 -4.906954666390953790e+00 -4.906954681975307153e+00 -4.906954731257657798e+00 -4.906954887105104746e+00 -4.906955379967727460e+00 -4.906956938833380910e+00 -4.906961871370950412e+00 -4.906977499127056497e+00 -4.907027215059543757e+00
-4.952724939308565943e+00 -4.952724939546672367e+00 -4.952724940299636280e+00 -4.952724942680743148e+00 -4.952724950210760646e+00 -4.952724974025705329e+00 -4.952725049364555154e+00 -4.952725287900733520e+00 -4.952726045156214063e+00 -4.952728469176227222e+00 -4.952736427945451325e+00
-5.004826718100694016e+00 -5.004826717062077712e+00 -5.004826713777685399e+00 -5.004826703391556997e+00 -5.004826670548020218e+00 -5.004826566690509182e+00 -5.004826238292924501e+00 -5.004825200095595505e+00 -5.004821919897278093e+00 -5.004811575689501524e+00 -5.004779151051528707e+00
-5.063600138364279246e+00 -5.063600136109084993e+00 -5.063600128977538972e+00 -5.063600106425637293e+00 -5.063600035110541242e+00 -5.063599809595182855e+00 -5.063599096480765560e+00 -5.063596841692594275e+00 -5.063589714202289649e+00 -5.063567202850922655e+00 -5.063496292988006076e+00
-5.129277740543607855e+00 -5.129277737147210026e+00 -5.129277726406861859e+00 -5.129277692442923531e+00 -5.129277585039788256e+00 -5.129277245403915941e+00 -5.129276171407628482e+00 -5.129272775399590145e+00 -5.129262038943327440e+00 -5.129228113921922017e+00 -5.129121099722463661e+00
-5.201961364796099829e+00 -5.201961360346928132e+00 -5.201961346277415466e+00 -5.201961301785737568e+00 -5.201961161090949304e+00 -5.201960716177507216e+00 -5.201959309263087583e+00 -5.201954860463258612e+00 -5.201940794664833057e+00 -5.201896340117897033e+00 -5.201756016449144759e+00
