-9.967242130775973763e+00 -9.966409730438687831e+00 -9.963787900840635814e+00 -9.955599607742858126e+00 -9.930677530825926524e+00 -9.860137943278790118e+00 -9.691619058334236314e+00 -9.386940466725420151e+00 -8.973170253862031487e+00 -8.506880861485239365e+00 -8.041259074664463213e+00
-9.840076004603513837e+00 -9.839227626151759054e+00 -9.836555673585241522e+00 -9.828212812480000338e+00 -9.802838161141215423e+00 -9.731152081166261070e+00 -9.560551466372976037e+00 -9.253680429245749295e+00 -8.838685318830783899e+00 -8.372777581752369969e+00 -7.915333391029227172e+00
-9.711854938256754721e+00 -9.710991046233159452e+00 -9.708270435323358427e+00 -9.699777593115937790e+00 -9.673964408412917493e+00 -9.601171481325197377e+00 -9.428576251140121656e+00 -9.119629184215153117e+00 -8.703524198352067032e+00 -8.238374507947286318e+00 -7.791908302872943004e+00
-9.582600108614826695e+00 -9.581721359462971321e+00 -9.578954155981046270e+00 -9.570317765277561506e+00 -9.544085420842353784e+00 -9.470238302224567306e+00 -9.295757271560889379e+00 -8.984871658533824856e+00 -8.567795744146513570e+00 -8.103909300374350977e+00 -7.672016087742766111e+00
-9.452346246040580269e+00 -9.451453441062175997e+00 -9.448642164126965781e+00 -9.439870045320867931e+00 -9.413241888642577493e+00 -9.338402693556817624e+00 -9.162159640616664547e+00 -8.849487123276304601e+00 -8.431603829895115254e+00 -7.969656912077551780e+00 -7.556848703103654863e+00
-9.321138932119543696e+00 -9.320232974555240801e+00 -9.317380461900997446e+00 -9.308481406799037572e+00 -9.281483532997194530e+00 -9.205720694775056501e+00 -9.027848652877423774e+00 -8.713549775473875769e+00 -8.295050923082692762e+00 -7.835947650903877459e+00 -7.447725288770954855e+00
-9.189031995309081324e+00 -9.188113852242359769e+00 -9.185223140725222279e+00 -9.176206544205191662e+00 -9.148866719461334895e+00 -9.072252287762379908e+00 -8.892888864800752913e+00 -8.577129439783014675e+00 -8.158242356309592935e+00 -7.703188965541317934e+00 -7.346016422694777503e+00
-9.056085090233992219e+00 -9.055155759836491569e+00 -9.052229982781369699e+00 -9.043105527186501291e+00 -9.015452273533673733e+00 -8.938059667101320827e+00 -8.757343370301830632e+00 -8.440292452789545763e+00 -8.021291608376726501e+00 -7.571890754101285204e+00 -7.253022160347581959e+00
-8.922361533480330564e+00 -8.921422017874661492e+00 -8.918464320104682486e+00 -8.909241714744448259e+00 -8.881303561183685247e+00 -8.803205775017357126e+00 -8.621273302056970067e+00 -8.303102800929915261e+00 -7.884326986452200536e+00 -7.442692798988824521e+00 -7.169817613351900931e+00
-8.787926450781940346e+00 -8.786977734550999841e+00 -8.783991205170128325e+00 -8.774679980951656688e+00 -8.746484879319698535e+00 -8.667753132177477227e+00 -8.484737581495492620e+00 -8.165623600031798546e+00 -7.747500193177677019e+00 -7.316390849244063688e+00 -7.097099436438980113e+00
-8.652845271548255113e+00 -8.651888305709524829e+00 -8.648875928053849194e+00 -8.639485285298816208e+00 -8.611060184016874786e+00 -8.531762982438200638e+00 -8.347792938243809857e+00 -8.027919031615429191e+00 -7.610997352815348727e+00 -7.193954763125076646e+00 -7.035077456363840298e+00
