7.133150879830987279e+00 7.133150879830987279e+00 7.133150879830987279e+00 7.133150879830987279e+00 7.133150879830987279e+00 7.133150879830987279e+00 7.133150879830987279e+00 7.133150879830987279e+00 7.133150879830987279e+00 7.133150879830987279e+00 7.133150879830987279e+00
7.062237705807278942e+00 7.062237705807278942e+00 7.062237705807278942e+00 7.062237705807278942e+00 7.062237705807278942e+00 7.062237705807278942e+00 7.062237705807278942e+00 7.062237705807278942e+00 7.062237705807278942e+00 7.062237705807278942e+00 7.062237705807278942e+00
6.985171020409277176e+00 6.985171020409277176e+00 6.985171020409277176e+00 6.985171020409277176e+00 6.985171020409277176e+00 6.985171020409277176e+00 6.985171020409277176e+00 6.985171020409277176e+00 6.985171020409277176e+00 6.985171020409277176e+00 6.985171020409278064e+00
6.902042673525065730e+00 6.902042673525065730e+00 6.902042673525065730e+00 6.902042673525065730e+00 6.902042673525065730e+00 6.902042673525065730e+00 6.902042673525065730e+00 6.902042673525065730e+00 6.902042673525065730e+00 6.902042673525065730e+00 6.902042673525065730e+00
6.813044291966633637e+00 6.813044291966633637e+00 6.813044291966633637e+00 6.813044291966633637e+00 6.813044291966633637e+00 6.813044291966633637e+00 6.813044291966633637e+00 6.813044291966633637e+00 6.813044291966633637e+00 6.813044291966633637e+00 6.813044291966633637e+00
6.718464322498390651e+00 6.718464322498390651e+00 6.718464322498390651e+00 6.718464322498390651e+00 6.718464322498390651e+00 6.718464322498390651e+00 6.718464322498390651e+00 6.718464322498390651e+00 6.718464322498390651e+00 6.718464322498390651e+00 6.718464322498390651e+00
6.618678741256520226e+00 6.618678741256520226e+00 6.618678741256520226e+00 6.618678741256520226e+00 6.618678741256520226e+00 6.618678741256520226e+00 6.618678741256520226e+00 6.618678741256520226e+00 6.618678741256520226e+00 6.618678741256520226e+00 6.618678741256520226e+00
6.514135505613070976e+00 6.514135505613070976e+00 6.514135505613070976e+00 6.514135505613070976e+00 6.514135505613070976e+00 6.514135505613070976e+00 6.514135505613070976e+00 6.514135505613070976e+00 6.514135505613070976e+00 6.514135505613070976e+00 6.514135505613070976e+00
6.405333780388350995e+00 6.405333780388350995e+00 6.405333780388350995e+00 6.405333780388350995e+00 6.405333780388350995e+00 6.405333780388350995e+00 6.405333780388350995e+00 6.405333780388350995e+00 6.405333780388350995e+00 6.405333780388350995e+00 6.405333780388350995e+00
6.292799921140679764e+00 6.292799921140679764e+00 6.292799921140679764e+00 6.292799921140679764e+00 6.292799921140679764e+00 6.292799921140679764e+00 6.292799921140679764e+00 6.292799921140679764e+00 6.292799921140679764e+00 6.292799921140679764e+00 6.292799921140679764e+00
6.177062837822558272e+00 6.177062837822558272e+00 6.177062837822558272e+00 6.177062837822558272e+00 6.177062837822558272e+00 6.177062837822558272e+00 6.177062837822558272e+00 6.177062837822558272e+00 6.177062837822558272e+00 6.177062837822558272e+00 6.177062837822558272e+00
