2.376227251727987877e+00 2.360435100515300810e+00 2.158136075753095184e+00 1.795073470515055503e+00 1.334490874632040969e+00 8.410903778172242884e-01 3.418533324917208405e-01 -1.580686363898116398e-01 -6.580608138844028510e-01 -1.158060031459402728e+00 -1.658059953212708715e+00
2.376227251727999867e+00 2.360435100515309248e+00 2.158136075753099625e+00 1.795073470515057057e+00 1.334490874632041191e+00 8.410903778172243994e-01 3.418533324917208405e-01 -1.580686363898116398e-01 -6.580608138844028510e-01 -1.158060031459402728e+00 -1.658059953212708715e+00
2.376227251729281509e+00 2.360435100516165452e+00 2.158136075753561922e+00 1.795073470515222924e+00 1.334490874632074719e+00 8.410903778172285072e-01 3.418533324917212846e-01 -1.580686363898115843e-01 -6.580608138844028510e-01 -1.158060031459402728e+00 -1.658059953212708715e+00
2.376227251796706241e+00 2.360435100561233845e+00 2.158136075777888241e+00 1.795073470523943282e+00 1.334490874633840418e+00 8.410903778174504408e-01 3.418533324917442662e-01 -1.580686363898093638e-01 -6.580608138844026289e-01 -1.158060031459402728e+00 -1.658059953212708715e+00
2.376227253748802504e+00 2.360435101866050989e+00 2.158136076482188415e+00 1.795073470776417990e+00 1.334490874684961526e+00 8.410903778238720818e-01 3.418533324924116767e-01 -1.580686363897424729e-01 -6.580608138843959676e-01 -1.158060031459402062e+00 -1.658059953212708493e+00
2.376227287655583886e+00 2.360435124529969286e+00 2.158136088715474799e+00 1.795073475161760301e+00 1.334490875572901913e+00 8.410903779354146348e-01 3.418533325040015169e-01 -1.580686363885817902e-01 -6.580608138842809485e-01 -1.158060031459390959e+00 -1.658059953212707605e+00
2.376227667932565346e+00 2.360435378714109245e+00 2.158136225916240658e+00 1.795073524344963589e+00 1.334490885531474991e+00 8.410903791864037249e-01 3.418533326339855405e-01 -1.580686363755634538e-01 -6.580608138829907583e-01 -1.158060031459265726e+00 -1.658059953212696280e+00
2.376230600218637523e+00 2.360437338707402244e+00 2.158137283859305366e+00 1.795073903591773767e+00 1.334490962320919571e+00 8.410903888326310973e-01 3.418533336362781228e-01 -1.580686362751813345e-01 -6.580608138730421608e-01 -1.158060031458300498e+00 -1.658059953212609017e+00
2.376247004292986631e+00 2.360448303464679487e+00 2.158143202262294835e+00 1.795076025176971513e+00 1.334491391892821399e+00 8.410904427948061590e-01 3.418533392432165918e-01 -1.580686357136325548e-01 -6.580608138173886790e-01 -1.158060031452901706e+00 -1.658059953212121851e+00
2.376316726403413959e+00 2.360494906431624518e+00 2.158168356391034326e+00 1.795085041900497558e+00 1.334493217492047856e+00 8.410906721181931056e-01 3.418533630709157944e-01 -1.580686333272316724e-01 -6.580608135808798664e-01 -1.158060031429958281e+00 -1.658059953210051507e+00
2.376550983379529303e+00 2.360651480763606536e+00 2.158252861251958699e+00 1.795115329372902968e+00 1.334499348808326102e+00 8.410914422391693179e-01 3.418534430881594588e-01 -1.580686253133424535e-01 -6.580608127866501844e-01 -1.158060031352911468e+00 -1.658059953203099290e+00
