-6.667598635268621621e+00 -6.171381706403378686e+00 -5.674685090294139478e+00 -5.196073123461328436e+00 -4.860851022796273568e+00 -4.962680343047625620e+00 -5.385598871887225414e+00 -5.876728121425464302e+00 -6.375824460570477470e+00 -6.875733646677217870e+00 -7.375724474005712850e+00
-6.547184095017627214e+00 -6.051062484530064900e+00 -5.555064051690243865e+00 -5.082884144086258438e+00 -4.785715857798190420e+00 -4.943641893873904181e+00 -5.383241003555560233e+00 -5.876485710160030962e+00 -6.375800154284192445e+00 -6.875731216996419093e+00 -7.375724231555417454e+00
-6.424015406198445355e+00 -5.927993490692728962e+00 -5.432928907184938261e+00 -4.969251993002375301e+00 -4.716782777648439229e+00 -4.928164051057883910e+00 -5.381404744163901910e+00 -5.876298154662753070e+00 -6.375781360438040224e+00 -6.875729338128278023e+00 -7.375724043959736242e+00
-6.298466385249568589e+00 -5.802562253817679760e+00 -5.308755580099341564e+00 -4.856262467398481775e+00 -4.654994848861469414e+00 -4.915804932758572221e+00 -5.379990515994474087e+00 -5.876154442046318316e+00 -6.375766966533102931e+00 -6.875727898860179543e+00 -7.375723900145461975e+00
-6.170865165463249369e+00 -5.675113427663711185e+00 -5.183007793690467935e+00 -4.745112471342660676e+00 -4.600899736418992525e+00 -4.906090775944706550e+00 -5.378911562177202121e+00 -5.876045231463193907e+00 -6.375756031712084493e+00 -6.875726805171348488e+00 -7.375723790753346165e+00
-6.041498779509238304e+00 -5.545954565409658699e+00 -5.056153070822565709e+00 -4.637110656892750704e+00 -4.554627359601340686e+00 -4.898559282113786217e+00 -5.378094956728221909e+00 -5.875962823605899388e+00 -6.375747782085885440e+00 -6.875725979746738048e+00 -7.375723708088615105e+00
-5.910617772451478125e+00 -5.415362448358869152e+00 -4.928682041151362547e+00 -4.533651231854192609e+00 -4.515922284225710293e+00 -4.892787869915136589e+00 -5.377481073148071111e+00 -5.875901013398901362e+00 -6.375741594906878085e+00 -6.875725360383120766e+00 -7.375723645961430819e+00
-5.778440696935870591e+00 -5.283589961353049702e+00 -4.801131180798297038e+00 -4.436151883888081571e+00 -4.484220848399202985e+00 -4.888408591395146274e+00 -5.377022210802365088e+00 -5.875854889321463048e+00 -6.375736977797173743e+00 -6.875724897906023259e+00 -7.375723599478917869e+00
-5.645158422806948018e+00 -5.150873645111227361e+00 -4.674108676147427310e+00 -4.345954111506806328e+00 -4.458752691785221600e+00 -4.885112860583149974e+00 -5.376680868655882684e+00 -5.875820620188134669e+00 -6.375733546992101708e+00 -6.875724553991650723e+00 -7.375723564827948664e+00
-5.510938252546090155e+00 -5.017442182197505041e+00 -4.548322114810269490e+00 -4.264197392855072266e+00 -4.438644565681075349e+00 -4.882649389031683995e+00 -5.376427975752130273e+00 -5.875795253118452521e+00 -6.375731006877910723e+00 -6.875724299120340000e+00 -7.375723539071212365e+00
-5.375927879937215437e+00 -4.883526193217134548e+00 -4.424604940671082787e+00 -4.191693135742577958e+00 -4.423009415315550363e+00 -4.880818266313286635e+00 -5.376241252118217240e+00 -5.875776534583696531e+00 -6.375729131946441974e+00 -6.875724110772843289e+00 -7.375723519967587016e+00
