-1.981568169850042027e+00 -1.981568169850042027e+00 -1.981568169850042027e+00 -1.981568169850042027e+00 -1.981568169850042027e+00 -1.981568169850042027e+00 -1.981568169850042027e+00 -1.981568169850042027e+00 -1.981568169850042027e+00 -1.981568169850042027e+00 -1.981568169850041805e+00
-1.822437528438253906e+00 -1.822437528438253906e+00 -1.822437528438253906e+00 -1.822437528438253906e+00 -1.822437528438253906e+00 -1.822437528438253906e+00 -1.822437528438253906e+00 -1.822437528438253906e+00 -1.822437528438253906e+00 -1.822437528438253906e+00 -1.822437528438253906e+00
-1.669194253208747813e+00 -1.669194253208747813e+00 -1.669194253208747813e+00 -1.669194253208747813e+00 -1.669194253208747813e+00 -1.669194253208747813e+00 -1.669194253208747813e+00 -1.669194253208747813e+00 -1.669194253208747813e+00 -1.669194253208747813e+00 -1.669194253208747591e+00
-1.520250068032824808e+00 -1.520250068032824808e+00 -1.520250068032824808e+00 -1.520250068032824808e+00 -1.520250068032824808e+00 -1.520250068032824808e+00 -1.520250068032824808e+00 -1.520250068032824808e+00 -1.520250068032824808e+00 -1.520250068032824808e+00 -1.520250068032824808e+00
-1.374413158690624304e+00 -1.374413158690624304e+00 -1.374413158690624304e+00 -1.374413158690624304e+00 -1.374413158690624304e+00 -1.374413158690624304e+00 -1.374413158690624304e+00 -1.374413158690624304e+00 -1.374413158690624304e+00 -1.374413158690624082e+00 -1.374413158690624082e+00
-1.230796094673585861e+00 -1.230796094673585861e+00 -1.230796094673585861e+00 -1.230796094673585861e+00 -1.230796094673585861e+00 -1.230796094673585861e+00 -1.230796094673585861e+00 -1.230796094673585861e+00 -1.230796094673585861e+00 -1.230796094673585861e+00 -1.230796094673585639e+00
-1.088742861609530044e+00 -1.088742861609530044e+00 -1.088742861609530044e+00 -1.088742861609530044e+00 -1.088742861609530044e+00 -1.088742861609530044e+00 -1.088742861609530044e+00 -1.088742861609530044e+00 -1.088742861609530044e+00 -1.088742861609530044e+00 -1.088742861609530044e+00
-9.477720699867399068e-01 -9.477720699867399068e-01 -9.477720699867399068e-01 -9.477720699867399068e-01 -9.477720699867399068e-01 -9.477720699867399068e-01 -9.477720699867399068e-01 -9.477720699867399068e-01 -9.477720699867397958e-01 -9.477720699867397958e-01 -9.477720699867396847e-01
-8.075332895914036913e-01 -8.075332895914036913e-01 -8.075332895914036913e-01 -8.075332895914036913e-01 -8.075332895914036913e-01 -8.075332895914036913e-01 -8.075332895914036913e-01 -8.075332895914036913e-01 -8.075332895914036913e-01 -8.075332895914036913e-01 -8.075332895914036913e-01
-6.677737569059764011e-01 -6.677737569059764011e-01 -6.677737569059764011e-01 -6.677737569059764011e-01 -6.677737569059764011e-01 -6.677737569059764011e-01 -6.677737569059764011e-01 -6.677737569059764011e-01 -6.677737569059764011e-01 -6.677737569059764011e-01 -6.677737569059764011e-01
-5.283131453076108652e-01 -5.283131453076108652e-01 -5.283131453076108652e-01 -5.283131453076108652e-01 -5.283131453076108652e-01 -5.283131453076108652e-01 -5.283131453076108652e-01 -5.283131453076108652e-01 -5.283131453076108652e-01 -5.283131453076108652e-01 -5.283131453076108652e-01
