1.108980692059533624e+01 1.061305708948043858e+01 1.011943102170629061e+01 9.621217172781067362e+00 9.121750296626631282e+00 8.621915331464288457e+00 8.121967151024508169e+00 7.621983500454430072e+00 7.121988666848325877e+00 6.621990300230088167e+00 6.121990816713195116e+00
1.109262029962661522e+01 1.061348385804039829e+01 1.011947113999351267e+01 9.621217295919848311e+00 9.121748950764990482e+00 8.621914762937979759e+00 8.121966956803422732e+00 7.621983437587994459e+00 7.121988646823234070e+00 6.621990293883095013e+00 6.121990814704648898e+00
1.109475118057663856e+01 1.061379314212290836e+01 1.011949819423624497e+01 9.621216603870708539e+00 9.121747714591547762e+00 8.621914267029517021e+00 8.121966789376836360e+00 7.621983383578981197e+00 7.121988629637567847e+00 6.621990288437855199e+00 6.121990812981647601e+00
1.109634548571319890e+01 1.061401527031784120e+01 1.011951594799609211e+01 9.621215424940531946e+00 9.121746595425889836e+00 8.621913836087578886e+00 8.121966645318968503e+00 7.621983337243144696e+00 7.121988614906735293e+00 6.621990283771738817e+00 6.121990811505310326e+00
1.109752564815845943e+01 1.061417334848948713e+01 1.011952715637150924e+01 9.621213986283210673e+00 9.121745593478527425e+00 8.621913462785624205e+00 8.121966521566438502e+00 7.621983297536879753e+00 7.121988602293225057e+00 6.621990279777266508e+00 6.121990810241573655e+00
1.109839113878408234e+01 1.061428474805290101e+01 1.011953381891193970e+01 9.621212441584694020e+00 9.121744704383415225e+00 8.621913140277095877e+00 8.121966415402198436e+00 7.621983263545611287e+00 7.121988591502279142e+00 6.621990276360671501e+00 6.121990809160732461e+00
1.109902064594653837e+01 1.061436238811616484e+01 1.011953737463172232e+01 9.621210891810095589e+00 9.121743921015246670e+00 8.621912862279092593e+00 8.121966324432436934e+00 7.621983234471523261e+00 7.121988582277520408e+00 6.621990273440473196e+00 6.121990808236977166e+00
1.109947508556046714e+01 1.061441579058671003e+01 1.011953885019936727e+01 9.621209400576859139e+00 9.121743234766368502e+00 8.621912623105725260e+00 8.121966246559743752e+00 7.621983209621325805e+00 7.121988574396705296e+00 6.621990270946090718e+00 6.121990807447958538e+00
1.109980080809588721e+01 1.061445192025732354e+01 1.011953897124398871e+01 9.621208005428291798e+00 9.121742636422219164e+00 8.621912417667251916e+00 8.121966179954810627e+00 7.621983188394490405e+00 7.121988567667722592e+00 6.621990268816552394e+00 6.121990806774374683e+00
1.110003260339788866e+01 1.061447583766666902e+01 1.011953824517016187e+01 9.621206726018714406e+00 9.121742116743217110e+00 8.621912241447040159e+00 8.121966123028244056e+00 7.621983170272240926e+00 7.121988561924902150e+00 6.621990266999306485e+00 6.121990806199590907e+00
1.110019630465190232e+01 1.061449119737747893e+01 1.011953702228668028e+01 9.621205569996835294e+00 9.121741666835353257e+00 8.621912090465071898e+00 8.121966074403497160e+00 7.621983154807444372e+00 7.121988557025664690e+00 6.621990265449147373e+00 6.121990805709298655e+00
