-9.874019096080594693e+00 -9.874019096080594693e+00 -9.874019096080594693e+00 -9.874019096080592917e+00 -9.874019096080589364e+00 -9.874019096080578706e+00 -9.874019096080544955e+00 -9.874019096080436597e+00 -9.874019096080095537e+00 -9.874019096079019064e+00 -9.874019096075610236e+00
-1.150560276957352634e+01 -1.150560276957352457e+01 -1.150560276957351746e+01 -1.150560276957349615e+01 -1.150560276957342687e+01 -1.150560276957320838e+01 -1.150560276957251737e+01 -1.150560276957033068e+01 -1.150560276956341710e+01 -1.150560276954155192e+01 -1.150560276947241256e+01
-1.385877970494804501e+01 -1.385877970494783185e+01 -1.385877970494715683e+01 -1.385877970494501987e+01 -1.385877970493826616e+01 -1.385877970491690725e+01 -1.385877970484936839e+01 -1.385877970463578457e+01 -1.385877970396038172e+01 -1.385877970182456309e+01 -1.385877969507051510e+01
-1.720367167793267171e+01 -1.720367167774896089e+01 -1.720367167716801049e+01 -1.720367167533088804e+01 -1.720367166952138760e+01 -1.720367165115014529e+01 -1.720367159305518356e+01 -1.720367140934282446e+01 -1.720367082839385020e+01 -1.720366899127700577e+01 -1.720366318185458709e+01
-2.187073619997951468e+01 -2.187073328649237780e+01 -2.187072407336571445e+01 -2.187069494018729188e+01 -2.187060282584741699e+01 -2.187031166324104703e+01 -2.186939220879570200e+01 -2.186649738353215966e+01 -2.185746810018177655e+01 -2.183009108791982911e+01 -2.175338140267131593e+01
-2.791288651802698695e+01 -2.741317637491251347e+01 -2.691326807598450088e+01 -2.641329707843973296e+01 -2.591330625022445133e+01 -2.541330915063775464e+01 -2.491331006783300595e+01 -2.441331035787601422e+01 -2.391331044959570562e+01 -2.341331047860002457e+01 -2.291331048777199442e+01
-2.852785240826653279e+01 -2.802785240826734281e+01 -2.752785240826759861e+01 -2.702785240826768032e+01 -2.652785240826770519e+01 -2.602785240826771584e+01 -2.552785240826771584e+01 -2.502785240826771584e+01 -2.452785240826771940e+01 -2.402785240826771940e+01 -2.352785240826771940e+01
-2.923716945476034468e+01 -2.873716945476034468e+01 -2.823716945476034468e+01 -2.773716945476034468e+01 -2.723716945476034468e+01 -2.673716945476034468e+01 -2.623716945476034468e+01 -2.573716945476034468e+01 -2.523716945476034468e+01 -2.473716945476034468e+01 -2.423716945476034468e+01
-3.005774706427371257e+01 -2.955774706427371257e+01 -2.905774706427371257e+01 -2.855774706427371257e+01 -2.805774706427371257e+01 -2.755774706427371257e+01 -2.705774706427371257e+01 -2.655774706427371257e+01 -2.605774706427371257e+01 -2.555774706427371257e+01 -2.505774706427371257e+01
-3.100829011589088680e+01 -3.050829011589088680e+01 -3.000829011589088680e+01 -2.950829011589088680e+01 -2.900829011589088680e+01 -2.850829011589088680e+01 -2.800829011589088680e+01 -2.750829011589088680e+01 -2.700829011589088680e+01 -2.650829011589088680e+01 -2.600829011589088680e+01
-3.211008520266270239e+01 -3.161008520266270239e+01 -3.111008520266269883e+01 -3.061008520266270239e+01 -3.011008520266270239e+01 -2.961008520266270239e+01 -2.911008520266270239e+01 -2.861008520266270239e+01 -2.811008520266269883e+01 -2.761008520266270239e+01 -2.711008520266270239e+01
