-9.887846694723080532e+00 -9.788787769959029106e+00 -9.572637099706845731e+00 -9.222417583693209409e+00 -8.783013212187213981e+00 -8.304079196047416289e+00 -7.810959265268330398e+00 -7.313168566363443368e+00 -6.813866148628121344e+00 -6.314086973322310392e+00 -5.814156828936464905e+00
-1.098997262963072430e+01 -1.058587118473926303e+01 -1.012120499219513015e+01 -9.633004489531568737e+00 -9.136814270650276626e+00 -8.638022614193188176e+00 -8.138405423110944170e+00 -7.638526549315360015e+00 -7.138564859817021713e+00 -6.638576975312027173e+00 -6.138580806750368879e+00
-1.150106345261823826e+01 -1.100165042275356164e+01 -1.050183620423032238e+01 -1.000189497003500527e+01 -9.501913555069139150e+00 -9.001919432338485905e+00 -8.501921290910798845e+00 -8.001922079481323280e+00 -7.501922128011597302e+00 -7.001922143362362405e+00 -6.501922148258142187e+00
-1.191223966633184617e+01 -1.141223967318994603e+01 -1.091223967535866812e+01 -1.041223967604447864e+01 -9.912239676261350496e+00 -9.412239676329932081e+00 -8.912239676351619622e+00 -8.412239676358494123e+00 -7.912239676360830032e+00 -7.412239676363179264e+00 -6.912239676380033337e+00
-1.237901741072941952e+01 -1.187901741072941952e+01 -1.137901741072942130e+01 -1.087901741072942130e+01 -1.037901741072942130e+01 -9.879017410729421300e+00 -9.379017410729421300e+00 -8.879017410729426629e+00 -8.379017410729483473e+00 -7.879017410730051907e+00 -7.379017410735730920e+00
-1.291331049201152048e+01 -1.241331049201152048e+01 -1.191331049201152048e+01 -1.141331049201152048e+01 -1.091331049201152226e+01 -1.041331049201152226e+01 -9.913310492011522257e+00 -9.413310492011522257e+00 -8.913310492011540020e+00 -8.413310492011705222e+00 -7.913310492013365227e+00
-1.352785240826771762e+01 -1.302785240826771762e+01 -1.252785240826771762e+01 -1.202785240826771762e+01 -1.152785240826771762e+01 -1.102785240826771762e+01 -1.052785240826771762e+01 -1.002785240826771940e+01 -9.527852408267722950e+00 -9.027852408267762030e+00 -8.527852408268165263e+00
-1.423716945476034290e+01 -1.373716945476034290e+01 -1.323716945476034290e+01 -1.273716945476034290e+01 -1.223716945476034290e+01 -1.173716945476034290e+01 -1.123716945476034290e+01 -1.073716945476034290e+01 -1.023716945476034468e+01 -9.737169454760351783e+00 -9.237169454760431719e+00
-1.505774706427371257e+01 -1.455774706427371257e+01 -1.405774706427371257e+01 -1.355774706427371257e+01 -1.305774706427371257e+01 -1.255774706427371257e+01 -1.205774706427371257e+01 -1.155774706427371257e+01 -1.105774706427371257e+01 -1.055774706427371434e+01 -1.005774706427372500e+01
-1.600829011589088680e+01 -1.550829011589088502e+01 -1.500829011589088502e+01 -1.450829011589088502e+01 -1.400829011589088502e+01 -1.350829011589088502e+01 -1.300829011589088502e+01 -1.250829011589088502e+01 -1.200829011589088502e+01 -1.150829011589088502e+01 -1.100829011589088680e+01
-1.711008520266269883e+01 -1.661008520266269883e+01 -1.611008520266270239e+01 -1.561008520266270061e+01 -1.511008520266270061e+01 -1.461008520266270061e+01 -1.411008520266270061e+01 -1.361008520266270061e+01 -1.311008520266270061e+01 -1.261008520266270061e+01 -1.211008520266270061e+01
