3.419737121333556562e+00 3.419737121333592977e+00 3.419737121333707552e+00 3.419737121334071261e+00 3.419737121335220120e+00 3.419737121338854102e+00 3.419737121350345799e+00 3.419737121386684731e+00 3.419737121501598587e+00 3.419737121864989238e+00 3.419737123014131353e+00
3.913759668925867796e+00 3.913759668925879787e+00 3.913759668925916646e+00 3.913759668926033441e+00 3.913759668926402480e+00 3.913759668927569990e+00 3.913759668931261704e+00 3.913759668942936365e+00 3.913759668979854833e+00 3.913759669096601446e+00 3.913759669465786128e+00
4.335642762360398805e+00 4.335642762360403246e+00 4.335642762360417457e+00 4.335642762360461866e+00 4.335642762360602198e+00 4.335642762361046287e+00 4.335642762362451386e+00 4.335642762366892278e+00 4.335642762380937043e+00 4.335642762425349517e+00 4.335642762565794506e+00
4.697348215936298921e+00 4.697348215936300697e+00 4.697348215936306914e+00 4.697348215936326454e+00 4.697348215936387739e+00 4.697348215936583138e+00 4.697348215937199534e+00 4.697348215939150862e+00 4.697348215945320149e+00 4.697348215964829876e+00 4.697348216026522749e+00
5.009528122931227401e+00 5.009528122931228289e+00 5.009528122931231842e+00 5.009528122931241612e+00 5.009528122931271810e+00 5.009528122931368621e+00 5.009528122931675043e+00 5.009528122932644045e+00 5.009528122935707373e+00 5.009528122945392958e+00 5.009528122976022679e+00
5.281609461166337560e+00 5.281609461166338448e+00 5.281609461166340225e+00 5.281609461166345554e+00 5.281609461166362429e+00 5.281609461166415720e+00 5.281609461166584474e+00 5.281609461167118269e+00 5.281609461168805808e+00 5.281609461174142872e+00 5.281609461191020038e+00
5.521790781630038225e+00 5.521790781630039113e+00 5.521790781630040001e+00 5.521790781630043554e+00 5.521790781630053324e+00 5.521790781630085299e+00 5.521790781630187439e+00 5.521790781630508960e+00 5.521790781631525036e+00 5.521790781634738465e+00 5.521790781644901003e+00
5.737028258266085423e+00 5.737028258266085423e+00 5.737028258266086311e+00 5.737028258266088088e+00 5.737028258266095193e+00 5.737028258266115621e+00 5.737028258266182235e+00 5.737028258266390957e+00 5.737028258267050873e+00 5.737028258269137204e+00 5.737028258275736370e+00
5.933065210365556119e+00 5.933065210365556119e+00 5.933065210365556119e+00 5.933065210365557895e+00 5.933065210365562336e+00 5.933065210365576547e+00 5.933065210365622733e+00 5.933065210365767506e+00 5.933065210366224029e+00 5.933065210367669096e+00 5.933065210372237885e+00
6.114520944060817698e+00 6.114520944060817698e+00 6.114520944060817698e+00 6.114520944060819474e+00 6.114520944060822139e+00 6.114520944060832797e+00 6.114520944060866547e+00 6.114520944060972241e+00 6.114520944061306196e+00 6.114520944062363128e+00 6.114520944065705343e+00
6.285025932313778263e+00 6.285025932313778263e+00 6.285025932313779151e+00 6.285025932313779151e+00 6.285025932313781816e+00 6.285025932313789809e+00 6.285025932313815566e+00 6.285025932313896391e+00 6.285025932314153074e+00 6.285025932314962205e+00 6.285025932317522823e+00
