1.064199213255075271e+01 1.034048002920187059e+01 9.975700373763425333e+00 9.555735491223702027e+00 9.095787173693631544e+00 8.612686615258050793e+00 8.118895700918521641e+00 7.620989705779209977e+00 7.121667772520668294e+00 6.621883914262098436e+00 6.121952440924801842e+00
1.064344984949772943e+01 1.034104597406853721e+01 9.975873488557731150e+00 9.555771388655315945e+00 9.095789546229303468e+00 8.612684974310713670e+00 8.118894762846242230e+00 7.620989354062370325e+00 7.121667655141144415e+00 6.621883876502716149e+00 6.121952428919311906e+00
1.064450162008166956e+01 1.034145021701436029e+01 9.975994715850308836e+00 9.555795045320238046e+00 9.095790188939407273e+00 8.612683368068928758e+00 8.118893938387126141e+00 7.620989051785526769e+00 7.121667554907384456e+00 6.621883844322614010e+00 6.121952418694087683e+00
1.064525827137627090e+01 1.034173781898746469e+01 9.976078917025967385e+00 9.555810175929316586e+00 9.095789737649402795e+00 8.612681848966056819e+00 8.118893217778925475e+00 7.620988792389243649e+00 7.121667469356594893e+00 6.621883816902549569e+00 6.121952409985961907e+00
1.064580102928514371e+01 1.034194151574826570e+01 9.976136802235185286e+00 9.555819424291897235e+00 9.095788629700736649e+00 8.612680445812271657e+00 8.118892590749641869e+00 7.620988570071006940e+00 7.121667396368077441e+00 6.621883793542152397e+00 6.121952402570444818e+00
1.064618916859912545e+01 1.034208502219401282e+01 9.976176069601443430e+00 9.555824663823063503e+00 9.095787161935946941e+00 8.612679171649217480e+00 8.118892047131691214e+00 7.620988379732716034e+00 7.121667334119017312e+00 6.621883773643071791e+00 6.121952396256099327e+00
1.064646580212258620e+01 1.034218547648692521e+01 9.976202237339652612e+00 9.555827215185091816e+00 9.095785532289911046e+00 8.612678029248097999e+00 8.118891577237276280e+00 7.620988216919524660e+00 7.121667281045017006e+00 6.621883756694399992e+00 6.121952390879720873e+00
1.064666220345961278e+01 1.034225523656893841e+01 9.976219249509876263e+00 9.555828003561007478e+00 9.095783869534256993e+00 8.612677014925976593e+00 8.118891172070787476e+00 7.620988077755816548e+00 7.121667235805173135e+00 6.621883742260103567e+00 6.121952386302206506e+00
1.064680100867599322e+01 1.034230319437334522e+01 9.976229915817880212e+00 9.555827672068877732e+00 9.095782254478791629e+00 8.612676121166598975e+00 8.118890823431751613e+00 7.620987958882019520e+00 7.121667197251376535e+00 6.621883729968196519e+00 6.121952382405019932e+00
1.064689857014532492e+01 1.034233573383272464e+01 9.976236230238587410e+00 9.555826663380880603e+00 9.095780735025485342e+00 8.612675338395437308e+00 8.118890523945925253e+00 7.620987857394498022e+00 7.121667164401480399e+00 6.621883719501442833e+00 6.121952379087167273e+00
1.064696667960031640e+01 1.034235742735791597e+01 9.976239601423335657e+00 9.555825278335879247e+00 9.095779336808597293e+00 8.612674656159715170e+00 8.118890267050737464e+00 7.620987770789818150e+00 7.121667136415950949e+00 6.621883710589374417e+00 6.121952376262616013e+00
