-1.041018986619087450e+01 -9.910191474899457731e+00 -9.410191983619020206e+00 -8.910192144490395094e+00 -8.410192195362402146e+00 -7.910192211449545319e+00 -7.410192216536746201e+00 -6.910192218145461140e+00 -6.410192218654181318e+00 -5.910192218815052634e+00 -5.410192218865924829e+00
-1.040969896412714668e+01 -9.910036177461922335e+00 -9.410142868195663368e+00 -8.910176612223470016e+00 -8.410187283567667649e+00 -7.910190658197574720e+00 -7.410191725354708048e+00 -6.910192062819970893e+00 -6.410192169535910978e+00 -5.910192203282459644e+00 -5.410192213954056584e+00
-1.036581652484555782e+01 -9.895663171491294818e+00 -9.405544966910019511e+00 -8.908717245366311488e+00 -8.409725249495419774e+00 -7.910044495906799256e+00 -7.410145499345049735e+00 -6.910177444325958263e+00 -6.410187546704940509e+00 -5.910190741406584181e+00 -5.410191751664839011e+00
-9.619628601936627277e+00 -9.489222275317104049e+00 -9.229093363008708195e+00 -8.844382947312396936e+00 -8.388284003866973038e+00 -7.903144017703672475e+00 -7.407950990615963072e+00 -6.909482228888700561e+00 -6.409967574682251978e+00 -5.910121167447570656e+00 -5.410169749051479293e+00
-8.261534073998749506e+00 -8.254916109256678070e+00 -8.234628248753063318e+00 -8.176078114705671140e+00 -8.030310455608050901e+00 -7.751183795283469458e+00 -7.353356706216378491e+00 -6.891402564229967886e+00 -6.404162053781483621e+00 -5.908276241830193065e+00 -5.409585415549751808e+00
-7.045787275040904518e+00 -7.045381684226477148e+00 -7.044101580616982439e+00 -7.040078192024651571e+00 -7.027595010160807121e+00 -6.990327394554419982e+00 -6.889941706056008641e+00 -6.671768440038278847e+00 -6.319820447533442298e+00 -5.879531503846924245e+00 -5.400260368026033042e+00
-6.008675221563867908e+00 -6.008637968571462373e+00 -6.008520185291392757e+00 -6.008147931941828723e+00 -6.006972858983891328e+00 -6.003277738889327253e+00 -5.991795448826466419e+00 -5.957362836768846925e+00 -5.863578227335977111e+00 -5.655625194281721946e+00 -5.312567105223546804e+00
-5.125780683001806004e+00 -5.125775804465404484e+00 -5.125760377539374524e+00 -5.125711596921926017e+00 -5.125557375114039971e+00 -5.125070043043601586e+00 -5.123532552769186843e+00 -5.118706096275375650e+00 -5.103787203171733289e+00 -5.059723557831398821e+00 -4.944077817282035880e+00
-4.374246560147172502e+00 -4.374245695590576410e+00 -4.374242961633895810e+00 -4.374234316217024521e+00 -4.374206978140964708e+00 -4.374120538877407149e+00 -4.373847307094400172e+00 -4.372984401899795870e+00 -4.370266885114086897e+00 -4.361783569533142391e+00 -4.335998140194172734e+00
-3.734446551270062642e+00 -3.734446353053094025e+00 -3.734445726236596208e+00 -3.734443744074743332e+00 -3.734437475988133581e+00 -3.734417655153225102e+00 -3.734354982122463085e+00 -3.734156852098511781e+00 -3.733530904151701968e+00 -3.731557399488858895e+00 -3.725375002164216909e+00
-3.189517907900107474e+00 -3.189517851316569175e+00 -3.189517672383759717e+00 -3.189517106549018433e+00 -3.189515317227308522e+00 -3.189509658943754378e+00 -3.189491766365221803e+00 -3.189435189914708868e+00 -3.189256327958919002e+00 -3.188691201093875716e+00 -3.186908937303116751e+00
