1.664513158639507218e+00 2.013041612304244499e+00 2.233315204144268318e+00 2.337041077366652342e+00 2.311811967477318763e+00 2.134134534058933497e+00 1.800990654216373832e+00 1.356862050543793607e+00 8.676739098170698217e-01 3.690212467433555132e-01 -1.308382970817476842e-01
1.215609739596793304e+00 1.624755818081428771e+00 1.904081106743895413e+00 2.063498481768595294e+00 2.102695775863696159e+00 2.000335445300750248e+00 1.739054115464255146e+00 1.339570932497590627e+00 8.649291918344294006e-01 3.687131519802342439e-01 -1.308696920592116453e-01
6.814563506354234246e-01 1.141729722243253642e+00 1.493632989947810019e+00 1.716877616754533653e+00 1.823553326444715905e+00 1.801817331377878251e+00 1.628112967764629770e+00 1.298482024693596415e+00 8.562584967279331938e-01 3.675894068135373560e-01 -1.309877609501302331e-01
5.598008998973080103e-02 5.443282284808624860e-01 9.728897289452230757e-01 1.275323342488637879e+00 1.455171087748890812e+00 1.516838291637255809e+00 1.441354111883309752e+00 1.208174132837691372e+00 8.293076175999809507e-01 3.630236573078373663e-01 -1.315153797764619381e-01
-6.702238121483166111e-01 -1.725808173725764949e-01 3.071430198217152130e-01 7.050548185538048074e-01 9.721925156870828699e-01 1.120569350875899151e+00 1.147312840257458166e+00 1.030143339784918455e+00 7.538973810121529784e-01 3.441421223818254549e-01 -1.342836773949998286e-01
-1.511616744833957915e+00 -1.011957361624522322e+00 -5.152825489437010686e-01 -4.285201079779928784e-02 3.352066898060134803e-01 5.825603985492247006e-01 7.125696266293071179e-01 7.182077549645993209e-01 5.761682654599367126e-01 2.756875706660367742e-01 -1.496190983981609546e-01
-2.486613832359268805e+00 -1.986649935914913678e+00 -1.487010075570748935e+00 -9.905262518667208305e-01 -5.194238438956202408e-01 -1.445905597263855424e-01 9.969275868984331379e-02 2.267910210563761353e-01 2.290443802341848856e-01 8.304987194218063640e-02 -2.211782323210559342e-01
-3.616929449940609054e+00 -3.116932124961978356e+00 -2.616958870301589357e+00 -2.117225837675884126e+00 -1.619848249937489770e+00 -1.142353727271553820e+00 -7.509593348603781360e-01 -4.905091048196674741e-01 -3.482698108654666558e-01 -3.285269364215341326e-01 -4.539823228900993768e-01
-4.927598765086234067e+00 -4.427598895904631959e+00 -3.927600204076947321e+00 -3.427613284634283275e+00 -2.927743973787723331e+00 -2.429039383112484796e+00 -1.940982510501385150e+00 -1.513959812904385416e+00 -1.213515459643599748e+00 -1.035416439561397617e+00 -9.756454114335560979e-01
-6.447521202376718108e+00 -5.947521206328235444e+00 -5.447521245843398141e+00 -4.947521640993965519e+00 -4.447525592393246185e+00 -3.947565095751819353e+00 -3.447959070374711832e+00 -2.951797168199215005e+00 -2.482877865614473656e+00 -2.113135599641191575e+00 -1.873634243288788248e+00
-8.210073720068368885e+00 -7.710073720136658260e+00 -7.210073720819544008e+00 -6.710073727648403263e+00 -6.210073795936961183e+00 -5.710074478819361588e+00 -5.210081307325525657e+00 -4.710149560626575749e+00 -4.210828940533665410e+00 -3.717328558630295987e+00 -3.264532861571465272e+00
