2.404950788133199957e+00 2.404950788133199957e+00 2.404950788133199957e+00 2.404950788133199957e+00 2.404950788133199957e+00 2.404950788133199957e+00 2.404950788133199957e+00 2.404950788133199957e+00 2.404950788133199957e+00 2.404950788133199957e+00 2.404950788133199957e+00
2.544891102969059293e+00 2.544891102969059293e+00 2.544891102969059293e+00 2.544891102969059293e+00 2.544891102969059293e+00 2.544891102969059293e+00 2.544891102969059293e+00 2.544891102969059293e+00 2.544891102969059293e+00 2.544891102969059293e+00 2.544891102969059293e+00
2.684830771310627640e+00 2.684830771310627640e+00 2.684830771310627640e+00 2.684830771310627640e+00 2.684830771310627640e+00 2.684830771310627640e+00 2.684830771310627640e+00 2.684830771310627640e+00 2.684830771310627640e+00 2.684830771310627640e+00 2.684830771310627640e+00
2.824771106664211828e+00 2.824771106664211828e+00 2.824771106664211828e+00 2.824771106664211828e+00 2.824771106664211828e+00 2.824771106664211828e+00 2.824771106664211828e+00 2.824771106664211828e+00 2.824771106664211828e+00 2.824771106664211828e+00 2.824771106664211828e+00
2.964712866468765196e+00 2.964712866468765196e+00 2.964712866468765196e+00 2.964712866468765196e+00 2.964712866468765196e+00 2.964712866468765196e+00 2.964712866468765196e+00 2.964712866468765196e+00 2.964712866468765196e+00 2.964712866468765196e+00 2.964712866468765196e+00
3.104656423160396805e+00 3.104656423160396805e+00 3.104656423160396805e+00 3.104656423160396805e+00 3.104656423160396805e+00 3.104656423160396805e+00 3.104656423160396805e+00 3.104656423160396805e+00 3.104656423160396805e+00 3.104656423160397249e+00 3.104656423160397249e+00
3.244601881719666903e+00 3.244601881719666903e+00 3.244601881719666903e+00 3.244601881719666903e+00 3.244601881719666903e+00 3.244601881719666903e+00 3.244601881719666903e+00 3.244601881719666903e+00 3.244601881719666903e+00 3.244601881719666903e+00 3.244601881719666903e+00
3.384549157817965170e+00 3.384549157817965170e+00 3.384549157817965170e+00 3.384549157817965170e+00 3.384549157817965170e+00 3.384549157817965170e+00 3.384549157817965170e+00 3.384549157817965170e+00 3.384549157817965170e+00 3.384549157817965170e+00 3.384549157817965170e+00
3.524498026339404344e+00 3.524498026339404344e+00 3.524498026339404344e+00 3.524498026339404344e+00 3.524498026339404344e+00 3.524498026339404344e+00 3.524498026339404344e+00 3.524498026339404344e+00 3.524498026339404344e+00 3.524498026339404344e+00 3.524498026339404344e+00
3.664448146750762358e+00 3.664448146750762358e+00 3.664448146750762358e+00 3.664448146750762358e+00 3.664448146750762358e+00 3.664448146750762358e+00 3.664448146750762358e+00 3.664448146750762358e+00 3.664448146750762358e+00 3.664448146750762358e+00 3.664448146750762358e+00
3.804399069184019933e+00 3.804399069184019933e+00 3.804399069184019933e+00 3.804399069184019933e+00 3.804399069184019933e+00 3.804399069184019933e+00 3.804399069184019933e+00 3.804399069184019933e+00 3.804399069184019933e+00 3.804399069184019933e+00 3.804399069184019933e+00
