1.164935418246087373e+00 1.164935418246087373e+00 1.164935418246087373e+00 1.164935418246087373e+00 1.164935418246087595e+00 1.164935418246087817e+00 1.164935418246088261e+00 1.164935418246090038e+00 1.164935418246095589e+00 1.164935418246113352e+00 1.164935418246169085e+00
1.304309730342069873e+00 1.304309730342069873e+00 1.304309730342069873e+00 1.304309730342070095e+00 1.304309730342070095e+00 1.304309730342070317e+00 1.304309730342070761e+00 1.304309730342072537e+00 1.304309730342078089e+00 1.304309730342095630e+00 1.304309730342150919e+00
1.443758882852732128e+00 1.443758882852732128e+00 1.443758882852732128e+00 1.443758882852732350e+00 1.443758882852732350e+00 1.443758882852732572e+00 1.443758882852733016e+00 1.443758882852734793e+00 1.443758882852740122e+00 1.443758882852757663e+00 1.443758882852812730e+00
1.583275099551631149e+00 1.583275099551631149e+00 1.583275099551631149e+00 1.583275099551631149e+00 1.583275099551631149e+00 1.583275099551631371e+00 1.583275099551631815e+00 1.583275099551633591e+00 1.583275099551639142e+00 1.583275099551656240e+00 1.583275099551710863e+00
1.722850861667855948e+00 1.722850861667855948e+00 1.722850861667855948e+00 1.722850861667855948e+00 1.722850861667855948e+00 1.722850861667856170e+00 1.722850861667856837e+00 1.722850861667858391e+00 1.722850861667863942e+00 1.722850861667881039e+00 1.722850861667935662e+00
1.862479081150207660e+00 1.862479081150207660e+00 1.862479081150207660e+00 1.862479081150207660e+00 1.862479081150207882e+00 1.862479081150208104e+00 1.862479081150208549e+00 1.862479081150210325e+00 1.862479081150215654e+00 1.862479081150232751e+00 1.862479081150286930e+00
2.002153189771326947e+00 2.002153189771326947e+00 2.002153189771326947e+00 2.002153189771326947e+00 2.002153189771326947e+00 2.002153189771327391e+00 2.002153189771327835e+00 2.002153189771329611e+00 2.002153189771334940e+00 2.002153189771351816e+00 2.002153189771405994e+00
2.141867168556493173e+00 2.141867168556493173e+00 2.141867168556493173e+00 2.141867168556493173e+00 2.141867168556493173e+00 2.141867168556493617e+00 2.141867168556494061e+00 2.141867168556495837e+00 2.141867168556501166e+00 2.141867168556518042e+00 2.141867168556571777e+00
2.281615534733332673e+00 2.281615534733332673e+00 2.281615534733332673e+00 2.281615534733332673e+00 2.281615534733332673e+00 2.281615534733332673e+00 2.281615534733333561e+00 2.281615534733335338e+00 2.281615534733340667e+00 2.281615534733357542e+00 2.281615534733411277e+00
2.421393297705920933e+00 2.421393297705920933e+00 2.421393297705920933e+00 2.421393297705920933e+00 2.421393297705920933e+00 2.421393297705920933e+00 2.421393297705921821e+00 2.421393297705923597e+00 2.421393297705928926e+00 2.421393297705945802e+00 2.421393297705999093e+00
2.561195891003251734e+00 2.561195891003251734e+00 2.561195891003251734e+00 2.561195891003251734e+00 2.561195891003251734e+00 2.561195891003251734e+00 2.561195891003252623e+00 2.561195891003253955e+00 2.561195891003259728e+00 2.561195891003276603e+00 2.561195891003329894e+00
