3.959619770115382575e+00 3.959619786897270455e+00 3.959619839966256105e+00 3.959620007785082496e+00 3.959620538474377671e+00 3.959622216657002536e+00 3.959627523493634005e+00 3.959644304756654076e+00 3.959697367491235909e+00 3.959865123821146859e+00 3.960395188703056402e+00
4.099358188502038480e+00 4.099358205280785761e+00 4.099358258339838024e+00 4.099358426127251320e+00 4.099358956717210845e+00 4.099360634585706542e+00 4.099365940428947752e+00 4.099382718550311111e+00 4.099435771347315516e+00 4.099603496223937604e+00 4.100133461361907372e+00
4.239024707068796971e+00 4.239024723845894904e+00 4.239024776899732672e+00 4.239024944670655159e+00 4.239025475208467064e+00 4.239027152912051122e+00 4.239032458233741529e+00 4.239049234705294822e+00 4.239102282279928247e+00 4.239269990589786374e+00 4.239799902816338673e+00
4.378590196432568860e+00 4.378590213209665016e+00 4.378590266263497455e+00 4.378590434034403067e+00 4.378590964572159905e+00 4.378592642275562774e+00 4.378597947596596818e+00 4.378614724065240438e+00 4.378667771622313687e+00 4.378835479793046659e+00 4.379365390742583131e+00
4.518015129058610135e+00 4.518015145837618540e+00 4.518015198897495921e+00 4.518015366687517798e+00 4.518015897285724058e+00 4.518017575180270917e+00 4.518022881105632216e+00 4.518039659484076154e+00 4.518092713067954236e+00 4.518260440171947501e+00 4.518790409740700120e+00
4.657245890573104674e+00 4.657245907356340808e+00 4.657245960429586162e+00 4.657246128261882667e+00 4.657246658993770438e+00 4.657248337311036046e+00 4.657253644572970863e+00 4.657270427176221972e+00 4.657323494102022288e+00 4.657491263215911559e+00 4.658021363820267879e+00
4.796209955881244547e+00 4.796209972671593214e+00 4.796210025767332574e+00 4.796210193670760624e+00 4.796210724627584021e+00 4.796212403656133105e+00 4.796217713167087560e+00 4.796234502879796580e+00 4.796287592262030941e+00 4.796455432132858299e+00 4.796985753922681894e+00
4.934809702448524682e+00 4.934809719249642512e+00 4.934809772379438186e+00 4.934809940390560534e+00 4.934810471687939959e+00 4.934812151793385837e+00 4.934817464709427171e+00 4.934834265186374580e+00 4.934887388572183120e+00 4.935055335612305250e+00 4.935585992703728664e+00
5.072914688795667537e+00 5.072914705612211250e+00 5.072914758790786571e+00 5.072914926956162418e+00 5.072915458741331207e+00 5.072917140389251678e+00 5.072922458182524075e+00 5.072939274077634231e+00 5.072992446169969583e+00 5.073160546733667786e+00 5.073691684305417837e+00
5.210352378414964569e+00 5.210352395252829005e+00 5.210352448498825062e+00 5.210352616877405474e+00 5.210353149336778067e+00 5.210354833116650042e+00 5.210360157651053647e+00 5.210376994856572352e+00 5.210430234269142424e+00 5.210598547026001448e+00 5.211130348684777758e+00
5.346897586076415188e+00 5.346897602942941141e+00 5.346897656279573141e+00 5.346897824944767841e+00 5.346898358310485655e+00 5.346900044956375275e+00 5.346905378552968990e+00 5.346922244406104419e+00 5.346975574314940083e+00 5.347144172291331543e+00 5.347676866337925716e+00
