2.382206315732483759e+00 2.382206753726598958e+00 2.382208138782697215e+00 2.382212518685584701e+00 2.382226368863946675e+00 2.382270164066912166e+00 2.382408627601050988e+00 2.382846197439944191e+00 2.384227020456886947e+00 2.388564895573567437e+00 2.402004082215235758e+00
2.548675813022411862e+00 2.548676154838124486e+00 2.548677235752545567e+00 2.548680653886367331e+00 2.548691462797544993e+00 2.548725641805561271e+00 2.548833707619905464e+00 2.549175264870302993e+00 2.550253599275710936e+00 2.553646077442994322e+00 2.564202890231668253e+00
2.707961406499990176e+00 2.707961683318385937e+00 2.707962558693853161e+00 2.707965326862525668e+00 2.707974080464361943e+00 2.708001760622794851e+00 2.708089281360651857e+00 2.708365930216727335e+00 2.709239612736234815e+00 2.711990928850031235e+00 2.720578389188344381e+00
2.861952114636025168e+00 2.861952345991004787e+00 2.861953077598875961e+00 2.861955391137992244e+00 2.861962707109948489e+00 2.861985841433584810e+00 2.862058990479265486e+00 2.862290227021659916e+00 2.863020651954222728e+00 2.865322406655354204e+00 2.872521932912190934e+00
3.012060843185163872e+00 3.012061041795403682e+00 3.012061669855529811e+00 3.012063655950059093e+00 3.012069936472645093e+00 3.012089796631198801e+00 3.012152593990583771e+00 3.012351116939710582e+00 3.012978305065270757e+00 3.014955708070047535e+00 3.021150203201824258e+00
3.159335727270102367e+00 3.159335901701601390e+00 3.159336453301972991e+00 3.159338197610894738e+00 3.159343713553924182e+00 3.159361156036293750e+00 3.159416309398713985e+00 3.159590673562904684e+00 3.160141601199051298e+00 3.161879202076767204e+00 3.167328667607633985e+00
3.304549382969653060e+00 3.304549539165417826e+00 3.304550033099425299e+00 3.304551595052206192e+00 3.304556534343621621e+00 3.304572153384830902e+00 3.304621541433421239e+00 3.304777683203708794e+00 3.305271077707429228e+00 3.306827649322071849e+00 3.311713562809227351e+00
3.448268512221803306e+00 3.448268654414057277e+00 3.448269104065138535e+00 3.448270525983643697e+00 3.448275022454129868e+00 3.448289241235921843e+00 3.448334201908479724e+00 3.448476349413790221e+00 3.448925553342166772e+00 3.450343010788395226e+00 3.454795198364830178e+00
3.590907130719334983e+00 3.590907261991990396e+00 3.590907677112314733e+00 3.590908989835432052e+00 3.590913141004306475e+00 3.590926267891772383e+00 3.590967776143700441e+00 3.591099010658405977e+00 3.591513749836926284e+00 3.592822669734288432e+00 3.596936064516185638e+00
3.732766700445314445e+00 3.732766823091390851e+00 3.732767210932109059e+00 3.732768437389868410e+00 3.732772315767048266e+00 3.732784580044622214e+00 3.732823360816416525e+00 3.732945973598821965e+00 3.733333481594437675e+00 3.734556618848967613e+00 3.738402001628021054e+00
3.874066078171299221e+00 3.874066193926304358e+00 3.874066559975569035e+00 3.874067717522949650e+00 3.874071377988867582e+00 3.874082953195419066e+00 3.874119555182200081e+00 3.874235280529347403e+00 3.874601033390890237e+00 3.875755622393612043e+00 3.879386681715120577e+00
