7.767489736657942956e+00 7.972142960077986729e+00 8.099154630043214453e+00 8.122062406007298563e+00 8.009817992150685129e+00 7.742571470053458249e+00 7.341036189722217387e+00 6.866782821019047134e+00 6.371131338124202514e+00 5.871784543580939264e+00 5.371905627348087187e+00
7.663903545867474243e+00 7.879853874672602565e+00 8.020005633573068948e+00 8.059312845322500252e+00 7.967213921335920546e+00 7.720763659217494634e+00 7.333985686529779890e+00 6.865490345053873789e+00 6.370974022212041454e+00 5.871767753430022552e+00 5.371903787886122217e+00
7.558943374664223391e+00 7.785951647863316616e+00 7.938867579568135824e+00 7.994029003225344709e+00 7.921641957306337467e+00 7.696278949295452421e+00 7.325478351080729311e+00 6.863814140323139412e+00 6.370762755228191132e+00 5.871745112249884713e+00 5.371901332158624420e+00
7.452550299928014432e+00 7.690398373335280091e+00 7.855740948679103219e+00 7.926241673706799773e+00 7.873101280504590349e+00 7.668995732854129166e+00 7.315314205962638816e+00 6.861655364039022764e+00 6.370479285928756674e+00 5.871714522748192167e+00 5.371898041954002778e+00
7.344654758719420862e+00 7.593142754032816910e+00 7.770610701375235685e+00 7.855969191600408408e+00 7.821590268237738286e+00 7.638802856480899628e+00 7.303288994998860417e+00 6.858896075848280205e+00 6.370099444040496550e+00 5.871673115075529914e+00 5.371893617923922726e+00
7.235174978295694892e+00 7.494118862630800848e+00 7.683445026624307950e+00 7.783215470955344273e+00 7.767103387664428205e+00 7.605597600210753484e+00 7.289194358525468154e+00 6.855397636010228446e+00 6.369591398284744521e+00 5.871616954143380696e+00 5.371887647732864757e+00
7.124014941559408953e+00 7.393244443391504106e+00 7.594193686740959848e+00 7.707967772080902336e+00 7.709627913793140053e+00 7.569283016902934591e+00 7.272819885575374954e+00 6.850999447259257913e+00 6.368913501369526386e+00 5.871540633229151318e+00 5.371879560847766300e+00
7.011061832737403243e+00 7.290418699499338295e+00 7.502785896613526795e+00 7.630194119947373288e+00 7.649140398546375508e+00 7.529764662203223935e+00 7.253954016533475269e+00 6.845518053714845230e+00 6.368011668140318271e+00 5.871436709113451613e+00 5.371868563900883409e+00
6.896182887320073007e+00 7.185519487443720266e+00 7.409127654947020858e+00 7.549840281197305991e+00 7.585602800572205595e+00 7.486946717739817458e+00 7.232384007059478037e+00 6.838746605523790656e+00 6.366816238679641415e+00 5.871294916610410475e+00 5.371853547551094010e+00
6.779221547181511376e+00 7.078399813800561269e+00 7.313098419943205641e+00 7.466826185658176129e+00 7.518958164754837803e+00 7.440727477559325287e+00 7.207894799928776131e+00 6.830453749625619686e+00 6.365238283588094070e+00 5.871101076558414178e+00 5.371832951132232026e+00
6.659992795778751251e+00 6.968883498163189749e+00 7.214546990877730437e+00 7.381041649508246039e+00 7.449125713363209833e+00 7.390994128798302754e+00 7.180266679020564702e+00 6.820385555369757213e+00 6.363165311662695167e+00 5.870835578986342895e+00 5.371804564156091644e+00
