6.347644873483133665e+00 6.347644872244599945e+00 6.347644868328013779e+00 6.347644855942677466e+00 6.347644816776788268e+00 6.347644692923204879e+00 6.347644301262098665e+00 6.347643062704074524e+00 6.347639145871143640e+00 6.347626758072769881e+00 6.347587567579969559e+00
6.329821802854424639e+00 6.329821801866835074e+00 6.329821798743803463e+00 6.329821788867908694e+00 6.329821757637570379e+00 6.329821658878399759e+00 6.329821346572773066e+00 6.329820358958609283e+00 6.329817235677834830e+00 6.329807357291538317e+00 6.329776102050949760e+00
6.308714345969145043e+00 6.308714345227616427e+00 6.308714342882695725e+00 6.308714335467405121e+00 6.308714312018179449e+00 6.308714237865049590e+00 6.308714003370592849e+00 6.308713261817286089e+00 6.308710916652619183e+00 6.308703498918954544e+00 6.308680025276605541e+00
6.283888565167228712e+00 6.283888564663078213e+00 6.283888563068814825e+00 6.283888558027308058e+00 6.283888542084649309e+00 6.283888491669375576e+00 6.283888332240686658e+00 6.283887828066950121e+00 6.283886233570073365e+00 6.283881189733099504e+00 6.283865223775776165e+00
6.254897035620192725e+00 6.254897035341119071e+00 6.254897034458612559e+00 6.254897031667880469e+00 6.254897022842793142e+00 6.254896994935269738e+00 6.254896906682446911e+00 6.254896627587650748e+00 6.254895744863782525e+00 6.254892951959672764e+00 6.254884105164899566e+00
6.221289824913474931e+00 6.221289824843948324e+00 6.221289824624085973e+00 6.221289823928817242e+00 6.221289821730171532e+00 6.221289814777306582e+00 6.221289792789063355e+00 6.221289723242573011e+00 6.221289503181668401e+00 6.221288805932186250e+00 6.221286587481164254e+00
6.182627873082734205e+00 6.182627873204576296e+00 6.182627873589875200e+00 6.182627874808296120e+00 6.182627878661269172e+00 6.182627890845316720e+00 6.182627929373445852e+00 6.182628051197944785e+00 6.182628436319400400e+00 6.182629652966114442e+00 6.182633488200549365e+00
6.138498527596402354e+00 6.138498527889527878e+00 6.138498528816471733e+00 6.138498531747725195e+00 6.138498541017152199e+00 6.138498570329545601e+00 6.138498663022401658e+00 6.138498956132245610e+00 6.138499882919913553e+00 6.138502812609468506e+00 6.138512066399016476e+00
6.088532741115401770e+00 6.088532741558651651e+00 6.088532742960331312e+00 6.088532747392829236e+00 6.088532761409611638e+00 6.088532805734473641e+00 6.088532945901066640e+00 6.088533389137436025e+00 6.088534790680773412e+00 6.088539221818662028e+00 6.088553224995068014e+00
6.032423164253173375e+00 6.032423164825177153e+00 6.032423166634012901e+00 6.032423172354052454e+00 6.032423190442396610e+00 6.032423247642685560e+00 6.032423428525079068e+00 6.032424000517406348e+00 6.032425809235742342e+00 6.032431528103106899e+00 6.032449604728071790e+00
5.969942058465289136e+00 5.969942059145279423e+00 5.969942061295598457e+00 5.969942068095502208e+00 5.969942089598681001e+00 5.969942157597632360e+00 5.969942372628512572e+00 5.969943052608995160e+00 5.969945202827435793e+00 5.969952001728691116e+00 5.969973494877855558e+00
