1.195728181151358527e+01 1.195728181151358527e+01 1.195728181151358527e+01 1.195728181151358527e+01 1.195728181151358527e+01 1.195728181151358527e+01 1.195728181151358527e+01 1.195728181151358527e+01 1.195728181151358527e+01 1.195728181151358527e+01 1.195728181151358527e+01
1.208359931124631892e+01 1.208359931124631892e+01 1.208359931124631892e+01 1.208359931124631892e+01 1.208359931124631892e+01 1.208359931124631892e+01 1.208359931124631892e+01 1.208359931124631892e+01 1.208359931124631892e+01 1.208359931124631892e+01 1.208359931124631892e+01
1.220621265063644856e+01 1.220621265063644856e+01 1.220621265063644856e+01 1.220621265063644856e+01 1.220621265063644856e+01 1.220621265063644856e+01 1.220621265063644856e+01 1.220621265063644856e+01 1.220621265063644856e+01 1.220621265063644856e+01 1.220621265063644856e+01
1.232449509166034929e+01 1.232449509166034929e+01 1.232449509166034929e+01 1.232449509166034929e+01 1.232449509166034929e+01 1.232449509166034929e+01 1.232449509166034929e+01 1.232449509166034929e+01 1.232449509166034929e+01 1.232449509166034929e+01 1.232449509166034929e+01
1.243783996314545170e+01 1.243783996314545170e+01 1.243783996314545170e+01 1.243783996314545170e+01 1.243783996314545170e+01 1.243783996314545170e+01 1.243783996314545170e+01 1.243783996314545170e+01 1.243783996314545170e+01 1.243783996314545170e+01 1.243783996314545170e+01
1.254569583601632132e+01 1.254569583601632132e+01 1.254569583601632132e+01 1.254569583601632132e+01 1.254569583601632132e+01 1.254569583601632132e+01 1.254569583601632132e+01 1.254569583601632132e+01 1.254569583601632132e+01 1.254569583601632132e+01 1.254569583601632132e+01
1.264759769993452920e+01 1.264759769993452920e+01 1.264759769993452920e+01 1.264759769993452920e+01 1.264759769993452920e+01 1.264759769993452920e+01 1.264759769993452920e+01 1.264759769993452920e+01 1.264759769993452920e+01 1.264759769993452920e+01 1.264759769993452920e+01
1.274319026799315324e+01 1.274319026799315324e+01 1.274319026799315324e+01 1.274319026799315324e+01 1.274319026799315324e+01 1.274319026799315324e+01 1.274319026799315324e+01 1.274319026799315324e+01 1.274319026799315324e+01 1.274319026799315324e+01 1.274319026799315324e+01
1.283224124359308327e+01 1.283224124359308327e+01 1.283224124359308327e+01 1.283224124359308327e+01 1.283224124359308327e+01 1.283224124359308327e+01 1.283224124359308327e+01 1.283224124359308327e+01 1.283224124359308327e+01 1.283224124359308327e+01 1.283224124359308327e+01
1.291464428561115163e+01 1.291464428561115163e+01 1.291464428561115163e+01 1.291464428561115163e+01 1.291464428561115163e+01 1.291464428561115163e+01 1.291464428561115163e+01 1.291464428561115163e+01 1.291464428561115163e+01 1.291464428561115163e+01 1.291464428561115163e+01
1.299041297186330013e+01 1.299041297186330013e+01 1.299041297186330013e+01 1.299041297186330013e+01 1.299041297186330013e+01 1.299041297186330013e+01 1.299041297186330013e+01 1.299041297186330013e+01 1.299041297186330013e+01 1.299041297186330013e+01 1.299041297186330013e+01
