-1.769950422182155947e+01 -1.769950422122329670e+01 -1.769950421933142692e+01 -1.769950421334880630e+01 -1.769950419443010503e+01 -1.769950413460392369e+01 -1.769950394541698202e+01 -1.769950334715588269e+01 -1.769950145529359276e+01 -1.769949547275397705e+01 -1.769947655484493865e+01
-1.833520615316505342e+01 -1.833520615136326981e+01 -1.833520614566551998e+01 -1.833520612764765900e+01 -1.833520607067018915e+01 -1.833520589049165750e+01 -1.833520532071759490e+01 -1.833520351893873368e+01 -1.833519782126288433e+01 -1.833517980412175419e+01 -1.833512283383749519e+01
-1.903215199278292147e+01 -1.903215198660383933e+01 -1.903215196706386436e+01 -1.903215190527304657e+01 -1.903215170987337501e+01 -1.903215109196594312e+01 -1.903214913797685526e+01 -1.903214295897867459e+01 -1.903212341984931655e+01 -1.903206163748172131e+01 -1.903186632230314856e+01
-1.990418039328373112e+01 -1.990418036198639840e+01 -1.990418026301554733e+01 -1.990417995004239060e+01 -1.990417896033585521e+01 -1.990417583062383144e+01 -1.990416593375384124e+01 -1.990413463858715204e+01 -1.990403568941932022e+01 -1.990372293296219297e+01 -1.990273538988042645e+01
-2.082431352831763860e+01 -2.082431335397188832e+01 -2.082431280264268025e+01 -2.082431105919124192e+01 -2.082430554595976702e+01 -2.082428811205162589e+01 -2.082423298579875492e+01 -2.082405870731696496e+01 -2.082350805017801676e+01 -2.082177130016779287e+01 -2.081632448085753140e+01
-2.198202926675520885e+01 -2.198202761923954895e+01 -2.198202240937871110e+01 -2.198200593476347109e+01 -2.198195384156824872e+01 -2.198178914953114571e+01 -2.198126875822028481e+01 -2.197962722814841285e+01 -2.197447671458992247e+01 -2.195858007748066143e+01 -2.191182855624721881e+01
-2.347792206917010915e+01 -2.347788889592032646e+01 -2.347778400956655176e+01 -2.347745249640225751e+01 -2.347640582203039727e+01 -2.347311245121693446e+01 -2.346285927752023071e+01 -2.343194267155969612e+01 -2.334654841077034604e+01 -2.315217908912826417e+01 -2.282156686123428813e+01
-2.526672590018491604e+01 -2.526545085457919981e+01 -2.526144326704193688e+01 -2.524900819253205242e+01 -2.521187626840290719e+01 -2.511180327671607770e+01 -2.489410530048224857e+01 -2.454256214226575139e+01 -2.410247990127130180e+01 -2.362327014152234739e+01 -2.313006281878206849e+01
-2.720616787678438797e+01 -2.714354802658717247e+01 -2.698985337350943681e+01 -2.670148762721860081e+01 -2.629762049027333504e+01 -2.583305457134484939e+01 -2.534488939155523113e+01 -2.484870002704067105e+01 -2.434991204762028261e+01 -2.385029602719330200e+01 -2.335047363590047098e+01
-2.858431434954793460e+01 -2.808431434954793815e+01 -2.758431434954793815e+01 -2.708431434954793815e+01 -2.658431434954793815e+01 -2.608431434954793815e+01 -2.558431434954793815e+01 -2.508431434954793815e+01 -2.458431434954793815e+01 -2.408431434954793815e+01 -2.358431434954793815e+01
-2.883818116361607409e+01 -2.833818116361607764e+01 -2.783818116361607764e+01 -2.733818116361607764e+01 -2.683818116361607764e+01 -2.633818116361607764e+01 -2.583818116361607764e+01 -2.533818116361607764e+01 -2.483818116361607764e+01 -2.433818116361607764e+01 -2.383818116361607764e+01
