-4.859266712889329654e+00 -4.859266712990818249e+00 -4.859266713311752639e+00 -4.859266714326635039e+00 -4.859266717535978053e+00 -4.859266727684812714e+00 -4.859266759778277489e+00 -4.859266861267017568e+00 -4.859267182205543101e+00 -4.859268197131766165e+00 -4.859271406905211421e+00
-4.897896849940179820e+00 -4.897896849998978119e+00 -4.897896850184914719e+00 -4.897896850772897714e+00 -4.897896852632263709e+00 -4.897896858512099882e+00 -4.897896877105803348e+00 -4.897896935904552329e+00 -4.897897121845492308e+00 -4.897897709872063743e+00 -4.897899569672241604e+00
-4.942333855305837353e+00 -4.942333855322670111e+00 -4.942333855375899532e+00 -4.942333855544226218e+00 -4.942333856076521315e+00 -4.942333857759789950e+00 -4.942333863082782663e+00 -4.942333879915858930e+00 -4.942333933149662961e+00 -4.942334101519174183e+00 -4.942334634244734737e+00
-4.993012507632710317e+00 -4.993012507608841410e+00 -4.993012507533361344e+00 -4.993012507294671387e+00 -4.993012506539869833e+00 -4.993012504152979147e+00 -4.993012496604998240e+00 -4.993012472736474194e+00 -4.993012397260457647e+00 -4.993012158613169937e+00 -4.993011404232505335e+00
-5.050291914390108161e+00 -5.050291914327330822e+00 -5.050291914128812287e+00 -5.050291913501040675e+00 -5.050291911515852661e+00 -5.050291905238140089e+00 -5.050291885386299917e+00 -5.050291822609546344e+00 -5.050291624094815468e+00 -5.050290996364062757e+00 -5.050289011584569998e+00
-5.114428953343142403e+00 -5.114428953243743692e+00 -5.114428952929418237e+00 -5.114428951935433787e+00 -5.114428948792176577e+00 -5.114428938852327633e+00 -5.114428907419794612e+00 -5.114428808021663997e+00 -5.114428493699862521e+00 -5.114427499753912087e+00 -5.114424356889423429e+00
-5.185554266484809105e+00 -5.185554266351506847e+00 -5.185554265929967599e+00 -5.185554264596945018e+00 -5.185554260381556979e+00 -5.185554247051330279e+00 -5.185554204897480091e+00 -5.185554071595557701e+00 -5.185553650060430897e+00 -5.185552317074968443e+00 -5.185548102061351194e+00
-5.263653803487487792e+00 -5.263653803323340874e+00 -5.263653802804264537e+00 -5.263653801162799795e+00 -5.263653795972033755e+00 -5.263653779557390777e+00 -5.263653727649758807e+00 -5.263653563503656763e+00 -5.263653044430544270e+00 -5.263651403001635920e+00 -5.263646212591640783e+00
-5.348559610439804324e+00 -5.348559610248105223e+00 -5.348559609641898582e+00 -5.348559607724904019e+00 -5.348559601662836727e+00 -5.348559582492899089e+00 -5.348559521872254585e+00 -5.348559330173178417e+00 -5.348558723969786932e+00 -5.348556807009495984e+00 -5.348550745280317820e+00
-5.439952546379250187e+00 -5.439952546163396185e+00 -5.439952545480805313e+00 -5.439952543322265299e+00 -5.439952536496361901e+00 -5.439952514910963544e+00 -5.439952446651962426e+00 -5.439952230798265731e+00 -5.439951548211141130e+00 -5.439949389703092386e+00 -5.439942564120990198e+00
-5.537378201750826179e+00 -5.537378201514195908e+00 -5.537378200765902925e+00 -5.537378198399593998e+00 -5.537378190916666831e+00 -5.537378167253578454e+00 -5.537378092424340537e+00 -5.537377855793724102e+00 -5.537377107504100948e+00 -5.537374741225420394e+00 -5.537367258604010800e+00
