-1.467840626487245181e+01 -1.417840660321884450e+01 -1.367840671021342303e+01 -1.317840674404808432e+01 -1.267840675474754519e+01 -1.217840675813101114e+01 -1.167840675920095705e+01 -1.117840675953930507e+01 -1.067840675964629860e+01 -1.017840675968013286e+01 -9.678406759690833638e+00
-1.467802519806735972e+01 -1.417828606306732731e+01 -1.367836858844397874e+01 -1.317839468852337426e+01 -1.267840294241962340e+01 -1.217840555256344182e+01 -1.167840637796665604e+01 -1.117840663898239661e+01 -1.067840672152285286e+01 -1.017840674762444131e+01 -9.678406755878487644e+00
-1.458077069710404849e+01 -1.414509628636232463e+01 -1.366759428665797316e+01 -1.317495836354659033e+01 -1.267731331793916816e+01 -1.217806068532199149e+01 -1.167829729155168295e+01 -1.117837213984589262e+01 -1.067839581163961782e+01 -1.017840329758659479e+01 -9.678405664877738346e+00
-1.317129935315183431e+01 -1.314302614617106535e+01 -1.306409439899735681e+01 -1.288067309942305450e+01 -1.256065649990678779e+01 -1.213761155028558925e+01 -1.166508720724026738e+01 -1.117415041765688599e+01 -1.067705627082229825e+01 -1.017797924341839888e+01 -9.678271521673252664e+00
-1.140429609623931029e+01 -1.140379682626310398e+01 -1.140222176275544541e+01 -1.139727823850393129e+01 -1.138200579068923446e+01 -1.133696758227484125e+01 -1.121919590676111866e+01 -1.097588373777339754e+01 -1.060363434471754118e+01 -1.015334156908926921e+01 -9.670322956858983687e+00
-9.889014402416409055e+00 -9.888999151505229790e+00 -9.888950927413793224e+00 -9.888798464677938327e+00 -9.888316687117159276e+00 -9.886796680505595347e+00 -9.882024712462808225e+00 -9.867270509916679089e+00 -9.823661848426253229e+00 -9.709013837522061152e+00 -9.470039879029764407e+00
-8.599068289240287655e+00 -8.599067506969797492e+00 -8.599065033222576204e+00 -8.599057210639728055e+00 -8.599032474388000225e+00 -8.598954260762708302e+00 -8.598707020222381203e+00 -8.597926102008983662e+00 -8.595465822604888118e+00 -8.587776211198693943e+00 -8.564318606305132420e+00
-7.501099359323143645e+00 -7.501099296893795731e+00 -7.501099099474923371e+00 -7.501098475182223169e+00 -7.501096501001269345e+00 -7.501090258152002477e+00 -7.501070517119793557e+00 -7.501008096399491620e+00 -7.500810763773238854e+00 -7.500187332648749816e+00 -7.498221739476541359e+00
-6.566538365410074185e+00 -6.566538358151833954e+00 -6.566538335199266108e+00 -6.566538262616880672e+00 -6.566538033091303461e+00 -6.566537307268498047e+00 -6.566535012023238416e+00 -6.566527753900258446e+00 -6.566504802498370097e+00 -6.566432231774309791e+00 -6.566202822769043657e+00
-5.771052936014323897e+00 -5.771052934851894634e+00 -5.771052931175971068e+00 -5.771052919551680205e+00 -5.771052882792448102e+00 -5.771052766549569668e+00 -5.771052398957516871e+00 -5.771051236531427264e+00 -5.771047560637847518e+00 -5.771035936646454090e+00 -5.770999180405532947e+00
-5.093895175470233738e+00 -5.093895175225721772e+00 -5.093895174452505614e+00 -5.093895172007382399e+00 -5.093895164275224374e+00 -5.093895139823992224e+00 -5.093895062502419080e+00 -5.093894817990224588e+00 -5.093894044775679752e+00 -5.093891599665659520e+00 -5.093883867639459773e+00
