2.488842516970744434e+00 2.488842516970744434e+00 2.488842516970744434e+00 2.488842516970744878e+00 2.488842516970744878e+00 2.488842516970746210e+00 2.488842516970749319e+00 2.488842516970759977e+00 2.488842516970792840e+00 2.488842516970897645e+00 2.488842516971229379e+00
2.628695874733557591e+00 2.628695874733557591e+00 2.628695874733557591e+00 2.628695874733557591e+00 2.628695874733558036e+00 2.628695874733558924e+00 2.628695874733562476e+00 2.628695874733572690e+00 2.628695874733605997e+00 2.628695874733710802e+00 2.628695874734042093e+00
2.768540237715418240e+00 2.768540237715418240e+00 2.768540237715418240e+00 2.768540237715418240e+00 2.768540237715418684e+00 2.768540237715419572e+00 2.768540237715423125e+00 2.768540237715433339e+00 2.768540237715466645e+00 2.768540237715571450e+00 2.768540237715902741e+00
2.908367137959478210e+00 2.908367137959478210e+00 2.908367137959478654e+00 2.908367137959478654e+00 2.908367137959479098e+00 2.908367137959479987e+00 2.908367137959483095e+00 2.908367137959493753e+00 2.908367137959526616e+00 2.908367137959631421e+00 2.908367137959962712e+00
3.048165647573156001e+00 3.048165647573156001e+00 3.048165647573156001e+00 3.048165647573156445e+00 3.048165647573156445e+00 3.048165647573157777e+00 3.048165647573160886e+00 3.048165647573171544e+00 3.048165647573204851e+00 3.048165647573309212e+00 3.048165647573640502e+00
3.187921354831018128e+00 3.187921354831018128e+00 3.187921354831018128e+00 3.187921354831018128e+00 3.187921354831018572e+00 3.187921354831019460e+00 3.187921354831023013e+00 3.187921354831033227e+00 3.187921354831066090e+00 3.187921354831170895e+00 3.187921354831502185e+00
3.327614982019110101e+00 3.327614982019110101e+00 3.327614982019110101e+00 3.327614982019110546e+00 3.327614982019110546e+00 3.327614982019111878e+00 3.327614982019114986e+00 3.327614982019125645e+00 3.327614982019158507e+00 3.327614982019263312e+00 3.327614982019594603e+00
3.467220520950523799e+00 3.467220520950523799e+00 3.467220520950523799e+00 3.467220520950523799e+00 3.467220520950524243e+00 3.467220520950525575e+00 3.467220520950528684e+00 3.467220520950538898e+00 3.467220520950572205e+00 3.467220520950677010e+00 3.467220520951007856e+00
3.606702727308370715e+00 3.606702727308370715e+00 3.606702727308370715e+00 3.606702727308370715e+00 3.606702727308371159e+00 3.606702727308372047e+00 3.606702727308375600e+00 3.606702727308386258e+00 3.606702727308419121e+00 3.606702727308523926e+00 3.606702727308854772e+00
3.746013776722639133e+00 3.746013776722639133e+00 3.746013776722639133e+00 3.746013776722639133e+00 3.746013776722639133e+00 3.746013776722640465e+00 3.746013776722643573e+00 3.746013776722654232e+00 3.746013776722687094e+00 3.746013776722791899e+00 3.746013776723122746e+00
3.885088849923456156e+00 3.885088849923456156e+00 3.885088849923456156e+00 3.885088849923456156e+00 3.885088849923456600e+00 3.885088849923457932e+00 3.885088849923461041e+00 3.885088849923471699e+00 3.885088849923504561e+00 3.885088849923609366e+00 3.885088849923940213e+00
