1.129065768544597326e+01 1.129065772155456671e+01 1.129065783573992299e+01 1.129065819682526062e+01 1.129065933867273230e+01 1.129066294946417059e+01 1.129067436728357166e+01 1.129071046751326968e+01 1.129082453343681891e+01 1.129118338720504866e+01 1.129228467935063662e+01
1.138977623632357350e+01 1.138977627520006131e+01 1.138977639813824894e+01 1.138977678690230988e+01 1.138977801627592790e+01 1.138978190383226163e+01 1.138979419667164805e+01 1.138983306155840403e+01 1.138995582989349131e+01 1.139034138094899617e+01 1.139151560663675156e+01
1.148248902782471426e+01 1.148248907013156028e+01 1.148248920391746530e+01 1.148248962698477094e+01 1.148249096483224996e+01 1.148249519538699026e+01 1.148250857259568924e+01 1.148255086286306081e+01 1.148268440086948061e+01 1.148310276842311595e+01 1.148436522179826369e+01
1.156861718142051032e+01 1.156861722794439906e+01 1.156861737506572929e+01 1.156861784030296825e+01 1.156861931149958700e+01 1.156862396370098978e+01 1.156863867382800137e+01 1.156868517337383473e+01 1.156883192432083973e+01 1.156929019563033556e+01 1.157065775006819131e+01
1.164810537985102989e+01 1.164810543152398559e+01 1.164810559492803499e+01 1.164810611165514409e+01 1.164810774567091656e+01 1.164811291268835092e+01 1.164812925010481415e+01 1.164818088642457461e+01 1.164834372534632934e+01 1.164885001677109067e+01 1.165034073200341602e+01
1.172101290941868967e+01 1.172101296734220099e+01 1.172101315051214954e+01 1.172101372974355904e+01 1.172101556140555978e+01 1.172102135333446782e+01 1.172103966577391709e+01 1.172109753292459366e+01 1.172127982444521876e+01 1.172184329265690650e+01 1.172347562201964521e+01
1.178749902548253559e+01 1.178749909095464865e+01 1.178749929799521645e+01 1.178749995271060769e+01 1.178750202305827699e+01 1.178750856961518778e+01 1.178752926658598099e+01 1.178759465028530151e+01 1.178780030322197625e+01 1.178843106473179425e+01 1.179022243697040295e+01
1.184780511105849676e+01 1.184780518560359042e+01 1.184780542133518821e+01 1.184780616677707421e+01 1.184780852400167106e+01 1.184781597747859827e+01 1.184783953941917112e+01 1.184791394341897508e+01 1.184814745287945570e+01 1.184885634740054883e+01 1.185082081229656836e+01
1.190223579603680371e+01 1.190223588143753553e+01 1.190223615149727010e+01 1.190223700549013230e+01 1.190223970594128211e+01 1.190224824436083395e+01 1.190227523229673601e+01 1.190236040448496979e+01 1.190262686605605325e+01 1.190342496695545726e+01 1.190556949973219503e+01
1.195114069100011278e+01 1.195114078933070800e+01 1.195114110027757803e+01 1.195114208356009300e+01 1.195114519279185217e+01 1.195115502316765799e+01 1.195118608847300479e+01 1.195128404409489065e+01 1.195158911545950886e+01 1.195248684644987236e+01 1.195480583701287003e+01
1.199489783708578372e+01 1.199489795074537746e+01 1.199489831016566121e+01 1.199489944672320618e+01 1.199490304053788314e+01 1.199491440209443383e+01 1.199495029573165361e+01 1.199506333342453956e+01 1.199541310503903802e+01 1.199641876607149982e+01 1.199888624338568555e+01
