8.939018909291934989e+00 8.939019391509837931e+00 8.939020916401483774e+00 8.939025738379632102e+00 8.939040985285885199e+00 8.939089184925112619e+00 8.939241451296689789e+00 8.939721380959834818e+00 8.941222150535130808e+00 8.945767872802687037e+00 8.957660439091027271e+00
8.866378163982936655e+00 8.866378613067638526e+00 8.866380033187157395e+00 8.866384523889346170e+00 8.866398723635418477e+00 8.866443616139365602e+00 8.866585467571571400e+00 8.867032905627082684e+00 8.868435722628026596e+00 8.872729128011126676e+00 8.884476411518027916e+00
8.788088401796111171e+00 8.788088821483274415e+00 8.788090148642535127e+00 8.788094345407783337e+00 8.788107615935933481e+00 8.788149572925812336e+00 8.788282171009157651e+00 8.788700650912533163e+00 8.790015171035348018e+00 8.794068770736695129e+00 8.805536726738493414e+00
8.704190294800024930e+00 8.704190688813840282e+00 8.704191934788857665e+00 8.704195874847144410e+00 8.704208333798337804e+00 8.704247726379110262e+00 8.704372235481507403e+00 8.704765344949716876e+00 8.706001890183225456e+00 8.709836044992615101e+00 8.720957135685329931e+00
8.614811597214066197e+00 8.614811969125385716e+00 8.614813145207577350e+00 8.614816864259362106e+00 8.614828624466962737e+00 8.614865808833274130e+00 8.614983349127735224e+00 8.615354566586416851e+00 8.616523444852861147e+00 8.620162400498299959e+00 8.630915753419152736e+00
8.520168595936153721e+00 8.520168949070940911e+00 8.520170065777511681e+00 8.520173597076942329e+00 8.520184763657923099e+00 8.520220071799080586e+00 8.520331688893916677e+00 8.520684277361615599e+00 8.521795337150742000e+00 8.525264549431286198e+00 8.535659872404885107e+00
8.420561856995670169e+00 8.420562194380652343e+00 8.420563261282659084e+00 8.420566635093189589e+00 8.420577303720270024e+00 8.420611037891722717e+00 8.420717684696098715e+00 8.421054627714289254e+00 8.422116982161718113e+00 8.425441377925102060e+00 8.435506725835642428e+00
8.316365854735130014e+00 8.316366179070453057e+00 8.316367204706317295e+00 8.316370448026825457e+00 8.316380704058021323e+00 8.316413133985868456e+00 8.316515661436014284e+00 8.316839629271607137e+00 8.317861500540988828e+00 8.321064400445560949e+00 8.330837339069036673e+00
8.208012924720407000e+00 8.208013238371817621e+00 8.208014230222534735e+00 8.208017366708613594e+00 8.208027284935555556e+00 8.208058646992064666e+00 8.208157801155680389e+00 8.208471138673363754e+00 8.209459787248547968e+00 8.212562289930255943e+00 8.222083810796661396e+00
8.095972925610395166e+00 8.095973230615536309e+00 8.095974195124616912e+00 8.095977245151450674e+00 8.095986889996286351e+00 8.096017387803541965e+00 8.096113811596623577e+00 8.096418541710713512e+00 8.097380255806726268e+00 8.100400942249796898e+00 8.109711488782021860e+00
7.980730790406620478e+00 7.980731088491676672e+00 7.980732031117710790e+00 7.980735011946176627e+00 7.980744437985575424e+00 7.980774244059808176e+00 7.980868482318046020e+00 7.981166320708668493e+00 7.982106448465215109e+00 7.985061308506346656e+00 7.994198364601343698e+00
