-1.133268779212968091e+01 -1.083282432301720100e+01 -1.033286750680889732e+01 -9.832881163616551845e+00 -9.332885482367704100e+00 -8.832886848085671261e+00 -8.332887279964506178e+00 -7.832887416536674863e+00 -7.332887459724595658e+00 -6.832887473381816790e+00 -6.332887477700609224e+00
-1.127929814881622583e+01 -1.081521560629034084e+01 -1.032722101513403068e+01 -9.831087580309045393e+00 -9.332317494645961276e+00 -8.832707153708462045e+00 -8.332830447517775241e+00 -7.832869443729275183e+00 -7.332881776142878394e+00 -6.832885676067363079e+00 -6.332886909339059400e+00
-1.009823969880889827e+01 -1.004671326519739694e+01 -9.915164134134142770e+00 -9.653569227796875651e+00 -9.267811595850954376e+00 -8.811235711012894711e+00 -8.325923180253649747e+00 -7.830673077174747476e+00 -7.332186002668764857e+00 -6.832665530662594300e+00 -6.332817280985701736e+00
-8.344732411838334585e+00 -8.343768452674858338e+00 -8.340734151315233547e+00 -8.331276031702183005e+00 -8.302654366322926194e+00 -8.222862929201312454e+00 -8.037959733135915386e+00 -7.716477900336851548e+00 -7.292597935792190178e+00 -6.819738210213357021e+00 -6.328686114081221170e+00
-6.830824657730226512e+00 -6.830795103600491025e+00 -6.830701658469950033e+00 -6.830406291273120267e+00 -6.829473578023739222e+00 -6.826537193992319175e+00 -6.817380074440994697e+00 -6.789631528777587022e+00 -6.711998711616051772e+00 -6.530831697899181165e+00 -6.213063231695071131e+00
-5.541876527117580942e+00 -5.541875007675685083e+00 -5.541870202813504953e+00 -5.541855008855010922e+00 -5.541806964837509675e+00 -5.541655071282847622e+00 -5.541175091009283626e+00 -5.539660741830831014e+00 -5.534906407311456888e+00 -5.520205519641165459e+00 -5.476744288165404484e+00
-4.444751967407690962e+00 -4.444751845912059629e+00 -4.444751461709363305e+00 -4.444750246755996059e+00 -4.444746404758475045e+00 -4.444734255519219523e+00 -4.444695838487920270e+00 -4.444574375528005383e+00 -4.444190499336122535e+00 -4.442978804476094723e+00 -4.439169187108454651e+00
-3.510908997001999321e+00 -3.510908982853146121e+00 -3.510908938110545829e+00 -3.510908796622052019e+00 -3.510908349196451450e+00 -3.510906934315503491e+00 -3.510902460099425859e+00 -3.510888311689223329e+00 -3.510843573520888938e+00 -3.510702129333032495e+00 -3.510255146467264886e+00
-2.716032264907997540e+00 -2.716032262638837125e+00 -2.716032255463120659e+00 -2.716032232771513399e+00 -2.716032161014359403e+00 -2.716031934098392053e+00 -2.716031216527877934e+00 -2.716028947378474445e+00 -2.716021771776034210e+00 -2.715999081308956509e+00 -2.715927335552781763e+00
-2.039382374801760545e+00 -2.039382374323892577e+00 -2.039382372812740929e+00 -2.039382368034059922e+00 -2.039382352922543884e+00 -2.039382305135739148e+00 -2.039382154020628057e+00 -2.039381676153034118e+00 -2.039380165006478229e+00 -2.039375386376086841e+00 -2.039360275365981856e+00
-1.463193222637333202e+00 -1.463193222510438263e+00 -1.463193222109161917e+00 -1.463193220840214526e+00 -1.463193216827450849e+00 -1.463193204137977377e+00 -1.463193164010342162e+00 -1.463193037115641859e+00 -1.463192635839609679e+00 -1.463191366895818080e+00 -1.463187354167613696e+00
