6.170510209744610286e+00 6.170510209744610286e+00 6.170510209744610286e+00 6.170510209744610286e+00 6.170510209744610286e+00 6.170510209744610286e+00 6.170510209744610286e+00 6.170510209744610286e+00 6.170510209744610286e+00 6.170510209744610286e+00 6.170510209744610286e+00
6.041819922986242375e+00 6.041819922986242375e+00 6.041819922986242375e+00 6.041819922986242375e+00 6.041819922986242375e+00 6.041819922986242375e+00 6.041819922986242375e+00 6.041819922986242375e+00 6.041819922986242375e+00 6.041819922986242375e+00 6.041819922986242375e+00
5.913118125474807307e+00 5.913118125474807307e+00 5.913118125474807307e+00 5.913118125474807307e+00 5.913118125474807307e+00 5.913118125474807307e+00 5.913118125474807307e+00 5.913118125474807307e+00 5.913118125474807307e+00 5.913118125474807307e+00 5.913118125474807307e+00
5.784403902349913196e+00 5.784403902349913196e+00 5.784403902349913196e+00 5.784403902349913196e+00 5.784403902349913196e+00 5.784403902349913196e+00 5.784403902349913196e+00 5.784403902349913196e+00 5.784403902349913196e+00 5.784403902349913196e+00 5.784403902349913196e+00
5.655675260787193181e+00 5.655675260787193181e+00 5.655675260787193181e+00 5.655675260787193181e+00 5.655675260787193181e+00 5.655675260787193181e+00 5.655675260787193181e+00 5.655675260787193181e+00 5.655675260787193181e+00 5.655675260787193181e+00 5.655675260787193181e+00
5.526928955268346932e+00 5.526928955268346932e+00 5.526928955268346932e+00 5.526928955268346932e+00 5.526928955268346932e+00 5.526928955268346932e+00 5.526928955268346932e+00 5.526928955268346932e+00 5.526928955268346932e+00 5.526928955268346932e+00 5.526928955268346932e+00
5.398160203445154792e+00 5.398160203445154792e+00 5.398160203445154792e+00 5.398160203445154792e+00 5.398160203445154792e+00 5.398160203445154792e+00 5.398160203445154792e+00 5.398160203445154792e+00 5.398160203445154792e+00 5.398160203445154792e+00 5.398160203445154792e+00
5.269362266871177702e+00 5.269362266871177702e+00 5.269362266871177702e+00 5.269362266871177702e+00 5.269362266871177702e+00 5.269362266871177702e+00 5.269362266871177702e+00 5.269362266871177702e+00 5.269362266871177702e+00 5.269362266871177702e+00 5.269362266871177702e+00
5.140525860324123286e+00 5.140525860324123286e+00 5.140525860324123286e+00 5.140525860324123286e+00 5.140525860324123286e+00 5.140525860324123286e+00 5.140525860324123286e+00 5.140525860324123286e+00 5.140525860324123286e+00 5.140525860324123286e+00 5.140525860324123286e+00
5.011638334539695094e+00 5.011638334539695094e+00 5.011638334539695094e+00 5.011638334539695094e+00 5.011638334539695094e+00 5.011638334539695094e+00 5.011638334539695094e+00 5.011638334539695094e+00 5.011638334539695094e+00 5.011638334539695094e+00 5.011638334539695094e+00
4.882682563642614326e+00 4.882682563642614326e+00 4.882682563642614326e+00 4.882682563642614326e+00 4.882682563642614326e+00 4.882682563642614326e+00 4.882682563642614326e+00 4.882682563642614326e+00 4.882682563642614326e+00 4.882682563642614326e+00 4.882682563642614326e+00
