7.751610430577289712e+00 7.751610430598693036e+00 7.751610430666376672e+00 7.751610430880410796e+00 7.751610431557247161e+00 7.751610433697591063e+00 7.751610440465952934e+00 7.751610461869392843e+00 7.751610529553005335e+00 7.751610743587302288e+00 7.751611420422404919e+00
7.628346724009344548e+00 7.628346724030539150e+00 7.628346724097562870e+00 7.628346724309511551e+00 7.628346724979750526e+00 7.628346727099233782e+00 7.628346733801626200e+00 7.628346754996452539e+00 7.628346822020370510e+00 7.628347033968536195e+00 7.628347704206745128e+00
7.503824575553662335e+00 7.503824575574697064e+00 7.503824575641213634e+00 7.503824575851559153e+00 7.503824576516728406e+00 7.503824578620179153e+00 7.503824585271872571e+00 7.503824606306375600e+00 7.503824672823305342e+00 7.503824883168236148e+00 7.503825548336599205e+00
7.378313922280230308e+00 7.378313922301142469e+00 7.378313922367270905e+00 7.378313922576388961e+00 7.378313923237677763e+00 7.378313925328855660e+00 7.378313931941741011e+00 7.378313952853521762e+00 7.378314018982369937e+00 7.378314228100081529e+00 7.378314889387652897e+00
7.252035542443681315e+00 7.252035542464499329e+00 7.252035542530331114e+00 7.252035542738512142e+00 7.252035543396835315e+00 7.252035545478636713e+00 7.252035552061872004e+00 7.252035572879887759e+00 7.252035638712226451e+00 7.252035846892295190e+00 7.252036505214793038e+00
7.125166479008494314e+00 7.125166479029241273e+00 7.125166479094846572e+00 7.125166479302309952e+00 7.125166479958366494e+00 7.125166482032998516e+00 7.125166488593563052e+00 7.125166509339886822e+00 7.125166574945518860e+00 7.125166782408673960e+00 7.125167438464105274e+00
6.997846403988015496e+00 6.997846404008706500e+00 6.997846404074138604e+00 6.997846404281051313e+00 6.997846404935367914e+00 6.997846407004496783e+00 6.997846413547657463e+00 6.997846434238947921e+00 6.997846499670545839e+00 6.997846706583360721e+00 6.997847360898470370e+00
6.870184054394281148e+00 6.870184054414929520e+00 6.870184054480226621e+00 6.870184054686713004e+00 6.870184055339682239e+00 6.870184057404551403e+00 6.870184063934241969e+00 6.870184084582935391e+00 6.870184149879829505e+00 6.870184356366674017e+00 6.870185009334754511e+00
6.742263190459584443e+00 6.742263190480199064e+00 6.742263190545390472e+00 6.742263190751542901e+00 6.742263191403455203e+00 6.742263193464981264e+00 6.742263199984101618e+00 6.742263220599366669e+00 6.742263285790552452e+00 6.742263491943118581e+00 6.742264143854121983e+00
6.614147794808889813e+00 6.614147794829478677e+00 6.614147794894585708e+00 6.614147795100469907e+00 6.614147795751534886e+00 6.614147797810383977e+00 6.614147804321033774e+00 6.614147824909517581e+00 6.614147890016011999e+00 6.614148095900759472e+00 6.614148746964851888e+00
6.485886424343586754e+00 6.485886424364152525e+00 6.485886424429189390e+00 6.485886424634853320e+00 6.485886425285220191e+00 6.485886427341859495e+00 6.485886433845526433e+00 6.485886454411923019e+00 6.485886519448576415e+00 6.485886725112465889e+00 6.485887375478146311e+00
