8.701508938127572534e+00 8.701508938127572534e+00 8.701508938127572534e+00 8.701508938127572534e+00 8.701508938127572534e+00 8.701508938127572534e+00 8.701508938127572534e+00 8.701508938127572534e+00 8.701508938127572534e+00 8.701508938127570758e+00 8.701508938127570758e+00
8.685378311904512927e+00 8.685378311904512927e+00 8.685378311904512927e+00 8.685378311904512927e+00 8.685378311904512927e+00 8.685378311904512927e+00 8.685378311904512927e+00 8.685378311904512927e+00 8.685378311904512927e+00 8.685378311904512927e+00 8.685378311904512927e+00
8.666645499533604635e+00 8.666645499533604635e+00 8.666645499533604635e+00 8.666645499533604635e+00 8.666645499533604635e+00 8.666645499533604635e+00 8.666645499533604635e+00 8.666645499533604635e+00 8.666645499533604635e+00 8.666645499533604635e+00 8.666645499533604635e+00
8.645017584297615798e+00 8.645017584297615798e+00 8.645017584297615798e+00 8.645017584297615798e+00 8.645017584297615798e+00 8.645017584297615798e+00 8.645017584297615798e+00 8.645017584297615798e+00 8.645017584297615798e+00 8.645017584297615798e+00 8.645017584297615798e+00
8.620190437056665544e+00 8.620190437056665544e+00 8.620190437056665544e+00 8.620190437056665544e+00 8.620190437056665544e+00 8.620190437056665544e+00 8.620190437056665544e+00 8.620190437056665544e+00 8.620190437056665544e+00 8.620190437056665544e+00 8.620190437056665544e+00
8.591851551031778556e+00 8.591851551031778556e+00 8.591851551031778556e+00 8.591851551031778556e+00 8.591851551031778556e+00 8.591851551031778556e+00 8.591851551031778556e+00 8.591851551031778556e+00 8.591851551031778556e+00 8.591851551031778556e+00 8.591851551031778556e+00
8.559683580987952567e+00 8.559683580987952567e+00 8.559683580987952567e+00 8.559683580987952567e+00 8.559683580987952567e+00 8.559683580987952567e+00 8.559683580987952567e+00 8.559683580987952567e+00 8.559683580987952567e+00 8.559683580987952567e+00 8.559683580987952567e+00
8.523368779943023554e+00 8.523368779943023554e+00 8.523368779943023554e+00 8.523368779943023554e+00 8.523368779943023554e+00 8.523368779943023554e+00 8.523368779943023554e+00 8.523368779943023554e+00 8.523368779943023554e+00 8.523368779943023554e+00 8.523368779943025331e+00
8.482594541466834670e+00 8.482594541466834670e+00 8.482594541466834670e+00 8.482594541466834670e+00 8.482594541466834670e+00 8.482594541466834670e+00 8.482594541466834670e+00 8.482594541466834670e+00 8.482594541466834670e+00 8.482594541466834670e+00 8.482594541466836446e+00
8.437060233658785435e+00 8.437060233658785435e+00 8.437060233658785435e+00 8.437060233658785435e+00 8.437060233658785435e+00 8.437060233658785435e+00 8.437060233658785435e+00 8.437060233658785435e+00 8.437060233658785435e+00 8.437060233658785435e+00 8.437060233658785435e+00
8.386485443390043315e+00 8.386485443390043315e+00 8.386485443390043315e+00 8.386485443390043315e+00 8.386485443390043315e+00 8.386485443390043315e+00 8.386485443390043315e+00 8.386485443390043315e+00 8.386485443390043315e+00 8.386485443390043315e+00 8.386485443390043315e+00
