7.747917316017550959e+00 8.052427276149717983e+00 8.290989016929488642e+00 8.448235930636915469e+00 8.504257491497229537e+00 8.430628217101618915e+00 8.202619367455110222e+00 7.828770246379265885e+00 7.365013977326142047e+00 6.871136812110163028e+00 6.371881625698818219e+00
7.853215341837126218e+00 8.148648266039867138e+00 8.377226724541099401e+00 8.522887444903517462e+00 8.564406547613401699e+00 8.472644238061521449e+00 8.225162028035315487e+00 7.836539186738151308e+00 7.366511136832346374e+00 6.871318406888949681e+00 6.371899662039719026e+00
7.959711930086988296e+00 8.245737386910667155e+00 8.463942659732522245e+00 8.597460377593375114e+00 8.623698070506531366e+00 8.513026448734336782e+00 8.245878995860671523e+00 7.843208305706011352e+00 7.367709426848184862e+00 6.871458518717179942e+00 6.371913381870433213e+00
8.067058168656796369e+00 8.343356475714006848e+00 8.550801032834607796e+00 8.671606967559885248e+00 8.681784021626416603e+00 8.551499386611288500e+00 8.264677016801936560e+00 7.848840964482287852e+00 7.368654559166095019e+00 6.871565470871498604e+00 6.371923708766295213e+00
8.174951050446541245e+00 8.441210100358976121e+00 8.637503048662020788e+00 8.745011613904148717e+00 8.738350803847540149e+00 8.587834163477632288e+00 8.281516175385249312e+00 7.853523619259735078e+00 7.369390264971334759e+00 6.871646354608812679e+00 6.371931407242815482e+00
8.283128757164172740e+00 8.539040598175802188e+00 8.723781906020571242e+00 8.817386653072244229e+00 8.793116612138902610e+00 8.621847413262189619e+00 8.296405434663371992e+00 7.857357406588882043e+00 7.369956281298552625e+00 6.871707029907853759e+00 6.371937094844007277e+00
8.391366041216429039e+00 8.636623165606842178e+00 8.809397907158238894e+00 8.888468375983219261e+00 8.845829341685398362e+00 8.653400291675252376e+00 8.309397278179686097e+00 7.860450445756218762e+00 7.370387280816256492e+00 6.871752223413864158e+00 6.371941260656651451e+00
8.499469811871939839e+00 8.733761118052520089e+00 8.894133795516244945e+00 8.958013401114838459e+00 8.896265066842426350e+00 8.682397526296840695e+00 8.320581523548263192e+00 7.862911254872273936e+00 7.370712535127976750e+00 6.871785674079181838e+00 6.371944285819552078e+00
8.607274969222707739e+00 8.830281374521989690e+00 8.977790378432741747e+00 9.025795465887156865e+00 8.944227203306120089e+00 8.708786448330993579e+00 8.330078421871849770e+00 7.864843541660083481e+00 7.370956090288779627e+00 6.871810293113856716e+00 6.371946463377766712e+00
8.714640484844723645e+00 8.926030174587404886e+00 9.060182446998478412e+00 9.091602663408894003e+00 8.989545080432284507e+00 8.732555885078397750e+00 8.338031230498380353e+00 7.866342475653895328e+00 7.371137255125288057e+00 6.871828318049204576e+00 6.371948016094814982e+00
8.821445694896125289e+00 9.020868999335066363e+00 9.141134973780623341e+00 9.155235131944182925e+00 9.032074287406871349e+00 8.753734749364681988e+00 8.344598529186262326e+00 7.867492399155658234e+00 7.371271242978362004e+00 6.871841450348768809e+00 6.371949111661749043e+00
