-1.663463196453948711e+01 -1.713462920143891211e+01 -1.763462832766409605e+01 -1.813462805135166889e+01 -1.863462796397395138e+01 -1.913462793634268522e+01 -1.963462792760491027e+01 -2.013462792484178365e+01 -2.063462792396800438e+01 -2.113462792369169208e+01 -2.163462792360431308e+01
-1.663463196453589532e+01 -1.713462920143777524e+01 -1.763462832766373722e+01 -1.813462805135155520e+01 -1.863462796397391230e+01 -1.913462793634267101e+01 -1.963462792760490672e+01 -2.013462792484178010e+01 -2.063462792396800438e+01 -2.113462792369169208e+01 -2.163462792360431308e+01
-1.663463196453172799e+01 -1.713462920143645718e+01 -1.763462832766331800e+01 -1.813462805135142375e+01 -1.863462796397387322e+01 -1.913462793634266035e+01 -1.963462792760489961e+01 -2.013462792484178010e+01 -2.063462792396800438e+01 -2.113462792369169208e+01 -2.163462792360431308e+01
-1.663463196452689630e+01 -1.713462920143492596e+01 -1.763462832766283483e+01 -1.813462805135127098e+01 -1.863462796397382348e+01 -1.913462793634264258e+01 -1.963462792760489606e+01 -2.013462792484177655e+01 -2.063462792396800438e+01 -2.113462792369169208e+01 -2.163462792360431308e+01
-1.663463196452129367e+01 -1.713462920143314960e+01 -1.763462832766227351e+01 -1.813462805135109335e+01 -1.863462796397376664e+01 -1.913462793634262482e+01 -1.963462792760489251e+01 -2.013462792484177655e+01 -2.063462792396800438e+01 -2.113462792369169208e+01 -2.163462792360431308e+01
-1.663463196451480286e+01 -1.713462920143109258e+01 -1.763462832766162336e+01 -1.813462805135088729e+01 -1.863462796397370269e+01 -1.913462793634260350e+01 -1.963462792760488540e+01 -2.013462792484177299e+01 -2.063462792396800083e+01 -2.113462792369169208e+01 -2.163462792360431308e+01
-1.663463196450727821e+01 -1.713462920142870871e+01 -1.763462832766086663e+01 -1.813462805135064571e+01 -1.863462796397362808e+01 -1.913462793634258219e+01 -1.963462792760487829e+01 -2.013462792484177299e+01 -2.063462792396800083e+01 -2.113462792369169208e+01 -2.163462792360431308e+01
-1.663463196449855630e+01 -1.713462920142594115e+01 -1.763462832765999266e+01 -1.813462805135036859e+01 -1.863462796397353927e+01 -1.913462793634255377e+01 -1.963462792760486764e+01 -2.013462792484176944e+01 -2.063462792396800083e+01 -2.113462792369169208e+01 -2.163462792360431308e+01
-1.663463196448844883e+01 -1.713462920142273305e+01 -1.763462832765897659e+01 -1.813462805135004885e+01 -1.863462796397343624e+01 -1.913462793634252179e+01 -1.963462792760485698e+01 -2.013462792484176589e+01 -2.063462792396800083e+01 -2.113462792369169208e+01 -2.163462792360431308e+01
-1.663463196447673553e+01 -1.713462920141901336e+01 -1.763462832765779709e+01 -1.813462805134967581e+01 -1.863462796397331900e+01 -1.913462793634248271e+01 -1.963462792760484632e+01 -2.013462792484176234e+01 -2.063462792396799728e+01 -2.113462792369168852e+01 -2.163462792360431308e+01
-1.663463196446316061e+01 -1.713462920141470036e+01 -1.763462832765643284e+01 -1.813462805134924594e+01 -1.863462796397318399e+01 -1.913462793634244008e+01 -1.963462792760483211e+01 -2.013462792484175878e+01 -2.063462792396799728e+01 -2.113462792369168852e+01 -2.163462792360431308e+01
