-1.572870980100809213e+01 -1.538884144495510675e+01 -1.495667375888628037e+01 -1.449754803285274996e+01 -1.414811768246213930e+01 -1.422527429757360551e+01 -1.464491740645426887e+01 -1.513575265526971592e+01 -1.563476697986488873e+01 -1.613465018911477245e+01 -1.663463279302034081e+01
-1.585949424549860964e+01 -1.551861636703699254e+01 -1.508544308829935687e+01 -1.462163614013646473e+01 -1.424085830006664288e+01 -1.425224723001400839e+01 -1.464828676826242848e+01 -1.513609807530722406e+01 -1.563480142414861973e+01 -1.613465357097896913e+01 -1.663463311101220654e+01
-1.599064395844539810e+01 -1.564860628845089430e+01 -1.521446989782362280e+01 -1.474706231662065825e+01 -1.434084217355219515e+01 -1.428605387830311990e+01 -1.465278192804442980e+01 -1.513656298258788091e+01 -1.563484786153998485e+01 -1.613465814255268782e+01 -1.663463354467021915e+01
-1.612222104039212311e+01 -1.577883871451261300e+01 -1.534373393835925903e+01 -1.487353205064153627e+01 -1.444702365187612081e+01 -1.432772064680931834e+01 -1.465876137689010683e+01 -1.513718858537387035e+01 -1.563491046395835227e+01 -1.613466431871959728e+01 -1.663463413455621165e+01
-1.625429632547495018e+01 -1.590934665494155276e+01 -1.547322731685291686e+01 -1.500082370322552272e+01 -1.455836775961135210e+01 -1.437811791447593457e+01 -1.466668460088261128e+01 -1.513803027505109000e+01 -1.563499488190057463e+01 -1.613467266654981813e+01 -1.663463493766616352e+01
-1.638695351504561515e+01 -1.604017012410017173e+01 -1.560295168555855660e+01 -1.512877406377087652e+01 -1.467392227375203895e+01 -1.443784557619103737e+01 -1.467713023678766326e+01 -1.513916219973530808e+01 -1.563510870345464987e+01 -1.613468393995246686e+01 -1.663463602721652990e+01
-1.652028904911211526e+01 -1.617135573564728190e+01 -1.573291808055812524e+01 -1.525726556100038778e+01 -1.479285652795786810e+01 -1.450714551651534734e+01 -1.469081199873080834e+01 -1.514068374871739309e+01 -1.563526222430146007e+01 -1.613469917382957419e+01 -1.663463750725982138e+01
-1.665441070295986137e+01 -1.630295574208777509e+01 -1.586314451178876794e+01 -1.538621720786713354e+01 -1.491447715512318695e+01 -1.458586445073298599e+01 -1.470858434299948669e+01 -1.514272745156040756e+01 -1.563546930653628131e+01 -1.613471975370516631e+01 -1.663463951410525610e+01
-1.678943979542349751e+01 -1.643502868344404888e+01 -1.599365521644830324e+01 -1.551557628283194035e+01 -1.503822445061740076e+01 -1.467348071154179046e+01 -1.473143321417020069e+01 -1.514546977078215484e+01 -1.563574874590192820e+01 -1.613474757523448844e+01 -1.663464223873425141e+01
-1.692553411748156833e+01 -1.656764905608355676e+01 -1.612448556785018283e+01 -1.564531309147765015e+01 -1.516366005364176850e+01 -1.476918736832274348e+01 -1.476044032804950312e+01 -1.514914400137805472e+01 -1.563612587417844146e+01 -1.613478518224631841e+01 -1.663464593224832910e+01
-1.706279421616099157e+01 -1.670086568343807443e+01 -1.625566287076877359e+01 -1.577541661833264719e+01 -1.529044972692181581e+01 -1.487200488421263600e+01 -1.479671803679139153e+01 -1.515405697202342417e+01 -1.563663498257617057e+01 -1.613483603597379457e+01 -1.663465093884064316e+01
