-7.349528627608737708e+00 -7.349528556164457882e+00 -7.349528330237884433e+00 -7.349527615796104030e+00 -7.349525356540556054e+00 -7.349518212224555036e+00 -7.349495620687096498e+00 -7.349424187705975164e+00 -7.349198374078538265e+00 -7.348485060420506088e+00 -7.346237044209853906e+00
-7.190817826118794720e+00 -7.190817769753024002e+00 -7.190817591508857021e+00 -7.190817027851790222e+00 -7.190815245416454893e+00 -7.190809608909158435e+00 -7.190791785189468932e+00 -7.190735426452476098e+00 -7.190557252594875770e+00 -7.189994297970119241e+00 -7.188218866448996991e+00
-7.041603490538855148e+00 -7.041603444131633971e+00 -7.041603297379147364e+00 -7.041602833307364584e+00 -7.041601365786795519e+00 -7.041596725111919142e+00 -7.041582050335766674e+00 -7.041535647882025906e+00 -7.041388943059291528e+00 -7.040925347548119717e+00 -7.039462578187467123e+00
-6.899640869677292621e+00 -6.899640830051391838e+00 -6.899640704743315922e+00 -6.899640308484625173e+00 -6.899639055406997734e+00 -6.899635092851405638e+00 -6.899622562388312730e+00 -6.899582939963944561e+00 -6.899457666641472642e+00 -6.899061755257192452e+00 -6.897812143526711459e+00
-6.763166083857806932e+00 -6.763166048956981591e+00 -6.763165938590899096e+00 -6.763165589582887272e+00 -6.763164485924494151e+00 -6.763160995868670256e+00 -6.763149959527680721e+00 -6.763115061398730532e+00 -6.763004722276852121e+00 -6.762655983713646179e+00 -6.761555014904555350e+00
-6.630792284903963107e+00 -6.630792253347176590e+00 -6.630792153555872481e+00 -6.630791837988208925e+00 -6.630790840077146697e+00 -6.630787684420376138e+00 -6.630777705508370090e+00 -6.630746150926754012e+00 -6.630646381663908961e+00 -6.630331034306190752e+00 -6.629335322673265196e+00
-6.501425674606138294e+00 -6.501425645435149114e+00 -6.501425553188393991e+00 -6.501425261478668283e+00 -6.501424339012810805e+00 -6.501421421932533029e+00 -6.501412197443681151e+00 -6.501383028338032943e+00 -6.501290800418037641e+00 -6.500999278956916427e+00 -6.500078692874915909e+00
-6.374199529226309835e+00 -6.374199501757206399e+00 -6.374199414892285809e+00 -6.374199140201404212e+00 -6.374198271553706441e+00 -6.374195524659934442e+00 -6.374186838333462113e+00 -6.374159370900630783e+00 -6.374072522682458164e+00 -6.373797998744621829e+00 -6.372931018099556866e+00
-6.248423458508977291e+00 -6.248423432241870579e+00 -6.248423349177997466e+00 -6.248423086507068902e+00 -6.248422255869705566e+00 -6.248419629174184919e+00 -6.248411322938171253e+00 -6.248385057359040928e+00 -6.248302008757592674e+00 -6.248039490487557579e+00 -6.247210377614839771e+00
-6.123544982358741784e+00 -6.123544956921142202e+00 -6.123544876480401022e+00 -6.123544622104537538e+00 -6.123543817698410052e+00 -6.123541273952688435e+00 -6.123533230020470342e+00 -6.123507793853790737e+00 -6.123427367435132496e+00 -6.123173134743892909e+00 -6.122370158431866827e+00
-5.999120747981420365e+00 -5.999120723091749596e+00 -5.999120644383707734e+00 -5.999120395487119062e+00 -5.999119608407937676e+00 -5.999117119454411728e+00 -5.999109248786154147e+00 -5.999084360486440559e+00 -5.999005666157541938e+00 -5.998756906641394160e+00 -5.997971196400104787e+00
