8.996040278530506029e+00 8.566369509255762793e+00 8.100461780391739808e+00 7.614433413204516832e+00 7.119463822750275561e+00 6.621142519402442694e+00 6.121683759250163170e+00 5.621856022725536306e+00 5.121910610573086942e+00 4.621927884184965585e+00 4.121933347725223129e+00
8.996039625872656487e+00 8.566369327248459342e+00 8.100461736849322136e+00 7.614433403127010891e+00 7.119463820185046643e+00 6.621142518670317223e+00 6.121683759027336080e+00 5.621856022655970619e+00 5.121910610551179133e+00 4.621927884178047563e+00 4.121933347723035546e+00
8.996038761205891632e+00 8.566369089332473763e+00 8.100461681302416395e+00 7.614433390709530514e+00 7.119463817122962723e+00 6.621142517811916761e+00 6.121683758767964889e+00 5.621856022575197898e+00 5.121910610525763019e+00 4.621927884170021983e+00 4.121933347720499796e+00
8.996037613501473018e+00 8.566368777321496708e+00 8.100461610091892695e+00 7.614433375326395748e+00 7.119463813454604662e+00 6.621142516803847577e+00 6.121683758465882086e+00 5.621856022481396487e+00 5.121910610496274607e+00 4.621927884160714761e+00 4.121933347717558149e+00
8.996036087569029505e+00 8.566368366932055167e+00 8.100461518373428760e+00 7.614433356165093869e+00 7.119463809042706259e+00 6.621142515617867375e+00 6.121683758113821483e+00 5.621856022372440087e+00 5.121910610462059310e+00 4.621927884149918953e+00 4.121933347714146656e+00
8.996034055778453720e+00 8.566367825708720574e+00 8.100461399721035960e+00 7.614433332166463231e+00 7.119463803714129568e+00 6.621142514219727992e+00 6.121683757703205053e+00 5.621856022245848017e+00 5.121910610422356847e+00 4.621927884137397413e+00 4.121933347710189821e+00
8.996031346936819162e+00 8.566367110238360283e+00 8.100461245595766968e+00 7.614433301944993460e+00 7.119463797249328429e+00 6.621142512567697480e+00 6.121683757223874700e+00 5.621856022098723038e+00 5.121910610376281703e+00 4.621927884122872143e+00 4.121933347705601491e+00
8.996027731341690981e+00 8.566366162409021712e+00 8.100461044633497920e+00 7.614433263682482078e+00 7.119463789368460027e+00 6.621142510610670939e+00 6.121683756663775178e+00 5.621856021927675862e+00 5.121910610322806257e+00 4.621927884106023399e+00 4.121933347700279526e+00
8.996022900696029723e+00 8.566364904385022072e+00 8.100460781689708512e+00 7.614433214986012999e+00 7.119463779713058216e+00 6.621142508285744022e+00 6.121683756008551747e+00 5.621856021728740771e+00 5.121910610260732355e+00 4.621927884086477256e+00 4.121933347694106686e+00
8.996016441118520390e+00 8.566363231856787053e+00 8.100460436557906263e+00 7.614433152698105722e+00 7.119463767821769373e+00 6.621142505515065224e+00 6.121683755241057234e+00 5.621856021497265488e+00 5.121910610188669111e+00 4.621927884063802949e+00 4.121933347686947968e+00
8.996007796877766083e+00 8.566361004972328885e+00 8.100459982249681445e+00 7.614433072642714961e+00 7.119463753098179915e+00 6.621142502201765367e+00 6.121683754340725869e+00 5.621856021227788602e+00 5.121910610104992045e+00 4.621927884037496881e+00 4.121933347678644388e+00
