5.532687968584497185e+00 5.844339293925027157e+00 6.082521587679623032e+00 6.235914185089071360e+00 6.285368797354497161e+00 6.203073660199585504e+00 5.965133381057874828e+00 5.583370886952698342e+00 5.115998011338582785e+00 4.621258498453586938e+00 4.121863272195985139e+00
5.371631720934356480e+00 5.696350179268939939e+00 5.949235310893854489e+00 6.119814271476496259e+00 6.190976493020263760e+00 6.135758661270655168e+00 5.927782175676866494e+00 5.569804506146465606e+00 5.113224273870089043e+00 4.620906647018546032e+00 4.121826140381420700e+00
5.198832707914495366e+00 5.537051475732857497e+00 5.805110097542395486e+00 5.993220663263024051e+00 6.086110972514282125e+00 6.058562975513672733e+00 5.882282022372938179e+00 5.551583017153328470e+00 5.109045617667949735e+00 4.620337675073030503e+00 4.121765097426822066e+00
5.012031604606264956e+00 5.364275734314045252e+00 5.648099871439371533e+00 5.854242548528377554e+00 5.969156745281842369e+00 5.969746574184432220e+00 5.826849033878014339e+00 5.527154329163145086e+00 5.102711068771810687e+00 4.619395181587114152e+00 4.121661307840594368e+00
4.808427707638752047e+00 5.175325913668652689e+00 5.475641027594617682e+00 5.700494283041019905e+00 5.837887913368551729e+00 5.867129260703562998e+00 5.759245383225935377e+00 5.494459821399462207e+00 5.093063508701995090e+00 4.617795055158463668e+00 4.121477928703197513e+00
4.584550202440225597e+00 4.966837858936198558e+00 5.284515105864738160e+00 5.528958855037433118e+00 5.689485438130015282e+00 5.747966004835419973e+00 5.676649153845888307e+00 5.450774762016009412e+00 5.078332969545095388e+00 4.615013233947314220e+00 4.121139648747448980e+00
4.336128213300455947e+00 4.734608542098776240e+00 5.070677095499219078e+00 5.335814288470761113e+00 5.520369640622518226e+00 5.608789306010661058e+00 5.575492635445109535e+00 5.392507392380051279e+00 5.055845411749713136e+00 4.610075818344714804e+00 4.120485530276411623e+00
4.058026802822715773e+00 4.473385611827885633e+00 4.829044557503893387e+00 5.116216214686235553e+00 5.325986782505072625e+00 5.445211042313059302e+00 5.451266718840445336e+00 5.314956311908812125e+00 5.021634708050855878e+00 4.601180070802564082e+00 4.119157346353667037e+00
3.744410982800447485e+00 4.176623649190296383e+00 4.553244257714392340e+00 4.864031903552432645e+00 5.100540213176077309e+00 5.251674432039863838e+00 5.298058093088881648e+00 5.212035542115124542e+00 4.969965423551839123e+00 4.585053046473762883e+00 4.116333239959687695e+00
3.389334608859483122e+00 3.836270082603679299e+00 4.235314127084370384e+00 4.571525986120650309e+00 4.836657949722965810e+00 5.021143604919036996e+00 5.109448348975970333e+00 5.075991001008657300e+00 4.892812561548055328e+00 4.555975842862674874e+00 4.110109450198729419e+00
2.987659004484514380e+00 3.442894095070238691e+00 3.865360926734775937e+00 4.229005094836736589e+00 4.524994385966825128e+00 4.744713611411162546e+00 4.875876325233610586e+00 4.897143983597497474e+00 4.779400208359056990e+00 4.504530728442051490e+00 4.096178564171912839e+00
