-1.280390197937508390e+01 -1.280390197937500041e+01 -1.280390197937473395e+01 -1.280390197937389196e+01 -1.280390197937122743e+01 -1.280390197936280750e+01 -1.280390197933617813e+01 -1.280390197925196993e+01 -1.280390197898567983e+01 -1.280390197814359610e+01 -1.280390197548069509e+01
-1.302226397800335711e+01 -1.302226397800325586e+01 -1.302226397800293434e+01 -1.302226397800191826e+01 -1.302226397799870838e+01 -1.302226397798855473e+01 -1.302226397795644885e+01 -1.302226397785491585e+01 -1.302226397753384468e+01 -1.302226397651852885e+01 -1.302226397330781893e+01
-1.325742892442085186e+01 -1.325742892442072574e+01 -1.325742892442032428e+01 -1.325742892441905596e+01 -1.325742892441504495e+01 -1.325742892440235998e+01 -1.325742892436224807e+01 -1.325742892423540376e+01 -1.325742892383428462e+01 -1.325742892256583971e+01 -1.325742891855466077e+01
-1.351435253840567619e+01 -1.351435253840550921e+01 -1.351435253840498518e+01 -1.351435253840332607e+01 -1.351435253839807515e+01 -1.351435253838147688e+01 -1.351435253832898553e+01 -1.351435253816299031e+01 -1.351435253763807154e+01 -1.351435253597813535e+01 -1.351435253072894938e+01
-1.379437994869607920e+01 -1.379437994869585005e+01 -1.379437994869512885e+01 -1.379437994869284800e+01 -1.379437994868563422e+01 -1.379437994866282402e+01 -1.379437994859069150e+01 -1.379437994836258774e+01 -1.379437994764125719e+01 -1.379437994536021250e+01 -1.379437993814691588e+01
-1.410314300505540430e+01 -1.410314300505507212e+01 -1.410314300505401874e+01 -1.410314300505068630e+01 -1.410314300504014895e+01 -1.410314300500682982e+01 -1.410314300490146167e+01 -1.410314300456825798e+01 -1.410314300351457817e+01 -1.410314300018254841e+01 -1.410314298964574498e+01
-1.445374941959517479e+01 -1.445374941959464188e+01 -1.445374941959295789e+01 -1.445374941958763060e+01 -1.445374941957078185e+01 -1.445374941951750358e+01 -1.445374941934902502e+01 -1.445374941881624764e+01 -1.445374941713145844e+01 -1.445374941180368467e+01 -1.445374939495578914e+01
-1.484426869695234963e+01 -1.484426869695142237e+01 -1.484426869694848961e+01 -1.484426869693921525e+01 -1.484426869690988937e+01 -1.484426869681714933e+01 -1.484426869652388170e+01 -1.484426869559648665e+01 -1.484426869266380500e+01 -1.484426868338985095e+01 -1.484426865406303619e+01
-1.530159225499166098e+01 -1.530159225498979403e+01 -1.530159225498388942e+01 -1.530159225496521458e+01 -1.530159225490616492e+01 -1.530159225471942896e+01 -1.530159225412892354e+01 -1.530159225226157638e+01 -1.530159224635650972e+01 -1.530159222768304694e+01 -1.530159216863238036e+01
-1.579048020547853781e+01 -1.579048020547453213e+01 -1.579048020546186848e+01 -1.579048020542182407e+01 -1.579048020529518936e+01 -1.579048020489473814e+01 -1.579048020362839644e+01 -1.579048019962387528e+01 -1.579048018696046540e+01 -1.579048014691525026e+01 -1.579048002028118880e+01
-1.639158603944171233e+01 -1.639158603943072023e+01 -1.639158603939595338e+01 -1.639158603928601821e+01 -1.639158603893837451e+01 -1.639158603783901924e+01 -1.639158603436256101e+01 -1.639158602336903314e+01 -1.639158598860444016e+01 -1.639158587866916861e+01 -1.639158553102350169e+01
