2.503436119693875028e+00 2.503436340642624991e+00 2.503437039343181514e+00 2.503439248820943597e+00 2.503446235729136049e+00 2.503468329533101056e+00 2.503538188879681492e+00 2.503759029604956776e+00 2.504456651159627345e+00 2.506655378078930685e+00 2.513535996847323872e+00
2.298925370070145302e+00 2.298925519829555064e+00 2.298925993410051216e+00 2.298927490999675527e+00 2.298932226759903052e+00 2.298947202208826646e+00 2.298994555338275347e+00 2.299144265111408014e+00 2.299617349629038632e+00 2.301109991696656198e+00 2.305796658830523871e+00
2.069164630360354362e+00 2.069164726458686321e+00 2.069165030348155465e+00 2.069165991329635634e+00 2.069169030205907145e+00 2.069178639836515288e+00 2.069209026757422798e+00 2.069305104648618610e+00 2.069608789810395866e+00 2.070567731453713201e+00 2.073586310998557281e+00
1.804700763164165167e+00 1.804700821491878271e+00 1.804701005940251290e+00 1.804701589216705093e+00 1.804703433693649162e+00 1.804709266390330802e+00 1.804727710481230485e+00 1.804786030663346974e+00 1.804970403748067165e+00 1.805552928043920424e+00 1.807389906228059173e+00
1.489774135765051577e+00 1.489774169586944863e+00 1.489774276541145692e+00 1.489774614759852067e+00 1.489775684299578629e+00 1.489779066463827295e+00 1.489789761632934972e+00 1.489823580994006358e+00 1.489930509875340592e+00 1.490268475528651049e+00 1.491335489184253627e+00
1.095690982348075826e+00 1.095691001767779893e+00 1.095691063178270364e+00 1.095691257375234873e+00 1.095691871479385959e+00 1.095693813441509068e+00 1.095699954407801213e+00 1.095719373276872854e+00 1.095780775419026964e+00 1.095974888928579860e+00 1.096588159375817773e+00
5.606864998268158429e-01 5.606865121241910721e-01 5.606865510119036777e-01 5.606866739856259940e-01 5.606870628624517350e-01 5.606882925966585329e-01 5.606921813347525152e-01 5.607044783752012096e-01 5.607433627401665621e-01 5.608663029916346465e-01 5.612548453239137869e-01
-2.787159266144058067e-01 -2.787159145803894122e-01 -2.787158765254896808e-01 -2.787157561853534915e-01 -2.787153756366482771e-01 -2.787141722381733522e-01 -2.787103667800039375e-01 -2.786983330840919204e-01 -2.786602813905865728e-01 -2.785399733070091921e-01 -2.781597449279465950e-01
-1.774497818797986737e+00 -1.774497779647164375e+00 -1.774497655841417165e+00 -1.774497264333500191e+00 -1.774496026279083427e+00 -1.774492111230486557e+00 -1.774479730992033710e+00 -1.774440583562986617e+00 -1.774316811740810573e+00 -1.773925642856700735e+00 -1.772690971850800823e+00
-5.110938104924303005e+00 -4.682971681845506495e+00 -4.682964418835527276e+00 -4.682941451980667580e+00 -4.682868832400770565e+00 -4.682639269007208505e+00 -4.681914123373604575e+00 -4.679628947527729288e+00 -4.672480717480350876e+00 -4.650620555241741449e+00 -4.587950863605233742e+00
-1.160863836124506498e+01 -1.111548932051487881e+01 -1.061617588128468093e+01 -1.011639321693602689e+01 -9.616461958119124631e+00 -9.116483701108720084e+00 -8.616490576050129135e+00 -8.116492750443381254e+00 -7.616493438050329523e+00 -7.116493655490597980e+00 -6.616493724251272468e+00
