4.673523989594733585e+00 4.878590875800703941e+00 5.215323661119056986e+00 5.618167517496581276e+00 5.988099360845815511e+00 6.286301957952503905e+00 6.505559013728198892e+00 6.635194269393664079e+00 6.654252956312094014e+00 6.533797154034804322e+00 6.256312206701845291e+00
4.808854381234691111e+00 5.008339150294193409e+00 5.338926532107606704e+00 5.732721055992756831e+00 6.091132288703720477e+00 6.378746845762811368e+00 6.587311523368475363e+00 6.704624088439462781e+00 6.708210767250792017e+00 6.569025779300340595e+00 6.273097437719112435e+00
4.944893911383852370e+00 5.139623313103783175e+00 5.464410344731824409e+00 5.848569105081109498e+00 6.195275403895064592e+00 6.472094500159208508e+00 6.669575067164482896e+00 6.773938655924403029e+00 6.761220491122585052e+00 6.602611655112879063e+00 6.288295357793188600e+00
5.081527551712095025e+00 5.272182463709413014e+00 5.591347144970968408e+00 5.965280874011581247e+00 6.300160753525425150e+00 6.565983112020939316e+00 6.751984849696105684e+00 6.842762121756009286e+00 6.812923425263242905e+00 6.634304775527671616e+00 6.301858044724809815e+00
5.218660026177634137e+00 5.405793529618870608e+00 5.719344663531911621e+00 6.082497185877136836e+00 6.405472431017206425e+00 6.660095738529524745e+00 6.834214338478655115e+00 6.910753180438453214e+00 6.862999910071124532e+00 6.663907959232505895e+00 6.313787748220590856e+00
5.356211547742601553e+00 5.540262830812209494e+00 5.848044253001129178e+00 6.199923208240925021e+00 6.510940148221920687e+00 6.754154902464351906e+00 6.915970309513682857e+00 6.977601310662757683e+00 6.911168437173937917e+00 6.691275526757156200e+00 6.324130362001584515e+00
5.494114558602569254e+00 5.675418795135096950e+00 5.977122017439669754e+00 6.317319779715291794e+00 6.616333160197981123e+00 6.847917240932454241e+00 6.996987957312768458e+00 7.043023201997635319e+00 6.957183751738604371e+00 6.716311649414370422e+00 6.332968001572487182e+00
5.632311141871524818e+00 5.811105640553318352e+00 6.106292262694027251e+00 6.434494480244014269e+00 6.721454668924031317e+00 6.941168359744026795e+00 7.077026235230278850e+00 7.106759528750650645e+00 7.000835284988413676e+00 6.738968358520915913e+00 6.340410990163253935e+00
5.770750874046834511e+00 5.947177977392868797e+00 6.235311538498644168e+00 6.551293283570482906e+00 6.826136731238787725e+00 7.033717970091011296e+00 7.155863516878641306e+00 7.168572165158225928e+00 7.041946539478617595e+00 6.759243135874564601e+00 6.346589601564066818e+00
5.909388950840362753e+00 6.083496457952584535e+00 6.363981266276124593e+00 6.667593240741627625e+00 6.930235636019704160e+00 7.125395328431281428e+00 7.233293616929197256e+00 7.228241893050643796e+00 7.080374528737265472e+00 6.777175967305320015e+00 6.351645950718471489e+00
6.048184457451291074e+00 6.219924780715865076e+00 6.492147492041644874e+00 6.783296311950347324e+00 7.033627680432492646e+00 7.216044960851194290e+00 7.309122173564824188e+00 7.285566656248134265e+00 7.116009862782798123e+00 6.792845728615046319e+00 6.355726437582500665e+00
