8.816814053751272695e+00 8.756006745298424931e+00 8.568904920088913357e+00 8.250144013166144319e+00 7.831214670732875582e+00 7.359547590202295098e+00 6.868146990482492775e+00 6.370709735314412647e+00 5.871494401588082113e+00 5.371739447425159852e+00 4.871816609181866653e+00
8.895435009894894662e+00 8.810196362344948184e+00 8.598589949140228228e+00 8.261799852468406868e+00 7.834246843334404353e+00 7.360073616359189330e+00 6.868214472372661916e+00 6.370716945710638512e+00 5.871495063816740689e+00 5.371739487354486364e+00 4.871816604601387546e+00
8.968966400007024831e+00 8.858737739012701340e+00 8.623660100375458271e+00 8.271037123764523713e+00 7.836530685345992175e+00 7.360458918966154229e+00 6.868263349694483821e+00 6.370722124491696725e+00 5.871495528023462640e+00 5.371739511270691381e+00 4.871816599689469562e+00
9.036598405686289581e+00 8.901301090914058634e+00 8.644368419324125696e+00 8.278233125893224909e+00 7.838235309799659767e+00 7.360740231895301910e+00 6.868298707696747663e+00 6.370725836891818261e+00 5.871495851010867462e+00 5.371739524324827819e+00 4.871816594773908271e+00
9.097586936389792100e+00 8.937764762747580249e+00 8.661105392439027995e+00 8.283754706147337998e+00 7.839498298548213562e+00 7.360945100433378130e+00 6.868324255992326322e+00 6.370728492114051456e+00 5.871496073625863232e+00 5.371739530141321772e+00 4.871816590057245655e+00
9.151364614181547452e+00 8.968258496066299656e+00 8.674359855581705858e+00 8.287937345715963744e+00 7.840428647099417780e+00 7.361093999360052820e+00 6.868342694930849923e+00 6.370730386140675883e+00 5.871496225190043994e+00 5.371739531253583166e+00 4.871816585656387311e+00
9.197645193683403164e+00 8.993160638334842361e+00 8.684667071011062944e+00 8.291072419524018855e+00 7.841110870362561158e+00 7.361202045785525172e+00 6.868355986939511659e+00 6.370731732872654263e+00 5.871496326708739666e+00 5.371739529417743242e+00 4.871816581630570298e+00
9.236487649470040751e+00 9.013048384967426330e+00 8.692558261110113094e+00 8.293402521780281589e+00 7.841609401486840270e+00 7.361280344237000506e+00 6.868365556312431508e+00 6.370732686752355711e+00 5.871496393193573304e+00 5.371739525838227003e+00 4.871816578001006093e+00
9.268295723978447143e+00 9.028618121401132512e+00 8.698522254770425732e+00 8.295122923523614134e+00 7.841972725345891959e+00 7.361337020374560502e+00 6.868372435678905319e+00 6.370733359182852773e+00 5.871496435342058007e+00 5.371739521329629063e+00 4.871816574764565644e+00
9.293752522947542616e+00 9.040600950054942686e+00 8.702983232042599937e+00 8.296386705742294865e+00 7.842236964672601118e+00 7.361378002887807526e+00 6.868377373034872946e+00 6.370733830435211686e+00 5.871496460751210122e+00 5.371739516432606720e+00 4.871816571903220705e+00
9.313713952690347853e+00 9.049693911245773492e+00 8.706292960512055146e+00 8.297311463654461150e+00 7.842428831166827763e+00 7.361407608055198892e+00 6.868380909767821230e+00 6.370734158277674197e+00 5.871496474793658216e+00 5.371739511496627983e+00 4.871816569390487572e+00
