4.121808231984874560e+00 3.621813696281282358e+00 3.121815424358090674e+00 2.621815970835418952e+00 2.121816143647869080e+00 1.621816198296078815e+00 1.121816215577371878e+00 6.218162210421974700e-01 1.218162227703270678e-01 -3.781837766831900871e-01 -8.781837765103770455e-01
4.121808231983425941e+00 3.621813696280824058e+00 3.121815424357945901e+00 2.621815970835372767e+00 2.121816143647854425e+00 1.621816198296074374e+00 1.121816215577370324e+00 6.218162210421971370e-01 1.218162227703269151e-01 -3.781837766831900871e-01 -8.781837765103770455e-01
4.121808231981745507e+00 3.621813696280292927e+00 3.121815424357778035e+00 2.621815970835319476e+00 2.121816143647837549e+00 1.621816198296069045e+00 1.121816215577368769e+00 6.218162210421964708e-01 1.218162227703267764e-01 -3.781837766831901981e-01 -8.781837765103770455e-01
4.121808231979796844e+00 3.621813696279676531e+00 3.121815424357583080e+00 2.621815970835258192e+00 2.121816143647818453e+00 1.621816198296062828e+00 1.121816215577366771e+00 6.218162210421959157e-01 1.218162227703264849e-01 -3.781837766831901981e-01 -8.781837765103770455e-01
4.121808231977537318e+00 3.621813696278961991e+00 3.121815424357357038e+00 2.621815970835186693e+00 2.121816143647795805e+00 1.621816198296055722e+00 1.121816215577364328e+00 6.218162210421952496e-01 1.218162227703263323e-01 -3.781837766831903092e-01 -8.781837765103770455e-01
4.121808231974916303e+00 3.621813696278133321e+00 3.121815424357095470e+00 2.621815970835104093e+00 2.121816143647769604e+00 1.621816198296047506e+00 1.121816215577361886e+00 6.218162210421944724e-01 1.218162227703260408e-01 -3.781837766831904202e-01 -8.781837765103770455e-01
4.121808231971876957e+00 3.621813696277171868e+00 3.121815424356791269e+00 2.621815970835007725e+00 2.121816143647739406e+00 1.621816198296037959e+00 1.121816215577358777e+00 6.218162210421933622e-01 1.218162227703257494e-01 -3.781837766831904757e-01 -8.781837765103772675e-01
4.121808231968351777e+00 3.621813696276057648e+00 3.121815424356438662e+00 2.621815970834896259e+00 2.121816143647703878e+00 1.621816198296026634e+00 1.121816215577355225e+00 6.218162210421922520e-01 1.218162227703253886e-01 -3.781837766831905867e-01 -8.781837765103772675e-01
4.121808231964263491e+00 3.621813696274764904e+00 3.121815424356030100e+00 2.621815970834767029e+00 2.121816143647663022e+00 1.621816198296013978e+00 1.121816215577351228e+00 6.218162210421910308e-01 1.218162227703249445e-01 -3.781837766831906977e-01 -8.781837765103772675e-01
4.121808231959521507e+00 3.621813696273265659e+00 3.121815424355555812e+00 2.621815970834616927e+00 2.121816143647615505e+00 1.621816198295998879e+00 1.121816215577346343e+00 6.218162210421893654e-01 1.218162227703245143e-01 -3.781837766831909753e-01 -8.781837765103772675e-01
4.121808231954021906e+00 3.621813696271527494e+00 3.121815424355006474e+00 2.621815970834443288e+00 2.121816143647560438e+00 1.621816198295981337e+00 1.121816215577341014e+00 6.218162210421878111e-01 1.218162227703240702e-01 -3.781837766831911418e-01 -8.781837765103772675e-01
