6.461838555561095099e+00 6.461838555561098651e+00 6.461838555561110198e+00 6.461838555561147501e+00 6.461838555561262964e+00 6.461838555561629782e+00 6.461838555562788855e+00 6.461838555566455256e+00 6.461838555578049537e+00 6.461838555614711765e+00 6.461838555730649247e+00
6.330896138398995454e+00 6.330896138398999007e+00 6.330896138399009665e+00 6.330896138399044304e+00 6.330896138399152662e+00 6.330896138399494610e+00 6.330896138400577300e+00 6.330896138404001228e+00 6.330896138414828123e+00 6.330896138449066513e+00 6.330896138557336350e+00
6.199149674702464807e+00 6.199149674702468360e+00 6.199149674702478130e+00 6.199149674702509216e+00 6.199149674702609580e+00 6.199149674702925772e+00 6.199149674703925861e+00 6.199149674707088664e+00 6.199149674717090441e+00 6.199149674748718475e+00 6.199149674848734470e+00
6.066332451159056838e+00 6.066332451159060390e+00 6.066332451159069272e+00 6.066332451159097694e+00 6.066332451159189176e+00 6.066332451159477834e+00 6.066332451160389994e+00 6.066332451163274797e+00 6.066332451172398166e+00 6.066332451201248865e+00 6.066332451292481664e+00
5.932085327869764946e+00 5.932085327869767610e+00 5.932085327869775604e+00 5.932085327869801361e+00 5.932085327869883962e+00 5.932085327870143310e+00 5.932085327870963098e+00 5.932085327873556579e+00 5.932085327881758019e+00 5.932085327907692829e+00 5.932085327989704560e+00
5.795934537725445423e+00 5.795934537725448088e+00 5.795934537725455193e+00 5.795934537725478286e+00 5.795934537725550229e+00 5.795934537725779379e+00 5.795934537726504132e+00 5.795934537728796521e+00 5.795934537736044945e+00 5.795934537758965277e+00 5.795934537831446853e+00
5.657238217585781825e+00 5.657238217585784490e+00 5.657238217585790707e+00 5.657238217585810247e+00 5.657238217585873308e+00 5.657238217586071372e+00 5.657238217586700202e+00 5.657238217588686169e+00 5.657238217594967367e+00 5.657238217614829701e+00 5.657238217677639902e+00
5.515148998206432118e+00 5.515148998206433895e+00 5.515148998206439224e+00 5.515148998206456099e+00 5.515148998206509390e+00 5.515148998206677255e+00 5.515148998207209274e+00 5.515148998208892372e+00 5.515148998214212561e+00 5.515148998231036437e+00 5.515148998284238324e+00
5.368549212855589836e+00 5.368549212855591612e+00 5.368549212855596053e+00 5.368549212855609376e+00 5.368549212855653785e+00 5.368549212855792341e+00 5.368549212856231101e+00 5.368549212857619324e+00 5.368549212862007813e+00 5.368549212875887378e+00 5.368549212919775826e+00
5.215968637323904922e+00 5.215968637323905810e+00 5.215968637323910251e+00 5.215968637323920909e+00 5.215968637323955548e+00 5.215968637324067458e+00 5.215968637324418289e+00 5.215968637325528512e+00 5.215968637329040369e+00 5.215968637340144376e+00 5.215968637375258510e+00
5.055492543235760472e+00 5.055492543235761360e+00 5.055492543235764025e+00 5.055492543235772906e+00 5.055492543235799552e+00 5.055492543235885705e+00 5.055492543236156600e+00 5.055492543237014580e+00 5.055492543239726189e+00 5.055492543248301551e+00 5.055492543275418527e+00
