-1.818564332167866560e-01 -1.818564332167866560e-01 -1.818564332167866560e-01 -1.818564332167866560e-01 -1.818564332167866560e-01 -1.818564332167866560e-01 -1.818564332167866560e-01 -1.818564332167866560e-01 -1.818564332167866560e-01 -1.818564332167866560e-01 -1.818564332167866560e-01
3.416012854636236717e-01 3.416012854636236717e-01 3.416012854636236717e-01 3.416012854636236717e-01 3.416012854636236717e-01 3.416012854636236717e-01 3.416012854636236717e-01 3.416012854636236717e-01 3.416012854636236717e-01 3.416012854636236717e-01 3.416012854636236717e-01
7.882112938740668540e-01 7.882112938740668540e-01 7.882112938740668540e-01 7.882112938740668540e-01 7.882112938740668540e-01 7.882112938740668540e-01 7.882112938740668540e-01 7.882112938740668540e-01 7.882112938740668540e-01 7.882112938740668540e-01 7.882112938740668540e-01
1.170458202253985114e+00 1.170458202253985114e+00 1.170458202253985114e+00 1.170458202253985114e+00 1.170458202253985114e+00 1.170458202253985114e+00 1.170458202253985114e+00 1.170458202253985114e+00 1.170458202253985114e+00 1.170458202253985114e+00 1.170458202253985114e+00
1.499450636561074246e+00 1.499450636561074246e+00 1.499450636561074246e+00 1.499450636561074246e+00 1.499450636561074246e+00 1.499450636561074246e+00 1.499450636561074246e+00 1.499450636561074246e+00 1.499450636561074246e+00 1.499450636561074246e+00 1.499450636561074246e+00
1.785055286884092762e+00 1.785055286884092762e+00 1.785055286884092762e+00 1.785055286884092762e+00 1.785055286884092762e+00 1.785055286884092762e+00 1.785055286884092762e+00 1.785055286884092762e+00 1.785055286884092762e+00 1.785055286884092762e+00 1.785055286884092762e+00
2.035916925061299843e+00 2.035916925061299843e+00 2.035916925061299843e+00 2.035916925061299843e+00 2.035916925061299843e+00 2.035916925061299843e+00 2.035916925061299843e+00 2.035916925061299843e+00 2.035916925061299843e+00 2.035916925061299843e+00 2.035916925061299843e+00
2.259440696431286977e+00 2.259440696431286977e+00 2.259440696431286977e+00 2.259440696431286977e+00 2.259440696431286977e+00 2.259440696431286977e+00 2.259440696431286977e+00 2.259440696431286977e+00 2.259440696431286977e+00 2.259440696431286977e+00 2.259440696431286977e+00
2.461802386812008692e+00 2.461802386812008692e+00 2.461802386812008692e+00 2.461802386812008692e+00 2.461802386812008692e+00 2.461802386812008692e+00 2.461802386812008692e+00 2.461802386812008692e+00 2.461802386812008692e+00 2.461802386812008692e+00 2.461802386812008692e+00
2.648016213452757395e+00 2.648016213452757395e+00 2.648016213452757395e+00 2.648016213452757395e+00 2.648016213452757395e+00 2.648016213452757395e+00 2.648016213452757395e+00 2.648016213452757395e+00 2.648016213452757395e+00 2.648016213452757395e+00 2.648016213452757395e+00
2.822055645319197836e+00 2.822055645319197836e+00 2.822055645319197836e+00 2.822055645319197836e+00 2.822055645319197836e+00 2.822055645319197836e+00 2.822055645319197836e+00 2.822055645319197836e+00 2.822055645319197836e+00 2.822055645319197836e+00 2.822055645319197836e+00
