7.640987914703425865e+00 7.640987914703329054e+00 7.640987914703022632e+00 7.640987914702054518e+00 7.640987914698991190e+00 7.640987914689302940e+00 7.640987914658668778e+00 7.640987914561792493e+00 7.640987914255444657e+00 7.640987913286686251e+00 7.640987910223206114e+00
7.640987796957420031e+00 7.640987796957323219e+00 7.640987796957017686e+00 7.640987796956050460e+00 7.640987796952991573e+00 7.640987796943317534e+00 7.640987796912727781e+00 7.640987796815993605e+00 7.640987796510092522e+00 7.640987795542748984e+00 7.640987792483740826e+00
7.640987714250087492e+00 7.640987714249991569e+00 7.640987714249686036e+00 7.640987714248718810e+00 7.640987714245660811e+00 7.640987714235992989e+00 7.640987714205419223e+00 7.640987714108735673e+00 7.640987713802997128e+00 7.640987712836166068e+00 7.640987709778778836e+00
7.640987613303443560e+00 7.640987613303346748e+00 7.640987613303041215e+00 7.640987613302074877e+00 7.640987613299019543e+00 7.640987613289355274e+00 7.640987613258795719e+00 7.640987613162159242e+00 7.640987612856567246e+00 7.640987611890198039e+00 7.640987608834271860e+00
7.640987506634250970e+00 7.640987506634154158e+00 7.640987506633848625e+00 7.640987506632882287e+00 7.640987506629827841e+00 7.640987506620167125e+00 7.640987506589618228e+00 7.640987506493014614e+00 7.640987506187526535e+00 7.640987505221489506e+00 7.640987502166610490e+00
7.640987359098263099e+00 7.640987359098166287e+00 7.640987359097860754e+00 7.640987359096895304e+00 7.640987359093840858e+00 7.640987359084181918e+00 7.640987359053640127e+00 7.640987358957055164e+00 7.640987358651629258e+00 7.640987357685785852e+00 7.640987354631522344e+00
7.640987156838959571e+00 7.640987156838862759e+00 7.640987156838558114e+00 7.640987156837592664e+00 7.640987156834538219e+00 7.640987156824881055e+00 7.640987156794342816e+00 7.640987156697771177e+00 7.640987156392386126e+00 7.640987155426674171e+00 7.640987152372825442e+00
7.640986881827019239e+00 7.640986881826922428e+00 7.640986881826616894e+00 7.640986881825651444e+00 7.640986881822597887e+00 7.640986881812942499e+00 7.640986881782409590e+00 7.640986881685854826e+00 7.640986881380521289e+00 7.640986880414972759e+00 7.640986877361640062e+00
7.640986510692915346e+00 7.640986510692819422e+00 7.640986510692513889e+00 7.640986510691548439e+00 7.640986510688495770e+00 7.640986510678843047e+00 7.640986510648318131e+00 7.640986510551789124e+00 7.640986510246538188e+00 7.640986509281251671e+00 7.640986506228745867e+00
7.640986013133930221e+00 7.640986013133833410e+00 7.640986013133528765e+00 7.640986013132563315e+00 7.640986013129512422e+00 7.640986013119863252e+00 7.640986013089349882e+00 7.640986012992859955e+00 7.640986012687731588e+00 7.640986011722829652e+00 7.640986008671544205e+00
7.640985349708742547e+00 7.640985349708646623e+00 7.640985349708341090e+00 7.640985349707377416e+00 7.640985349704327412e+00 7.640985349694683570e+00 7.640985349664186188e+00 7.640985349567747775e+00 7.640985349262781057e+00 7.640985348298392488e+00 7.640985345248726190e+00
