-3.043690843732102280e+01 -3.043690843732102280e+01 -3.043690843732102280e+01 -3.043690843732102280e+01 -3.043690843732102280e+01 -3.043690843732102280e+01 -3.043690843732102280e+01 -3.043690843732102280e+01 -3.043690843732102280e+01 -3.043690843732101925e+01 -3.043690843732101925e+01
-2.986627636866831637e+01 -2.986627636866831637e+01 -2.986627636866831637e+01 -2.986627636866831637e+01 -2.986627636866831637e+01 -2.986627636866831637e+01 -2.986627636866831637e+01 -2.986627636866831637e+01 -2.986627636866831637e+01 -2.986627636866831637e+01 -2.986627636866831637e+01
-2.938005046205108783e+01 -2.938005046205108783e+01 -2.938005046205108783e+01 -2.938005046205108783e+01 -2.938005046205108783e+01 -2.938005046205108783e+01 -2.938005046205108783e+01 -2.938005046205108783e+01 -2.938005046205108783e+01 -2.938005046205108783e+01 -2.938005046205108783e+01
-2.896505829676154775e+01 -2.896505829676154775e+01 -2.896505829676154775e+01 -2.896505829676154775e+01 -2.896505829676154775e+01 -2.896505829676154775e+01 -2.896505829676154775e+01 -2.896505829676154775e+01 -2.896505829676154775e+01 -2.896505829676154775e+01 -2.896505829676154775e+01
-2.860972737055910287e+01 -2.860972737055910287e+01 -2.860972737055910287e+01 -2.860972737055910287e+01 -2.860972737055910287e+01 -2.860972737055910287e+01 -2.860972737055910287e+01 -2.860972737055910287e+01 -2.860972737055910287e+01 -2.860972737055910287e+01 -2.860972737055910287e+01
-2.830385266714938197e+01 -2.830385266714938197e+01 -2.830385266714938197e+01 -2.830385266714938197e+01 -2.830385266714938197e+01 -2.830385266714938197e+01 -2.830385266714938197e+01 -2.830385266714938197e+01 -2.830385266714938197e+01 -2.830385266714938197e+01 -2.830385266714938197e+01
-2.803848392417601332e+01 -2.803848392417601332e+01 -2.803848392417601332e+01 -2.803848392417601332e+01 -2.803848392417601332e+01 -2.803848392417601332e+01 -2.803848392417601332e+01 -2.803848392417601332e+01 -2.803848392417601332e+01 -2.803848392417601332e+01 -2.803848392417601332e+01
-2.780588233938774323e+01 -2.780588233938774323e+01 -2.780588233938774323e+01 -2.780588233938774323e+01 -2.780588233938774323e+01 -2.780588233938774323e+01 -2.780588233938774323e+01 -2.780588233938774323e+01 -2.780588233938774323e+01 -2.780588233938774323e+01 -2.780588233938774323e+01
-2.759948727820714964e+01 -2.759948727820714964e+01 -2.759948727820714964e+01 -2.759948727820714964e+01 -2.759948727820714964e+01 -2.759948727820714964e+01 -2.759948727820714964e+01 -2.759948727820714964e+01 -2.759948727820714964e+01 -2.759948727820714964e+01 -2.759948727820714964e+01
-2.741385358628919278e+01 -2.741385358628919278e+01 -2.741385358628919278e+01 -2.741385358628919278e+01 -2.741385358628919278e+01 -2.741385358628919278e+01 -2.741385358628919278e+01 -2.741385358628919278e+01 -2.741385358628919278e+01 -2.741385358628919278e+01 -2.741385358628919278e+01
-2.724454934976663623e+01 -2.724454934976663623e+01 -2.724454934976663623e+01 -2.724454934976663623e+01 -2.724454934976663623e+01 -2.724454934976663623e+01 -2.724454934976663623e+01 -2.724454934976663623e+01 -2.724454934976663623e+01 -2.724454934976663623e+01 -2.724454934976663623e+01
