7.398791061790142010e+00 7.398791061790142010e+00 7.398791061790142010e+00 7.398791061790142010e+00 7.398791061790142010e+00 7.398791061790142010e+00 7.398791061790142010e+00 7.398791061790142010e+00 7.398791061790142898e+00 7.398791061790142898e+00 7.398791061790144674e+00
7.455597901485908174e+00 7.455597901485908174e+00 7.455597901485908174e+00 7.455597901485908174e+00 7.455597901485908174e+00 7.455597901485908174e+00 7.455597901485908174e+00 7.455597901485908174e+00 7.455597901485908174e+00 7.455597901485909063e+00 7.455597901485909951e+00
7.505855384036483002e+00 7.505855384036483002e+00 7.505855384036483002e+00 7.505855384036483002e+00 7.505855384036483002e+00 7.505855384036483002e+00 7.505855384036483002e+00 7.505855384036483002e+00 7.505855384036483002e+00 7.505855384036483002e+00 7.505855384036484779e+00
7.549949082238741838e+00 7.549949082238741838e+00 7.549949082238741838e+00 7.549949082238741838e+00 7.549949082238741838e+00 7.549949082238741838e+00 7.549949082238741838e+00 7.549949082238741838e+00 7.549949082238741838e+00 7.549949082238741838e+00 7.549949082238742726e+00
7.588315811140223133e+00 7.588315811140223133e+00 7.588315811140223133e+00 7.588315811140223133e+00 7.588315811140223133e+00 7.588315811140223133e+00 7.588315811140223133e+00 7.588315811140223133e+00 7.588315811140223133e+00 7.588315811140223133e+00 7.588315811140224021e+00
7.621426041042772326e+00 7.621426041042772326e+00 7.621426041042772326e+00 7.621426041042772326e+00 7.621426041042772326e+00 7.621426041042772326e+00 7.621426041042772326e+00 7.621426041042772326e+00 7.621426041042772326e+00 7.621426041042772326e+00 7.621426041042772326e+00
7.649767950773236791e+00 7.649767950773236791e+00 7.649767950773236791e+00 7.649767950773236791e+00 7.649767950773236791e+00 7.649767950773236791e+00 7.649767950773236791e+00 7.649767950773236791e+00 7.649767950773236791e+00 7.649767950773236791e+00 7.649767950773235903e+00
7.673833368707766667e+00 7.673833368707766667e+00 7.673833368707766667e+00 7.673833368707766667e+00 7.673833368707766667e+00 7.673833368707766667e+00 7.673833368707766667e+00 7.673833368707766667e+00 7.673833368707766667e+00 7.673833368707765779e+00 7.673833368707764890e+00
7.694105723723988710e+00 7.694105723723988710e+00 7.694105723723988710e+00 7.694105723723988710e+00 7.694105723723988710e+00 7.694105723723988710e+00 7.694105723723988710e+00 7.694105723723988710e+00 7.694105723723987822e+00 7.694105723723986934e+00 7.694105723723985157e+00
7.711050063196357662e+00 7.711050063196357662e+00 7.711050063196357662e+00 7.711050063196357662e+00 7.711050063196357662e+00 7.711050063196357662e+00 7.711050063196357662e+00 7.711050063196357662e+00 7.711050063196356774e+00 7.711050063196355886e+00 7.711050063196353221e+00
7.725105152112647033e+00 7.725105152112647033e+00 7.725105152112647033e+00 7.725105152112647033e+00 7.725105152112647033e+00 7.725105152112647922e+00 7.725105152112647033e+00 7.725105152112647033e+00 7.725105152112647033e+00 7.725105152112646145e+00 7.725105152112641704e+00
