-2.605309341032909387e+01 -2.605309099253797100e+01 -2.605308334991530472e+01 -2.605305921285293991e+01 -2.605298319479377867e+01 -2.605274589571338950e+01 -2.605202611187408479e+01 -2.605004718045942980e+01 -2.604649275949470066e+01 -2.605517416085694293e+01 -2.615621045634195596e+01
-2.598791610414851050e+01 -2.598791513812989251e+01 -2.598791208648086482e+01 -2.598790246800935222e+01 -2.598787236829379310e+01 -2.598778033957711742e+01 -2.598752053279833163e+01 -2.598700065161119355e+01 -2.598806164885306202e+01 -2.601029760230312249e+01 -2.613618606724290672e+01
-2.593071347671742544e+01 -2.593071402589236385e+01 -2.593071576573682080e+01 -2.593072129960368954e+01 -2.593073911878667559e+01 -2.593079865106378179e+01 -2.593101834559436725e+01 -2.593201521530448872e+01 -2.593782400267766164e+01 -2.597340708874890325e+01 -2.612096793239554771e+01
-2.588105172934973552e+01 -2.588105383372257506e+01 -2.588106049152098009e+01 -2.588108157718514590e+01 -2.588114857401116709e+01 -2.588136360279225556e+01 -2.588207478038590281e+01 -2.588462124961660038e+01 -2.589522087287024377e+01 -2.594360918362177415e+01 -2.610953098537413908e+01
-2.583837980568029735e+01 -2.583838348214946734e+01 -2.583839511128584121e+01 -2.583843191702684905e+01 -2.583854861827112614e+01 -2.583892075515349873e+01 -2.584012795455825540e+01 -2.584423234466737895e+01 -2.585957814289452728e+01 -2.591993913333643462e+01 -2.610101181043985719e+01
-2.580207103923501322e+01 -2.580207628286878574e+01 -2.580209286768528187e+01 -2.580214534336458598e+01 -2.580231158421617366e+01 -2.580284024486909900e+01 -2.580454096940027497e+01 -2.581018839841143020e+01 -2.583015332507696726e+01 -2.590142681264925884e+01 -2.609470980172079990e+01
-2.577146110865406570e+01 -2.577146789466350540e+01 -2.577148935669991303e+01 -2.577155725349685156e+01 -2.577177224001880873e+01 -2.577245484219775307e+01 -2.577464019103547344e+01 -2.578179463387567694e+01 -2.580617755889383602e+01 -2.588715091656710143e+01 -2.609007253654581149e+01
-2.574587998328643224e+01 -2.574588826945958786e+01 -2.574591447515167530e+01 -2.574599736991505594e+01 -2.574625975612391571e+01 -2.574709196415269474e+01 -2.574974741311029192e+01 -2.575835426758375490e+01 -2.578689062485148753e+01 -2.587627776857437212e+01 -2.608667383543990326e+01
-2.572467693792539833e+01 -2.572468666732819997e+01 -2.572471743654965692e+01 -2.572481475881946977e+01 -2.572512273223279422e+01 -2.572609872851310442e+01 -2.572920499893343660e+01 -2.573919396647663049e+01 -2.577156818145594386e+01 -2.586808377766487865e+01 -2.608419027315872896e+01
-2.570723870245747378e+01 -2.570724980624574840e+01 -2.570728492120173669e+01 -2.570739598134511184e+01 -2.570774735207604422e+01 -2.570886012005148658e+01 -2.571239408649952907e+01 -2.572368221244801489e+01 -2.575954136346224388e+01 -2.586196306910585108e+01 -2.608237939921431092e+01
-2.563761157501460985e+01 -2.563763536117196296e+01 -2.563771064265786137e+01 -2.563794800978260469e+01 -2.563869302478241607e+01 -2.564100689016668611e+01 -2.564802382365511590e+01 -2.566829431776569947e+01 -2.572190124215126161e+01 -2.584500130467741741e+01 -2.607756076508715992e+01
