-3.082932047279112098e+01 -3.132931794090445976e+01 -3.182931714024712022e+01 -3.232931688705658502e+01 -3.282931680699066845e+01 -3.332931678167159362e+01 -3.382931677366499912e+01 -3.432931677113309377e+01 -3.482931677033243290e+01 -3.532931677007924520e+01 -3.582931676999918125e+01
-3.082932047277999033e+01 -3.132931794090093902e+01 -3.182931714024600467e+01 -3.232931688705623685e+01 -3.282931680699055477e+01 -3.332931678167155809e+01 -3.382931677366499201e+01 -3.432931677113309377e+01 -3.482931677033243290e+01 -3.532931677007924520e+01 -3.582931676999918125e+01
-3.082932047277821042e+01 -3.132931794090037769e+01 -3.182931714024582703e+01 -3.232931688705618001e+01 -3.282931680699054056e+01 -3.332931678167155809e+01 -3.382931677366499201e+01 -3.432931677113309377e+01 -3.482931677033243290e+01 -3.532931677007924520e+01 -3.582931676999918125e+01
-3.082932047277614984e+01 -3.132931794089972399e+01 -3.182931714024562098e+01 -3.232931688705611606e+01 -3.282931680699051924e+01 -3.332931678167155098e+01 -3.382931677366498491e+01 -3.432931677113308666e+01 -3.482931677033243290e+01 -3.532931677007924520e+01 -3.582931676999918125e+01
-3.082932047277375887e+01 -3.132931794089897082e+01 -3.182931714024538294e+01 -3.232931688705603790e+01 -3.282931680699049792e+01 -3.332931678167154388e+01 -3.382931677366498491e+01 -3.432931677113308666e+01 -3.482931677033243290e+01 -3.532931677007924520e+01 -3.582931676999918125e+01
-3.082932047277098775e+01 -3.132931794089809330e+01 -3.182931714024510583e+01 -3.232931688705595263e+01 -3.282931680699046950e+01 -3.332931678167152967e+01 -3.382931677366498491e+01 -3.432931677113308666e+01 -3.482931677033243290e+01 -3.532931677007924520e+01 -3.582931676999918125e+01
-3.082932047276777610e+01 -3.132931794089707722e+01 -3.182931714024478254e+01 -3.232931688705585316e+01 -3.282931680699043397e+01 -3.332931678167152256e+01 -3.382931677366497780e+01 -3.432931677113308666e+01 -3.482931677033243290e+01 -3.532931677007924520e+01 -3.582931676999918125e+01
-3.082932047276404575e+01 -3.132931794089589772e+01 -3.182931714024440950e+01 -3.232931688705573237e+01 -3.282931680699039845e+01 -3.332931678167150835e+01 -3.382931677366497780e+01 -3.432931677113308666e+01 -3.482931677033243290e+01 -3.532931677007924520e+01 -3.582931676999918125e+01
-3.082932047275972565e+01 -3.132931794089452993e+01 -3.182931714024397962e+01 -3.232931688705559736e+01 -3.282931680699035581e+01 -3.332931678167149414e+01 -3.382931677366497070e+01 -3.432931677113308666e+01 -3.482931677033243290e+01 -3.532931677007924520e+01 -3.582931676999918125e+01
-3.082932047275471277e+01 -3.132931794089294186e+01 -3.182931714024347514e+01 -3.232931688705543394e+01 -3.282931680699030608e+01 -3.332931678167147993e+01 -3.382931677366496359e+01 -3.432931677113308666e+01 -3.482931677033243290e+01 -3.532931677007924520e+01 -3.582931676999918125e+01
-3.082932047274890408e+01 -3.132931794089110511e+01 -3.182931714024289604e+01 -3.232931688705524920e+01 -3.282931680699024213e+01 -3.332931678167146572e+01 -3.382931677366495649e+01 -3.432931677113307956e+01 -3.482931677033243290e+01 -3.532931677007924520e+01 -3.582931676999918125e+01
