3.313369305525556197e+00 3.319598101764498210e+00 3.338727086177798231e+00 3.394203704583053316e+00 3.607887734790183210e+00 3.810108127234103748e+00 4.189707649174267523e+00 4.595764944101538241e+00 4.957325953308660438e+00 5.254119049338219050e+00 5.475514290242572635e+00
3.111047119651011439e+00 3.115257578519336601e+00 3.128309746336931152e+00 3.167177209542205052e+00 3.271208500570612188e+00 3.546333873300903328e+00 3.846736012387859116e+00 4.259220530965242446e+00 4.641956739823607236e+00 4.964703793215694994e+00 5.215513465721513420e+00
2.886059194327919464e+00 2.888736180662452746e+00 2.897094561038548566e+00 2.922514507521636773e+00 2.994311074829863806e+00 3.231204718146008403e+00 3.470565996097479733e+00 3.871008524572911114e+00 4.274589612725021581e+00 4.625166770453394527e+00 4.907607605422021457e+00
2.631238063505072056e+00 2.632829194373725201e+00 2.637822766154460652e+00 2.653246209820204982e+00 2.698698733098592761e+00 2.817345826660150543e+00 3.068083612387878301e+00 3.429127231454498936e+00 3.844625277740163494e+00 4.223693513499154228e+00 4.539955038514960961e+00
2.336106635336644199e+00 2.336988878458685193e+00 2.339767039293105810e+00 2.348437186595857096e+00 2.374767977169463862e+00 2.448858906716213202e+00 2.577860246702103453e+00 2.933630510521167967e+00 3.337472811307053977e+00 3.744897758637040663e+00 4.097857838354099336e+00
1.983473699811202362e+00 1.983934373690296571e+00 1.985387944778816305e+00 1.989952781108377033e+00 2.004080150771548663e+00 2.045950532061365124e+00 2.156741124195975079e+00 2.395247725733113953e+00 2.750933016381997831e+00 3.170224452634618384e+00 3.562319157462892960e+00
1.539059385502657751e+00 1.539296241921573660e+00 1.540044398678640514e+00 1.542401831449408567e+00 1.549773570108387899e+00 1.572294127790164753e+00 1.636676470120002502e+00 1.793704319584694007e+00 2.075607997933045290e+00 2.461702875974868476e+00 2.910796406645083323e+00
9.157312083972134475e-01 9.158721557882506525e-01 9.163175697677542475e-01 9.177230935624050012e-01 9.221380484018104617e-01 9.358111177876218267e-01 9.764166120128430215e-01 1.084390425892810095e+00 1.438053563050050387e+00 1.674091957706849154e+00 2.109971972855173572e+00
-8.824835123634919287e-02 -9.611250115867536747e-02 -9.563685741487841507e-02 -9.413615900221422583e-02 -8.942437615454097710e-02 -7.485217972397079089e-02 -3.174711186883629604e-02 8.179226537941054753e-02 3.192010565797074317e-01 6.890870037325479425e-01 1.134537725448018231e+00
-2.188516282590331929e+00 -2.187169940017136494e+00 -1.968401867702885610e+00 -1.960353935132455039e+00 -1.935843351754124919e+00 -1.866349582191924483e+00 -1.814912833552186688e+00 -1.450637119567679489e+00 -1.004191357041726684e+00 -5.226083753507930751e-01 -2.868522721592071945e-02
-6.300849168622637109e+00 -5.836038381830571886e+00 -5.349227356571944370e+00 -4.852028240998182085e+00 -4.352917730967044818e+00 -3.853199400151610554e+00 -3.353288507636752236e+00 -2.853316693858646502e+00 -2.353325649062091518e+00 -1.853328896829571804e+00 -1.353328682289595131e+00
