1.151068797570881941e+01 1.151068797570881941e+01 1.151068797570881941e+01 1.151068797570881941e+01 1.151068797570882118e+01 1.151068797570882296e+01 1.151068797570882829e+01 1.151068797570884783e+01 1.151068797570891000e+01 1.151068797570910185e+01 1.151068797570971469e+01
1.152389233015181880e+01 1.152389233015181880e+01 1.152389233015181880e+01 1.152389233015181880e+01 1.152389233015182057e+01 1.152389233015182235e+01 1.152389233015182946e+01 1.152389233015185077e+01 1.152389233015191827e+01 1.152389233015212966e+01 1.152389233015280112e+01
1.153536586980749412e+01 1.153536586980749412e+01 1.153536586980749412e+01 1.153536586980749412e+01 1.153536586980749412e+01 1.153536586980749767e+01 1.153536586980750478e+01 1.153536586980752787e+01 1.153536586980759893e+01 1.153536586980782808e+01 1.153536586980855283e+01
1.154531435244642523e+01 1.154531435244642523e+01 1.154531435244642523e+01 1.154531435244642523e+01 1.154531435244642701e+01 1.154531435244642879e+01 1.154531435244643589e+01 1.154531435244646076e+01 1.154531435244653714e+01 1.154531435244678050e+01 1.154531435244754611e+01
1.155392227396853144e+01 1.155392227396853144e+01 1.155392227396853144e+01 1.155392227396853144e+01 1.155392227396853322e+01 1.155392227396853499e+01 1.155392227396854388e+01 1.155392227396856875e+01 1.155392227396864691e+01 1.155392227396889560e+01 1.155392227396968252e+01
1.156135434818631502e+01 1.156135434818631502e+01 1.156135434818631502e+01 1.156135434818631502e+01 1.156135434818631502e+01 1.156135434818631857e+01 1.156135434818632568e+01 1.156135434818635055e+01 1.156135434818642871e+01 1.156135434818667385e+01 1.156135434818745011e+01
1.156775706418831717e+01 1.156775706418831717e+01 1.156775706418831717e+01 1.156775706418831717e+01 1.156775706418831717e+01 1.156775706418831895e+01 1.156775706418832605e+01 1.156775706418834915e+01 1.156775706418842198e+01 1.156775706418864935e+01 1.156775706418937233e+01
1.157326026683466580e+01 1.157326026683466580e+01 1.157326026683466580e+01 1.157326026683466580e+01 1.157326026683466758e+01 1.157326026683466935e+01 1.157326026683467468e+01 1.157326026683469422e+01 1.157326026683475462e+01 1.157326026683494646e+01 1.157326026683555398e+01
1.157797871973930981e+01 1.157797871973930981e+01 1.157797871973930981e+01 1.157797871973930981e+01 1.157797871973931159e+01 1.157797871973931159e+01 1.157797871973931692e+01 1.157797871973932935e+01 1.157797871973937021e+01 1.157797871973949988e+01 1.157797871973991199e+01
1.158201362042115967e+01 1.158201362042115967e+01 1.158201362042115967e+01 1.158201362042115967e+01 1.158201362042115967e+01 1.158201362042115967e+01 1.158201362042116145e+01 1.158201362042116500e+01 1.158201362042117566e+01 1.158201362042121296e+01 1.158201362042132843e+01
1.158545404483991881e+01 1.158545404483991881e+01 1.158545404483991881e+01 1.158545404483991881e+01 1.158545404483991703e+01 1.158545404483991703e+01 1.158545404483991348e+01 1.158545404483990460e+01 1.158545404483987440e+01 1.158545404483977670e+01 1.158545404483947294e+01
