1.391489746880461986e+01 1.391489748568040774e+01 1.391489753904628834e+01 1.391489770780353830e+01 1.391489824145565990e+01 1.391489992894947569e+01 1.391490526431087282e+01 1.391492211673149093e+01 1.391497504133466556e+01 1.391513845190613807e+01 1.391562681416555236e+01
1.396250472903595075e+01 1.396250474856577384e+01 1.396250481032442003e+01 1.396250500562161889e+01 1.396250562319713850e+01 1.396250757603947967e+01 1.396251374986559846e+01 1.396253324097656190e+01 1.396259431037446141e+01 1.396278180392955370e+01 1.396333533906515179e+01
1.400505224293855733e+01 1.400505226564792594e+01 1.400505233746112665e+01 1.400505256455310743e+01 1.400505328266698335e+01 1.400505555337058539e+01 1.400506273126328516e+01 1.400508537602215497e+01 1.400515611113885761e+01 1.400537173204384089e+01 1.400599836370221141e+01
1.404293706664473973e+01 1.404293709315199301e+01 1.404293717697508193e+01 1.404293744204478500e+01 1.404293828024530022e+01 1.404294093057812809e+01 1.404294930706591060e+01 1.404297570594186695e+01 1.404305784136510482e+01 1.404330593422427143e+01 1.404401227497521276e+01
1.407655552572882662e+01 1.407655555675970938e+01 1.407655565488762051e+01 1.407655596519166608e+01 1.407655694641955080e+01 1.407656004884111312e+01 1.407656985166166130e+01 1.407660070024416576e+01 1.407669618497959618e+01 1.407698120628572624e+01 1.407777095741605144e+01
1.410629474114133153e+01 1.410629477754544325e+01 1.410629489266474579e+01 1.410629525669775042e+01 1.410629640780372540e+01 1.410630004707422991e+01 1.410631154180529023e+01 1.410634763909354739e+01 1.410645861753685359e+01 1.410678479052362810e+01 1.410765630199762199e+01
1.413252638202129674e+01 1.413252642479064214e+01 1.413252656003816377e+01 1.413252698771781546e+01 1.413252834004423875e+01 1.413253261501544245e+01 1.413254610993300631e+01 1.413258836356565418e+01 1.413271712293946791e+01 1.413308785272461598e+01 1.413403059026278541e+01
1.415560232095475790e+01 1.415560237124460663e+01 1.415560253027332216e+01 1.415560303314820345e+01 1.415560462317992751e+01 1.415560964876754113e+01 1.415562549967532746e+01 1.415567492523304516e+01 1.415582378815205544e+01 1.415624072356819063e+01 1.415723045856221773e+01
1.417585185481248544e+01 1.417585191396471878e+01 1.417585210101750270e+01 1.417585269249933511e+01 1.417585456258708554e+01 1.417586047190651577e+01 1.417587908644755856e+01 1.417593679617999136e+01 1.417610792604020453e+01 1.417656952371309664e+01 1.417756232056076371e+01
1.419358017508764824e+01 1.419358024465674539e+01 1.419358046464839873e+01 1.419358116026974059e+01 1.419358335942579252e+01 1.419359030603958516e+01 1.419361214661260640e+01 1.419367932017787304e+01 1.419387439208628088e+01 1.419437382269221537e+01 1.419529941809399176e+01
1.420906780499024435e+01 1.420906788677196175e+01 1.420906814537960194e+01 1.420906896307682565e+01 1.420907154783618687e+01 1.420907970800199926e+01 1.420910529177794857e+01 1.420918311739680107e+01 1.420940278881979424e+01 1.420992505952811413e+01 1.421068114947946626e+01
