8.776536101875706208e+00 8.776536101875272777e+00 8.776536101873901430e+00 8.776536101869565343e+00 8.776536101855851868e+00 8.776536101812483892e+00 8.776536101675345591e+00 8.776536101241676491e+00 8.776536099870295260e+00 8.776536095533606030e+00 8.776536081819793722e+00
8.774821747859272492e+00 8.774821747858871035e+00 8.774821747857599163e+00 8.774821747853575715e+00 8.774821747840853448e+00 8.774821747800624294e+00 8.774821747673405170e+00 8.774821747271104755e+00 8.774821745998922395e+00 8.774821741975923572e+00 8.774821729254087543e+00
8.772694462096058743e+00 8.772694462095691037e+00 8.772694462094523971e+00 8.772694462090832701e+00 8.772694462079162037e+00 8.772694462042258223e+00 8.772694461925556908e+00 8.772694461556511669e+00 8.772694460389489635e+00 8.772694456699044352e+00 8.772694445028827559e+00
8.770066724243566370e+00 8.770066724243232414e+00 8.770066724242175482e+00 8.770066724238834155e+00 8.770066724228264832e+00 8.770066724194846230e+00 8.770066724089163657e+00 8.770066723754968763e+00 8.770066722698151906e+00 8.770066719356204743e+00 8.770066708788036181e+00
8.766836318277995588e+00 8.766836318277697160e+00 8.766836318276753914e+00 8.766836318273773188e+00 8.766836318264344285e+00 8.766836318234531689e+00 8.766836318140251549e+00 8.766836317842114923e+00 8.766836316899324189e+00 8.766836313917954371e+00 8.766836304490038145e+00
8.762884985508035740e+00 8.762884985507774616e+00 8.762884985506948610e+00 8.762884985504335589e+00 8.762884985496070200e+00 8.762884985469936439e+00 8.762884985387289660e+00 8.762884985125941384e+00 8.762884984299484259e+00 8.762884981685994390e+00 8.762884973421417811e+00
8.758077241018021653e+00 8.758077241017797832e+00 8.758077241017087289e+00 8.758077241014843750e+00 8.758077241007747205e+00 8.758077240985308265e+00 8.758077240914351691e+00 8.758077240689962295e+00 8.758077239980384121e+00 8.758077237736497267e+00 8.758077230640706645e+00
8.752259421008121265e+00 8.752259421007932971e+00 8.752259421007339668e+00 8.752259421005460283e+00 8.752259420999518369e+00 8.752259420980731619e+00 8.752259420921321365e+00 8.752259420733448536e+00 8.752259420139342438e+00 8.752259418260615931e+00 8.752259412319560283e+00
8.745259020931181126e+00 8.745259020931028360e+00 8.745259020930546967e+00 8.745259020929022853e+00 8.745259020924201820e+00 8.745259020908957126e+00 8.745259020860748578e+00 8.745259020708301634e+00 8.745259020226221480e+00 8.745259018701748488e+00 8.745259013880939847e+00
8.736884370100266750e+00 8.736884370100147734e+00 8.736884370099771147e+00 8.736884370098584540e+00 8.736884370094829322e+00 8.736884370082954376e+00 8.736884370045402193e+00 8.736884369926649185e+00 8.736884369551123797e+00 8.736884368363606157e+00 8.736884364608345166e+00
8.726924669999622353e+00 8.726924669999535311e+00 8.726924669999259976e+00 8.726924669998386008e+00 8.726924669995621997e+00 8.726924669986884098e+00 8.726924669959252867e+00 8.726924669871873874e+00 8.726924669595559791e+00 8.726924668721775191e+00 8.726924665958623706e+00
