2.868284962152199302e+00 2.368421025514142020e+00 1.868435669688413236e+00 1.368437443889124916e+00 8.684377190635735877e-01 3.684377774909863290e-01 -1.315622068917283727e-01 -6.315618034479423271e-01 -1.131561802005285777e+00 -1.631562200280450847e+00 -2.131562200137368190e+00
2.868320073178151741e+00 2.368424494520930068e+00 1.868435995588980658e+00 1.368437469754855584e+00 8.684377195227618307e-01 3.684377768641531881e-01 -1.315622071671546656e-01 -6.315618035427549293e-01 -1.131561802036040731e+00 -1.631562200290254117e+00 -2.131562200140476371e+00
2.868347180811773978e+00 2.368427160485415239e+00 1.868436243456700119e+00 1.368437488568916338e+00 8.684377195148211825e-01 3.684377762658857525e-01 -1.315622074159192301e-01 -6.315618036273742408e-01 -1.131561802063395072e+00 -1.631562200298964482e+00 -2.131562200143236385e+00
2.868367903026530108e+00 2.368429188741128844e+00 1.868436429707321045e+00 1.368437501922532551e+00 8.684377191828179798e-01 3.684377757054116409e-01 -1.315622076387054640e-01 -6.315618037023762454e-01 -1.131561802087568402e+00 -1.631562200306654553e+00 -2.131562200145672659e+00
2.868383609444377313e+00 2.368430718189942663e+00 1.868436568075725113e+00 1.368437511131961992e+00 8.684377186401962545e-01 3.684377751883251007e-01 -1.315622078367721381e-01 -6.315618037684619379e-01 -1.131561802108812076e+00 -1.631562200313407374e+00 -2.131562200147811836e+00
2.868395426893658229e+00 2.368431862436720436e+00 1.868436669748052115e+00 1.368437517255778335e+00 8.684377179737750030e-01 3.684377747172867812e-01 -1.315622080117574144e-01 -6.315618038263970391e-01 -1.131561802127393435e+00 -1.631562200319309319e+00 -2.131562200149680564e+00
2.868404261856968063e+00 2.368432712434479281e+00 1.868436743639399378e+00 1.368437521125583922e+00 8.684377172477383278e-01 3.684377742927135713e-01 -1.315622081655172804e-01 -6.315618038769672538e-01 -1.131561802143579820e+00 -1.631562200324447653e+00 -2.131562200151307707e+00
2.868410830532389877e+00 2.368433339753412525e+00 1.868436796729597171e+00 1.368437523381607512e+00 8.684377165078257521e-01 3.684377739133979368e-01 -1.315622083000009546e-01 -6.315618039209457413e-01 -1.131561802157632801e+00 -1.631562200328906309e+00 -2.131562200152719022e+00
2.868415690546923358e+00 2.368433799917769367e+00 1.868436834402532831e+00 1.368437524507931879e+00 8.684377157852603002e-01 3.684377735770273388e-01 -1.315622084171582107e-01 -6.315618039590709110e-01 -1.131561802169796405e+00 -1.631562200332763668e+00 -2.131562200153940267e+00
2.868419270873657112e+00 2.368434135498025839e+00 1.868436860758660112e+00 1.368437524864490218e+00 8.684377151001810846e-01 3.684377732806020656e-01 -1.315622085188746238e-01 -6.315618039920326554e-01 -1.131561802180299781e+00 -1.631562200336093227e+00 -2.131562200154993647e+00
2.868421898244187140e+00 2.368434378810885033e+00 1.868436878886647001e+00 1.368437524714578801e+00 8.684377144645017976e-01 3.684377730207545887e-01 -1.315622086069284380e-01 -6.315618040204646899e-01 -1.131561802189349875e+00 -1.631562200338961599e+00 -2.131562200155901365e+00
