-1.666289928565209744e+00 -2.166289926530040599e+00 -2.666289925886463852e+00 -3.166289925682947093e+00 -3.666289925618589240e+00 -4.166289925598237964e+00 -4.666289925591802223e+00 -5.166289925589766518e+00 -5.666289925589123477e+00 -6.166289925588919196e+00 -6.666289925588855247e+00
-1.666289928565217737e+00 -2.166289926530043264e+00 -2.666289925886464740e+00 -3.166289925682947093e+00 -3.666289925618589240e+00 -4.166289925598237964e+00 -4.666289925591802223e+00 -5.166289925589766518e+00 -5.666289925589123477e+00 -6.166289925588919196e+00 -6.666289925588855247e+00
-1.666289928565224621e+00 -2.166289926530045484e+00 -2.666289925886465628e+00 -3.166289925682947537e+00 -3.666289925618589240e+00 -4.166289925598237964e+00 -4.666289925591802223e+00 -5.166289925589766518e+00 -5.666289925589123477e+00 -6.166289925588919196e+00 -6.666289925588855247e+00
-1.666289928565230616e+00 -2.166289926530047261e+00 -2.666289925886466072e+00 -3.166289925682947537e+00 -3.666289925618589685e+00 -4.166289925598237964e+00 -4.666289925591802223e+00 -5.166289925589766518e+00 -5.666289925589123477e+00 -6.166289925588919196e+00 -6.666289925588855247e+00
-1.666289928565235501e+00 -2.166289926530049037e+00 -2.666289925886466516e+00 -3.166289925682947537e+00 -3.666289925618589685e+00 -4.166289925598237964e+00 -4.666289925591802223e+00 -5.166289925589766518e+00 -5.666289925589123477e+00 -6.166289925588919196e+00 -6.666289925588855247e+00
-1.666289928565239942e+00 -2.166289926530050369e+00 -2.666289925886466960e+00 -3.166289925682947981e+00 -3.666289925618589685e+00 -4.166289925598237964e+00 -4.666289925591802223e+00 -5.166289925589766518e+00 -5.666289925589123477e+00 -6.166289925588919196e+00 -6.666289925588855247e+00
-1.666289928565243494e+00 -2.166289926530051257e+00 -2.666289925886467405e+00 -3.166289925682947981e+00 -3.666289925618589685e+00 -4.166289925598237964e+00 -4.666289925591802223e+00 -5.166289925589766518e+00 -5.666289925589123477e+00 -6.166289925588920084e+00 -6.666289925588855247e+00
-1.666289928565246603e+00 -2.166289926530052590e+00 -2.666289925886467405e+00 -3.166289925682948425e+00 -3.666289925618589685e+00 -4.166289925598237964e+00 -4.666289925591802223e+00 -5.166289925589766518e+00 -5.666289925589123477e+00 -6.166289925588920084e+00 -6.666289925588855247e+00
-1.666289928565249046e+00 -2.166289926530053034e+00 -2.666289925886467849e+00 -3.166289925682948425e+00 -3.666289925618589685e+00 -4.166289925598237964e+00 -4.666289925591802223e+00 -5.166289925589766518e+00 -5.666289925589123477e+00 -6.166289925588920084e+00 -6.666289925588855247e+00
-1.666289928565251266e+00 -2.166289926530053922e+00 -2.666289925886468293e+00 -3.166289925682948425e+00 -3.666289925618589685e+00 -4.166289925598237964e+00 -4.666289925591802223e+00 -5.166289925589766518e+00 -5.666289925589123477e+00 -6.166289925588920084e+00 -6.666289925588855247e+00
-1.666289928565264145e+00 -2.166289926530057919e+00 -2.666289925886469181e+00 -3.166289925682948869e+00 -3.666289925618589685e+00 -4.166289925598237964e+00 -4.666289925591802223e+00 -5.166289925589766518e+00 -5.666289925589123477e+00 -6.166289925588920084e+00 -6.666289925588855247e+00
