-1.666289928570778400e+00 -2.166289926531791199e+00 -2.666289925887016299e+00 -3.166289925683121620e+00 -3.666289925618644752e+00 -4.166289925598254840e+00 -4.666289925591807553e+00 -5.166289925589768295e+00 -5.666289925589123477e+00 -6.166289925588920084e+00 -6.666289925588855247e+00
-1.666289928571669243e+00 -2.166289926532069199e+00 -2.666289925887103784e+00 -3.166289925683149153e+00 -3.666289925618653189e+00 -4.166289925598257504e+00 -4.666289925591808441e+00 -5.166289925589768295e+00 -5.666289925589123477e+00 -6.166289925588920084e+00 -6.666289925588855247e+00
-1.666289928572705525e+00 -2.166289926532392052e+00 -2.666289925887205481e+00 -3.166289925683181128e+00 -3.666289925618663403e+00 -4.166289925598261057e+00 -4.666289925591809329e+00 -5.166289925589769183e+00 -5.666289925589124366e+00 -6.166289925588920084e+00 -6.666289925588855247e+00
-1.666289928573911894e+00 -2.166289926532766863e+00 -2.666289925887323164e+00 -3.166289925683218431e+00 -3.666289925618674950e+00 -4.166289925598264610e+00 -4.666289925591810217e+00 -5.166289925589769183e+00 -5.666289925589124366e+00 -6.166289925588920084e+00 -6.666289925588855247e+00
-1.666289928575317658e+00 -2.166289926533202514e+00 -2.666289925887459944e+00 -3.166289925683261508e+00 -3.666289925618688716e+00 -4.166289925598269051e+00 -4.666289925591811993e+00 -5.166289925589770071e+00 -5.666289925589124366e+00 -6.166289925588920084e+00 -6.666289925588855247e+00
-1.666289928576956125e+00 -2.166289926533708332e+00 -2.666289925887618928e+00 -3.166289925683311690e+00 -3.666289925618704704e+00 -4.166289925598274380e+00 -4.666289925591812882e+00 -5.166289925589770071e+00 -5.666289925589124366e+00 -6.166289925588920084e+00 -6.666289925588855247e+00
-1.666289928578867485e+00 -2.166289926534296750e+00 -2.666289925887803225e+00 -3.166289925683369866e+00 -3.666289925618722911e+00 -4.166289925598279709e+00 -4.666289925591815546e+00 -5.166289925589770959e+00 -5.666289925589124366e+00 -6.166289925588920084e+00 -6.666289925588855247e+00
-1.666289928581099700e+00 -2.166289926534980648e+00 -2.666289925888017720e+00 -3.166289925683437367e+00 -3.666289925618744228e+00 -4.166289925598286814e+00 -4.666289925591817322e+00 -5.166289925589771848e+00 -5.666289925589124366e+00 -6.166289925588920084e+00 -6.666289925588855247e+00
-1.666289928583709168e+00 -2.166289926535776456e+00 -2.666289925888265966e+00 -3.166289925683515971e+00 -3.666289925618769097e+00 -4.166289925598294808e+00 -4.666289925591819987e+00 -5.166289925589771848e+00 -5.666289925589125254e+00 -6.166289925588920084e+00 -6.666289925588855247e+00
-1.666289928586763169e+00 -2.166289926536702826e+00 -2.666289925888555068e+00 -3.166289925683606565e+00 -3.666289925618797962e+00 -4.166289925598303689e+00 -4.666289925591822652e+00 -5.166289925589773624e+00 -5.666289925589125254e+00 -6.166289925588920084e+00 -6.666289925588855247e+00
-1.666289928590342750e+00 -2.166289926537781074e+00 -2.666289925888890799e+00 -3.166289925683712259e+00 -3.666289925618831269e+00 -4.166289925598314348e+00 -4.666289925591826204e+00 -5.166289925589774512e+00 -5.666289925589125254e+00 -6.166289925588920084e+00 -6.666289925588855247e+00
