4.737044504544973833e+00 4.737044504544974721e+00 4.737044504544974721e+00 4.737044504544977386e+00 4.737044504544985379e+00 4.737044504545011137e+00 4.737044504545091073e+00 4.737044504545345092e+00 4.737044504546148893e+00 4.737044504548689083e+00 4.737044504556720881e+00
4.876148991381178632e+00 4.876148991381179520e+00 4.876148991381179520e+00 4.876148991381182185e+00 4.876148991381190179e+00 4.876148991381215936e+00 4.876148991381295872e+00 4.876148991381549891e+00 4.876148991382353692e+00 4.876148991384895659e+00 4.876148991392931897e+00
5.014935812384595515e+00 5.014935812384595515e+00 5.014935812384596403e+00 5.014935812384599068e+00 5.014935812384607061e+00 5.014935812384632818e+00 5.014935812384712754e+00 5.014935812384967662e+00 5.014935812385771463e+00 5.014935812388315206e+00 5.014935812396357662e+00
5.153290830801124045e+00 5.153290830801124045e+00 5.153290830801124933e+00 5.153290830801127598e+00 5.153290830801135591e+00 5.153290830801160460e+00 5.153290830801241285e+00 5.153290830801496192e+00 5.153290830802300881e+00 5.153290830804847289e+00 5.153290830812898626e+00
5.291062307103662654e+00 5.291062307103662654e+00 5.291062307103663542e+00 5.291062307103666207e+00 5.291062307103674200e+00 5.291062307103699958e+00 5.291062307103780782e+00 5.291062307104035689e+00 5.291062307104841267e+00 5.291062307107391227e+00 5.291062307115454111e+00
5.428050958114123858e+00 5.428050958114124747e+00 5.428050958114125635e+00 5.428050958114127411e+00 5.428050958114136293e+00 5.428050958114161162e+00 5.428050958114241986e+00 5.428050958114497782e+00 5.428050958115305136e+00 5.428050958117860425e+00 5.428050958125938408e+00
5.563999121395173830e+00 5.563999121395173830e+00 5.563999121395174718e+00 5.563999121395177383e+00 5.563999121395185377e+00 5.563999121395211134e+00 5.563999121395291958e+00 5.563999121395548642e+00 5.563999121396358660e+00 5.563999121398919279e+00 5.563999121407017689e+00
5.698580139537091860e+00 5.698580139537091860e+00 5.698580139537092748e+00 5.698580139537095413e+00 5.698580139537103406e+00 5.698580139537129163e+00 5.698580139537210876e+00 5.698580139537467559e+00 5.698580139538280243e+00 5.698580139540849743e+00 5.698580139548974799e+00
5.831389739006535677e+00 5.831389739006535677e+00 5.831389739006536566e+00 5.831389739006539230e+00 5.831389739006548112e+00 5.831389739006573869e+00 5.831389739006654693e+00 5.831389739006913153e+00 5.831389739007728501e+00 5.831389739010309547e+00 5.831389739018468354e+00
5.961941824213908170e+00 5.961941824213909058e+00 5.961941824213909946e+00 5.961941824213912611e+00 5.961941824213920604e+00 5.961941824213946362e+00 5.961941824214028074e+00 5.961941824214287422e+00 5.961941824215108099e+00 5.961941824217701580e+00 5.961941824225902131e+00
6.089671332207164944e+00 6.089671332207165833e+00 6.089671332207165833e+00 6.089671332207168497e+00 6.089671332207177379e+00 6.089671332207203136e+00 6.089671332207285737e+00 6.089671332207546861e+00 6.089671332208371979e+00 6.089671332210980559e+00 6.089671332219230848e+00
