3.917290125811132118e+00 3.985094967176182390e+00 3.918724819667362524e+00 3.695957539211391474e+00 3.325334271007479803e+00 2.862702381979516986e+00 2.368957223052058580e+00 1.869680048044043419e+00 1.369753968687995371e+00 8.697613790507535692e-01 3.697621202726011358e-01
3.917290125811155654e+00 3.985094967176201042e+00 3.918724819667376291e+00 3.695957539211399023e+00 3.325334271007482467e+00 2.862702381979517874e+00 2.368957223052058580e+00 1.869680048044043419e+00 1.369753968687995371e+00 8.697613790507535692e-01 3.697621202726011358e-01
3.917290125813430723e+00 3.985094967178034686e+00 3.918724819668674808e+00 3.695957539212116227e+00 3.325334271007741371e+00 2.862702381979570276e+00 2.368957223052065242e+00 1.869680048044044085e+00 1.369753968687995371e+00 8.697613790507535692e-01 3.697621202726011358e-01
3.917290125924464128e+00 3.985094967267521326e+00 3.918724819732051223e+00 3.695957539247123336e+00 3.325334271020374821e+00 2.862702381982128674e+00 2.368957223052386318e+00 1.869680048044077392e+00 1.369753968687998702e+00 8.697613790507539022e-01 3.697621202726012468e-01
3.917290128939163729e+00 3.985094969697200895e+00 3.918724821452804541e+00 3.695957540197611468e+00 3.325334271363388439e+00 2.862702382051593553e+00 2.368957223061103790e+00 1.869680048044981779e+00 1.369753968688088852e+00 8.697613790507625620e-01 3.697621202726019685e-01
3.917290178502219167e+00 3.985095009642250830e+00 3.918724849742777572e+00 3.695957555824073815e+00 3.325334277002695682e+00 2.862702383193628908e+00 2.368957223204424256e+00 1.869680048059850108e+00 1.369753968689571222e+00 8.697613790509074461e-01 3.697621202726152911e-01
3.917290708810647892e+00 3.985095437041159094e+00 3.918725152436169257e+00 3.695957723022043950e+00 3.325334337341400381e+00 2.862702395413023293e+00 2.368957224737904266e+00 1.869680048218937296e+00 1.369753968705431646e+00 8.697613790524564292e-01 3.697621202727583434e-01
3.917294636386840612e+00 3.985098602446748739e+00 3.918727394245220985e+00 3.695958961322900027e+00 3.325334784220808526e+00 2.862702485911888584e+00 2.368957236095098118e+00 1.869680049397159927e+00 1.369753968822896573e+00 8.697613790639281417e-01 3.697621202738169965e-01
3.917315862738380616e+00 3.985115709663148209e+00 3.918739509904092255e+00 3.695965653566321674e+00 3.325337199299809310e+00 2.862702974990911198e+00 2.368957297471871559e+00 1.869680055764525228e+00 1.369753969457700782e+00 8.697613791259238836e-01 3.697621202795381423e-01
3.917403454771681393e+00 3.985186303268380303e+00 3.918789504869926166e+00 3.695993268155460587e+00 3.325347164326778682e+00 2.862704992911739854e+00 2.368957550702722070e+00 1.869680082035079405e+00 1.369753972076780624e+00 8.697613793817050576e-01 3.697621203031420944e-01
3.917690422650023763e+00 3.985417575173449745e+00 3.918953284721025998e+00 3.696083722650697734e+00 3.325379800720565271e+00 2.862711600636091980e+00 2.368958379830183425e+00 1.869680168047921587e+00 1.369753980651903236e+00 8.697613802191510590e-01 3.697621203804212220e-01
