-1.206732298386834756e+01 -1.206705312602364089e+01 -1.206620086245541401e+01 -1.206351672284613130e+01 -1.205513628393276804e+01 -1.202965163529266235e+01 -1.195768693402398775e+01 -1.178657753294770849e+01 -1.147913070525350498e+01 -1.106343488640438011e+01 -1.059390170986248236e+01
-9.596866790659840163e+00 -9.596865876939414619e+00 -9.596862987514377608e+00 -9.596853850476643188e+00 -9.596824957891380237e+00 -9.596733604162375642e+00 -9.596444844705752431e+00 -9.595532968619975733e+00 -9.592661899535746883e+00 -9.583705713414113703e+00 -9.556541337487926668e+00
-7.493983486519484316e+00 -7.493983479309563656e+00 -7.493983456509793584e+00 -7.493983384410597637e+00 -7.493983156413000835e+00 -7.493982435422080535e+00 -7.493980155456478442e+00 -7.493972945650958728e+00 -7.493950147031704923e+00 -7.493878059342853781e+00 -7.493650176770821680e+00
-5.704072284083266275e+00 -5.704072283966310941e+00 -5.704072283596466342e+00 -5.704072282426914775e+00 -5.704072278728468781e+00 -5.704072267032955779e+00 -5.704072230048498504e+00 -5.704072113093396901e+00 -5.704071743249098603e+00 -5.704070573700809277e+00 -5.704066875285110250e+00
-4.180553845154218351e+00 -4.180553845150715375e+00 -4.180553845139636238e+00 -4.180553845104601152e+00 -4.180553844993810664e+00 -4.180553844643461581e+00 -4.180553843535561143e+00 -4.180553840032071200e+00 -4.180553828953065043e+00 -4.180553793918170058e+00 -4.180553683128125364e+00
-2.883780866592029479e+00 -2.883780866591852288e+00 -2.883780866591292735e+00 -2.883780866589523928e+00 -2.883780866583929736e+00 -2.883780866566239887e+00 -2.883780866510298857e+00 -2.883780866333399029e+00 -2.883780865773992286e+00 -2.883780864004991784e+00 -2.883780858410922132e+00
-1.780006453236243846e+00 -1.780006453236229857e+00 -1.780006453236185671e+00 -1.780006453236046449e+00 -1.780006453235605690e+00 -1.780006453234212804e+00 -1.780006453229807661e+00 -1.780006453215877693e+00 -1.780006453171826708e+00 -1.780006453032525915e+00 -1.780006452592018062e+00
-8.405040032235524539e-01 -8.405040032235508995e-01 -8.405040032235457925e-01 -8.405040032235298053e-01 -8.405040032234791791e-01 -8.405040032233190850e-01 -8.405040032228128233e-01 -8.405040032212115486e-01 -8.405040032161478214e-01 -8.405040032001356298e-01 -8.405040031495000230e-01
-4.081113651377468732e-02 -4.081113651377442364e-02 -4.081113651377363261e-02 -4.081113651377108603e-02 -4.081113651376298140e-02 -4.081113651373766832e-02 -4.081113651365736450e-02 -4.081113651340338710e-02 -4.081113651260025177e-02 -4.081113651006048476e-02 -4.081113650202935345e-02
6.399346946602072483e-01 6.399346946602071373e-01 6.399346946602074704e-01 6.399346946602080255e-01 6.399346946602096908e-01 6.399346946602149089e-01 6.399346946602316732e-01 6.399346946602847419e-01 6.399346946604522746e-01 6.399346946609821840e-01 6.399346946626575106e-01
1.219601095724780038e+00 1.219601095724780038e+00 1.219601095724780038e+00 1.219601095724780038e+00 1.219601095724780482e+00 1.219601095724782036e+00 1.219601095724786477e+00 1.219601095724800466e+00 1.219601095724844653e+00 1.219601095724983875e+00 1.219601095725425299e+00
