7.650849211305220443e+00 7.650970308961400512e+00 7.651352998029333996e+00 7.652560586599860493e+00 7.656352671118507480e+00 7.668053121929546023e+00 7.701610222962985475e+00 7.775375688917101513e+00 7.877989462330845960e+00 7.971648283262012136e+00 8.014544044623397312e+00
7.528891613749253864e+00 7.529011280008739426e+00 7.529389456697794358e+00 7.530582925405517436e+00 7.534332120363237628e+00 7.545922278421152818e+00 7.579532210596378938e+00 7.656308485325236113e+00 7.768055102274275647e+00 7.875457013643353044e+00 7.936049393897358861e+00
7.405407838169610457e+00 7.405526388928150183e+00 7.405901048571559286e+00 7.407083506416106466e+00 7.410799185606127715e+00 7.422302079416986054e+00 7.455943555650251575e+00 7.535403433954259711e+00 7.656121229868152689e+00 7.776956131677793316e+00 7.854476091300643503e+00
7.280711923590808432e+00 7.280829606470210713e+00 7.281201529458273036e+00 7.282375415978171063e+00 7.286064959017706677e+00 7.297499081637455198e+00 7.331157199020826631e+00 7.412964501871329048e+00 7.542469055888357587e+00 7.676511683426482158e+00 7.770280787405455136e+00
7.155065696049216051e+00 7.155182702198907840e+00 7.155552491042145746e+00 7.156719690755105390e+00 7.160388811382859764e+00 7.171768676688190958e+00 7.205432728888583327e+00 7.289250993030619519e+00 7.427306889868398265e+00 7.574399893006685147e+00 7.683833304007732679e+00
7.028682536039681850e+00 7.028799010677432513e+00 7.029167123154638652e+00 7.030329068398799564e+00 7.033982115734170648e+00 7.045318864976440665e+00 7.078980822302528786e+00 7.164484258390047877e+00 7.310782714359301160e+00 7.470819944382506073e+00 7.595423387148718675e+00
6.901733043906411957e+00 6.901849095376912047e+00 6.902215873046906758e+00 6.903373632708400542e+00 6.907013854594782565e+00 6.918315839189220995e+00 6.951969304355883672e+00 7.038853387194451194e+00 7.192997506297247767e+00 7.365907164102932114e+00 7.505271060790837723e+00
6.774351476380354065e+00 6.774467183685553451e+00 6.774832875602306181e+00 6.775987229063832551e+00 6.779616993418461135e+00 6.790890293447467307e+00 6.824529785975210316e+00 6.912519451065231024e+00 7.074018575870638870e+00 7.259745205691312542e+00 7.413538064434116670e+00
6.646642140349253047e+00 6.646757559228683832e+00 6.647122341097206011e+00 6.648273838049266971e+00 6.651894812895970510e+00 6.663143674127992355e+00 6.696764134249866274e+00 6.785618517094862412e+00 6.953892427402714738e+00 7.152376608301920236e+00 7.320338650356829291e+00
6.518685243341169055e+00 6.518800411054019861e+00 6.519164400299888307e+00 6.520313407833691066e+00 6.523926703565833485e+00 6.535153890593307757e+00 6.568750324938268825e+00 6.658263965191761002e+00 6.832656656149270091e+00 7.043811619026759452e+00 7.225748925526151112e+00
6.390541957320169608e+00 6.390656896311986301e+00 6.391020163637750606e+00 6.392166902378321858e+00 6.395773181149372100e+00 6.406980252461072389e+00 6.440547467803948933e+00 6.530548614449584122e+00 6.710350214725609774e+00 6.934035493104258485e+00 7.129814489573543135e+00
