-1.223129058442705475e+00 -1.223126468314894355e+00 -1.223118277713241886e+00 -1.223092377773161488e+00 -1.223010485134926384e+00 -1.222751619454122807e+00 -1.221934028286056462e+00 -1.219358661205369510e+00 -1.211313710118919973e+00 -1.186811874150560886e+00 -1.117340383140015492e+00
-7.232302309851653677e-01 -7.232294101536768105e-01 -7.232268144668078103e-01 -7.232186062863068532e-01 -7.231926507613946065e-01 -7.231105823921571973e-01 -7.228511614374512062e-01 -7.220318186906967695e-01 -7.194509557827950541e-01 -7.113890456461853251e-01 -6.868374564362910162e-01
-2.964202120904797511e-01 -2.964199034408612210e-01 -2.964189274065114343e-01 -2.964158409293274898e-01 -2.964060807758364668e-01 -2.963752179039571000e-01 -2.962776353652698536e-01 -2.959691965022618332e-01 -2.949952663150197107e-01 -2.919297242461549313e-01 -2.823756281450099381e-01
6.936425001740274821e-02 6.936438426465779683e-02 6.936480879148035350e-02 6.936615126043738089e-02 6.937039649271894981e-02 6.938382082283242602e-02 6.942626955138364586e-02 6.956047691865022142e-02 6.998460514231995278e-02 7.132309692402528933e-02 7.552883352172699849e-02
3.848644599569955860e-01 3.848645260518163691e-01 3.848647350619255336e-01 3.848653960092625059e-01 3.848674861016410098e-01 3.848740954878790421e-01 3.848949955403813683e-01 3.849610806909919414e-01 3.851699941313561637e-01 3.858299758348463504e-01 3.879104450645395330e-01
6.595941293914389103e-01 6.595941655529604652e-01 6.595942799057119554e-01 6.595946415206652702e-01 6.595957850455719251e-01 6.595994011690230474e-01 6.596108361572792234e-01 6.596469947838398129e-01 6.597613185923014711e-01 6.601226442880655521e-01 6.612632820719348548e-01
9.018405694743713008e-01 9.018405911179736556e-01 9.018406595610469756e-01 9.018408759969775979e-01 9.018415604267758789e-01 9.018437247767382425e-01 9.018505689812884585e-01 9.018722115466222267e-01 9.019406442503794530e-01 9.021569765229958682e-01 9.028403709124719345e-01
1.118649912425663029e+00 1.118649926409156503e+00 1.118649970628842194e+00 1.118650110463737857e+00 1.118650552660207520e+00 1.118651951005261935e+00 1.118656372930958209e+00 1.118670355991504328e+00 1.118714571348794262e+00 1.118854362967432126e+00 1.119296126984963058e+00
1.315852836905367473e+00 1.315852846547358679e+00 1.315852877038010016e+00 1.315852973457901642e+00 1.315853278364230272e+00 1.315854242561292242e+00 1.315857291606033153e+00 1.315866933391227178e+00 1.315897421984483229e+00 1.315993821298117039e+00 1.316298521950252987e+00
1.498149275327376184e+00 1.498149282354500178e+00 1.498149304576216645e+00 1.498149374847446591e+00 1.498149597064512450e+00 1.498150299775827365e+00 1.498152521936636949e+00 1.498159548951294440e+00 1.498181769574523425e+00 1.498252029873691438e+00 1.498474137671628847e+00
1.669240695236153149e+00 1.669240700604833094e+00 1.669240717582088696e+00 1.669240771268881041e+00 1.669240941041381099e+00 1.669241477908729676e+00 1.669243175627983966e+00 1.669248544243979504e+00 1.669265520861661800e+00 1.669319201273559372e+00 1.669488909987560721e+00
