8.426496098065276996e+00 8.426496098065276996e+00 8.426496098065276996e+00 8.426496098065276996e+00 8.426496098065276996e+00 8.426496098065276996e+00 8.426496098065276996e+00 8.426496098065275220e+00 8.426496098065275220e+00 8.426496098065269891e+00 8.426496098065257456e+00
8.425585854402394048e+00 8.425585854402394048e+00 8.425585854402394048e+00 8.425585854402394048e+00 8.425585854402394048e+00 8.425585854402394048e+00 8.425585854402394048e+00 8.425585854402394048e+00 8.425585854402392272e+00 8.425585854402388719e+00 8.425585854402374508e+00
8.424440196384280100e+00 8.424440196384280100e+00 8.424440196384280100e+00 8.424440196384280100e+00 8.424440196384280100e+00 8.424440196384280100e+00 8.424440196384280100e+00 8.424440196384280100e+00 8.424440196384278323e+00 8.424440196384274770e+00 8.424440196384262336e+00
8.423003403043937354e+00 8.423003403043937354e+00 8.423003403043937354e+00 8.423003403043937354e+00 8.423003403043937354e+00 8.423003403043937354e+00 8.423003403043937354e+00 8.423003403043937354e+00 8.423003403043935577e+00 8.423003403043932025e+00 8.423003403043921367e+00
8.421208401317024084e+00 8.421208401317024084e+00 8.421208401317024084e+00 8.421208401317024084e+00 8.421208401317024084e+00 8.421208401317024084e+00 8.421208401317024084e+00 8.421208401317022307e+00 8.421208401317022307e+00 8.421208401317018755e+00 8.421208401317008096e+00
8.418975072411265970e+00 8.418975072411265970e+00 8.418975072411265970e+00 8.418975072411265970e+00 8.418975072411265970e+00 8.418975072411265970e+00 8.418975072411265970e+00 8.418975072411265970e+00 8.418975072411264193e+00 8.418975072411262417e+00 8.418975072411251759e+00
8.416208501187009361e+00 8.416208501187009361e+00 8.416208501187009361e+00 8.416208501187009361e+00 8.416208501187009361e+00 8.416208501187009361e+00 8.416208501187009361e+00 8.416208501187009361e+00 8.416208501187007585e+00 8.416208501187005808e+00 8.416208501186995150e+00
8.412797229806837862e+00 8.412797229806837862e+00 8.412797229806837862e+00 8.412797229806837862e+00 8.412797229806837862e+00 8.412797229806837862e+00 8.412797229806837862e+00 8.412797229806837862e+00 8.412797229806837862e+00 8.412797229806834309e+00 8.412797229806827204e+00
8.408611591503959204e+00 8.408611591503959204e+00 8.408611591503959204e+00 8.408611591503959204e+00 8.408611591503959204e+00 8.408611591503959204e+00 8.408611591503959204e+00 8.408611591503959204e+00 8.408611591503957428e+00 8.408611591503955651e+00 8.408611591503948546e+00
8.403502213961475675e+00 8.403502213961475675e+00 8.403502213961475675e+00 8.403502213961475675e+00 8.403502213961475675e+00 8.403502213961475675e+00 8.403502213961475675e+00 8.403502213961475675e+00 8.403502213961475675e+00 8.403502213961473899e+00 8.403502213961466794e+00
8.397298787966974487e+00 8.397298787966974487e+00 8.397298787966974487e+00 8.397298787966974487e+00 8.397298787966974487e+00 8.397298787966974487e+00 8.397298787966974487e+00 8.397298787966974487e+00 8.397298787966974487e+00 8.397298787966972711e+00 8.397298787966967382e+00
