3.992356393229433031e+00 3.992391837726817716e+00 3.992503904030001216e+00 3.992858098552528379e+00 3.993976262144947942e+00 3.997493372103374742e+00 4.008431559191981464e+00 4.041311506376872309e+00 4.131403144552451501e+00 4.333193073614348023e+00 4.667122406921170530e+00
3.863590692508510394e+00 3.863625983189915125e+00 3.863737563250440044e+00 3.864090221798634150e+00 3.865203544756100840e+00 3.868705510916623069e+00 3.879597390883672059e+00 3.912345175974688338e+00 4.002126014866485448e+00 4.203483919937366586e+00 4.537928513923612961e+00
3.734804330608465062e+00 3.734839444097667993e+00 3.734950464017239291e+00 3.735301353141986969e+00 3.736409099602620909e+00 3.739893618370992101e+00 3.750732131966324268e+00 3.783327438238385465e+00 3.872747551948134248e+00 4.073573659050008899e+00 4.408214840681572433e+00
3.605994831551911251e+00 3.606029740948563322e+00 3.606140115688061254e+00 3.606488966744258118e+00 3.607590289889666568e+00 3.611054710198150719e+00 3.621831732521598735e+00 3.654251180175642322e+00 3.743253427773587827e+00 3.943439858486329719e+00 4.278005815827606639e+00
3.477158445919937169e+00 3.477193120370276613e+00 3.477302752392511742e+00 3.477649257249875170e+00 3.478743185769450630e+00 3.482184466548924551e+00 3.492890675223075281e+00 3.525107428135548115e+00 3.613626370279179323e+00 3.813055410181310112e+00 4.147305047116290666e+00
3.348290216050461066e+00 3.348324620254639505e+00 3.348433397966693814e+00 3.348777204087046044e+00 3.349862626641273433e+00 3.353277287990268363e+00 3.363902011665975689e+00 3.395885325076386074e+00 3.483845993941401264e+00 3.682384534267688636e+00 4.016095769321366582e+00
3.219383675422430091e+00 3.219417769105271887e+00 3.219525565185164862e+00 3.219866270333735070e+00 3.220941918858184483e+00 3.224325989527323966e+00 3.234857044585330410e+00 3.266571774835418385e+00 3.353888335857277081e+00 3.551388106736415917e+00 3.884344785481568696e+00
3.090430469061341778e+00 3.090464206411625003e+00 3.090570876035414027e+00 3.090908022676833511e+00 3.091972454684785543e+00 3.095321416353077559e+00 3.105744933087494886e+00 3.137151011514806243e+00 3.223725309324975363e+00 3.420015337479356710e+00 3.751999806760634382e+00
2.961419741270400419e+00 2.961453070368019524e+00 2.961558449398482118e+00 2.961891518970461767e+00 2.962943099460372931e+00 2.966251829680292662e+00 2.976552073513748731e+00 3.007603958624801344e+00 3.093323967345983139e+00 3.288210851275146229e+00 3.618993074202762283e+00
2.832337446510837076e+00 2.832370308751757548e+00 2.832474211919976170e+00 2.832802619083356177e+00 2.833839502359921880e+00 2.837102217114692237e+00 2.847261407511652465e+00 2.877907521062388785e+00 2.962645697141062406e+00 3.155906741415733574e+00 3.485237422329184653e+00
2.703165525769904765e+00 2.703197855307564623e+00 2.703300074446359336e+00 2.703623161497496152e+00 2.704643273489902189e+00 2.707853471164253900e+00 2.717851603512352110e+00 2.748033763353659786e+00 2.831645314485348841e+00 3.023026019883213955e+00 3.350628561372416048e+00
