1.254363372411632938e+01 1.209010920445930992e+01 1.161046262461256440e+01 1.111812355401814933e+01 1.062074141066365662e+01 1.012159401401974712e+01 9.621866361823407487e+00 9.121952768554702828e+00 8.621980121371050743e+00 8.121988773962607766e+00 7.621991510439800166e+00
1.254363055145901029e+01 1.209010756511122686e+01 1.161046194389899355e+01 1.111812330991158326e+01 1.062074132955223327e+01 1.012159398792302589e+01 9.621866353523989446e+00 9.121952765925430029e+00 8.621980120539122439e+00 8.121988773699479580e+00 7.621991510356587618e+00
1.254362778097803854e+01 1.209010615490154272e+01 1.161046136211083990e+01 1.111812310182417995e+01 1.062074126047530243e+01 1.012159396570548964e+01 9.621866346458997299e+00 9.121952763687300347e+00 8.621980119830963574e+00 8.121988773475500523e+00 7.621991510285755389e+00
1.254362537210354311e+01 1.209010494381688616e+01 1.161046086518198095e+01 1.111812292448092343e+01 1.062074120165205215e+01 1.012159394679111912e+01 9.621866340444926280e+00 9.121952761782148755e+00 8.621980119228165762e+00 8.121988773284845919e+00 7.621991510225461397e+00
1.254362328499120061e+01 1.209010390518447409e+01 1.161046044095884078e+01 1.111812277336827570e+01 1.062074115156387322e+01 1.012159393068926150e+01 9.621866335325519159e+00 9.121952760160450424e+00 8.621980118715057984e+00 8.121988773122557959e+00 7.621991510174138895e+00
1.254362148187745696e+01 1.209010301548510924e+01 1.161046007896555210e+01 1.111812264462734134e+01 1.062074110891612300e+01 1.012159391698202171e+01 9.621866330967739245e+00 9.121952758780045301e+00 8.621980118278299798e+00 8.121988772984419569e+00 7.621991510130452951e+00
1.254361992783011814e+01 1.209010225410859896e+01 1.161045977019037068e+01 1.111812253496115055e+01 1.062074107260535527e+01 1.012159390531351200e+01 9.621866327258313589e+00 9.121952757605038542e+00 8.621980117906529628e+00 8.121988772866835404e+00 7.621991510093267586e+00
1.254361859109520516e+01 1.209010160308368498e+01 1.161045950689393180e+01 1.111812244155443530e+01 1.062074104169126798e+01 1.012159389538066989e+01 9.621866324100807333e+00 9.121952756604873258e+00 8.621980117590082315e+00 8.121988772766750131e+00 7.621991510061615571e+00
1.254361744318059557e+01 1.209010104680330500e+01 1.161045928243883729e+01 1.111812236200441895e+01 1.062074101537272597e+01 1.012159388692544049e+01 9.621866321413120815e+00 9.121952755753538256e+00 8.621980117320724446e+00 8.121988772681556057e+00 7.621991510034674455e+00
1.254361645877386700e+01 1.209010057175825636e+01 1.161045909113939167e+01 1.111812229426121412e+01 1.062074099296726537e+01 1.012159387972810265e+01 9.621866319125361500e+00 9.121952755028889470e+00 8.621980117091450069e+00 8.121988772609041618e+00 7.621991510011741688e+00
1.254361561556130589e+01 1.209010016628692519e+01 1.161045892812991731e+01 1.111812223657659970e+01 1.062074097389357519e+01 1.012159387360158114e+01 9.621866317178030314e+00 9.121952754412077979e+00 8.621980116896295954e+00 8.121988772547318547e+00 7.621991509992222191e+00
