-4.072327772789710920e+00 -4.072327772789710920e+00 -4.072327772789710920e+00 -4.072327772789710032e+00 -4.072327772789707367e+00 -4.072327772789698486e+00 -4.072327772789671840e+00 -4.072327772789585687e+00 -4.072327772789313904e+00 -4.072327772788454148e+00 -4.072327772785734545e+00
-3.916637934705442969e+00 -3.916637934705442969e+00 -3.916637934705442525e+00 -3.916637934705442081e+00 -3.916637934705439861e+00 -3.916637934705432755e+00 -3.916637934705410995e+00 -3.916637934705341273e+00 -3.916637934705121005e+00 -3.916637934704425561e+00 -3.916637934702225987e+00
-3.767670350755289110e+00 -3.767670350755289110e+00 -3.767670350755288666e+00 -3.767670350755288222e+00 -3.767670350755286002e+00 -3.767670350755280673e+00 -3.767670350755262021e+00 -3.767670350755203845e+00 -3.767670350755019548e+00 -3.767670350754436459e+00 -3.767670350752593045e+00
-3.623641601481460306e+00 -3.623641601481460306e+00 -3.623641601481459862e+00 -3.623641601481459418e+00 -3.623641601481458085e+00 -3.623641601481452756e+00 -3.623641601481436769e+00 -3.623641601481386587e+00 -3.623641601481227603e+00 -3.623641601480724006e+00 -3.623641601479131946e+00
-3.483176735358585407e+00 -3.483176735358585407e+00 -3.483176735358584963e+00 -3.483176735358584519e+00 -3.483176735358583187e+00 -3.483176735358578746e+00 -3.483176735358564535e+00 -3.483176735358519682e+00 -3.483176735358378906e+00 -3.483176735357933040e+00 -3.483176735356523501e+00
-3.345220697784403896e+00 -3.345220697784403896e+00 -3.345220697784403896e+00 -3.345220697784403452e+00 -3.345220697784402120e+00 -3.345220697784398123e+00 -3.345220697784385244e+00 -3.345220697784344832e+00 -3.345220697784217379e+00 -3.345220697783814146e+00 -3.345220697782539165e+00
-3.208967957135669291e+00 -3.208967957135669291e+00 -3.208967957135669291e+00 -3.208967957135668847e+00 -3.208967957135667959e+00 -3.208967957135663962e+00 -3.208967957135652416e+00 -3.208967957135615112e+00 -3.208967957135497429e+00 -3.208967957135126614e+00 -3.208967957133952442e+00
-3.073807419947012676e+00 -3.073807419947012232e+00 -3.073807419947012232e+00 -3.073807419947011788e+00 -3.073807419947010899e+00 -3.073807419947007347e+00 -3.073807419946996244e+00 -3.073807419946961605e+00 -3.073807419946851915e+00 -3.073807419946505082e+00 -3.073807419945407737e+00
-2.939279601204716208e+00 -2.939279601204716208e+00 -2.939279601204716208e+00 -2.939279601204715764e+00 -2.939279601204714876e+00 -2.939279601204711323e+00 -2.939279601204701109e+00 -2.939279601204668246e+00 -2.939279601204564774e+00 -2.939279601204236592e+00 -2.939279601203199199e+00
-2.805043336520030905e+00 -2.805043336520030905e+00 -2.805043336520030905e+00 -2.805043336520030461e+00 -2.805043336520029129e+00 -2.805043336520026465e+00 -2.805043336520016251e+00 -2.805043336519985164e+00 -2.805043336519886132e+00 -2.805043336519572161e+00 -2.805043336518580954e+00
-2.670849805933551036e+00 -2.670849805933551036e+00 -2.670849805933551036e+00 -2.670849805933551036e+00 -2.670849805933550147e+00 -2.670849805933547039e+00 -2.670849805933537269e+00 -2.670849805933507071e+00 -2.670849805933411591e+00 -2.670849805933109611e+00 -2.670849805932154375e+00
