1.143544827820524468e+00 1.143544827820524468e+00 1.143544827820524468e+00 1.143544827820524468e+00 1.143544827820524690e+00 1.143544827820524690e+00 1.143544827820525134e+00 1.143544827820526244e+00 1.143544827820529575e+00 1.143544827820540233e+00 1.143544827820574428e+00
1.281021720647870010e+00 1.281021720647870010e+00 1.281021720647870010e+00 1.281021720647870010e+00 1.281021720647870010e+00 1.281021720647870010e+00 1.281021720647870454e+00 1.281021720647871565e+00 1.281021720647874673e+00 1.281021720647885109e+00 1.281021720647917750e+00
1.418472048609465297e+00 1.418472048609465297e+00 1.418472048609465297e+00 1.418472048609465297e+00 1.418472048609465297e+00 1.418472048609465519e+00 1.418472048609465741e+00 1.418472048609466851e+00 1.418472048609469960e+00 1.418472048609479952e+00 1.418472048609511482e+00
1.555989683028982551e+00 1.555989683028982551e+00 1.555989683028982551e+00 1.555989683028982551e+00 1.555989683028982551e+00 1.555989683028982773e+00 1.555989683028982995e+00 1.555989683028983883e+00 1.555989683028987214e+00 1.555989683028996540e+00 1.555989683029027182e+00
1.693634811528210715e+00 1.693634811528210715e+00 1.693634811528210715e+00 1.693634811528210715e+00 1.693634811528210715e+00 1.693634811528210937e+00 1.693634811528211159e+00 1.693634811528212047e+00 1.693634811528215156e+00 1.693634811528224482e+00 1.693634811528254014e+00
1.831443010385299885e+00 1.831443010385299885e+00 1.831443010385299885e+00 1.831443010385299885e+00 1.831443010385299885e+00 1.831443010385299885e+00 1.831443010385300108e+00 1.831443010385300996e+00 1.831443010385303882e+00 1.831443010385313208e+00 1.831443010385342296e+00
1.969432148844244779e+00 1.969432148844244779e+00 1.969432148844244779e+00 1.969432148844244779e+00 1.969432148844244779e+00 1.969432148844245001e+00 1.969432148844245223e+00 1.969432148844246111e+00 1.969432148844248998e+00 1.969432148844257879e+00 1.969432148844286523e+00
2.107607600566939965e+00 2.107607600566939965e+00 2.107607600566939965e+00 2.107607600566939965e+00 2.107607600566939965e+00 2.107607600566939965e+00 2.107607600566940409e+00 2.107607600566941297e+00 2.107607600566943962e+00 2.107607600566953288e+00 2.107607600566981265e+00
2.245966132843583374e+00 2.245966132843583374e+00 2.245966132843583374e+00 2.245966132843583374e+00 2.245966132843582930e+00 2.245966132843583374e+00 2.245966132843583374e+00 2.245966132843584262e+00 2.245966132843586927e+00 2.245966132843595808e+00 2.245966132843623342e+00
2.384498763139709876e+00 2.384498763139709876e+00 2.384498763139709876e+00 2.384498763139709876e+00 2.384498763139709876e+00 2.384498763139709876e+00 2.384498763139710320e+00 2.384498763139710764e+00 2.384498763139713873e+00 2.384498763139722310e+00 2.384498763139749844e+00
2.523192808543908150e+00 2.523192808543908150e+00 2.523192808543908150e+00 2.523192808543908150e+00 2.523192808543908150e+00 2.523192808543908150e+00 2.523192808543908594e+00 2.523192808543909482e+00 2.523192808543912147e+00 2.523192808543920584e+00 2.523192808543948118e+00
