1.082383885248918354e+01 1.082383885248918354e+01 1.082383885248918354e+01 1.082383885248918354e+01 1.082383885248918354e+01 1.082383885248918354e+01 1.082383885248918354e+01 1.082383885248918354e+01 1.082383885248918354e+01 1.082383885248918354e+01 1.082383885248918709e+01
1.090686285868503980e+01 1.090686285868503980e+01 1.090686285868503980e+01 1.090686285868503980e+01 1.090686285868503980e+01 1.090686285868503980e+01 1.090686285868503980e+01 1.090686285868503980e+01 1.090686285868503980e+01 1.090686285868504157e+01 1.090686285868504335e+01
1.098325184155534551e+01 1.098325184155534551e+01 1.098325184155534551e+01 1.098325184155534551e+01 1.098325184155534551e+01 1.098325184155534551e+01 1.098325184155534551e+01 1.098325184155534551e+01 1.098325184155534551e+01 1.098325184155534728e+01 1.098325184155534906e+01
1.105311563411747677e+01 1.105311563411747677e+01 1.105311563411747677e+01 1.105311563411747677e+01 1.105311563411747677e+01 1.105311563411747677e+01 1.105311563411747677e+01 1.105311563411747677e+01 1.105311563411747677e+01 1.105311563411747855e+01 1.105311563411748210e+01
1.111665590913244017e+01 1.111665590913244017e+01 1.111665590913244017e+01 1.111665590913244017e+01 1.111665590913244017e+01 1.111665590913244017e+01 1.111665590913244017e+01 1.111665590913244195e+01 1.111665590913244195e+01 1.111665590913244372e+01 1.111665590913244728e+01
1.117414748783405543e+01 1.117414748783405543e+01 1.117414748783405543e+01 1.117414748783405543e+01 1.117414748783405543e+01 1.117414748783405543e+01 1.117414748783405543e+01 1.117414748783405543e+01 1.117414748783405543e+01 1.117414748783405720e+01 1.117414748783406075e+01
1.122591949489668295e+01 1.122591949489668295e+01 1.122591949489668295e+01 1.122591949489668295e+01 1.122591949489668295e+01 1.122591949489668295e+01 1.122591949489668295e+01 1.122591949489668295e+01 1.122591949489668295e+01 1.122591949489668472e+01 1.122591949489669005e+01
1.127233775485377798e+01 1.127233775485377798e+01 1.127233775485377798e+01 1.127233775485377798e+01 1.127233775485377798e+01 1.127233775485377798e+01 1.127233775485377798e+01 1.127233775485377798e+01 1.127233775485377798e+01 1.127233775485377976e+01 1.127233775485378686e+01
1.131378927463585704e+01 1.131378927463585704e+01 1.131378927463585704e+01 1.131378927463585704e+01 1.131378927463585704e+01 1.131378927463585704e+01 1.131378927463585704e+01 1.131378927463585882e+01 1.131378927463585882e+01 1.131378927463586059e+01 1.131378927463586770e+01
1.135066921663031714e+01 1.135066921663031714e+01 1.135066921663031714e+01 1.135066921663031714e+01 1.135066921663031714e+01 1.135066921663031714e+01 1.135066921663031714e+01 1.135066921663031714e+01 1.135066921663031891e+01 1.135066921663032069e+01 1.135066921663032957e+01
1.138337043458543185e+01 1.138337043458543185e+01 1.138337043458543185e+01 1.138337043458543185e+01 1.138337043458543185e+01 1.138337043458543185e+01 1.138337043458543185e+01 1.138337043458543185e+01 1.138337043458543363e+01 1.138337043458543540e+01 1.138337043458544606e+01
