-1.373616466124252078e+01 -1.423616465192640845e+01 -1.473616464900486811e+01 -1.523616464808344162e+01 -1.573616464779230562e+01 -1.623616464770026724e+01 -1.673616464767116341e+01 -1.723616464766195833e+01 -1.773616464765904865e+01 -1.823616464765812850e+01 -1.873616464765783718e+01
-1.373616466120751767e+01 -1.423616465190592351e+01 -1.473616464899744827e+01 -1.523616464808100091e+01 -1.573616464779152579e+01 -1.623616464770001855e+01 -1.673616464767108525e+01 -1.723616464766193346e+01 -1.773616464765904155e+01 -1.823616464765812495e+01 -1.873616464765783718e+01
-1.373616466117401913e+01 -1.423616465188264257e+01 -1.473616464898881695e+01 -1.523616464807814452e+01 -1.573616464779060919e+01 -1.623616464769972723e+01 -1.673616464767099288e+01 -1.723616464766190504e+01 -1.773616464765903089e+01 -1.823616464765812495e+01 -1.873616464765783718e+01
-1.373616466114474299e+01 -1.423616465185628677e+01 -1.473616464897877343e+01 -1.523616464807479787e+01 -1.573616464778953272e+01 -1.623616464769938617e+01 -1.673616464767088274e+01 -1.723616464766186951e+01 -1.773616464765902023e+01 -1.823616464765812140e+01 -1.873616464765783363e+01
-1.373616466112420120e+01 -1.423616465182674418e+01 -1.473616464896712586e+01 -1.523616464807088455e+01 -1.573616464778827329e+01 -1.623616464769898471e+01 -1.673616464767075485e+01 -1.723616464766183043e+01 -1.773616464765900957e+01 -1.823616464765811429e+01 -1.873616464765783363e+01
-1.373616466111929313e+01 -1.423616465179410895e+01 -1.473616464895369838e+01 -1.523616464806632642e+01 -1.573616464778680069e+01 -1.623616464769851575e+01 -1.673616464767060918e+01 -1.723616464766178424e+01 -1.773616464765899181e+01 -1.823616464765811074e+01 -1.873616464765783363e+01
-1.373616466114091317e+01 -1.423616465175901347e+01 -1.473616464893840572e+01 -1.523616464806107196e+01 -1.573616464778509716e+01 -1.623616464769797219e+01 -1.673616464767043510e+01 -1.723616464766173095e+01 -1.773616464765897760e+01 -1.823616464765810719e+01 -1.873616464765783007e+01
-1.373616466119630886e+01 -1.423616465171992829e+01 -1.473616464892038636e+01 -1.523616464805480675e+01 -1.573616464778305968e+01 -1.623616464769732204e+01 -1.673616464767022904e+01 -1.723616464766166345e+01 -1.773616464765895628e+01 -1.823616464765810008e+01 -1.873616464765782652e+01
-1.373616466131520575e+01 -1.423616465168107936e+01 -1.473616464890045563e+01 -1.523616464804774040e+01 -1.573616464778074864e+01 -1.623616464769658307e+01 -1.673616464766999457e+01 -1.723616464766158884e+01 -1.773616464765893141e+01 -1.823616464765809297e+01 -1.873616464765782652e+01
-1.373616466151895565e+01 -1.423616465164219136e+01 -1.473616464887782662e+01 -1.523616464803955139e+01 -1.573616464777805568e+01 -1.623616464769572332e+01 -1.673616464766972101e+01 -1.723616464766150358e+01 -1.773616464765890299e+01 -1.823616464765808232e+01 -1.873616464765782297e+01
-1.373616466184401297e+01 -1.423616465160523425e+01 -1.473616464885216537e+01 -1.523616464803003900e+01 -1.573616464777490798e+01 -1.623616464769471079e+01 -1.673616464766940126e+01 -1.723616464766140055e+01 -1.773616464765887102e+01 -1.823616464765807166e+01 -1.873616464765781942e+01
