7.299155018118611338e+00 7.111433078576691713e+00 6.780560068169767973e+00 6.346066368376922284e+00 5.864263222957612598e+00 5.368630197888237809e+00 4.869755863593261402e+00 4.370080166276746780e+00 3.870179325991063735e+00 3.370210336169148224e+00 2.870220107521196606e+00
7.244800738977827947e+00 7.079493101840703240e+00 6.767328568294142421e+00 6.342679029651603351e+00 5.863723279532150556e+00 5.368566005959421794e+00 4.869749011010068962e+00 4.370079440150250072e+00 3.870179243432051663e+00 3.370210324860347662e+00 2.870220105427804924e+00
7.187399137980508890e+00 7.044281119179175654e+00 6.751790186482542921e+00 6.338414612349533961e+00 5.863011609687910131e+00 5.368480013767593206e+00 4.869739820263898622e+00 4.370078471366304562e+00 3.870179134950654021e+00 3.370210310468634063e+00 2.870220102871974266e+00
7.127153805329397684e+00 7.005856666341671257e+00 6.733784878749081493e+00 6.333107105907637369e+00 5.862077818916073824e+00 5.368364923568245572e+00 4.869727489736940029e+00 4.370077177318676398e+00 3.870178991995422813e+00 3.370210292059391488e+00 2.870220099735474761e+00
7.064246177600394638e+00 6.964297643280879413e+00 6.713180311662909183e+00 6.326579852630068501e+00 5.860859884025729549e+00 5.368211082020858171e+00 4.869710943150586502e+00 4.370075447002962576e+00 3.870178803117418465e+00 3.370210268395154252e+00 2.870220095865783527e+00
6.998835364002514048e+00 6.919693025994019919e+00 6.689871940984114751e+00 6.318649879300400229e+00 5.859282313838033218e+00 5.368005782309159812e+00 4.869688736185231903e+00 4.370073131197274918e+00 3.870178552973460917e+00 3.370210237833681344e+00 2.870220091065233348e+00
6.931059295960364963e+00 6.872137439062717235e+00 6.663781651614034907e+00 6.309132596870881571e+00 5.857254899066280274e+00 5.367732400286514327e+00 4.869658932052804978e+00 4.370070029234660147e+00 3.870178220982855688e+00 3.370210198190943363e+00 2.870220085076543359e+00
6.861036442217788078e+00 6.821727278794492477e+00 6.634855500383596727e+00 6.297846467652586711e+00 5.854671943112730759e+00 5.367369349930966038e+00 4.869618936268407694e+00 4.370065871182059247e+00 3.870177779515914906e+00 3.370210146556761543e+00 2.870220077563476746e+00
6.788867634888386071e+00 6.768558011922698903e+00 6.603060994580419063e+00 6.284617290028346126e+00 5.851412133340710753e+00 5.366888857485535347e+00 4.869565278229300631e+00 4.370060293829741482e+00 3.870177191449295506e+00 3.370210079046438434e+00 2.870220068084949450e+00
6.714637759778854686e+00 6.712722306163480646e+00 6.568384212899101016e+00 6.269281851180338982e+00 5.847339165591050048e+00 5.366255576519422199e+00 4.869493324155609315e+00 4.370052808344134121e+00 3.870176406864292318e+00 3.370209990465805827e+00 2.870220056060288183e+00
6.638417193728368915e+00 6.654308716378835697e+00 6.530826959598283743e+00 6.251690786228090602e+00 5.842303164647721481e+00 5.365425095066608030e+00 4.869396902616640155e+00 4.370042756700535769e+00 3.870175358583849423e+00 3.370209873858948768e+00 2.870220040722535337e+00
