8.429817517458515042e+00 8.429816514125592519e+00 8.429813341905518342e+00 8.429803316361617505e+00 8.429771669618776997e+00 8.429672109967599525e+00 8.429361534840250414e+00 8.428411266179649530e+00 8.425621124653810412e+00 8.418045484669487877e+00 8.399905632305284087e+00
8.429796767068962637e+00 8.429795779204855677e+00 8.429792655606526353e+00 8.429782780944110598e+00 8.429751584749341831e+00 8.429653235793454158e+00 8.429345216392448492e+00 8.428398611995721268e+00 8.425612259718276320e+00 8.418039911501194794e+00 8.399902482272972648e+00
8.429790348490133312e+00 8.429789363192849549e+00 8.429786247697254709e+00 8.429776398515292257e+00 8.429745281473691065e+00 8.429647168740631358e+00 8.429339765473754298e+00 8.428394278703789766e+00 8.425609207828083314e+00 8.418037993150605303e+00 8.399901400170239896e+00
8.429781971015193776e+00 8.429780988689048016e+00 8.429777882574603254e+00 8.429768062914387627e+00 8.429737037790763665e+00 8.429639201475277233e+00 8.429332538142613629e+00 8.428388473741566855e+00 8.425605106335167349e+00 8.418035413980057058e+00 8.399899945563364057e+00
8.429771046901626264e+00 8.429770068009295514e+00 8.429766972739120234e+00 8.429757187227407300e+00 8.429726268651325682e+00 8.429628754959416881e+00 8.429322975251418271e+00 8.428380705905055947e+00 8.425599595381862983e+00 8.418031946372394714e+00 8.399897990106289569e+00
8.429756816086348081e+00 8.429755841157803076e+00 8.429752758407852653e+00 8.429743012344919961e+00 8.429712217080929548e+00 8.429615079030917002e+00 8.429310348986119195e+00 8.428370325493977688e+00 8.425592192653160950e+00 8.418027284388665876e+00 8.399895361220426793e+00
8.429738297026018401e+00 8.429737326668544029e+00 8.429734258359271593e+00 8.429724557818643049e+00 8.429693905077758842e+00 8.429597203449221254e+00 8.429293714266563597e+00 8.428356476139999387e+00 8.425582252416093709e+00 8.418021016892456743e+00 8.399891826854437582e+00
8.429714224255572930e+00 8.429713259164444139e+00 8.429710207494558460e+00 8.429700559429720741e+00 8.429670071206272652e+00 8.429573875594030596e+00 8.429271846814421210e+00 8.428338033279093366e+00 8.425568911395723504e+00 8.418012591520842136e+00 8.399887075002562042e+00
8.429682969189659758e+00 8.429682010159556427e+00 8.429678977642126370e+00 8.429669390000761098e+00 8.429639091434001585e+00 8.429543481391840842e+00 8.429243164430719304e+00 8.428313525880414048e+00 8.425551017594075986e+00 8.418001266415959805e+00 8.399880686173375466e+00
8.429642440018120908e+00 8.429641487955406021e+00 8.429638477456684598e+00 8.429628959303482105e+00 8.429598879066382722e+00 8.429503945339053672e+00 8.429205627340966345e+00 8.428281037315557001e+00 8.425527037298152777e+00 8.417986045671510098e+00 8.399872096404735089e+00
8.429589955579734450e+00 8.429589011515568941e+00 8.429586026296471246e+00 8.429576587944318078e+00 8.429546758658752026e+00 8.429452604497608803e+00 8.429156612478521993e+00 8.428238080230437745e+00 8.425494934471267072e+00 8.417965593139532743e+00 8.399860547584463433e+00
