7.683842319989366842e+00 7.683842402779601066e+00 7.683842664585003313e+00 7.683843492483299897e+00 7.683846110496814319e+00 7.683854389074697977e+00 7.683880565158327514e+00 7.683963310400883984e+00 7.684224665207096905e+00 7.685048036423490103e+00 7.687620130975472144e+00
7.597263378571883941e+00 7.597263458819826454e+00 7.597263712585861306e+00 7.597264515062099655e+00 7.597267052690565237e+00 7.597275077134186816e+00 7.597300450230696001e+00 7.597380662770628845e+00 7.597634074306514052e+00 7.598432990773659412e+00 7.600934565061084669e+00
7.505161408691768621e+00 7.505161486508026059e+00 7.505161732584445744e+00 7.505162510744464832e+00 7.505164971483048397e+00 7.505172752827096616e+00 7.505197357651225865e+00 7.505275145464405107e+00 7.505520937109767310e+00 7.506296239133577686e+00 7.508728080037472274e+00
7.407830662422624002e+00 7.407830738004124171e+00 7.407830977013652785e+00 7.407831732826546833e+00 7.407834122900779583e+00 7.407841680819140961e+00 7.407865579455455318e+00 7.407941137572019663e+00 7.408179913043443143e+00 7.408933378335246012e+00 7.411299758103186974e+00
7.305643908263063757e+00 7.305643981855244107e+00 7.305644214574017248e+00 7.305644950494047940e+00 7.305647277664050421e+00 7.305654636687040515e+00 7.305677906613715855e+00 7.305751479105440538e+00 7.305984000841271531e+00 7.306717945753461230e+00 7.309025216810379533e+00
7.199037304518578928e+00 7.199037376386522524e+00 7.199037603652797657e+00 7.199038322330701511e+00 7.199040594978161955e+00 7.199047781604255292e+00 7.199070506549309023e+00 7.199142357511624901e+00 7.199369453877729974e+00 7.200086429561991963e+00 7.202341957320339993e+00
7.088490504218118993e+00 7.088490574625541996e+00 7.088490797273257371e+00 7.088491501346130264e+00 7.088493727809789924e+00 7.088500768403505958e+00 7.088523031689916820e+00 7.088593424123254216e+00 7.088815921886946647e+00 7.089518493258409215e+00 7.091729880172005451e+00
6.974504001869727965e+00 6.974504071064660415e+00 6.974504289878155738e+00 6.974504981826259886e+00 6.974507169949039742e+00 6.974514089308305742e+00 6.974535969318343298e+00 6.974605150732287484e+00 6.974823829008982123e+00 6.975514423763968352e+00 6.977688976871211146e+00
6.857576276478001276e+00 6.857576344683995906e+00 6.857576560370204355e+00 6.857577242429031550e+00 6.857579399279916998e+00 6.857586219756221624e+00 6.857607787145385103e+00 6.857675980710941310e+00 6.857891542609649171e+00 6.858572357768347061e+00 6.860716754108892701e+00
6.738183304165570320e+00 6.738183371577300740e+00 6.738183584751829436e+00 6.738184258868083809e+00 6.738186390602902698e+00 6.738193131660760393e+00 6.738214447962047160e+00 6.738281848071438596e+00 6.738494906387674455e+00 6.739167860365189000e+00 6.741287967754703736e+00
6.616762474553705253e+00 6.616762541335873493e+00 6.616762752519556479e+00 6.616763420340245894e+00 6.616765532167150354e+00 6.616772210274763921e+00 6.616793327551024007e+00 6.616860098699513415e+00 6.617071172190381212e+00 6.617737891109846338e+00 6.619838705217002683e+00
