-5.538628869208474725e+01 -5.491224904043374266e+01 -5.442079222793030624e+01 -5.392352917430605430e+01 -5.342439827472262692e+01 -5.292467347075711359e+01 -5.242476053168801542e+01 -5.192478806640423983e+01 -5.142479677400936566e+01 -5.092479952763221718e+01 -5.042480039840784656e+01
-5.359359680860668362e+01 -5.357996176838540947e+01 -5.353946227048621864e+01 -5.343172289298052391e+01 -5.320261520158842217e+01 -5.284157509292798238e+01 -5.239671942749564693e+01 -5.191572285070937198e+01 -5.142190953377026119e+01 -5.092388441940288857e+01 -5.042451080667329677e+01
-5.116777534026795138e+01 -5.116772338323611535e+01 -5.116755912157083941e+01 -5.116704008907283452e+01 -5.116540283463516658e+01 -5.116026563227926971e+01 -5.114440910001574991e+01 -5.109776738416909581e+01 -5.097653052829658549e+01 -5.072849179970949507e+01 -5.035265461422851985e+01
-4.909754042288861342e+01 -4.909753998087548155e+01 -4.909753858311018604e+01 -4.909753416301781925e+01 -4.909752018575453292e+01 -4.909747598872733221e+01 -4.909733625504898669e+01 -4.909689467400960439e+01 -4.909550121970304559e+01 -4.909112392581261020e+01 -4.907756510721868182e+01
-4.733539881666369098e+01 -4.733539880902016250e+01 -4.733539878484921104e+01 -4.733539870841395469e+01 -4.733539846670454665e+01 -4.733539770235316269e+01 -4.733539528527071383e+01 -4.733538764187340320e+01 -4.733536347221409812e+01 -4.733528704989156211e+01 -4.733504546975309779e+01
-4.583551685566516198e+01 -4.583551685542338561e+01 -4.583551685465882741e+01 -4.583551685224107786e+01 -4.583551684459547459e+01 -4.583551682041795061e+01 -4.583551674396191800e+01 -4.583551650218679896e+01 -4.583551573762764519e+01 -4.583551331988816457e+01 -4.583550567441319146e+01
-4.455886253197707703e+01 -4.455886253196429436e+01 -4.455886253192385738e+01 -4.455886253179598810e+01 -4.455886253139163955e+01 -4.455886253011297526e+01 -4.455886252606947551e+01 -4.455886251328279712e+01 -4.455886247284779245e+01 -4.455886234498110099e+01 -4.455886194063137395e+01
-4.347221253078836867e+01 -4.347221253078732417e+01 -4.347221253078401304e+01 -4.347221253077353964e+01 -4.347221253074041414e+01 -4.347221253063568014e+01 -4.347221253030446064e+01 -4.347221252925707802e+01 -4.347221252594493990e+01 -4.347221251547104970e+01 -4.347221248234970403e+01
-4.254728615461556274e+01 -4.254728615461543484e+01 -4.254728615461504404e+01 -4.254728615461379349e+01 -4.254728615460985708e+01 -4.254728615459740837e+01 -4.254728615455803720e+01 -4.254728615443352879e+01 -4.254728615403981706e+01 -4.254728615279476855e+01 -4.254728614885758731e+01
-4.176000190778433563e+01 -4.176000190778431431e+01 -4.176000190778425036e+01 -4.176000190778405141e+01 -4.176000190778340482e+01 -4.176000190778137267e+01 -4.176000190777494936e+01 -4.176000190775462784e+01 -4.176000190769037346e+01 -4.176000190748717245e+01 -4.176000190684459312e+01
-4.108982780489953512e+01 -4.108982780489953512e+01 -4.108982780489952091e+01 -4.108982780489947828e+01 -4.108982780489933617e+01 -4.108982780489890274e+01 -4.108982780489753139e+01 -4.108982780489318287e+01 -4.108982780487944808e+01 -4.108982780483601260e+01 -4.108982780469865759e+01
