6.656533971072565059e+00 6.311576685666115516e+00 5.861432702323059019e+00 5.370681383592415870e+00 4.871806510585322769e+00 4.371922891091780450e+00 3.871934575398043421e+00 3.371935744599881879e+00 2.871935861622228803e+00 2.371935873355349500e+00 1.871935874538414479e+00
6.656729984437734338e+00 6.311654821906298451e+00 5.861450439262278600e+00 5.370683750211661334e+00 4.871806751863047680e+00 4.371922912349141654e+00 3.871934576562960917e+00 3.371935744412024150e+00 2.871935861507195487e+00 2.371935873313410159e+00 1.871935874524595533e+00
6.657203561514079659e+00 6.311843466663409785e+00 5.861493223718492018e+00 5.370689455452964722e+00 4.871807333379824634e+00 4.371922963568393605e+00 3.871934579365048812e+00 3.371935743957405585e+00 2.871935861229351072e+00 2.371935873212140056e+00 1.871935874491230223e+00
6.658185840101222830e+00 6.312234133864334851e+00 5.861581655865307106e+00 5.370701232308828565e+00 4.871808533152535148e+00 4.371923069178496490e+00 3.871934585121273198e+00 3.371935743011099884e+00 2.871935860653425099e+00 2.371935873002348316e+00 1.871935874422121726e+00
6.659975417078020321e+00 6.312943742728319485e+00 5.861741693435547518e+00 5.370722492092022904e+00 4.871810696930212181e+00 4.371923259422603181e+00 3.871934595416030245e+00 3.371935741275527754e+00 2.871935859605448282e+00 2.371935872621034669e+00 1.871935874296548397e+00
6.662896365258310638e+00 6.314096010789731039e+00 5.861999932835254334e+00 5.370756652401141196e+00 4.871814168052737593e+00 4.371923563996015005e+00 3.871934611691195904e+00 3.371935738411202976e+00 2.871935857898515465e+00 2.371935872001139867e+00 1.871935874092508723e+00
6.667240778230464571e+00 6.315796045311895313e+00 5.862377221564899266e+00 5.370806236523208099e+00 4.871819193841999684e+00 4.371924003577967177e+00 3.871934634706787115e+00 3.371935734080272251e+00 2.871935855367967250e+00 2.371935871084811520e+00 1.871935873791130245e+00
6.673214783200940303e+00 6.318106549681123951e+00 5.862882820092254477e+00 5.370872072319642143e+00 4.871825843253959398e+00 4.371924582437388906e+00 3.871934664085869837e+00 3.371935727991098641e+00 2.871935851904336978e+00 2.371935869835708477e+00 1.871935873380748738e+00
6.680903166898970014e+00 6.321032955248356622e+00 5.863511154764021960e+00 5.370952897786284375e+00 4.871833968402477844e+00 4.371925285124011573e+00 3.871934698155065746e+00 3.371935719936518971e+00 2.871935847474319292e+00 2.371935868246520140e+00 1.871935872859374017e+00
6.690258595155467169e+00 6.324520742131611861e+00 5.864242104894419327e+00 5.371045507806960551e+00 4.871843223796682665e+00 4.371926078516377601e+00 3.871934734169923953e+00 3.371935709822703853e+00 2.871935842125655114e+00 2.371935866340084242e+00 1.871935872235001908e+00
6.701112742553145374e+00 6.328463907137895639e+00 5.865044440721207231e+00 5.371145359145247156e+00 4.871853133343922337e+00 4.371926918260931494e+00 3.871934768846028163e+00 3.371935697686313294e+00 2.871935835977473150e+00 2.371935864164826047e+00 1.871935871524021744e+00
