5.365478460149706308e-01 5.365478460149706308e-01 5.365478460149706308e-01 5.365478460149706308e-01 5.365478460149706308e-01 5.365478460149706308e-01 5.365478460149706308e-01 5.365478460149706308e-01 5.365478460149706308e-01 5.365478460149706308e-01 5.365478460149706308e-01
5.354630026926739950e-01 5.354630026926739950e-01 5.354630026926739950e-01 5.354630026926739950e-01 5.354630026926739950e-01 5.354630026926739950e-01 5.354630026926739950e-01 5.354630026926739950e-01 5.354630026926739950e-01 5.354630026926739950e-01 5.354630026926739950e-01
5.340881443066427536e-01 5.340881443066427536e-01 5.340881443066427536e-01 5.340881443066427536e-01 5.340881443066427536e-01 5.340881443066427536e-01 5.340881443066427536e-01 5.340881443066427536e-01 5.340881443066427536e-01 5.340881443066427536e-01 5.340881443066427536e-01
5.323511915061217570e-01 5.323511915061217570e-01 5.323511915061217570e-01 5.323511915061217570e-01 5.323511915061217570e-01 5.323511915061217570e-01 5.323511915061217570e-01 5.323511915061217570e-01 5.323511915061217570e-01 5.323511915061217570e-01 5.323511915061217570e-01
5.301641445756458682e-01 5.301641445756458682e-01 5.301641445756458682e-01 5.301641445756458682e-01 5.301641445756458682e-01 5.301641445756458682e-01 5.301641445756458682e-01 5.301641445756458682e-01 5.301641445756458682e-01 5.301641445756458682e-01 5.301641445756458682e-01
5.274203425252158572e-01 5.274203425252158572e-01 5.274203425252158572e-01 5.274203425252158572e-01 5.274203425252158572e-01 5.274203425252158572e-01 5.274203425252158572e-01 5.274203425252158572e-01 5.274203425252158572e-01 5.274203425252158572e-01 5.274203425252158572e-01
5.239911074653522682e-01 5.239911074653522682e-01 5.239911074653522682e-01 5.239911074653522682e-01 5.239911074653522682e-01 5.239911074653522682e-01 5.239911074653522682e-01 5.239911074653522682e-01 5.239911074653522682e-01 5.239911074653522682e-01 5.239911074653522682e-01
5.197226549630251657e-01 5.197226549630251657e-01 5.197226549630251657e-01 5.197226549630251657e-01 5.197226549630251657e-01 5.197226549630251657e-01 5.197226549630251657e-01 5.197226549630251657e-01 5.197226549630251657e-01 5.197226549630251657e-01 5.197226549630251657e-01
5.144325709318886553e-01 5.144325709318886553e-01 5.144325709318886553e-01 5.144325709318886553e-01 5.144325709318886553e-01 5.144325709318886553e-01 5.144325709318886553e-01 5.144325709318886553e-01 5.144325709318886553e-01 5.144325709318886553e-01 5.144325709318886553e-01
5.079063423540026712e-01 5.079063423540026712e-01 5.079063423540026712e-01 5.079063423540026712e-01 5.079063423540026712e-01 5.079063423540026712e-01 5.079063423540026712e-01 5.079063423540026712e-01 5.079063423540026712e-01 5.079063423540026712e-01 5.079063423540026712e-01
4.998942351961712660e-01 4.998942351961712660e-01 4.998942351961712660e-01 4.998942351961712660e-01 4.998942351961712660e-01 4.998942351961712660e-01 4.998942351961712660e-01 4.998942351961712660e-01 4.998942351961712660e-01 4.998942351961712660e-01 4.998942351961712660e-01
