-1.091450835981863321e+01 -1.049115329425385568e+01 -1.001850428775910729e+01 -9.527524624152855282e+00 -9.030416537768374496e+00 -8.531335064553507763e+00 -8.031625933415622143e+00 -7.531717959045473698e+00 -7.031747106788518664e+00 -6.531756750757558017e+00 -6.031764062859698683e+00
-1.125665025044914458e+01 -1.076347510394142226e+01 -1.026565582507688568e+01 -9.766347714750176934e+00 -9.266566735407129940e+00 -8.766636019998891527e+00 -8.266657932259256825e+00 -7.766664864236169308e+00 -7.266667081161758190e+00 -6.766668030386559174e+00 -6.266670812239857113e+00
-1.152119474584470105e+01 -1.102162405872899598e+01 -1.052175990775199033e+01 -1.002180287583030527e+01 -9.521816464415874037e+00 -9.021820761608321249e+00 -8.521822120645978771e+00 -8.021822551792057610e+00 -7.521822701923243315e+00 -7.021822887308323935e+00 -6.521824325023517055e+00
-1.180142888337757689e+01 -1.130143697076563392e+01 -1.080143952825575582e+01 -1.030144033700768169e+01 -9.801440592759192327e+00 -9.301440673641987900e+00 -8.801440699291816827e+00 -8.301440708127403312e+00 -7.801440718164781352e+00 -7.301440793778855465e+00 -6.801441542087001579e+00
-1.211064595130016386e+01 -1.161064598584469998e+01 -1.111064599676864617e+01 -1.061064600022248072e+01 -1.011064600131524216e+01 -9.610646001664356675e+00 -9.110646001810302153e+00 -8.610646002211900907e+00 -8.110646005893354271e+00 -7.610646042602113859e+00 -7.110646409656061095e+00
-1.245563251805563887e+01 -1.195563251805570815e+01 -1.145563251805573124e+01 -1.095563251805575433e+01 -1.045563251805592309e+01 -9.955632518057582203e+00 -9.455632518074168047e+00 -8.955632518240030038e+00 -8.455632519898642840e+00 -7.955632536484769979e+00 -7.455632702345996066e+00
-1.284382790615495828e+01 -1.234382790615495828e+01 -1.184382790615495828e+01 -1.134382790615496539e+01 -1.084382790615503289e+01 -1.034382790615571146e+01 -9.843827906162497143e+00 -9.343827906230346869e+00 -8.843827906908853009e+00 -8.343827913693921516e+00 -7.843827981544586159e+00
-1.328404698713867660e+01 -1.278404698713867660e+01 -1.228404698713867660e+01 -1.178404698713868015e+01 -1.128404698713870324e+01 -1.078404698713895016e+01 -1.028404698714141219e+01 -9.784046987166036047e+00 -9.284046987412267526e+00 -8.784046989874580547e+00 -8.284047014497721406e+00
-1.378662372550202697e+01 -1.328662372550202697e+01 -1.278662372550202875e+01 -1.228662372550202875e+01 -1.178662372550203585e+01 -1.128662372550211401e+01 -1.078662372550288850e+01 -1.028662372551062809e+01 -9.786623725588036393e+00 -9.286623726362110531e+00 -8.786623734102864347e+00
-1.436351941532598175e+01 -1.386351941532598175e+01 -1.336351941532598175e+01 -1.286351941532598353e+01 -1.236351941532598531e+01 -1.186351941532600485e+01 -1.136351941532621090e+01 -1.086351941532826082e+01 -1.036351941534876886e+01 -9.863519415553849257e+00 -9.363519417604647899e+00
-1.502841954693585969e+01 -1.452841954693585969e+01 -1.402841954693585969e+01 -1.352841954693585969e+01 -1.302841954693586146e+01 -1.252841954693586501e+01 -1.202841954693590942e+01 -1.152841954693635351e+01 -1.102841954694079085e+01 -1.052841954698516247e+01 -1.002841954742888042e+01
