1.038630313233731428e+01 1.038629611191809943e+01 1.038627402499258601e+01 1.038620512528289730e+01 1.038599432966523572e+01 1.038537542500283806e+01 1.038369372602495844e+01 1.037964858602321350e+01 1.037128838607008419e+01 1.035633683070183331e+01 1.033233278720636328e+01
1.038612570387989820e+01 1.038611948858505407e+01 1.038609985831143767e+01 1.038603802569171108e+01 1.038584496927147072e+01 1.038525932164997023e+01 1.038361711368397700e+01 1.037960338537532756e+01 1.037126289396323742e+01 1.035632238529253613e+01 1.033232445112872711e+01
1.038607416768344827e+01 1.038606807222538464e+01 1.038604881802418056e+01 1.038598814577042440e+01 1.038579847218365515e+01 1.038522096471681877e+01 1.038359095775235907e+01 1.037958784733474360e+01 1.037125412995738039e+01 1.035631742814784850e+01 1.033232160017599099e+01
1.038600816808646776e+01 1.038600220798605989e+01 1.038598337901815505e+01 1.038592402336722742e+01 1.038573823305464749e+01 1.038517042488052233e+01 1.038355597235612926e+01 1.037956697593392974e+01 1.037124235007481232e+01 1.035631076569763032e+01 1.033231776987414285e+01
1.038592384047528761e+01 1.038591803264379365e+01 1.038589968248229667e+01 1.038584181378124782e+01 1.038566045366381729e+01 1.038510408363024595e+01 1.038350925307745953e+01 1.037953894977003344e+01 1.037122651710795829e+01 1.035630181081928036e+01 1.033231262314630250e+01
1.038581636211450743e+01 1.038581072478835488e+01 1.038579291121423509e+01 1.038573671329212189e+01 1.038556037490389450e+01 1.038501735558144645e+01 1.038344699299193152e+01 1.037950133320208224e+01 1.037120523810708406e+01 1.035628977432761211e+01 1.033230570682780858e+01
1.038567974266610783e+01 1.038567429527147112e+01 1.038565707984697539e+01 1.038560274868224731e+01 1.038543206407585906e+01 1.038490446847270121e+01 1.038336423539167797e+01 1.037945087536742328e+01 1.037117664321644561e+01 1.035627359556812266e+01 1.033229641169985058e+01
1.038550657923560649e+01 1.038550134216649390e+01 1.038548478953468290e+01 1.038543253105278374e+01 1.038526816593155466e+01 1.038475820521765591e+01 1.038325457676496733e+01 1.037938324820273372e+01 1.037113822395305185e+01 1.035625184929985032e+01 1.033228391879191932e+01
1.038528777341449860e+01 1.038528276770898451e+01 1.038526694457052102e+01 1.038521697141476885e+01 1.038505961496776564e+01 1.038456960543933505e+01 1.038310981784464637e+01 1.037929270846029439e+01 1.037108661788399644e+01 1.035622262085266421e+01 1.033226712724750662e+01
1.038501220910691991e+01 1.038500745600882524e+01 1.038499242973566616e+01 1.038494495688113517e+01 1.038479530787917504e+01 1.038432762553423316e+01 1.038291956342378519e+01 1.037917166771521593e+01 1.037101732297131562e+01 1.035618333894996290e+01 1.033224455747189374e+01
1.038466639126600732e+01 1.038466191166514641e+01 1.038464774852904959e+01 1.038460298766676360e+01 1.038446173655921889e+01 1.038401875815489639e+01 1.038267077484119483e+01 1.037901015517986103e+01 1.037092432038041068e+01 1.035613055215721623e+01 1.033221422115514798e+01
