-1.254948960364398225e+01 -1.254948767848951618e+01 -1.254948159067271440e+01 -1.254946233986724380e+01 -1.254940146909039100e+01 -1.254920903492140560e+01 -1.254860106519421592e+01 -1.254668407823093368e+01 -1.254067712734369167e+01 -1.252221048119381663e+01 -1.246850041871643278e+01
-1.312553253321607372e+01 -1.312552765591913229e+01 -1.312551223291243652e+01 -1.312546346468718284e+01 -1.312530928204854419e+01 -1.312482207365932751e+01 -1.312328497268024208e+01 -1.311845972934074922e+01 -1.310354450207400667e+01 -1.305949097712936435e+01 -1.294386739323756963e+01
-1.379504341223143093e+01 -1.379502835824926166e+01 -1.379498075681161495e+01 -1.379483026217613073e+01 -1.379435469927135394e+01 -1.379710819895957385e+01 -1.379235109123610314e+01 -1.377764181821896017e+01 -1.373415739448040185e+01 -1.361978240425068165e+01 -1.338119118362792292e+01
-1.457205246988169733e+01 -1.457199420294058179e+01 -1.457180999812465494e+01 -1.457122800500266457e+01 -1.456939269719971541e+01 -1.457221673695148567e+01 -1.455416339207448040e+01 -1.450156212388613675e+01 -1.436779163967361406e+01 -1.410337217646530839e+01 -1.371561382813723107e+01
-1.554287179951507980e+01 -1.554252831526172329e+01 -1.554144390708303902e+01 -1.553803241920376088e+01 -1.552741739756106298e+01 -1.549546169537096851e+01 -1.541534196246729316e+01 -1.521397733225685656e+01 -1.487686265340703429e+01 -1.444434185417402539e+01 -1.396806396731134647e+01
-1.672084185556384739e+01 -1.671768596871226009e+01 -1.670785447701449300e+01 -1.667815303137186689e+01 -1.659571274400422070e+01 -1.640888109078345636e+01 -1.608162658523950483e+01 -1.565449943297343083e+01 -1.518034402927849058e+01 -1.468884759312151012e+01 -1.419157168046131368e+01
-1.826188252025621139e+01 -1.820135372354248915e+01 -1.805170346787867430e+01 -1.776800591886066272e+01 -1.736716405277453390e+01 -1.689879689893779613e+01 -1.641452791605841099e+01 -1.591962346925125438e+01 -1.542124734685846299e+01 -1.492176212826258741e+01 -1.442192504350588855e+01
-1.951592297413990806e+01 -1.911526490690389224e+01 -1.865208014167802375e+01 -1.816440301795194046e+01 -1.766837376255832126e+01 -1.716963701548477772e+01 -1.667003725705894723e+01 -1.617016390106795143e+01 -1.567020395719962877e+01 -1.517021662482957645e+01 -1.467022213417978271e+01
-1.994083807517169404e+01 -1.944126353487596504e+01 -1.894139816392953435e+01 -1.844144074606133898e+01 -1.794145421258270190e+01 -1.744145847115761327e+01 -1.694146028655184111e+01 -1.644146039192480302e+01 -1.594146042524666207e+01 -1.544146043578396110e+01 -1.494146043911614719e+01
-2.024052909833499214e+01 -1.974052915720125867e+01 -1.924052917581640898e+01 -1.874052918170303528e+01 -1.824052918356455066e+01 -1.774052918415321400e+01 -1.724052918433936554e+01 -1.674052918439823046e+01 -1.624052918441684668e+01 -1.574052918442273175e+01 -1.524052918442459337e+01
-2.057326074688645789e+01 -2.007326074689049378e+01 -1.957326074689177275e+01 -1.907326074689217421e+01 -1.857326074689230211e+01 -1.807326074689234474e+01 -1.757326074689235540e+01 -1.707326074689235895e+01 -1.657326074689236250e+01 -1.607326074689236250e+01 -1.557326074689236250e+01
