1.285679677722550807e+01 1.285679677722556313e+01 1.285679677722573899e+01 1.285679677722629677e+01 1.285679677722805536e+01 1.285679677723362069e+01 1.285679677725121728e+01 1.285679677730686343e+01 1.285679677748283467e+01 1.285679677803930154e+01 1.285679677979900148e+01
1.284919184267290682e+01 1.284919184267295478e+01 1.284919184267311110e+01 1.284919184267360492e+01 1.284919184267516457e+01 1.284919184268009573e+01 1.284919184269569392e+01 1.284919184274501625e+01 1.284919184290098571e+01 1.284919184339420539e+01 1.284919184495390176e+01
1.284051467455741502e+01 1.284051467455745765e+01 1.284051467455759621e+01 1.284051467455803142e+01 1.284051467455940632e+01 1.284051467456375661e+01 1.284051467457751095e+01 1.284051467462101037e+01 1.284051467475856256e+01 1.284051467519354617e+01 1.284051467656908052e+01
1.283062772273999563e+01 1.283062772274003471e+01 1.283062772274015551e+01 1.283062772274053742e+01 1.283062772274174534e+01 1.283062772274556451e+01 1.283062772275764551e+01 1.283062772279584607e+01 1.283062772291664722e+01 1.283062772329865453e+01 1.283062772450666778e+01
1.281937871231600568e+01 1.281937871231603943e+01 1.281937871231614601e+01 1.281937871231647996e+01 1.281937871231753689e+01 1.281937871232088000e+01 1.281937871233145110e+01 1.281937871236488036e+01 1.281937871247059491e+01 1.281937871280488928e+01 1.281937871386202410e+01
1.280659973220122083e+01 1.280659973220125103e+01 1.280659973220134340e+01 1.280659973220163472e+01 1.280659973220255665e+01 1.280659973220547343e+01 1.280659973221469805e+01 1.280659973224386405e+01 1.280659973233610138e+01 1.280659973262777918e+01 1.280659973355014536e+01
1.279210643635192390e+01 1.279210643635195055e+01 1.279210643635203049e+01 1.279210643635228450e+01 1.279210643635308742e+01 1.279210643635562583e+01 1.279210643636365319e+01 1.279210643638904266e+01 1.279210643646932510e+01 1.279210643672320202e+01 1.279210643752603538e+01
1.277569741762115996e+01 1.277569741762118127e+01 1.277569741762125055e+01 1.277569741762147260e+01 1.277569741762216893e+01 1.277569741762437516e+01 1.277569741763134914e+01 1.277569741765340439e+01 1.277569741772314948e+01 1.277569741794370550e+01 1.277569741864116004e+01
1.275715382956068744e+01 1.275715382956070698e+01 1.275715382956076738e+01 1.275715382956095745e+01 1.275715382956156319e+01 1.275715382956347632e+01 1.275715382956952659e+01 1.275715382958865973e+01 1.275715382964916600e+01 1.275715382984050272e+01 1.275715383044556006e+01
1.273623934911373645e+01 1.273623934911375244e+01 1.273623934911380573e+01 1.273623934911397093e+01 1.273623934911449673e+01 1.273623934911615407e+01 1.273623934912139788e+01 1.273623934913798195e+01 1.273623934919042533e+01 1.273623934935626600e+01 1.273623934988069628e+01
1.271270059281738440e+01 1.271270059281739861e+01 1.271270059281744302e+01 1.271270059281758691e+01 1.271270059281804166e+01 1.271270059281947873e+01 1.271270059282402265e+01 1.271270059283839160e+01 1.271270059288382903e+01 1.271270059302751854e+01 1.271270059348190173e+01
