9.841495459836895776e+00 9.841495459836897552e+00 9.841495459836904658e+00 9.841495459836924198e+00 9.841495459836986370e+00 9.841495459837183546e+00 9.841495459837808824e+00 9.841495459839784132e+00 9.841495459846029803e+00 9.841495459865779338e+00 9.841495459928234268e+00
9.980843813652226615e+00 9.980843813652230168e+00 9.980843813652235497e+00 9.980843813652255037e+00 9.980843813652317209e+00 9.980843813652512608e+00 9.980843813653134333e+00 9.980843813655095431e+00 9.980843813661296693e+00 9.980843813680911225e+00 9.980843813742932724e+00
1.011993834310835361e+01 1.011993834310835538e+01 1.011993834310836249e+01 1.011993834310838203e+01 1.011993834310844420e+01 1.011993834310863782e+01 1.011993834310925600e+01 1.011993834311120644e+01 1.011993834311737572e+01 1.011993834313688723e+01 1.011993834319858721e+01
1.025869214138067242e+01 1.025869214138067420e+01 1.025869214138067953e+01 1.025869214138069907e+01 1.025869214138076124e+01 1.025869214138095487e+01 1.025869214138157126e+01 1.025869214138351460e+01 1.025869214138966257e+01 1.025869214140910657e+01 1.025869214147058983e+01
1.039698752926656589e+01 1.039698752926656766e+01 1.039698752926657477e+01 1.039698752926659431e+01 1.039698752926665470e+01 1.039698752926684833e+01 1.039698752926746295e+01 1.039698752926940450e+01 1.039698752927554182e+01 1.039698752929495207e+01 1.039698752935633230e+01
1.053466781597842683e+01 1.053466781597842861e+01 1.053466781597843394e+01 1.053466781597845348e+01 1.053466781597851565e+01 1.053466781597870927e+01 1.053466781597932389e+01 1.053466781598126545e+01 1.053466781598740454e+01 1.053466781600682189e+01 1.053466781606821989e+01
1.067152792430993813e+01 1.067152792430993991e+01 1.067152792430994701e+01 1.067152792430996655e+01 1.067152792431002695e+01 1.067152792431022235e+01 1.067152792431083874e+01 1.067152792431278385e+01 1.067152792431894071e+01 1.067152792433840602e+01 1.067152792439996567e+01
1.080730463070140246e+01 1.080730463070140424e+01 1.080730463070141134e+01 1.080730463070143088e+01 1.080730463070149305e+01 1.080730463070168845e+01 1.080730463070230662e+01 1.080730463070426417e+01 1.080730463071045300e+01 1.080730463073002312e+01 1.080730463079190784e+01
1.094166775805193481e+01 1.094166775805193659e+01 1.094166775805194369e+01 1.094166775805196323e+01 1.094166775805202541e+01 1.094166775805222258e+01 1.094166775805284786e+01 1.094166775805482139e+01 1.094166775806106351e+01 1.094166775808080239e+01 1.094166775814322179e+01
1.107421427654263368e+01 1.107421427654263546e+01 1.107421427654264079e+01 1.107421427654266211e+01 1.107421427654272428e+01 1.107421427654292501e+01 1.107421427654355561e+01 1.107421427654555579e+01 1.107421427655187607e+01 1.107421427657186541e+01 1.107421427663507529e+01
1.120446768273199467e+01 1.120446768273199645e+01 1.120446768273200355e+01 1.120446768273202309e+01 1.120446768273208704e+01 1.120446768273229132e+01 1.120446768273293436e+01 1.120446768273496829e+01 1.120446768274140048e+01 1.120446768276173977e+01 1.120446768282606165e+01
