1.052006566427532697e+01 1.047819069368479461e+01 1.041908846482023243e+01 1.033774068970581617e+01 1.022792357481455561e+01 1.008204811529398803e+01 9.891360004176387832e+00 9.646994415455338867e+00 9.342294345824560864e+00 8.976152000646283824e+00 8.555741626919752818e+00
1.052013688698373350e+01 1.047823167198062322e+01 1.041911177928143140e+01 1.033775364390068496e+01 1.022793045604323048e+01 1.008205147865763784e+01 9.891361403241937467e+00 9.646994808055616488e+00 9.342294311387117745e+00 8.976151858046183207e+00 8.555741512433849394e+00
1.052018835769190908e+01 1.047826121724945203e+01 1.041912852917759125e+01 1.033776289502035794e+01 1.022793531764526875e+01 1.008205380486431579e+01 9.891362322680903318e+00 9.646995017430306518e+00 9.342294231979362706e+00 8.976151719962585318e+00 8.555741410598322716e+00
1.052022552956028889e+01 1.047828249873777118e+01 1.041914054362026754e+01 1.033776948311707855e+01 1.022793873443373514e+01 1.008205539609976675e+01 9.891362908648183350e+00 9.646995105230599776e+00 9.342294128095970152e+00 8.976151590326129082e+00 8.555741320739501887e+00
1.052025235545571569e+01 1.047829781058943333e+01 1.041914914497148104e+01 1.033777415881330342e+01 1.022794112013610146e+01 1.008205646885264350e+01 9.891363264947154121e+00 9.646995114459889109e+00 9.342294013378928952e+00 8.976151471214345534e+00 8.555741241950867604e+00
1.052027169918734373e+01 1.047830881279060122e+01 1.041915528876177000e+01 1.033777746344105708e+01 1.022794277217117909e+01 1.008205717788607814e+01 9.891363465007588118e+00 9.646995074858699226e+00 9.342293896685021082e+00 8.976151363476819967e+00 8.555741173219482576e+00
1.052028563460867083e+01 1.047831670596578491e+01 1.041915966506891067e+01 1.033777978705747636e+01 1.022794390403460874e+01 1.008205763355218565e+01 9.891363560517719478e+00 9.646995006769261138e+00 9.342293783556975484e+00 8.976151267171079695e+00 8.555741113508311457e+00
1.052029566290288720e+01 1.047832235811484658e+01 1.041916277194791363e+01 1.033778141043153553e+01 1.022794466871314611e+01 1.008205791429090326e+01 9.891363587638975829e+00 9.646994923904069097e+00 9.342293677266585661e+00 8.976151181863842865e+00 8.555741061807990988e+00
1.052030287029228717e+01 1.047832639646415842e+01 1.041916496860135943e+01 1.033778253542100423e+01 1.022794517560560124e+01 1.008205807564640288e+01 9.891363571475118022e+00 9.646994835325006790e+00 9.342293579551080640e+00 8.976151106836944393e+00 8.555741017167603601e+00
1.052030804243124962e+01 1.047832927401127812e+01 1.041916651386911497e+01 1.033778330694265968e+01 1.022794550274525349e+01 1.008205815676614847e+01 9.891363529281639089e+00 9.646994746854513636e+00 9.342293491130144290e+00 8.976151041225977067e+00 8.555740978711265043e+00
1.052032061036429234e+01 1.047833583934377444e+01 1.041916961835323008e+01 1.033778443225747878e+01 1.022794553060838396e+01 1.008205762733761723e+01 9.891362785559561388e+00 9.646994009873537834e+00 9.342292892711610008e+00 8.976150635066222350e+00 8.555740750652994109e+00
