4.419983126058203204e+00 4.419983126071184820e+00 4.419983126112236427e+00 4.419983126242052585e+00 4.419983126652565097e+00 4.419983127950723123e+00 4.419983132055857133e+00 4.419983145037430283e+00 4.419983186088766836e+00 4.419983315904464583e+00 4.419983726417491710e+00
4.943441969575167683e+00 4.943441969579062345e+00 4.943441969591379603e+00 4.943441969630328003e+00 4.943441969753493481e+00 4.943441970142979258e+00 4.943441971374639365e+00 4.943441975269490030e+00 4.943441987586090214e+00 4.943442026534597744e+00 4.943442149700571164e+00
5.390054847816482919e+00 5.390054847817880912e+00 5.390054847822301376e+00 5.390054847836280416e+00 5.390054847880485056e+00 5.390054848020271905e+00 5.390054848462319192e+00 5.390054849860193897e+00 5.390054854280661445e+00 5.390054868259407606e+00 5.390054912464081305e+00
5.772307984758100474e+00 5.772307984758684896e+00 5.772307984760533195e+00 5.772307984766376521e+00 5.772307984784855073e+00 5.772307984843290996e+00 5.772307985028080957e+00 5.772307985612438408e+00 5.772307987460338019e+00 5.772307993303909868e+00 5.772308011782907755e+00
6.101312189066486091e+00 6.101312189066764091e+00 6.101312189067643388e+00 6.101312189070425163e+00 6.101312189079220794e+00 6.101312189107034101e+00 6.101312189194990410e+00 6.101312189473130587e+00 6.101312190352687459e+00 6.101312193134091011e+00 6.101312201929661505e+00
6.386936590851212792e+00 6.386936590851361117e+00 6.386936590851829187e+00 6.386936590853307116e+00 6.386936590857982488e+00 6.386936590872767994e+00 6.386936590919523482e+00 6.386936591067378544e+00 6.386936591534936092e+00 6.386936593013481378e+00 6.386936597689052419e+00
6.637828158355079111e+00 6.637828158355165264e+00 6.637828158355437935e+00 6.637828158356302133e+00 6.637828158359032393e+00 6.637828158367667264e+00 6.637828158394972533e+00 6.637828158481319463e+00 6.637828158754373931e+00 6.637828159617847668e+00 6.637828162348390570e+00
6.861393454254225865e+00 6.861393454254280933e+00 6.861393454254453239e+00 6.861393454254999469e+00 6.861393454256726976e+00 6.861393454262190161e+00 6.861393454279465232e+00 6.861393454334095310e+00 6.861393454506849565e+00 6.861393455053145907e+00 6.861393456780686684e+00
7.063808492957503127e+00 7.063808492957540430e+00 7.063808492957656782e+00 7.063808492958027152e+00 7.063808492959196883e+00 7.063808492962897034e+00 7.063808492974597897e+00 7.063808493011596745e+00 7.063808493128600929e+00 7.063808493498598295e+00 7.063808494668634808e+00
7.250086336416691424e+00 7.250086336416718069e+00 7.250086336416801558e+00 7.250086336417067123e+00 7.250086336417907340e+00 7.250086336420562994e+00 7.250086336428960720e+00 7.250086336455516367e+00 7.250086336539492748e+00 7.250086336805050102e+00 7.250086337644814805e+00
7.424197926170531758e+00 7.424197926170552186e+00 7.424197926170615247e+00 7.424197926170815087e+00 7.424197926171448358e+00 7.424197926173451201e+00 7.424197926179783913e+00 7.424197926199807895e+00 7.424197926263130576e+00 7.424197926463373065e+00 7.424197927096596317e+00
