8.700931149881707682e+00 8.700931139482870336e+00 8.700931106598247311e+00 8.700931002601832276e+00 8.700930673675200566e+00 8.700929632907048017e+00 8.700926335602710893e+00 8.700915847601033093e+00 8.700882073270051364e+00 8.700769242037640794e+00 8.700354041449411824e+00
8.715938925667506609e+00 8.715938906537646247e+00 8.715938846042988075e+00 8.715938654734834756e+00 8.715938049692821821e+00 8.715936135656940920e+00 8.715930075696698864e+00 8.715910840043008534e+00 8.715849290864825960e+00 8.715647546703976900e+00 8.714941725903734948e+00
8.728525855536274136e+00 8.728525826480554528e+00 8.728525734597473829e+00 8.728525444029338942e+00 8.728524525089051522e+00 8.728521618313216379e+00 8.728512417971014514e+00 8.728483240993979209e+00 8.728390150924386859e+00 8.728087691451737129e+00 8.727055606994420955e+00
8.739007907982307088e+00 8.739007867968823007e+00 8.739007741434157595e+00 8.739007341287225117e+00 8.739006075819663266e+00 8.739002073141566740e+00 8.738989406386869163e+00 8.738949259086092880e+00 8.738821394924098485e+00 8.738408228401354449e+00 8.737021327656664837e+00
8.747675765036031947e+00 8.747675713246568563e+00 8.747675549472933909e+00 8.747675031565499637e+00 8.747673393701127509e+00 8.747668213346956989e+00 8.747651821917575177e+00 8.747599890919110166e+00 8.747434714706724179e+00 8.746903185290824112e+00 8.745141734414010770e+00
8.754793749376400314e+00 8.754793685240432666e+00 8.754793482423712803e+00 8.754792841051122210e+00 8.754790812754851714e+00 8.754784397738816892e+00 8.754764101892693162e+00 8.754699823463029773e+00 8.754495600140479894e+00 8.753840727583703796e+00 8.751694801996523054e+00
8.760599359257463803e+00 8.760599282467058657e+00 8.760599039633548912e+00 8.760598271717261909e+00 8.760595843259739723e+00 8.760588162873412799e+00 8.760563866087856866e+00 8.760486940888132068e+00 8.760242783827880686e+00 8.759462393991697127e+00 8.756932059788640643e+00
8.765303416254752733e+00 8.765303326760777836e+00 8.765303043755171331e+00 8.765302148804753557e+00 8.765299318641952553e+00 8.765290368071401161e+00 8.765262055811554376e+00 8.765172444792531437e+00 8.764888300641946017e+00 8.763982953233698581e+00 8.761077688259106822e+00
8.769090798889015659e+00 8.769090696881264080e+00 8.769090374303813107e+00 8.769089354218188248e+00 8.769086128362642896e+00 8.769075926697299295e+00 8.769043660091453418e+00 8.768941564209312034e+00 8.768618145837743683e+00 8.767590890681370652e+00 8.764328389387015861e+00
8.772121697477819779e+00 8.772121583353172269e+00 8.772121222459006162e+00 8.772120081208042208e+00 8.772116472221622274e+00 8.772105059265978610e+00 8.772068964991593276e+00 8.771954792906299758e+00 8.771593474012746583e+00 8.770449482911530481e+00 8.766854043786617368e+00
8.783105114181331885e+00 8.783104889809628446e+00 8.783104180322828469e+00 8.783101937115175062e+00 8.783094847285457973e+00 8.783072464000749591e+00 8.783002015068907653e+00 8.782781990293422325e+00 8.782106955996882292e+00 8.780113995780318703e+00 8.774649547395471316e+00
