2.638493801474375733e+00 2.638493897365098206e+00 2.638494200598045847e+00 2.638495159503399190e+00 2.638498191814154570e+00 2.638507780680497294e+00 2.638538101916228396e+00 2.638633971864651429e+00 2.638936997174134991e+00 2.639893829403993308e+00 2.642905511182305656e+00
2.510615512824564632e+00 2.510615608788973940e+00 2.510615912254939630e+00 2.510616871897167535e+00 2.510619906538176682e+00 2.510629502773951138e+00 2.510659847319103744e+00 2.510755791030698791e+00 2.511059050122828484e+00 2.512016626866024449e+00 2.515030715202075662e+00
2.382522219707690958e+00 2.382522315726712581e+00 2.382522619365378347e+00 2.382523579553734283e+00 2.382526615921791713e+00 2.382536217619361629e+00 2.382566579440134280e+00 2.382662577821083705e+00 2.382966010183308558e+00 2.383924138756972511e+00 2.386940011099636383e+00
2.254266458282928820e+00 2.254266554342346573e+00 2.254266858108756377e+00 2.254267818701078951e+00 2.254270856346618501e+00 2.254280462084234049e+00 2.254310836683667052e+00 2.254406875503439878e+00 2.254710436035909815e+00 2.255668972832673980e+00 2.258686165178659611e+00
2.125887518276535104e+00 2.125887614365749911e+00 2.125887918226387452e+00 2.125888879116685448e+00 2.125891917704527678e+00 2.125901526422185217e+00 2.125931910447514728e+00 2.126027979096364540e+00 2.126331634174364549e+00 2.127290472126373455e+00 2.130308638536185128e+00
1.997414622464586120e+00 1.997414718575683645e+00 1.997415022505519833e+00 1.997415983614644563e+00 1.997419022894495022e+00 1.997428633800637288e+00 1.997459024748191814e+00 1.997555115303323969e+00 1.997858839817900911e+00 1.998817898975131513e+00 2.001836781146905331e+00
1.868869342091806107e+00 1.868869438218860424e+00 1.868869742199156692e+00 1.868870703467851557e+00 1.868873743252319253e+00 1.868883355754322739e+00 1.868913751749655017e+00 1.869009858279470526e+00 1.869313633432497790e+00 1.870272853942599234e+00 1.873292258537635702e+00
1.740267415613731217e+00 1.740267511752293217e+00 1.740267815768979709e+00 1.740268777152751190e+00 1.740271817301132451e+00 1.740281430954023545e+00 1.740311830589701403e+00 1.740407948640484648e+00 1.740711760317852130e+00 1.741671097245967692e+00 1.744690879150582852e+00
1.611620156859628894e+00 1.611620253006340597e+00 1.611620557048799363e+00 1.611621518514070317e+00 1.611624558920182526e+00 1.611634173388160285e+00 1.611664575602062666e+00 1.611760701812858576e+00 1.612064539363940563e+00 1.613023958806401481e+00 1.616044008576313473e+00
1.482935495998690234e+00 1.482935592150999238e+00 1.482935896211157623e+00 1.482936857732401137e+00 1.482939898315519089e+00 1.482949513343290837e+00 1.482979917327947650e+00 1.483076049143664532e+00 1.483379904472082345e+00 1.484339380661269248e+00 1.487359615167843874e+00
1.354218743999346941e+00 1.354218840155293480e+00 1.354219144226954663e+00 1.354220105784573303e+00 1.354223146482724127e+00 1.354232761874302637e+00 1.354263167009827518e+00 1.354359302469003490e+00 1.354663169359999086e+00 1.355622682522445999e+00 1.358643038031014827e+00
