1.220457356031641005e+01 1.220353474369118985e+01 1.220148469113218148e+01 1.219786580061580672e+01 1.219189530180119263e+01 1.218243837507390026e+01 1.216789133294961545e+01 1.214608509668280334e+01 1.211420735366569090e+01 1.206873082226108451e+01 1.200531341629511850e+01
1.220456152559011542e+01 1.220352767597929677e+01 1.220148061499049774e+01 1.219786341091982074e+01 1.219189387408867198e+01 1.218243750619318710e+01 1.216789079198708912e+01 1.214608474921016601e+01 1.211420712104937891e+01 1.206873065861784333e+01 1.200531329507676226e+01
1.220454547327392625e+01 1.220351820068211524e+01 1.220147514992011928e+01 1.219786021191711178e+01 1.219189196841033862e+01 1.218243635189250718e+01 1.216789007851210336e+01 1.214608429570792758e+01 1.211420682167585383e+01 1.206873045155085400e+01 1.200531314447165165e+01
1.220452410819763500e+01 1.220350550217162500e+01 1.220146782117265261e+01 1.219785592716087486e+01 1.219188942228722716e+01 1.218243481602114464e+01 1.216788913527441807e+01 1.214608370181318975e+01 1.211420643467218738e+01 1.206873018816204990e+01 1.200531295632798212e+01
1.220449575059586245e+01 1.220348849370618183e+01 1.220145799222293803e+01 1.219785018553192835e+01 1.219188601763165281e+01 1.218243276964315314e+01 1.216788788563998480e+01 1.214608292166430914e+01 1.211420593231013498e+01 1.206872985143685639e+01 1.200531271999920335e+01
1.220445824261048529e+01 1.220346573160892945e+01 1.220144481030810368e+01 1.219784248889137501e+01 1.219188146167785725e+01 1.218243003979895711e+01 1.216788622696522104e+01 1.214608189399178428e+01 1.211420527769672262e+01 1.206872941887740858e+01 1.200531242153415690e+01
1.220440884329126874e+01 1.220343530559207679e+01 1.220142713421011038e+01 1.219783216878565746e+01 1.219187536138744044e+01 1.218242639440965291e+01 1.216788402169754413e+01 1.214608053687049960e+01 1.211420442167728595e+01 1.206872886067296946e+01 1.200531204259603513e+01
1.220434411578269618e+01 1.220339470105648161e+01 1.220140343895265289e+01 1.219781832858657289e+01 1.219186718911303302e+01 1.218242152200181039e+01 1.216788108542061586e+01 1.214607874067316651e+01 1.211420329868062495e+01 1.206872813724909044e+01 1.200531155901780878e+01
1.220425981227301371e+01 1.220334063033042682e+01 1.220137169086343221e+01 1.219779976633226859e+01 1.219185623656907502e+01 1.218241500448228365e+01 1.216787717079574982e+01 1.214607635860723178e+01 1.211420182114342303e+01 1.206872719598304755e+01 1.200531093887037137e+01
1.220415076354236028e+01 1.220326883254307937e+01 1.220132918524628174e+01 1.219777487212513023e+01 1.219184155318789742e+01 1.218240628059182384e+01 1.216787194599131716e+01 1.214607319400483654e+01 1.211419987202600623e+01 1.206872596679977505e+01 1.200531013987700213e+01
1.220401078001880890e+01 1.220317384688583218e+01 1.220127233803883726e+01 1.219774149222597437e+01 1.219182186367556575e+01 1.218239459686886761e+01 1.216786496571132581e+01 1.214606898325057571e+01 1.211419729476387808e+01 1.206872435626448237e+01 1.200530910595078815e+01
