3.292948882344056027e+00 3.763005666145927464e+00 4.173326965910528763e+00 4.424374561650568971e+00 4.511799791273863214e+00 4.441740247012249121e+00 4.205874237942150096e+00 3.822966134663542181e+00 3.354731544369695229e+00 2.859800894532727344e+00 2.360387848833890079e+00
3.155926856143519643e+00 3.628982672490226324e+00 4.055479898157436480e+00 4.330829925931792168e+00 4.439879319056018403e+00 4.392170989313341600e+00 4.179128733934514450e+00 3.813572233209850282e+00 3.352877082002644560e+00 2.859570556143443909e+00 2.360363807625436294e+00
3.017375522361890550e+00 3.492574874806076313e+00 3.933098743537120523e+00 4.233053426330719127e+00 4.364177371350170809e+00 4.338819271366983976e+00 4.149045243208375311e+00 3.802223091606158345e+00 3.350447840982134995e+00 2.859254418895146088e+00 2.360330458779428486e+00
2.877084603893249604e+00 3.353733256043103683e+00 3.806095508110473258e+00 4.130663861783322233e+00 4.284464813643738879e+00 4.281504020880852579e+00 4.115373920681598463e+00 3.788618184753257623e+00 3.347283184012140644e+00 2.858819860373043920e+00 2.360283965783292803e+00
2.734784904186138288e+00 3.212328317364773866e+00 3.674410443090736056e+00 4.023212155904333009e+00 4.200449762329883541e+00 4.220007595162240221e+00 4.077844721299850761e+00 3.772427203312241240e+00 3.343184472066522250e+00 2.858221705221154263e+00 2.360218780625096713e+00
2.590198329308162073e+00 3.068145369222750940e+00 3.537987944688744779e+00 3.910180232577807669e+00 4.111762304391829659e+00 4.154064094867152335e+00 4.036158731920402865e+00 3.753285879492622712e+00 3.337907919837142412e+00 2.857397417780776383e+00 2.360126807222140854e+00
2.442905548990490505e+00 2.920878265114707162e+00 3.396742016987403634e+00 3.790984999769165142e+00 4.017935524093950050e+00 4.083344904237407036e+00 3.989977068121337123e+00 3.730789640264905227e+00 3.331156175449355938e+00 2.856260501785497397e+00 2.359996115658239191e+00
2.292505934634873288e+00 2.770123791759083076e+00 3.250516249278921688e+00 3.664988633581821809e+00 3.918381946967645746e+00 4.007440524735527809e+00 3.938906768448893203e+00 3.704484406921292994e+00 3.322568143507009353e+00 2.854691465993755006e+00 2.359808944658149610e+00
2.138432519016730815e+00 2.615364838625156452e+00 3.099044336681744838e+00 3.531513901532120414e+00 3.812364621002776399e+00 3.925837385290888992e+00 3.882482878873114718e+00 3.673853724278698607e+00 3.311706329376244540e+00 2.852525491904754684e+00 2.359538565734940807e+00
1.980068219391744488e+00 2.455976922019242448e+00 2.941914725026212096e+00 3.389859118276565386e+00 3.698962438027245891e+00 3.837887764184047423e+00 3.820145577548725413e+00 3.638301202168459980e+00 3.298040669379926904e+00 2.849535637234008156e+00 2.359144311948991213e+00
1.816659532766075502e+00 2.291163958140061574e+00 2.778535997374701250e+00 3.239302295327458836e+00 3.577030749801637821e+00 3.742770170133231211e+00 3.751210693773293858e+00 3.597126954752888128e+00 3.280927414567921918e+00 2.845409996678628595e+00 2.358563628131582046e+00
