-1.321643775932546561e+00 -1.321643775932546561e+00 -1.321643775932546561e+00 -1.321643775932546561e+00 -1.321643775932546339e+00 -1.321643775932545894e+00 -1.321643775932543896e+00 -1.321643775932538123e+00 -1.321643775932519693e+00 -1.321643775932461518e+00 -1.321643775932277443e+00
-1.476901991964000072e+00 -1.476901991964000072e+00 -1.476901991964000072e+00 -1.476901991964000072e+00 -1.476901991963999849e+00 -1.476901991963999405e+00 -1.476901991963997407e+00 -1.476901991963992078e+00 -1.476901991963974758e+00 -1.476901991963919913e+00 -1.476901991963746719e+00
-1.640364236132041631e+00 -1.640364236132041631e+00 -1.640364236132041631e+00 -1.640364236132041631e+00 -1.640364236132041409e+00 -1.640364236132040965e+00 -1.640364236132039188e+00 -1.640364236132034081e+00 -1.640364236132017872e+00 -1.640364236131966580e+00 -1.640364236131803821e+00
-1.814961956772727758e+00 -1.814961956772727758e+00 -1.814961956772727758e+00 -1.814961956772727980e+00 -1.814961956772727536e+00 -1.814961956772727092e+00 -1.814961956772725760e+00 -1.814961956772720875e+00 -1.814961956772705554e+00 -1.814961956772657370e+00 -1.814961956772504825e+00
-2.004924463129763801e+00 -2.004924463129763801e+00 -2.004924463129763801e+00 -2.004924463129763357e+00 -2.004924463129763357e+00 -2.004924463129762913e+00 -2.004924463129761580e+00 -2.004924463129757140e+00 -2.004924463129742485e+00 -2.004924463129697187e+00 -2.004924463129553747e+00
-2.216450271999099719e+00 -2.216450271999099719e+00 -2.216450271999099719e+00 -2.216450271999099275e+00 -2.216450271999099275e+00 -2.216450271999098831e+00 -2.216450271999097499e+00 -2.216450271999093058e+00 -2.216450271999079291e+00 -2.216450271999036215e+00 -2.216450271998898991e+00
-2.458968928483955096e+00 -2.458968928483955096e+00 -2.458968928483955096e+00 -2.458968928483955096e+00 -2.458968928483955096e+00 -2.458968928483954652e+00 -2.458968928483953320e+00 -2.458968928483948879e+00 -2.458968928483935557e+00 -2.458968928483893368e+00 -2.458968928483759253e+00
-2.747060726693576260e+00 -2.747060726693576260e+00 -2.747060726693576260e+00 -2.747060726693576260e+00 -2.747060726693575816e+00 -2.747060726693575372e+00 -2.747060726693574040e+00 -2.747060726693570043e+00 -2.747060726693555832e+00 -2.747060726693512311e+00 -2.747060726693375088e+00
-3.104834341766814276e+00 -3.104834341766814276e+00 -3.104834341766814276e+00 -3.104834341766814276e+00 -3.104834341766814276e+00 -3.104834341766813832e+00 -3.104834341766812056e+00 -3.104834341766807171e+00 -3.104834341766791628e+00 -3.104834341766742334e+00 -3.104834341766586903e+00
-3.548670127698422494e+00 -3.548670127698422494e+00 -3.548670127698422494e+00 -3.548670127698422494e+00 -3.548670127698422494e+00 -3.548670127698421606e+00 -3.548670127698419829e+00 -3.548670127698413612e+00 -3.548670127698393628e+00 -3.548670127698331012e+00 -3.548670127698133392e+00
-4.160453133406265103e+00 -4.160453133406265103e+00 -4.160453133406265103e+00 -4.160453133406265103e+00 -4.160453133406264214e+00 -4.160453133406263326e+00 -4.160453133406259774e+00 -4.160453133406250004e+00 -4.160453133406215365e+00 -4.160453133406109671e+00 -4.160453133405773940e+00
