1.103531265804122441e+01 1.103531265804204864e+01 1.103531265804465633e+01 1.103531265805289863e+01 1.103531265807896133e+01 1.103531265816138429e+01 1.103531265842202558e+01 1.103531265924624449e+01 1.103531266185264847e+01 1.103531267009479144e+01 1.103531269615838717e+01
1.102503649133168295e+01 1.102503649133251074e+01 1.102503649133513264e+01 1.102503649134341757e+01 1.102503649136962061e+01 1.102503649145248410e+01 1.102503649171451627e+01 1.102503649254313878e+01 1.102503649516346584e+01 1.102503650344964647e+01 1.102503652965262049e+01
1.101331668818806087e+01 1.101331668818886733e+01 1.101331668819141996e+01 1.101331668819949172e+01 1.101331668822501442e+01 1.101331668830572497e+01 1.101331668856095547e+01 1.101331668936806629e+01 1.101331669192036955e+01 1.101331669999144758e+01 1.101331672551428298e+01
1.099997984352216740e+01 1.099997984352293479e+01 1.099997984352536484e+01 1.099997984353304226e+01 1.099997984355732683e+01 1.099997984363412051e+01 1.099997984387695915e+01 1.099997984464488532e+01 1.099997984707328058e+01 1.099997985475253159e+01 1.099997987903635277e+01
1.098483588278293865e+01 1.098483588278365630e+01 1.098483588278592471e+01 1.098483588279310119e+01 1.098483588281579415e+01 1.098483588288755719e+01 1.098483588311449033e+01 1.098483588383211540e+01 1.098483588610144501e+01 1.098483589327768684e+01 1.098483591597089415e+01
1.096767749085187305e+01 1.096767749085253385e+01 1.096767749085462640e+01 1.096767749086123800e+01 1.096767749088214927e+01 1.096767749094827593e+01 1.096767749115738688e+01 1.096767749181865170e+01 1.096767749390975411e+01 1.096767750052239876e+01 1.096767752143337660e+01
1.094827983430122309e+01 1.094827983430182705e+01 1.094827983430373308e+01 1.094827983430975848e+01 1.094827983432881524e+01 1.094827983438907815e+01 1.094827983457964571e+01 1.094827983518227299e+01 1.094827983708795038e+01 1.094827984311422675e+01 1.094827986217095805e+01
1.092640067702546247e+01 1.092640067702600604e+01 1.092640067702772733e+01 1.092640067703317186e+01 1.092640067705038831e+01 1.092640067710483365e+01 1.092640067727699993e+01 1.092640067782143909e+01 1.092640067954310901e+01 1.092640068498750416e+01 1.092640070220417492e+01
1.090178100923115601e+01 1.090178100923164450e+01 1.090178100923318993e+01 1.090178100923807492e+01 1.090178100925352567e+01 1.090178100930238259e+01 1.090178100945688477e+01 1.090178100994546284e+01 1.090178101149047762e+01 1.090178101637624586e+01 1.090178103182639013e+01
1.087414633047243484e+01 1.087414633047287005e+01 1.087414633047425028e+01 1.087414633047861301e+01 1.087414633049240820e+01 1.087414633053603374e+01 1.087414633067398917e+01 1.087414633111024109e+01 1.087414633248978824e+01 1.087414633685230569e+01 1.087414635064778601e+01
1.084320874669506907e+01 1.084320874669545809e+01 1.084320874669668555e+01 1.084320874670056689e+01 1.084320874671284152e+01 1.084320874675165847e+01 1.084320874687440828e+01 1.084320874726257777e+01 1.084320874849007765e+01 1.084320875237176907e+01 1.084320876464675365e+01
