6.205348845415973535e+00 6.205348845415969095e+00 6.205348845415956660e+00 6.205348845415916692e+00 6.205348845415791459e+00 6.205348845415394443e+00 6.205348845414137671e+00 6.205348845410163960e+00 6.205348845397599788e+00 6.205348845357866239e+00 6.205348845232219190e+00
6.204225977474527198e+00 6.204225977474523646e+00 6.204225977474511211e+00 6.204225977474473019e+00 6.204225977474350451e+00 6.204225977473964981e+00 6.204225977472743736e+00 6.204225977468883713e+00 6.204225977456675700e+00 6.204225977418071025e+00 6.204225977295993566e+00
6.202806627299992215e+00 6.202806627299988662e+00 6.202806627299976228e+00 6.202806627299938924e+00 6.202806627299821685e+00 6.202806627299447761e+00 6.202806627298266484e+00 6.202806627294532582e+00 6.202806627282722474e+00 6.202806627245378124e+00 6.202806627127283257e+00
6.201018298349410429e+00 6.201018298349406876e+00 6.201018298349396218e+00 6.201018298349359803e+00 6.201018298349246116e+00 6.201018298348886404e+00 6.201018298347749536e+00 6.201018298344155077e+00 6.201018298332788170e+00 6.201018298296840925e+00 6.201018298183167410e+00
6.198772860109485805e+00 6.198772860109482252e+00 6.198772860109470706e+00 6.198772860109436955e+00 6.198772860109327709e+00 6.198772860108983984e+00 6.198772860107895966e+00 6.198772860104455162e+00 6.198772860093576753e+00 6.198772860059173162e+00 6.198772859950381076e+00
6.195963905785736081e+00 6.195963905785732528e+00 6.195963905785721870e+00 6.195963905785689008e+00 6.195963905785585979e+00 6.195963905785259129e+00 6.195963905784224401e+00 6.195963905780953240e+00 6.195963905770610403e+00 6.195963905737901456e+00 6.195963905634465974e+00
6.192463919605576628e+00 6.192463919605573963e+00 6.192463919605564193e+00 6.192463919605533107e+00 6.192463919605435407e+00 6.192463919605127209e+00 6.192463919604151101e+00 6.192463919601064681e+00 6.192463919591305377e+00 6.192463919560442953e+00 6.192463919462849020e+00
6.188121314883604285e+00 6.188121314883600732e+00 6.188121314883591850e+00 6.188121314883562540e+00 6.188121314883471946e+00 6.188121314883183288e+00 6.188121314882270241e+00 6.188121314879383661e+00 6.188121314870256739e+00 6.188121314841393605e+00 6.188121314750119950e+00
6.182757459754933294e+00 6.182757459754930629e+00 6.182757459754921747e+00 6.182757459754895102e+00 6.182757459754810725e+00 6.182757459754543383e+00 6.182757459753698726e+00 6.182757459751027085e+00 6.182757459742578732e+00 6.182757459715861437e+00 6.182757459631374353e+00
6.176163839094932939e+00 6.176163839094930275e+00 6.176163839094923169e+00 6.176163839094898300e+00 6.176163839094821029e+00 6.176163839094576780e+00 6.176163839093804064e+00 6.176163839091360686e+00 6.176163839083634421e+00 6.176163839059200633e+00 6.176163838981934440e+00
6.168099549646462343e+00 6.168099549646460567e+00 6.168099549646453461e+00 6.168099549646431257e+00 6.168099549646361979e+00 6.168099549646141710e+00 6.168099549645444490e+00 6.168099549643241808e+00 6.168099549636276713e+00 6.168099549614249000e+00 6.168099549544592719e+00
