1.360751999185272432e+01 1.360751999185272432e+01 1.360751999185272432e+01 1.360751999185272432e+01 1.360751999185272432e+01 1.360751999185272432e+01 1.360751999185272432e+01 1.360751999185272432e+01 1.360751999185272432e+01 1.360751999185272076e+01 1.360751999185271188e+01
1.360751225597030967e+01 1.360751225597030967e+01 1.360751225597030967e+01 1.360751225597030967e+01 1.360751225597030967e+01 1.360751225597030967e+01 1.360751225597030967e+01 1.360751225597030789e+01 1.360751225597030789e+01 1.360751225597030434e+01 1.360751225597029546e+01
1.360750253241320706e+01 1.360750253241320706e+01 1.360750253241320706e+01 1.360750253241320706e+01 1.360750253241320706e+01 1.360750253241320706e+01 1.360750253241320706e+01 1.360750253241320706e+01 1.360750253241320529e+01 1.360750253241320351e+01 1.360750253241319463e+01
1.360749035248952232e+01 1.360749035248952232e+01 1.360749035248952232e+01 1.360749035248952232e+01 1.360749035248952232e+01 1.360749035248952232e+01 1.360749035248952232e+01 1.360749035248952055e+01 1.360749035248952055e+01 1.360749035248951699e+01 1.360749035248950989e+01
1.360747515148061204e+01 1.360747515148061204e+01 1.360747515148061204e+01 1.360747515148061204e+01 1.360747515148061204e+01 1.360747515148061204e+01 1.360747515148061204e+01 1.360747515148061204e+01 1.360747515148061026e+01 1.360747515148060849e+01 1.360747515148060138e+01
1.360745625342276277e+01 1.360745625342276277e+01 1.360745625342276277e+01 1.360745625342276277e+01 1.360745625342276277e+01 1.360745625342276277e+01 1.360745625342276277e+01 1.360745625342276277e+01 1.360745625342276277e+01 1.360745625342276099e+01 1.360745625342275389e+01
1.360743285458987195e+01 1.360743285458987195e+01 1.360743285458987195e+01 1.360743285458987195e+01 1.360743285458987195e+01 1.360743285458987195e+01 1.360743285458987195e+01 1.360743285458987195e+01 1.360743285458987017e+01 1.360743285458986840e+01 1.360743285458986307e+01
1.360740400572417208e+01 1.360740400572417208e+01 1.360740400572417208e+01 1.360740400572417208e+01 1.360740400572417208e+01 1.360740400572417208e+01 1.360740400572417208e+01 1.360740400572417208e+01 1.360740400572417030e+01 1.360740400572416853e+01 1.360740400572416320e+01
1.360736859300242507e+01 1.360736859300242507e+01 1.360736859300242507e+01 1.360736859300242507e+01 1.360736859300242507e+01 1.360736859300242507e+01 1.360736859300242507e+01 1.360736859300242507e+01 1.360736859300242507e+01 1.360736859300242330e+01 1.360736859300241797e+01
1.360732531762437425e+01 1.360732531762437425e+01 1.360732531762437425e+01 1.360732531762437425e+01 1.360732531762437425e+01 1.360732531762437425e+01 1.360732531762437425e+01 1.360732531762437425e+01 1.360732531762437425e+01 1.360732531762437247e+01 1.360732531762436892e+01
1.360727267374187655e+01 1.360727267374187655e+01 1.360727267374187655e+01 1.360727267374187655e+01 1.360727267374187655e+01 1.360727267374187655e+01 1.360727267374187655e+01 1.360727267374187655e+01 1.360727267374187655e+01 1.360727267374187477e+01 1.360727267374187122e+01
