8.388199791098072566e+00 8.461669496297243853e+00 8.576994827383160214e+00 8.710396744256463819e+00 8.820940121817733015e+00 8.866780353023440142e+00 8.808189069246274983e+00 8.613533720400651461e+00 8.279783971274564891e+00 7.845704650975654282e+00 7.365029531646620775e+00
8.523577871132188122e+00 8.593699922062201679e+00 8.701441990131563387e+00 8.822877756281123141e+00 8.917766071998462607e+00 8.944065010643514668e+00 8.862010459751926916e+00 8.643096283060552665e+00 8.291025433193414784e+00 7.848378391285693922e+00 7.365438946758587235e+00
8.657615338016388051e+00 8.724357958006093483e+00 8.824445845160093782e+00 8.933617427777118536e+00 9.012114388881622418e+00 9.017770959648435891e+00 8.911398843410642812e+00 8.668684687543077416e+00 8.300086434659476708e+00 7.850404024720398333e+00 7.365738583334080047e+00
8.789947366627608005e+00 8.853288514396250974e+00 8.945627656786761861e+00 9.042167528709404323e+00 9.103439153014740270e+00 9.087309955462412603e+00 8.956004972722798385e+00 8.690406481156001561e+00 8.307263638205290235e+00 7.851923363155810520e+00 7.365957007012824853e+00
8.920137580099874341e+00 8.980054226841863496e+00 9.064507188826947726e+00 9.147953463549949760e+00 9.191057248000609192e+00 9.152037110812335285e+00 8.995553419706491027e+00 8.708471687758354562e+00 8.312856644322740962e+00 7.853053393352883660e+00 7.366115695108817363e+00
9.047679328468095861e+00 9.104132242439481715e+00 9.180492541381642724e+00 9.250263072935663189e+00 9.274166060745256956e+00 9.211299417174346971e+00 9.029895112039952210e+00 8.723187370954613939e+00 8.317151527026666713e+00 7.853888060228027435e+00 7.366230647932058062e+00
9.172004534694794486e+00 9.224917431268256252e+00 9.292877024057014879e+00 9.348248934144280042e+00 9.351878710947683970e+00 9.264510858251856718e+00 9.059052582985588131e+00 8.734936299000469972e+00 8.320407757764112233e+00 7.854501104382448418e+00 7.366313699439678508e+00
9.292500338878163291e+00 9.341732701073228284e+00 9.400846172341243090e+00 9.440952191072071287e+00 9.423293803646336286e+00 9.311244038164213421e+00 9.083241471189008820e+00 8.744143947838148634e+00 8.322850190526464687e+00 7.854949332099320891e+00 7.366373552613389997e+00
9.408531907045682985e+00 9.453845810635820968e+00 9.503497953455985581e+00 9.527355211066087293e+00 9.487598540944736314e+00 9.351315464931577282e+00 9.102857528229016282e+00 8.751242168346982098e+00 8.324666219869264694e+00 7.855275851405304266e+00 7.366416579522078401e+00
9.519468015613359313e+00 9.560491112087980525e+00 9.599879163419679173e+00 9.606466552403320591e+00 9.544189581473924378e+00 9.384835816964322674e+00 9.118431120938366163e+00 8.756637950333692189e+00 8.326007050109614838e+00 7.855512991380015464e+00 7.366447429366990818e+00
9.624705128347933680e+00 9.660894746847702663e+00 9.689040784083349678e+00 9.677433227030471485e+00 9.592781301796723170e+00 9.412205059908059113e+00 9.130563442447662936e+00 8.760692390676755537e+00 8.326991547236765712e+00 7.855684777028820953e+00 7.366469484875854512e+00
