5.868110296656563918e+00 5.369989976814536270e+00 4.870597342754703796e+00 4.370790800815417043e+00 3.870852120360517290e+00 3.370871525694479232e+00 2.870877663642798172e+00 2.370879604776895189e+00 1.870880218631839176e+00 1.370880412751261268e+00 8.708804741373569192e-01
5.868110288505588912e+00 5.369989974387569198e+00 4.870597342003972763e+00 4.370790800579753110e+00 3.870852120286169651e+00 3.370871525670986024e+00 2.870877663635370780e+00 2.370879604774546401e+00 1.870880218631096437e+00 1.370880412751026345e+00 8.708804741372826452e-01
5.868110278854381967e+00 5.369989971551554220e+00 4.870597341131142066e+00 4.370790800306230572e+00 3.870852120199926194e+00 3.370871525643738487e+00 2.870877663626757226e+00 2.370879604771822802e+00 1.870880218630235126e+00 1.370880412750754118e+00 8.708804741371964919e-01
5.868110267394884616e+00 5.369989968233763733e+00 4.870597340115952356e+00 4.370790799988726327e+00 3.870852120099879112e+00 3.370871525612137098e+00 2.870877663616767439e+00 2.370879604768663995e+00 1.870880218629236369e+00 1.370880412750438149e+00 8.708804741370965719e-01
5.868110253746218419e+00 5.369989964347301914e+00 4.870597338934643972e+00 4.370790799620111855e+00 3.870852119983814177e+00 3.370871525575484196e+00 2.870877663605182040e+00 2.370879604765001147e+00 1.870880218628077962e+00 1.370880412750071775e+00 8.708804741369808866e-01
5.868110237434917664e+00 5.369989959787962341e+00 4.870597337559311235e+00 4.370790799192088016e+00 3.870852119849159223e+00 3.370871525532972424e+00 2.870877663591745677e+00 2.370879604760752546e+00 1.870880218626734592e+00 1.370880412749647004e+00 8.708804741368465496e-01
5.868110217869182854e+00 5.369989954430276491e+00 4.870597335957113749e+00 4.370790798694978108e+00 3.870852119692925530e+00 3.370871525483664310e+00 2.870877663576162586e+00 2.370879604755825820e+00 1.870880218625176505e+00 1.370880412749154287e+00 8.708804741366906743e-01
5.868110194305244498e+00 5.369989948122528389e+00 4.870597334089332264e+00 4.370790798117497822e+00 3.870852119511642542e+00 3.370871525426471393e+00 2.870877663558089932e+00 2.370879604750112168e+00 1.870880218623369950e+00 1.370880412748582966e+00 8.708804741365100410e-01
5.868110165803277489e+00 5.369989940680416574e+00 4.870597331910200722e+00 4.370790797446471920e+00 3.870852119301275263e+00 3.370871525360131127e+00 2.870877663537129809e+00 2.370879604743485913e+00 1.870880218621274738e+00 1.370880412747920385e+00 8.708804741363005419e-01
5.868110131169430588e+00 5.369989931878970779e+00 4.870597329365490502e+00 4.370790796666506495e+00 3.870852119057133223e+00 3.370871525283178016e+00 2.870877663512819922e+00 2.370879604735800950e+00 1.870880218618844903e+00 1.370880412747152111e+00 8.708804741360574031e-01
5.868110088879408437e+00 5.369989921442178904e+00 4.870597326390755377e+00 4.370790795759591063e+00 3.870852118773759898e+00 3.370871525193910756e+00 2.870877663484625586e+00 2.370879604726888523e+00 1.870880218616026713e+00 1.370880412746260824e+00 8.708804741357757395e-01
