1.197666749421118837e+01 1.197400910963040666e+01 1.196621541943015998e+01 1.195076629691212844e+01 1.192529863904032084e+01 1.188694886240007165e+01 1.183201409975324836e+01 1.175578307935771782e+01 1.165234907682675569e+01 1.151443367985999977e+01 1.133348724948538511e+01
1.197234469083945285e+01 1.197041493366710974e+01 1.196364841118877820e+01 1.194911177261956858e+01 1.192428372747277976e+01 1.188633818759081429e+01 1.183164883080043950e+01 1.175556495429029980e+01 1.165221915867654978e+01 1.151435684531054449e+01 1.133344243243342575e+01
1.196725059984216166e+01 1.196599292503003653e+01 1.196035549790244623e+01 1.194693645901771362e+01 1.192293485393846808e+01 1.188552384977684895e+01 1.183116205622168415e+01 1.175527526145712542e+01 1.165204767287541188e+01 1.151425638211117963e+01 1.133338461874555669e+01
1.196130590385446268e+01 1.196063117112868390e+01 1.195617972204779100e+01 1.194409391841174362e+01 1.192114677412596002e+01 1.188443871374403749e+01 1.183051312402676913e+01 1.175489005280397414e+01 1.165182084369749660e+01 1.151412461202763993e+01 1.133330972251732582e+01
1.195442253451690284e+01 1.195422116454742500e+01 1.195095351299429076e+01 1.194040817077275562e+01 1.191878487435597833e+01 1.188299452435929027e+01 1.182964798812226803e+01 1.175437735758994506e+01 1.165152026804479135e+01 1.151395129380839855e+01 1.133321231477574642e+01
1.194650018716301965e+01 1.194665644330542698e+01 1.194450608625415633e+01 1.193567446752166994e+01 1.191567969001108374e+01 1.188107609095994377e+01 1.182849502006380504e+01 1.175369454760166832e+01 1.165112136640974505e+01 1.151372276064202538e+01 1.133308517301864882e+01
1.193742366070625316e+01 1.193782841257111826e+01 1.193667068917686791e+01 1.192966375334593465e+01 1.191162222635986012e+01 1.187853449449646703e+01 1.182695969547327941e+01 1.175278488845213332e+01 1.165059132852268498e+01 1.151342076973999440e+01 1.133291867915635187e+01
1.192706109874958642e+01 1.192762060094235821e+01 1.192728923112623818e+01 1.192213125037741683e+01 1.190636142098884953e+01 1.187517962400098348e+01 1.182491799718043524e+01 1.175157306763950338e+01 1.164988640081309867e+01 1.151302097117990719e+01 1.133270001553470685e+01
1.191526295014493186e+01 1.191590294747241963e+01 1.191621238893869439e+01 1.191282825875839357e+01 1.189960545985463014e+01 1.187077275887741834e+01 1.182220847450007106e+01 1.174995947032379817e+01 1.164894832639955879e+01 1.151249087596984033e+01 1.133241209275227313e+01
1.190186140323209507e+01 1.190252731875448333e+01 1.190329491536053119e+01 1.190151457175071137e+01 1.189102861251125809e+01 1.186502049369336298e+01 1.181862310991546217e+01 1.174781298307931365e+01 1.164769971148431260e+01 1.151178717047396916e+01 1.133203212257686054e+01
1.188667010854721973e+01 1.188732473211972085e+01 1.188838772905645769e+01 1.188796776256878651e+01 1.188028438031903455e+01 1.185757196485947595e+01 1.181389752917496949e+01 1.174496217480793447e+01 1.164603806308350364e+01 1.151085218671808086e+01 1.133152972370697142e+01
