4.121845905307662150e+00 3.621850237140124662e+00 3.121851606713786698e+00 2.621852039783793220e+00 2.121852176729832617e+00 1.621852220035700398e+00 1.121852233730191273e+00 6.218522380607669486e-01 1.218522394302145456e-01 -3.781477601367279617e-01 -8.781477599997831174e-01
4.121845903598314820e+00 3.621850236494315478e+00 3.121851606499034926e+00 2.621852039714829719e+00 2.121852176707919035e+00 1.621852220028760394e+00 1.121852233727995474e+00 6.218522380600725041e-01 1.218522394299950684e-01 -3.781477601367974617e-01 -8.781477599998050998e-01
4.121845902081295421e+00 3.621850235938284701e+00 3.121851606315569239e+00 2.621852039656049627e+00 2.121852176689254854e+00 1.621852220022850677e+00 1.121852233726125858e+00 6.218522380594810883e-01 1.218522394298079403e-01 -3.781477601368565811e-01 -8.781477599998238626e-01
4.121845900745041646e+00 3.621850235460411405e+00 3.121851606158919878e+00 2.621852039605959472e+00 2.121852176673359569e+00 1.621852220017818480e+00 1.121852233724534020e+00 6.218522380589773801e-01 1.218522394296487205e-01 -3.781477601369070407e-01 -8.781477599998397388e-01
4.121845899575028227e+00 3.621850235050327438e+00 3.121851606025229486e+00 2.621852039563281611e+00 2.121852176659823286e+00 1.621852220013533907e+00 1.121852233723178882e+00 6.218522380585491671e-01 1.218522394295131622e-01 -3.781477601369498953e-01 -8.781477599998532835e-01
4.121845898555488219e+00 3.621850234698861026e+00 3.121851605911179384e+00 2.621852039526925360e+00 2.121852176648297839e+00 1.621852220009886381e+00 1.121852233722025138e+00 6.218522380581840148e-01 1.218522394293978517e-01 -3.781477601369862551e-01 -8.781477599998648298e-01
4.121845897670535663e+00 3.621850234397951951e+00 3.121851605813916741e+00 2.621852039495957687e+00 2.121852176638483467e+00 1.621852220006780643e+00 1.121852233721042813e+00 6.218522380578734854e-01 1.218522394292996663e-01 -3.781477601370172859e-01 -8.781477599998747108e-01
4.121845896904860140e+00 3.621850234140558289e+00 3.121851605730994628e+00 2.621852039469582341e+00 2.121852176630127929e+00 1.621852220004136980e+00 1.121852233720206593e+00 6.218522380576090303e-01 1.218522394292160388e-01 -3.781477601370435981e-01 -8.781477599998830375e-01
4.121845896244130003e+00 3.621850233920552498e+00 3.121851605660315609e+00 2.621852039447121197e+00 2.121852176623013619e+00 1.621852220001886336e+00 1.121852233719494718e+00 6.218522380573836550e-01 1.218522394291448041e-01 -3.781477601370661912e-01 -8.781477599998901429e-01
4.121845895675207316e+00 3.621850233732623270e+00 3.121851605600085122e+00 2.621852039427994274e+00 2.121852176616957575e+00 1.621852219999970091e+00 1.121852233718888758e+00 6.218522380571921415e-01 1.218522394290841998e-01 -3.781477601370852870e-01 -8.781477599998961381e-01
4.121845895186225128e+00 3.621850233572180500e+00 3.121851605548767061e+00 2.621852039411707747e+00 2.121852176611801255e+00 1.621852219998339173e+00 1.121852233718372949e+00 6.218522380570291608e-01 1.218522394290325606e-01 -3.781477601371017183e-01 -8.781477599999014672e-01
