-4.132827853423611941e+01 -4.132827853423250986e+01 -4.132827853422109143e+01 -4.132827853418498165e+01 -4.132827853407079743e+01 -4.132827853370969962e+01 -4.132827853256781481e+01 -4.132827852895686505e+01 -4.132827851753803117e+01 -4.132827848142850513e+01 -4.132827836724018766e+01
-4.119039560672112543e+01 -4.119039560671752298e+01 -4.119039560670611877e+01 -4.119039560667006583e+01 -4.119039560655605925e+01 -4.119039560619552987e+01 -4.119039560505543562e+01 -4.119039560145015599e+01 -4.119039559004924911e+01 -4.119039555399641017e+01 -4.119039543998734842e+01
-4.105285197757647353e+01 -4.105285197757287818e+01 -4.105285197756150950e+01 -4.105285197752557025e+01 -4.105285197741191183e+01 -4.105285197705250511e+01 -4.105285197591594937e+01 -4.105285197232183947e+01 -4.105285196095627498e+01 -4.105285192501520442e+01 -4.105285181135959505e+01
-4.091582901929754001e+01 -4.091582901929396598e+01 -4.091582901928265414e+01 -4.091582901924689963e+01 -4.091582901913381676e+01 -4.091582901877622191e+01 -4.091582901764540026e+01 -4.091582901406943051e+01 -4.091582900276123524e+01 -4.091582896700157335e+01 -4.091582885391962066e+01
-4.077956029464831289e+01 -4.077956029464476018e+01 -4.077956029463354071e+01 -4.077956029459804910e+01 -4.077956029448582598e+01 -4.077956029413093120e+01 -4.077956029300867158e+01 -4.077956028945976641e+01 -4.077956027823714891e+01 -4.077956024274810432e+01 -4.077956013052192219e+01
-4.064434603363372389e+01 -4.064434603363021381e+01 -4.064434603361911513e+01 -4.064434603358400722e+01 -4.064434603347299912e+01 -4.064434603312196259e+01 -4.064434603201188878e+01 -4.064434602850152345e+01 -4.064434601740076403e+01 -4.064434598229709650e+01 -4.064434587128955911e+01
-4.051056854949550257e+01 -4.051056854949204222e+01 -4.051056854948110697e+01 -4.051056854944653907e+01 -4.051056854933721496e+01 -4.051056854899150039e+01 -4.051056854789826644e+01 -4.051056854444113497e+01 -4.051056853350874576e+01 -4.051056849893748080e+01 -4.051056838961358153e+01
-4.037870658792270007e+01 -4.037870658791931788e+01 -4.037870658790861000e+01 -4.037870658787475975e+01 -4.037870658776770938e+01 -4.037870658742917840e+01 -4.037870658635867471e+01 -4.037870658297342175e+01 -4.037870657226832094e+01 -4.037870653841583390e+01 -4.037870643136487558e+01
-4.024934532441073998e+01 -4.024934532440745016e+01 -4.024934532439704782e+01 -4.024934532436414258e+01 -4.024934532426010492e+01 -4.024934532393108810e+01 -4.024934532289064748e+01 -4.024934531960047934e+01 -4.024934530919606601e+01 -4.024934527629442726e+01 -4.024934517225033659e+01
-4.012317757415550545e+01 -4.012317757415233643e+01 -4.012317757414232489e+01 -4.012317757411065600e+01 -4.012317757401051210e+01 -4.012317757369382321e+01 -4.012317757269237717e+01 -4.012317756952553083e+01 -4.012317755951107756e+01 -4.012317752784259284e+01 -4.012317742769808149e+01
-4.000099143360416321e+01 -4.000099143360115050e+01 -4.000099143359163634e+01 -4.000099143356153064e+01 -4.000099143346633923e+01 -4.000099143316532491e+01 -4.000099143221341791e+01 -4.000099142920323914e+01 -4.000099141968419758e+01 -4.000099138958236011e+01 -4.000099129439202272e+01
