4.199046376141371439e+00 4.199048669672365897e+00 4.199055922365587890e+00 4.199078856509323110e+00 4.199151371780873276e+00 4.199380596657060316e+00 4.200104585196380746e+00 4.202385237346394575e+00 4.209510560484865493e+00 4.231213601121632806e+00 4.292575657281045842e+00
4.332616964601012199e+00 4.332619249571401099e+00 4.332626475190886950e+00 4.332649323692704613e+00 4.332721567868267343e+00 4.332949932739238896e+00 4.333671174465258069e+00 4.335942868248840121e+00 4.343037147109506613e+00 4.364615068500776296e+00 4.425319091931680937e+00
4.464096414124794521e+00 4.464098686988584141e+00 4.464105874319952427e+00 4.464128601707238353e+00 4.464200462516278556e+00 4.464427611388686046e+00 4.465144970927008572e+00 4.467404019818892458e+00 4.474454637957557601e+00 4.495858059878997004e+00 4.555657307916186838e+00
4.592919484935678476e+00 4.592921740675157238e+00 4.592928873849736249e+00 4.592951429928595175e+00 4.593022748516628617e+00 4.593248177774122532e+00 4.593960049810822177e+00 4.596201250112843972e+00 4.603190484192373866e+00 4.624350851392283523e+00 4.682910734255710139e+00
4.718435029183188689e+00 4.718437260764579477e+00 4.718444317537950461e+00 4.718466631948669665e+00 4.718537185651912935e+00 4.718760189501687741e+00 4.719464325450277720e+00 4.721680400007437939e+00 4.728583580512572659e+00 4.749406597755971404e+00 4.806278838309259172e+00
4.839923612877973902e+00 4.839925810583248555e+00 4.839932760222147579e+00 4.839954735756072601e+00 4.840024216958360270e+00 4.840243820478982606e+00 4.840937115842846694e+00 4.843118032540527196e+00 4.849901300473044685e+00 4.870259054234941765e+00 4.924853172687241987e+00
4.956627385576654277e+00 4.956629536239509193e+00 4.956636337105694068e+00 4.956657842063792785e+00 4.956725834022747357e+00 4.956940716625116927e+00 4.957618968017514227e+00 4.959751162132789659e+00 4.966368921905427669e+00 4.986091121790993341e+00 5.037646911109537662e+00
5.067790287075279565e+00 5.067792373285046281e+00 5.067798970317747731e+00 5.067819830548579318e+00 5.067885782209008205e+00 5.068094197905057108e+00 5.068751850081874011e+00 5.070817416240396724e+00 5.077209708031513280e+00 5.096074958236916252e+00 5.143642329489696685e+00
5.172704082261756930e+00 5.172706081636414766e+00 5.172712404053355861e+00 5.172732395682515971e+00 5.172795598679614137e+00 5.172995303307592607e+00 5.173625218522596825e+00 5.175601176663318093e+00 5.181691322852344683e+00 5.199419859732671512e+00 5.241855161923444584e+00
5.270754048289598259e+00 5.270755932947903233e+00 5.270761892576017793e+00 5.270780736727512128e+00 5.270840308695261989e+00 5.271028507145909536e+00 5.271621798383605118e+00 5.273479568282479768e+00 5.279172553655688382e+00 5.295422327203326951e+00 5.331411762400664500e+00
5.361458018816609439e+00 5.361459755188831444e+00 5.361465245865878693e+00 5.361482606770920256e+00 5.361537485372378065e+00 5.361710812819826089e+00 5.362256785563987549e+00 5.363962014975464321e+00 5.369144100772063055e+00 5.383512266819550973e+00 5.411631613172795952e+00
