-3.058184660537299204e-01 1.600103089196052708e-01 6.486198535600714576e-01 1.144954769702495101e+00 1.643788970231679247e+00 2.143416342386181395e+00 2.643265269094190018e+00 3.142886923532012933e+00 3.639573509754877367e+00 4.114019152862463891e+00 4.515279781045737906e+00
-2.183752682605339668e-01 1.926235682162102392e-01 6.602072755096575207e-01 1.149431454157451293e+00 1.645967103376572149e+00 2.144862479864675375e+00 2.644479333718877445e+00 3.144026726171649244e+00 3.640682031364367965e+00 4.115070358561569996e+00 4.516225812773267734e+00
-6.447121032795191664e-02 2.603273815006646452e-01 6.860812907790366788e-01 1.159690370066239984e+00 1.650999335071541063e+00 2.148211056972292976e+00 2.647292161420332413e+00 3.146667904600100929e+00 3.643250769719645454e+00 4.117506026222792492e+00 4.518417685284931373e+00
1.413395823472004820e-01 3.720098733606946872e-01 7.343155484507347674e-01 1.179795555364899107e+00 1.661025759841250116e+00 2.154913975170609675e+00 2.652929434856528879e+00 3.151962870518598248e+00 3.648400695697667118e+00 4.122388092406914950e+00 4.522810650160936419e+00
3.683151492221532486e-01 5.219509588537649680e-01 8.102494513639380003e-01 1.214073352118788529e+00 1.678620426883742578e+00 2.166775519990702392e+00 2.662927150675267196e+00 3.161359036309096648e+00 3.657540069154053164e+00 4.131048564338625440e+00 4.530602074044951522e+00
5.934674277471682080e-01 6.943130314856218455e-01 9.131837888274231263e-01 1.265724366960968794e+00 1.706315018441574516e+00 2.185697423398266004e+00 2.678932962093634629e+00 3.176416325940124352e+00 3.672187312161105055e+00 4.144918783218368930e+00 4.543076791949365756e+00
8.065616098482832896e-01 8.740664662760958548e-01 1.036999514634447284e+00 1.335686999836930067e+00 1.746056800418765986e+00 2.213373531671499972e+00 2.702467306035872152e+00 3.198587774518827587e+00 3.693757877646019150e+00 4.165323506700940648e+00 4.561420675230983157e+00
1.005257248614368937e+00 1.052119999874993050e+00 1.173831353491485263e+00 1.422510382174471344e+00 1.798828006277373159e+00 2.251039483003946629e+00 2.734723879505942534e+00 3.229035859965728950e+00 3.723385331069006821e+00 4.193307277214390005e+00 4.586563752869857957e+00
1.190665289050740094e+00 1.224587301303732945e+00 1.317167648126270185e+00 1.523212827775801914e+00 1.864567075097337767e+00 2.299345509793055076e+00 2.776458101199037021e+00 3.268527991214306372e+00 3.761818418818061893e+00 4.229533912115173599e+00 4.619090292072075776e+00
1.365006491530244892e+00 1.390596601597843485e+00 1.462827655189617770e+00 1.634417876155728866e+00 1.942368923801102376e+00 2.358361672898167782e+00 2.827969641795171629e+00 3.317415882822329021e+00 3.809398507535566303e+00 4.274264335419389660e+00 4.659220769884708346e+00
1.530596630521759316e+00 1.550652310218868069e+00 1.608589513216961642e+00 1.753143740493807057e+00 2.030823069114110702e+00 2.427679591481608945e+00 2.889155596229298073e+00 3.375677685073189327e+00 3.866097043998797833e+00 4.327394058688033951e+00 4.706848488557198174e+00
