-2.298660656437048999e+01 -2.298660656436038252e+01 -2.298660656432842231e+01 -2.298660656422735471e+01 -2.298660656390775259e+01 -2.298660656289708015e+01 -2.298660655970105537e+01 -2.298660654959433458e+01 -2.298660651763407614e+01 -2.298660641656688242e+01 -2.298660609696450763e+01
-2.360270628497241319e+01 -2.360270628494281908e+01 -2.360270628484923350e+01 -2.360270628455329245e+01 -2.360270628361744016e+01 -2.360270628065802256e+01 -2.360270627129951393e+01 -2.360270624170532017e+01 -2.360270614812026579e+01 -2.360270585217847739e+01 -2.360270491632969581e+01
-2.425716957618949721e+01 -2.425716957609559898e+01 -2.425716957579866673e+01 -2.425716957485968805e+01 -2.425716957189037970e+01 -2.425716956250060363e+01 -2.425716953280751653e+01 -2.425716943890975585e+01 -2.425716914197909091e+01 -2.425716820300321430e+01 -2.425716523371414368e+01
-2.516514358539651752e+01 -2.516514358486749003e+01 -2.516514358319455624e+01 -2.516514357790427425e+01 -2.518304317688753002e+01 -2.518304312175875381e+01 -2.518304294742630844e+01 -2.518304239613917872e+01 -2.518304065282079662e+01 -2.518303514001008381e+01 -2.518301770743243750e+01
-2.610065564302175645e+01 -2.610065563988150927e+01 -2.610065562995117361e+01 -2.610065559854869832e+01 -2.614611262081063359e+01 -2.614611227213570999e+01 -2.614611116953062009e+01 -2.614610768280561004e+01 -2.614609665699721575e+01 -2.614606179217173931e+01 -2.614595155832948947e+01
-2.722656313789326532e+01 -2.722656310937901836e+01 -2.722656301920906330e+01 -2.722656273406674998e+01 -2.719062301045317653e+01 -2.719062038550647742e+01 -2.719061208480057701e+01 -2.719058583670780749e+01 -2.719050284338916867e+01 -2.719024049979957525e+01 -2.718941193792727873e+01
-2.863876088838198797e+01 -2.863876039566495635e+01 -2.863875883756057661e+01 -2.863875391043868746e+01 -2.897595332123247047e+01 -2.897584623635074408e+01 -2.897550777578033987e+01 -2.897443920211643587e+01 -2.897107727540841893e+01 -2.896061403338337215e+01 -2.892909377995818332e+01
-3.030837931620099823e+01 -3.030836420160793310e+01 -3.030831640852951026e+01 -3.030816530814960430e+01 -3.063224010832778532e+01 -3.062906566140742726e+01 -3.061917715089141723e+01 -3.058931112622821757e+01 -3.050646909470643209e+01 -3.031637112715175419e+01 -2.998983041587146658e+01
-3.253695269462413364e+01 -3.253531352690381340e+01 -3.253017036791629124e+01 -3.251429588852080599e+01 -3.249134095702828517e+01 -3.236409407178548747e+01 -3.210806319921630347e+01 -3.172631261198358743e+01 -3.127157078249904743e+01 -3.078692315610336294e+01 -3.029189316983561042e+01
-3.482761567789334123e+01 -3.466282143223074996e+01 -3.436210983262913032e+01 -3.395049885995541672e+01 -3.347183159450123213e+01 -3.298980506176699379e+01 -3.249564713983449593e+01 -3.199751102004645631e+01 -3.149810210657244980e+01 -3.099828919203847732e+01 -3.049834837045097302e+01
-3.571649476035321413e+01 -3.521649476246977883e+01 -3.471649476313909588e+01 -3.421649476335075235e+01 -3.371649476341768548e+01 -3.321649476343885254e+01 -3.271649476344554586e+01 -3.221649476344766327e+01 -3.171649476344833118e+01 -3.121649476344854079e+01 -3.071649476344860830e+01
