7.343277908103057250e+00 7.343277908103057250e+00 7.343277908103057250e+00 7.343277908103057250e+00 7.343277908103057250e+00 7.343277908103057250e+00 7.343277908103057250e+00 7.343277908103057250e+00 7.343277908103057250e+00 7.343277908103057250e+00 7.343277908103057250e+00
7.214718331341718027e+00 7.214718331341718027e+00 7.214718331341718027e+00 7.214718331341718027e+00 7.214718331341718027e+00 7.214718331341718027e+00 7.214718331341718027e+00 7.214718331341718027e+00 7.214718331341718027e+00 7.214718331341718027e+00 7.214718331341718027e+00
7.086116116959283673e+00 7.086116116959283673e+00 7.086116116959283673e+00 7.086116116959283673e+00 7.086116116959283673e+00 7.086116116959283673e+00 7.086116116959283673e+00 7.086116116959283673e+00 7.086116116959283673e+00 7.086116116959283673e+00 7.086116116959283673e+00
6.957478884538650377e+00 6.957478884538650377e+00 6.957478884538650377e+00 6.957478884538650377e+00 6.957478884538650377e+00 6.957478884538650377e+00 6.957478884538650377e+00 6.957478884538650377e+00 6.957478884538650377e+00 6.957478884538650377e+00 6.957478884538650377e+00
6.828811224064055274e+00 6.828811224064055274e+00 6.828811224064055274e+00 6.828811224064055274e+00 6.828811224064055274e+00 6.828811224064055274e+00 6.828811224064055274e+00 6.828811224064055274e+00 6.828811224064055274e+00 6.828811224064055274e+00 6.828811224064055274e+00
6.700115082857958093e+00 6.700115082857958093e+00 6.700115082857958093e+00 6.700115082857958093e+00 6.700115082857958093e+00 6.700115082857958093e+00 6.700115082857958093e+00 6.700115082857958093e+00 6.700115082857958093e+00 6.700115082857958093e+00 6.700115082857958093e+00
6.571389927783248375e+00 6.571389927783248375e+00 6.571389927783248375e+00 6.571389927783248375e+00 6.571389927783248375e+00 6.571389927783248375e+00 6.571389927783248375e+00 6.571389927783248375e+00 6.571389927783248375e+00 6.571389927783248375e+00 6.571389927783248375e+00
6.442632692536252925e+00 6.442632692536252925e+00 6.442632692536252925e+00 6.442632692536252925e+00 6.442632692536252925e+00 6.442632692536252925e+00 6.442632692536252925e+00 6.442632692536252925e+00 6.442632692536252925e+00 6.442632692536252925e+00 6.442632692536252925e+00
6.313837504261490707e+00 6.313837504261490707e+00 6.313837504261490707e+00 6.313837504261490707e+00 6.313837504261490707e+00 6.313837504261490707e+00 6.313837504261490707e+00 6.313837504261490707e+00 6.313837504261490707e+00 6.313837504261490707e+00 6.313837504261490707e+00
6.184995167141511985e+00 6.184995167141511985e+00 6.184995167141511985e+00 6.184995167141511985e+00 6.184995167141511985e+00 6.184995167141511985e+00 6.184995167141511985e+00 6.184995167141511985e+00 6.184995167141511985e+00 6.184995167141511985e+00 6.184995167141511985e+00
6.056092339603567964e+00 6.056092339603567964e+00 6.056092339603567964e+00 6.056092339603567964e+00 6.056092339603567964e+00 6.056092339603567964e+00 6.056092339603567964e+00 6.056092339603567964e+00 6.056092339603567964e+00 6.056092339603567964e+00 6.056092339603567964e+00
