6.999911519022802509e+00 6.999911516045826509e+00 6.999911506631802283e+00 6.999911476862047621e+00 6.999911382721844433e+00 6.999911085024670854e+00 6.999910143626403958e+00 6.999907166692254101e+00 6.999897753085581265e+00 6.999867987506955380e+00 6.999773889159881968e+00
6.998173536652422477e+00 6.998173533801757884e+00 6.998173524787166144e+00 6.998173496280525541e+00 6.998173406134633900e+00 6.998173121068506752e+00 6.998172219612394329e+00 6.998169368979183069e+00 6.998160354698705454e+00 6.998131851175742213e+00 6.998041736545153491e+00
6.995993573663779053e+00 6.995993570951858587e+00 6.995993562376013664e+00 6.995993535256813445e+00 6.995993449498386418e+00 6.995993178306576077e+00 6.995992320724234936e+00 6.995989608825383677e+00 6.995981033194600407e+00 6.995953916134785899e+00 6.995868179188329705e+00
6.993269587505351659e+00 6.993269584944788342e+00 6.993269576847576552e+00 6.993269551241946047e+00 6.993269470269839694e+00 6.993269214213642115e+00 6.993268404493704793e+00 6.993265843942991111e+00 6.993257746856271773e+00 6.993232142477741498e+00 6.993151182962884960e+00
6.989879592664456354e+00 6.989879590267754850e+00 6.989879582688720561e+00 6.989879558721709074e+00 6.989879482931367960e+00 6.989879243261294839e+00 6.989878485358290483e+00 6.989876088661691078e+00 6.989868509673010877e+00 6.989844543122452514e+00 6.989768757448293179e+00
6.985678966025642644e+00 6.985678963804851094e+00 6.985678956782089166e+00 6.985678934574166554e+00 6.985678864346548167e+00 6.985678642267304284e+00 6.985677939990914354e+00 6.985675719196401623e+00 6.985668696411821976e+00 6.985646488261463283e+00 6.985576258413881412e+00
6.980497775569074470e+00 6.980497773535373263e+00 6.980497767104244744e+00 6.980497746767229117e+00 6.980497682455935937e+00 6.980497479085712165e+00 6.980496835972043179e+00 6.980494802262501075e+00 6.980488371052751440e+00 6.980468033228093283e+00 6.980403713881307759e+00
6.974138270206667656e+00 6.974138268369921789e+00 6.974138262561621282e+00 6.974138244194159064e+00 6.974138186111136228e+00 6.974138002436404804e+00 6.974137421605023590e+00 6.974135584846142599e+00 6.974129776416788218e+00 6.974111407673662555e+00 6.974053311873096739e+00
6.966372716722992742e+00 6.966372715091272205e+00 6.966372709931317964e+00 6.966372693614109046e+00 6.966372642014553307e+00 6.966372478842318472e+00 6.966371962845278709e+00 6.966370331108108438e+00 6.966365170989563538e+00 6.966348852137355330e+00 6.966297236176560048e+00
6.956941788742359023e+00 6.956941787321463622e+00 6.956941782828199194e+00 6.956941768619246957e+00 6.956941723686581369e+00 6.956941581596886692e+00 6.956941132268518402e+00 6.956939711354453770e+00 6.956935217899644641e+00 6.956921007048501693e+00 6.956876055419397353e+00
6.945553750970977269e+00 6.945553749764001417e+00 6.945553745947207425e+00 6.945553733877443570e+00 6.945553695709486774e+00 6.945553575011669700e+00 6.945553193330251673e+00 6.945551986333569516e+00 6.945548169334347932e+00 6.945536097517739371e+00 6.945497909046547846e+00
