3.234957044507365431e+00 2.942523448879265313e+00 2.556181542607354640e+00 2.107465072622098479e+00 1.627116567592512331e+00 1.133883204913841425e+00 6.360925883695717209e-01 1.367988969866945625e-01 -3.629769588706541761e-01 -8.629059984258057314e-01 -1.362883550750523920e+00
3.234725843176587734e+00 2.942465652395688913e+00 2.556170470452257426e+00 2.107463420653685748e+00 1.627116365007749810e+00 1.133883182756793673e+00 6.360925860462026682e-01 1.367988967393266031e-01 -3.629769588994960494e-01 -8.629059984299670694e-01 -1.362883550751343265e+00
3.234646119433996603e+00 2.942445716738472328e+00 2.556166651388241284e+00 2.107462851003122140e+00 1.627116295215402575e+00 1.133883175146011002e+00 6.360925852554438764e-01 1.367988966574270326e-01 -3.629769589083552406e-01 -8.629059984310575304e-01 -1.362883550751516681e+00
3.234538922588594545e+00 2.942418906184708138e+00 2.556161515141923690e+00 2.107462084899775157e+00 1.627116201364293469e+00 1.133883164915242769e+00 6.360925841936396763e-01 1.367988965478260099e-01 -3.629769589200964042e-01 -8.629059984324686239e-01 -1.362883550751732287e+00
3.234394797769034380e+00 2.942382850685013373e+00 2.556154607466738504e+00 2.107461054591705185e+00 1.627116075158578257e+00 1.133883151161647840e+00 6.360925827675762978e-01 1.367988964010563024e-01 -3.629769589356853232e-01 -8.629059984343028233e-01 -1.362883550752002515e+00
3.234201046015170000e+00 2.942334363717121537e+00 2.556145317494312952e+00 2.107459668961482624e+00 1.627115905441532950e+00 1.133883132671121841e+00 6.360925808519319880e-01 1.367988962043998613e-01 -3.629769589564170729e-01 -8.629059984366955760e-01 -1.362883550752342243e+00
3.233940619009718187e+00 2.942269161460400628e+00 2.556132823753992422e+00 2.107457805468690992e+00 1.627115677208889943e+00 1.133883107810960356e+00 6.360925782782128612e-01 1.367988959407674121e-01 -3.629769589840282640e-01 -8.629059984398276262e-01 -1.362883550752772122e+00
3.233590643595795289e+00 2.942181485756449444e+00 2.556116021608508593e+00 2.107455299314795916e+00 1.627115370281941864e+00 1.133883074385510836e+00 6.360925748198681395e-01 1.367988955871949075e-01 -3.629769590208481445e-01 -8.629059984439401143e-01 -1.362883550753318129e+00
3.233120457090695954e+00 2.942063598172197647e+00 2.556093425720271206e+00 2.107451928872977831e+00 1.627114957523041028e+00 1.133883029442036561e+00 6.360925701722763836e-01 1.367988951128198960e-01 -3.629769590700027138e-01 -8.629059984493556712e-01 -1.362883550754016460e+00
3.232489000250282185e+00 2.941905101617825924e+00 2.556063038980929569e+00 2.107447396095971648e+00 1.627114402435662077e+00 1.133882969009628372e+00 6.360925639258298014e-01 1.367988944761597547e-01 -3.629769591356878378e-01 -8.629059984565049524e-01 -1.362883550754913520e+00
3.231641374411362122e+00 2.941692031759785220e+00 2.556022176432778181e+00 2.107441300174325960e+00 1.627113655937008740e+00 1.133882887748085544e+00 6.360925555297366474e-01 1.367988936214540041e-01 -3.629769592235377318e-01 -8.629059984659646076e-01 -1.362883550756070150e+00
