1.370589360162835613e+00 8.705905330282598387e-01 3.705906503194616453e-01 -1.294093379513712727e-01 -6.294093367763285984e-01 -1.129409741254354671e+00 -1.629409741242626275e+00 -2.129409336652035911e+00 -2.629409336651918672e+00 -3.129409336651907125e+00 -3.629409336651905793e+00
1.370589360162835613e+00 8.705905330282598387e-01 3.705906503194616453e-01 -1.294093379513712727e-01 -6.294093367763285984e-01 -1.129409741254354671e+00 -1.629409741242626275e+00 -2.129409336652035911e+00 -2.629409336651918672e+00 -3.129409336651907125e+00 -3.629409336651905793e+00
1.370589360162835613e+00 8.705905330282598387e-01 3.705906503194616453e-01 -1.294093379513712727e-01 -6.294093367763285984e-01 -1.129409741254354671e+00 -1.629409741242626275e+00 -2.129409336652035911e+00 -2.629409336651918672e+00 -3.129409336651907125e+00 -3.629409336651905793e+00
1.370589360162835835e+00 8.705905330282598387e-01 3.705906503194616453e-01 -1.294093379513712727e-01 -6.294093367763285984e-01 -1.129409741254354671e+00 -1.629409741242626275e+00 -2.129409336652035911e+00 -2.629409336651918672e+00 -3.129409336651907125e+00 -3.629409336651905793e+00
1.370589360162846937e+00 8.705905330282606158e-01 3.705906503194617008e-01 -1.294093379513713837e-01 -6.294093367763285984e-01 -1.129409741254354671e+00 -1.629409741242626275e+00 -2.129409336652035911e+00 -2.629409336651918672e+00 -3.129409336651907125e+00 -3.629409336651905793e+00
1.370589360163031900e+00 8.705905330282773802e-01 3.705906503194629775e-01 -1.294093379513712727e-01 -6.294093367763285984e-01 -1.129409741254354671e+00 -1.629409741242626275e+00 -2.129409336652035911e+00 -2.629409336651918672e+00 -3.129409336651907125e+00 -3.629409336651905793e+00
1.370589360165076043e+00 8.705905330284618993e-01 3.705906503194751345e-01 -1.294093379513721609e-01 -6.294093367763293756e-01 -1.129409741254354893e+00 -1.629409741242626275e+00 -2.129409336652035911e+00 -2.629409336651918672e+00 -3.129409336651907125e+00 -3.629409336651905793e+00
1.370589360180628935e+00 8.705905330298645550e-01 3.705906503195670609e-01 -1.294093379513782116e-01 -6.294093367763348157e-01 -1.129409741254357114e+00 -1.629409741242627163e+00 -2.129409336652036355e+00 -2.629409336651918672e+00 -3.129409336651907125e+00 -3.629409336651905793e+00
1.370589360266637025e+00 8.705905330376219053e-01 3.705906503200758761e-01 -1.294093379514117403e-01 -6.294093367763647917e-01 -1.129409741254368438e+00 -1.629409741242630938e+00 -2.129409336652037688e+00 -2.629409336651919116e+00 -3.129409336651907125e+00 -3.629409336651905793e+00
1.370589360628556852e+00 8.705905330702644607e-01 3.705906503222171633e-01 -1.294093379515528774e-01 -6.294093367764912461e-01 -1.129409741254416621e+00 -1.629409741242646925e+00 -2.129409336652042573e+00 -2.629409336651920892e+00 -3.129409336651907569e+00 -3.629409336651906237e+00
1.370589361833698616e+00 8.705905331789564050e-01 3.705906503293449061e-01 -1.294093379520231957e-01 -6.294093367769123537e-01 -1.129409741254577160e+00 -1.629409741242700438e+00 -2.129409336652059892e+00 -2.629409336651926221e+00 -3.129409336651909346e+00 -3.629409336651906681e+00
