-5.801637534423796261e+00 -5.301637534423916165e+00 -4.801637534423954357e+00 -4.301637534423966791e+00 -3.801637534423973008e+00 -3.301637534424003206e+00 -2.801637534424289644e+00 -2.301637534427151799e+00 -1.801637534455774015e+00 -1.301637534751979297e+00 -8.016375376141644526e-01
-5.801637534334053825e+00 -5.301637534395537088e+00 -4.801637534414979314e+00 -4.301637534421128173e+00 -3.801637534423075504e+00 -3.301637534423718989e+00 -2.801637534424199494e+00 -2.301637534427123377e+00 -1.801637534455764911e+00 -1.301637534751976188e+00 -8.016375376141631204e-01
-5.801637516251360260e+00 -5.301637528677249023e+00 -4.801637532606659597e+00 -4.301637533849248740e+00 -3.801637534242192640e+00 -3.301637534366480331e+00 -2.801637534406060670e+00 -2.301637534421348885e+00 -1.801637534453899958e+00 -1.301637534751348024e+00 -8.016375376139260878e-01
-5.801635867755192244e+00 -5.301637007372783650e+00 -4.801637367752131347e+00 -4.301637481714149835e+00 -3.801637517752113560e+00 -3.301637529148346406e+00 -2.801637532752428772e+00 -2.301637533894911325e+00 -1.801637534283913045e+00 -1.301637534694080500e+00 -8.016375375923034952e-01
-5.801559520034544448e+00 -5.301612862426478223e+00 -4.801629732135524797e+00 -4.301635066942307795e+00 -3.801636753969979576e+00 -3.301637287456363090e+00 -2.801637456159983941e+00 -2.301637509511538671e+00 -1.801637526410499568e+00 -1.301637532041574508e+00 -8.016375365907937312e-01
-5.799581887091932231e+00 -5.300986424718319157e+00 -4.801431525510822418e+00 -4.301572373729619869e+00 -3.801616923355352284e+00 -3.301631012135108456e+00 -2.801635467493853948e+00 -2.301636876414280941e+00 -1.801637321982707762e+00 -1.301637463171064546e+00 -8.016375105872703966e-01
-5.769431569071149291e+00 -5.291192526646573135e+00 -4.798307223562516377e+00 -4.300581563000787533e+00 -3.801303258082920244e+00 -3.301531727920713699e+00 -2.801604001448062320e+00 -2.301626858850239099e+00 -1.801634087273553675e+00 -1.301636373413888714e+00 -8.016370991259745837e-01
-5.540395095555290972e+00 -5.200969800224085837e+00 -4.767212145338748819e+00 -4.290452686459602205e+00 -3.798068577212510455e+00 -3.300504995526812646e+00 -2.801278311952706712e+00 -2.301523142929516652e+00 -1.801600594043196057e+00 -1.301625089397696167e+00 -8.016328385651300126e-01
-4.943638238400608564e+00 -4.829741189266354873e+00 -4.591821370929486612e+00 -4.223750310594514445e+00 -3.775459942689859183e+00 -3.293181980387296370e+00 -2.798940100044855050e+00 -2.300776981137417465e+00 -1.801359474583096532e+00 -1.301543838180772683e+00 -8.016021581307573030e-01
-4.249808884678969889e+00 -4.224219692509042723e+00 -4.151990955015817164e+00 -3.980404887911538570e+00 -3.672457827820903908e+00 -3.256463027595983828e+00 -2.786806769755533431e+00 -2.296860951618673319e+00 -1.800089421688927827e+00 -1.301115368842617581e+00 -8.014403096332332055e-01
-3.623933863792074828e+00 -3.617738127656290992e+00 -3.598707690499935552e+00 -3.543491346281729015e+00 -3.404385849479631077e+00 -3.133314413029314682e+00 -2.740930803562070750e+00 -2.281375598715933872e+00 -1.794991045713261180e+00 -1.299387004024312287e+00 -8.007864424310222606e-01
