2.305955793246395213e+00 2.305955793264094389e+00 2.305955793320063840e+00 2.305955793497054263e+00 2.305955794056746999e+00 2.305955795826651222e+00 2.305955801423579921e+00 2.305955819122621708e+00 2.305955875091901586e+00 2.305956052082257735e+00 2.305956611774432563e+00
2.445292048777562677e+00 2.445292048795114859e+00 2.445292048850618460e+00 2.445292049026136727e+00 2.445292049581174076e+00 2.445292051336357630e+00 2.445292056886734677e+00 2.445292074438567109e+00 2.445292129942330028e+00 2.445292305460593951e+00 2.445292860497611631e+00
2.584704889651713966e+00 2.584704889669141803e+00 2.584704889724253718e+00 2.584704889898532532e+00 2.584704890449651238e+00 2.584704892192441594e+00 2.584704897703627768e+00 2.584704915131528224e+00 2.584704970243384192e+00 2.584705144522328801e+00 2.584705695640281853e+00
2.724185913144821392e+00 2.724185913162144868e+00 2.724185913216926380e+00 2.724185913390160696e+00 2.724185913937974934e+00 2.724185915670316760e+00 2.724185921148463585e+00 2.724185938471882729e+00 2.724185993253339433e+00 2.724186166487471805e+00 2.724186714301442880e+00
2.863726639803190643e+00 2.863726639820425746e+00 2.863726639874928370e+00 2.863726640047280725e+00 2.863726640592306971e+00 2.863726642315830517e+00 2.863726647766091649e+00 2.863726665001329330e+00 2.863726719503932205e+00 2.863726891856250401e+00 2.863727436881685851e+00
3.003318645369763562e+00 3.003318645386924501e+00 3.003318645441191315e+00 3.003318645612798932e+00 3.003318646155469729e+00 3.003318647871544567e+00 3.003318653298251206e+00 3.003318670459004469e+00 3.003318724726065980e+00 3.003318896333536436e+00 3.003319439003562241e+00
3.142953562703222570e+00 3.142953562720320448e+00 3.142953562774388754e+00 3.142953562945366652e+00 3.142953563486047042e+00 3.142953565195827803e+00 3.142953570602629920e+00 3.142953587700438423e+00 3.142953641768452933e+00 3.142953812746482001e+00 3.142954353426041347e+00
3.282622969534435775e+00 3.282622969551480363e+00 3.282622969605380359e+00 3.282622969775826238e+00 3.282622970314824418e+00 3.282622972019286323e+00 3.282622977409267229e+00 3.282622994453884502e+00 3.282623048353692230e+00 3.282623218799804565e+00 3.282623757797298758e+00
3.422318165202697049e+00 3.422318165219696340e+00 3.422318165273454671e+00 3.422318165443451576e+00 3.422318165981028670e+00 3.422318167680998613e+00 3.422318173056774437e+00 3.422318190056470311e+00 3.422318243814224115e+00 3.422318413811124227e+00 3.422318951388084951e+00
3.562029827012568983e+00 3.562029827029530971e+00 3.562029827083168509e+00 3.562029827252786607e+00 3.562029827789166880e+00 3.562029829485348742e+00 3.562029834849147036e+00 3.562029851810966985e+00 3.562029905448946820e+00 3.562030075067087687e+00 3.562030611446309614e+00
3.701747523501794035e+00 3.701747523518723604e+00 3.701747523572261223e+00 3.701747523741560908e+00 3.701747524276933987e+00 3.701747525969932617e+00 3.701747531323663853e+00 3.701747548253647491e+00 3.701747601790952302e+00 3.701747771090733163e+00 3.701748306463211957e+00
