3.601434308307300269e-01 3.601434308307300269e-01 3.601434308307300269e-01 3.601434308307300269e-01 3.601434308307301935e-01 3.601434308307306931e-01 3.601434308307320808e-01 3.601434308307366883e-01 3.601434308307510657e-01 3.601434308307967513e-01 3.601434308309407473e-01
4.995992545568672671e-01 4.995992545568672671e-01 4.995992545568673227e-01 4.995992545568673227e-01 4.995992545568674337e-01 4.995992545568679333e-01 4.995992545568693766e-01 4.995992545568740395e-01 4.995992545568884169e-01 4.995992545569339915e-01 4.995992545570780430e-01
6.391270606886531036e-01 6.391270606886531036e-01 6.391270606886531036e-01 6.391270606886531036e-01 6.391270606886532146e-01 6.391270606886536587e-01 6.391270606886552130e-01 6.391270606886597649e-01 6.391270606886741978e-01 6.391270606887197170e-01 6.391270606888636019e-01
7.787165954623679331e-01 7.787165954623679331e-01 7.787165954623679331e-01 7.787165954623680442e-01 7.787165954623681552e-01 7.787165954623685993e-01 7.787165954623700426e-01 7.787165954623745945e-01 7.787165954623891384e-01 7.787165954624345465e-01 7.787165954625784314e-01
9.183587950603585570e-01 9.183587950603585570e-01 9.183587950603585570e-01 9.183587950603585570e-01 9.183587950603587791e-01 9.183587950603591121e-01 9.183587950603606664e-01 9.183587950603652184e-01 9.183587950603795402e-01 9.183587950604249484e-01 9.183587950605689443e-01
1.058045606410605854e+00 1.058045606410605854e+00 1.058045606410606077e+00 1.058045606410606077e+00 1.058045606410606299e+00 1.058045606410606521e+00 1.058045606410608075e+00 1.058045606410612738e+00 1.058045606410627171e+00 1.058045606410672690e+00 1.058045606410816353e+00
1.197769803455545734e+00 1.197769803455545734e+00 1.197769803455545734e+00 1.197769803455545956e+00 1.197769803455545956e+00 1.197769803455546400e+00 1.197769803455547954e+00 1.197769803455552395e+00 1.197769803455566828e+00 1.197769803455612347e+00 1.197769803455756010e+00
1.337524794913697024e+00 1.337524794913697024e+00 1.337524794913697024e+00 1.337524794913697024e+00 1.337524794913697246e+00 1.337524794913697690e+00 1.337524794913699022e+00 1.337524794913703685e+00 1.337524794913718118e+00 1.337524794913763415e+00 1.337524794913907300e+00
1.477304416761345607e+00 1.477304416761345607e+00 1.477304416761345607e+00 1.477304416761345607e+00 1.477304416761345829e+00 1.477304416761346273e+00 1.477304416761347827e+00 1.477304416761352046e+00 1.477304416761366701e+00 1.477304416761411998e+00 1.477304416761555883e+00
1.617102699352463313e+00 1.617102699352463313e+00 1.617102699352463313e+00 1.617102699352463313e+00 1.617102699352463313e+00 1.617102699352463979e+00 1.617102699352465311e+00 1.617102699352469752e+00 1.617102699352484185e+00 1.617102699352529704e+00 1.617102699352673367e+00
1.756913594961166947e+00 1.756913594961166947e+00 1.756913594961166947e+00 1.756913594961166947e+00 1.756913594961167169e+00 1.756913594961167613e+00 1.756913594961169167e+00 1.756913594961173608e+00 1.756913594961188041e+00 1.756913594961233338e+00 1.756913594961377001e+00
