1.250441836349968661e+01 1.250441043195761814e+01 1.250438481206289154e+01 1.250429909487195346e+01 1.250400119307135682e+01 1.250308663990654168e+01 1.250102209143709686e+01 1.249726021601277637e+01 1.249102468879577721e+01 1.248115282869185094e+01 1.246599361163692699e+01
1.250474449677533606e+01 1.250473485455096245e+01 1.250470377344879402e+01 1.250460063239921382e+01 1.250425364816567608e+01 1.250325877862543678e+01 1.250112669330356852e+01 1.249732185179302668e+01 1.249106057572071826e+01 1.248117346940693473e+01 1.246600526251491203e+01
1.250501143883346877e+01 1.250499996653331181e+01 1.250496307674254837e+01 1.250484181771928149e+01 1.250444782351057427e+01 1.250338623240548586e+01 1.250120292362100827e+01 1.249736647776542497e+01 1.249108644751399666e+01 1.248118827515550144e+01 1.246601355240857423e+01
1.250522870535175635e+01 1.250521531858057500e+01 1.250517239595432528e+01 1.250503283148273503e+01 1.250459546638983710e+01 1.250348004057359574e+01 1.250125834056804131e+01 1.249739874312097498e+01 1.249110507341675103e+01 1.248119887357144364e+01 1.246601942932366214e+01
1.250540452806091274e+01 1.250538918091478813e+01 1.250534013497131092e+01 1.250518259040038416e+01 1.250470658992772854e+01 1.250354876452123776e+01 1.250129854712387711e+01 1.249742204118488331e+01 1.249111846252651503e+01 1.248120644183587835e+01 1.246602357702229291e+01
1.250554599286333257e+01 1.250552867864527506e+01 1.250547355289386608e+01 1.250529882694618955e+01 1.250478950094984931e+01 1.250359892988727850e+01 1.250132767019859337e+01 1.249743884254393755e+01 1.249112807077466059e+01 1.248121183062716888e+01 1.246602648817589731e+01
1.250565916211328066e+01 1.250563991141929421e+01 1.250557887439341087e+01 1.250538816184415580e+01 1.250485091556956441e+01 1.250363544492430279e+01 1.250134873500116761e+01 1.249745094258765832e+01 1.249113495220373515e+01 1.248121565416036738e+01 1.246602851736093953e+01
1.250574918588965367e+01 1.250572806252753821e+01 1.250566139137234956e+01 1.250545618054794872e+01 1.250489614044703934e+01 1.250366196441023448e+01 1.250136395127732847e+01 1.249745964413231647e+01 1.249113986924108133e+01 1.248121835552091774e+01 1.246602991942791760e+01
1.250582040539295647e+01 1.250579750078976460e+01 1.250572555990480694e+01 1.250550751957837825e+01 1.250492928741362064e+01 1.250368118931280748e+01 1.250137492883704482e+01 1.249746589145408038e+01 1.249114337292563626e+01 1.248122025403040958e+01 1.246603087726496284e+01
1.250587645007705362e+01 1.250585187689007149e+01 1.250577509426193856e+01 1.250554596359069137e+01 1.250495349185528227e+01 1.250369510451546873e+01 1.250138283807651263e+01 1.249747036828951074e+01 1.249114586118953873e+01 1.248122157956149003e+01 1.246603152187655184e+01
1.250606637750563266e+01 1.250603026635554293e+01 1.250592632694091222e+01 1.250565258872621577e+01 1.250501709201825484e+01 1.250373079127771625e+01 1.250140260800682412e+01 1.249748109363536663e+01 1.249115135885737793e+01 1.248122402784195373e+01 1.246603219267997176e+01
