9.266651141389154134e+00 9.266651141389154134e+00 9.266651141389154134e+00 9.266651141389155910e+00 9.266651141389157686e+00 9.266651141389168345e+00 9.266651141389196766e+00 9.266651141389287361e+00 9.266651141389578683e+00 9.266651141390495283e+00 9.266651141393392521e+00
9.237874581689506925e+00 9.237874581689506925e+00 9.237874581689508702e+00 9.237874581689508702e+00 9.237874581689512254e+00 9.237874581689521136e+00 9.237874581689551334e+00 9.237874581689645481e+00 9.237874581689943909e+00 9.237874581690887155e+00 9.237874581693869658e+00
9.205478119673474069e+00 9.205478119673474069e+00 9.205478119673474069e+00 9.205478119673474069e+00 9.205478119673477622e+00 9.205478119673486503e+00 9.205478119673516701e+00 9.205478119673610848e+00 9.205478119673909276e+00 9.205478119674850745e+00 9.205478119677827920e+00
9.169160533865733598e+00 9.169160533865733598e+00 9.169160533865733598e+00 9.169160533865733598e+00 9.169160533865737150e+00 9.169160533865746032e+00 9.169160533865774454e+00 9.169160533865866824e+00 9.169160533866158147e+00 9.169160533867076524e+00 9.169160533869982643e+00
9.128619668649596619e+00 9.128619668649596619e+00 9.128619668649596619e+00 9.128619668649598395e+00 9.128619668649600172e+00 9.128619668649609054e+00 9.128619668649637475e+00 9.128619668649726293e+00 9.128619668650005181e+00 9.128619668650886254e+00 9.128619668653676911e+00
9.083558687989203406e+00 9.083558687989203406e+00 9.083558687989203406e+00 9.083558687989203406e+00 9.083558687989206959e+00 9.083558687989214064e+00 9.083558687989240710e+00 9.083558687989324198e+00 9.083558687989588876e+00 9.083558687990427316e+00 9.083558687993072311e+00
9.033693894634373223e+00 9.033693894634373223e+00 9.033693894634373223e+00 9.033693894634373223e+00 9.033693894634376775e+00 9.033693894634383881e+00 9.033693894634408750e+00 9.033693894634486909e+00 9.033693894634737376e+00 9.033693894635524302e+00 9.033693894638014754e+00
8.978764112810480924e+00 8.978764112810480924e+00 8.978764112810480924e+00 8.978764112810482700e+00 8.978764112810484477e+00 8.978764112810491582e+00 8.978764112810514675e+00 8.978764112810589282e+00 8.978764112810821985e+00 8.978764112811559173e+00 8.978764112813889753e+00
8.918541474333554930e+00 8.918541474333554930e+00 8.918541474333554930e+00 8.918541474333554930e+00 8.918541474333556707e+00 8.918541474333563812e+00 8.918541474333585128e+00 8.918541474333654406e+00 8.918541474333872898e+00 8.918541474334560348e+00 8.918541474336734609e+00
8.852843236825435724e+00 8.852843236825435724e+00 8.852843236825435724e+00 8.852843236825435724e+00 8.852843236825439277e+00 8.852843236825444606e+00 8.852843236825465922e+00 8.852843236825529871e+00 8.852843236825732376e+00 8.852843236826373641e+00 8.852843236828402240e+00
8.781544004926638891e+00 8.781544004926638891e+00 8.781544004926638891e+00 8.781544004926640667e+00 8.781544004926642444e+00 8.781544004926647773e+00 8.781544004926667313e+00 8.781544004926727709e+00 8.781544004926916003e+00 8.781544004927514635e+00 8.781544004929410008e+00
