-1.313244886572002024e+01 -1.363235678435582798e+01 -1.413232813409812749e+01 -1.463231912096592602e+01 -1.513231627545175684e+01 -1.563231537609004818e+01 -1.613231509173379408e+01 -1.663231500181714040e+01 -1.713231497338346543e+01 -1.763231496439199475e+01 -1.813231496154864786e+01
-1.313244812591396737e+01 -1.363235669565451857e+01 -1.413232812058216759e+01 -1.463231911814548170e+01 -1.513231627470523044e+01 -1.563231537586851516e+01 -1.613231509166519118e+01 -1.663231500179559319e+01 -1.713231497337666553e+01 -1.763231496438984891e+01 -1.813231496154796929e+01
-1.313244758110749011e+01 -1.363235662861273845e+01 -1.413232810991250155e+01 -1.463231911582472833e+01 -1.513231627407667901e+01 -1.563231537568028351e+01 -1.613231509160672061e+01 -1.663231500177720790e+01 -1.713231497337086395e+01 -1.763231496438801216e+01 -1.813231496154739020e+01
-1.313244717889831215e+01 -1.363235657767648412e+01 -1.413232810143522578e+01 -1.463231911390714757e+01 -1.513231627354660880e+01 -1.563231537552029238e+01 -1.613231509155689025e+01 -1.663231500176152622e+01 -1.713231497336591147e+01 -1.763231496438644896e+01 -1.813231496154689282e+01
-1.313244688112088454e+01 -1.363235653876030007e+01 -1.413232809465727513e+01 -1.463231911231672555e+01 -1.513231627309897220e+01 -1.563231537538426785e+01 -1.613231509151442822e+01 -1.663231500174815380e+01 -1.713231497336168729e+01 -1.763231496438511314e+01 -1.813231496154647004e+01
-1.313244665995551408e+01 -1.363235650885193095e+01 -1.413232808920497519e+01 -1.463231911099319227e+01 -1.513231627272049984e+01 -1.563231537526858972e+01 -1.613231509147825093e+01 -1.663231500173675315e+01 -1.713231497335808839e+01 -1.763231496438397627e+01 -1.813231496154611122e+01
-1.313244649510410866e+01 -1.363235648572448966e+01 -1.413232808479358127e+01 -1.463231910988845819e+01 -1.513231627240018184e+01 -1.563231537517019909e+01 -1.613231509144742759e+01 -1.663231500172703292e+01 -1.713231497335501885e+01 -1.763231496438300283e+01 -1.813231496154580569e+01
-1.313244637173974283e+01 -1.363235646772671394e+01 -1.413232808120485728e+01 -1.463231910896391419e+01 -1.513231627212884689e+01 -1.563231537508649893e+01 -1.613231509142116948e+01 -1.663231500171875155e+01 -1.713231497335240050e+01 -1.763231496438217505e+01 -1.813231496154554279e+01
-1.313244627901766037e+01 -1.363235645363003101e+01 -1.413232807827051651e+01 -1.463231910818836568e+01 -1.513231627189883710e+01 -1.563231537501528834e+01 -1.613231509139880160e+01 -1.663231500171169230e+01 -1.713231497335016940e+01 -1.763231496438147161e+01 -1.813231496154531897e+01
-1.313244620899362403e+01 -1.363235644251690104e+01 -1.413232807585997186e+01 -1.463231910753648179e+01 -1.513231627170373272e+01 -1.563231537495469503e+01 -1.613231509137975195e+01 -1.663231500170568111e+01 -1.713231497334826869e+01 -1.763231496438087120e+01 -1.813231496154513067e+01
-1.313244615583790065e+01 -1.363235643369919536e+01 -1.413232807387123380e+01 -1.463231910698756977e+01 -1.513231627153814962e+01 -1.563231537490313272e+01 -1.613231509136352670e+01 -1.663231500170055810e+01 -1.713231497334664866e+01 -1.763231496438035961e+01 -1.813231496154496725e+01
