-7.266969019839279120e+00 -6.767533153674153645e+00 -6.267711701469641739e+00 -5.767768178417820302e+00 -5.267786039764373207e+00 -4.767791690559125328e+00 -4.267793501394308464e+00 -3.767794464837312951e+00 -3.267797005667337995e+00 -2.767821689269208019e+00 -2.268068157159137677e+00
-7.698932634225389648e+00 -7.198940957352986558e+00 -6.698943589391175735e+00 -6.198944421726881870e+00 -5.698944685023368706e+00 -5.198944754865762796e+00 -4.698944800105499198e+00 -4.198944902905600074e+00 -3.698945820352340430e+00 -3.198954959668447895e+00 -2.699046322621276861e+00
-8.190679063640731172e+00 -7.690679064487074612e+00 -7.190679064754997185e+00 -6.690679064842573354e+00 -6.190679064898789719e+00 -5.690679065201787346e+00 -5.190679068149802511e+00 -4.690679097604038006e+00 -4.190679392138001447e+00 -3.690682337455139184e+00 -3.190711788635593127e+00
-8.754695468464953834e+00 -8.254695468466053399e+00 -7.754695468466479724e+00 -7.254695468467392772e+00 -6.754695468475464537e+00 -6.254695468555850013e+00 -5.754695469359599969e+00 -5.254695477397062220e+00 -4.754695557771665193e+00 -4.254696361516203673e+00 -3.754704398813379029e+00
-9.404412565494098430e+00 -8.904412565494100207e+00 -8.404412565494119747e+00 -7.904412565494299159e+00 -7.404412565496099496e+00 -6.904412565514105538e+00 -6.404412565694158843e+00 -5.904412567494694564e+00 -5.404412585500056210e+00 -4.904412765553596287e+00 -4.404414566081559457e+00
-1.015509879317937880e+01 -9.655098793179378802e+00 -9.155098793179382355e+00 -8.655098793179414329e+00 -8.155098793179734074e+00 -7.655098793182930628e+00 -7.155098793214897945e+00 -6.655098793534578228e+00 -6.155098796731380162e+00 -5.655098828699396840e+00 -5.155099148379331808e+00
-1.102407385822176877e+01 -1.052407385822176877e+01 -1.002407385822177055e+01 -9.524073858221774103e+00 -9.024073858221818512e+00 -8.524073858222250166e+00 -8.024073858226572042e+00 -7.524073858269797910e+00 -7.024073858702053919e+00 -6.524073863024613118e+00 -6.024073906250199784e+00
-1.203102196823356351e+01 -1.153102196823356351e+01 -1.103102196823356351e+01 -1.053102196823356351e+01 -1.003102196823356707e+01 -9.531021968233609698e+00 -9.031021968234036024e+00 -8.531021968238288622e+00 -8.031021968280828816e+00 -7.531021968706225422e+00 -7.031021972960189714e+00
-1.319843068788013341e+01 -1.269843068788013341e+01 -1.219843068788013163e+01 -1.169843068788013341e+01 -1.119843068788013341e+01 -1.069843068788013518e+01 -1.019843068788016538e+01 -9.698430687880454926e+00 -9.198430687883346835e+00 -8.698430687912280135e+00 -8.198430688201607808e+00
-1.455213622606087931e+01 -1.405213622606087931e+01 -1.355213622606087931e+01 -1.305213622606087931e+01 -1.255213622606087931e+01 -1.205213622606087931e+01 -1.155213622606087931e+01 -1.105213622606089352e+01 -1.055213622606102142e+01 -1.005213622606230217e+01 -9.552136226075116809e+00
-1.612190899045701542e+01 -1.562190899045701542e+01 -1.512190899045701542e+01 -1.462190899045701542e+01 -1.412190899045701542e+01 -1.362190899045701542e+01 -1.312190899045701542e+01 -1.262190899045701542e+01 -1.212190899045701897e+01 -1.162190899045705272e+01 -1.112190899045739911e+01
