2.492014987498256673e+00 2.492014987498256673e+00 2.492014987498256673e+00 2.492014987498256673e+00 2.492014987498256673e+00 2.492014987498256673e+00 2.492014987498256673e+00 2.492014987498256673e+00 2.492014987498256673e+00 2.492014987498256673e+00 2.492014987498256673e+00
2.631722097375143399e+00 2.631722097375143399e+00 2.631722097375143399e+00 2.631722097375143399e+00 2.631722097375143399e+00 2.631722097375143399e+00 2.631722097375143399e+00 2.631722097375143399e+00 2.631722097375143399e+00 2.631722097375143399e+00 2.631722097375143399e+00
2.771341601114083009e+00 2.771341601114083009e+00 2.771341601114083009e+00 2.771341601114083009e+00 2.771341601114083009e+00 2.771341601114083009e+00 2.771341601114083009e+00 2.771341601114083009e+00 2.771341601114083009e+00 2.771341601114083009e+00 2.771341601114083009e+00
2.910839068474135871e+00 2.910839068474135871e+00 2.910839068474135871e+00 2.910839068474135871e+00 2.910839068474135871e+00 2.910839068474135871e+00 2.910839068474135871e+00 2.910839068474135871e+00 2.910839068474135871e+00 2.910839068474135871e+00 2.910839068474136315e+00
3.050167656959645424e+00 3.050167656959645424e+00 3.050167656959645424e+00 3.050167656959645424e+00 3.050167656959645424e+00 3.050167656959645424e+00 3.050167656959645424e+00 3.050167656959645424e+00 3.050167656959645424e+00 3.050167656959645424e+00 3.050167656959645868e+00
3.189263739566346345e+00 3.189263739566346345e+00 3.189263739566346345e+00 3.189263739566346345e+00 3.189263739566346345e+00 3.189263739566346345e+00 3.189263739566346345e+00 3.189263739566346345e+00 3.189263739566346345e+00 3.189263739566346345e+00 3.189263739566346789e+00
3.328041195823490561e+00 3.328041195823490561e+00 3.328041195823490561e+00 3.328041195823490561e+00 3.328041195823490561e+00 3.328041195823490561e+00 3.328041195823490561e+00 3.328041195823490561e+00 3.328041195823490561e+00 3.328041195823490561e+00 3.328041195823490561e+00
3.466384108874263958e+00 3.466384108874263958e+00 3.466384108874263958e+00 3.466384108874263958e+00 3.466384108874263958e+00 3.466384108874263958e+00 3.466384108874263958e+00 3.466384108874263958e+00 3.466384108874263958e+00 3.466384108874263958e+00 3.466384108874263958e+00
3.604137688917674165e+00 3.604137688917674165e+00 3.604137688917674165e+00 3.604137688917674165e+00 3.604137688917674165e+00 3.604137688917674165e+00 3.604137688917674165e+00 3.604137688917674165e+00 3.604137688917674165e+00 3.604137688917674609e+00 3.604137688917674609e+00
3.741097442347801394e+00 3.741097442347801394e+00 3.741097442347801394e+00 3.741097442347801394e+00 3.741097442347801394e+00 3.741097442347801394e+00 3.741097442347801394e+00 3.741097442347801394e+00 3.741097442347801394e+00 3.741097442347801394e+00 3.741097442347801394e+00
3.876996986577609938e+00 3.876996986577609938e+00 3.876996986577609938e+00 3.876996986577609938e+00 3.876996986577609938e+00 3.876996986577609938e+00 3.876996986577609938e+00 3.876996986577609938e+00 3.876996986577609938e+00 3.876996986577610382e+00 3.876996986577610382e+00
