1.089564004091549521e+01 1.089520382681693000e+01 1.089403057513465356e+01 1.089124907413417276e+01 1.088556870492389272e+01 1.087543384323173434e+01 1.085901679473707659e+01 1.083400640816854832e+01 1.079742339714761279e+01 1.074550230628729075e+01 1.067357689986600100e+01
1.089563873309514008e+01 1.089520289765859040e+01 1.089402998035837911e+01 1.089124872042816961e+01 1.088556849825705264e+01 1.087543371896007649e+01 1.085901671661620860e+01 1.083400635659823230e+01 1.079742336122729718e+01 1.074550227983723438e+01 1.067357687938466348e+01
1.089563698758701626e+01 1.089520165220689663e+01 1.089402918345729532e+01 1.089124824763841914e+01 1.088556822320600936e+01 1.087543355470091200e+01 1.085901661438802535e+01 1.083400629002250604e+01 1.079742331562241553e+01 1.074550224686632660e+01 1.067357685430729752e+01
1.089563466107923340e+01 1.089519998287639169e+01 1.089402811528784198e+01 1.089124761516704787e+01 1.088556785664867732e+01 1.087543333712169691e+01 1.085901648019095056e+01 1.083400620371015499e+01 1.079742325742464004e+01 1.074550220554101898e+01 1.067357682344286474e+01
1.089563156534223332e+01 1.089519774586274714e+01 1.089402668302069266e+01 1.089124676849738016e+01 1.088556736756324561e+01 1.087543304836500546e+01 1.085901630352432612e+01 1.083400609136910830e+01 1.079742318279153501e+01 1.074550215346173587e+01 1.067357678525247877e+01
1.089562745411894085e+01 1.089519474927551990e+01 1.089402476205423476e+01 1.089124563441288629e+01 1.088556671431639700e+01 1.087543266449976720e+01 1.085901607034978511e+01 1.083400594461943101e+01 1.079742308663538530e+01 1.074550208747822566e+01 1.067357673773948434e+01
1.089562200653351631e+01 1.089519073761742973e+01 1.089402218519766130e+01 1.089124411457535402e+01 1.088556584101901414e+01 1.087543215344041059e+01 1.085901576188457618e+01 1.083400575228636953e+01 1.079742296220649145e+01 1.074550200344296336e+01 1.067357667830323642e+01
1.089561480617701328e+01 1.089518537163458944e+01 1.089401872822686634e+01 1.089124207690175972e+01 1.088556467262873717e+01 1.087543147215075656e+01 1.085901535298089549e+01 1.083400549945169011e+01 1.079742280053477188e+01 1.074550189588143922e+01 1.067357660354429250e+01
1.089560531484769079e+01 1.089517820238130241e+01 1.089401409064138448e+01 1.089123934398986471e+01 1.088556310836864327e+01 1.087543056288649979e+01 1.085901480994882462e+01 1.083400516618026366e+01 1.079742258968112800e+01 1.074550175755099879e+01 1.067357650900458843e+01
1.089559283972430670e+01 1.089516863816069048e+01 1.089400787010747251e+01 1.089123567759171607e+01 1.088556101288409117e+01 1.087542934814557150e+01 1.085901408763144538e+01 1.083400472581030094e+01 1.079742231373337447e+01 1.074550157885018642e+01 1.067357638882050175e+01
1.089557649253674576e+01 1.089515590282247892e+01 1.089399952865502996e+01 1.089123075780285177e+01 1.088555820436259935e+01 1.087542772388214551e+01 1.085901312547499487e+01 1.083400414265732792e+01 1.079742195145909456e+01 1.074550134702744586e+01 1.067357623525917099e+01
