-4.111185993939025707e+01 -4.160928353696241544e+01 -4.210849765960651325e+01 -4.260825208036344236e+01 -4.310817471673260570e+01 -4.360815028179101205e+01 -4.410814255774432269e+01 -4.460814011548237801e+01 -4.510813934320094631e+01 -4.560813909898707408e+01 -4.610813902176016654e+01
-4.111191612083172942e+01 -4.160928867569209899e+01 -4.210849800171949653e+01 -4.260825205962763818e+01 -4.310817469726330131e+01 -4.360815027434244229e+01 -4.410814255525967553e+01 -4.460814011468374218e+01 -4.510813934294710492e+01 -4.560813909890667617e+01 -4.610813902173472911e+01
-4.111199213408400510e+01 -4.160929573361855915e+01 -4.210849850824816798e+01 -4.260825204641528074e+01 -4.310817467571931161e+01 -4.360815026579219733e+01 -4.410814255238208403e+01 -4.460814011375639154e+01 -4.510813934265210889e+01 -4.560813909881321848e+01 -4.610813902170515632e+01
-4.111209488602069229e+01 -4.160930539630207647e+01 -4.210849924335540351e+01 -4.260825204567493785e+01 -4.310817465212896593e+01 -4.360815025599551831e+01 -4.410814254905038467e+01 -4.460814011267944323e+01 -4.510813934230921518e+01 -4.560813909870454808e+01 -4.610813902167077316e+01
-4.111223367134020634e+01 -4.160931858967091301e+01 -4.210850029456905474e+01 -4.260825206445012014e+01 -4.310817462665286826e+01 -4.360815024479640556e+01 -4.410814254519458188e+01 -4.460814011142869617e+01 -4.510813934191055097e+01 -4.560813909857816384e+01 -4.610813902163076961e+01
-4.111242098284187563e+01 -4.160933656054373131e+01 -4.210850178009306433e+01 -4.260825211236426924e+01 -4.310817459955426756e+01 -4.360815023199998564e+01 -4.410814254072522544e+01 -4.460814010997307832e+01 -4.510813934144601944e+01 -4.560813909843084701e+01 -4.610813902158414379e+01
-4.111267364927248025e+01 -4.160936100160203210e+01 -4.210850386391367550e+01 -4.260825220393906676e+01 -4.310817457168586486e+01 -4.360815021750177323e+01 -4.410814253557185793e+01 -4.460814010828657672e+01 -4.510813934090700883e+01 -4.560813909825982648e+01 -4.610813902153000754e+01
-4.111301421193878980e+01 -4.160939417373906224e+01 -4.210850676169253859e+01 -4.260825235715267212e+01 -4.310817454370278057e+01 -4.360815020100568518e+01 -4.410814252959050918e+01 -4.460814010631862203e+01 -4.510813934027704164e+01 -4.560813909805985134e+01 -4.610813902146669108e+01
-4.111347303755148630e+01 -4.160943915812536886e+01 -4.210851077636139195e+01 -4.260825260024430605e+01 -4.310817451776834730e+01 -4.360815018251882691e+01 -4.410814252271573110e+01 -4.460814010404175178e+01 -4.510813933954673871e+01 -4.560813909782788045e+01 -4.610813902139323517e+01
-4.111409074561471755e+01 -4.160950007348328938e+01 -4.210851630761494846e+01 -4.260825296873336754e+01 -4.310817449601204743e+01 -4.360815016180389136e+01 -4.410814251478137749e+01 -4.460814010139431218e+01 -4.510813933869570747e+01 -4.560813909755737683e+01 -4.610813902130755082e+01
-4.111492179602836927e+01 -4.160958248672501014e+01 -4.210852390220266983e+01 -4.260825351326744226e+01 -4.310817448220387149e+01 -4.360815013882782409e+01 -4.410814250565447736e+01 -4.460814009832199645e+01 -4.510813933770554485e+01 -4.560813909724240034e+01 -4.610813902120776220e+01
