-4.660113375056379681e+00 -4.660136078550234373e+00 -4.660207843710612252e+00 -4.660434217613783403e+00 -4.661144676858516078e+00 -4.663350505144951974e+00 -4.670034955379917641e+00 -4.689316361056285132e+00 -4.740184771639864181e+00 -4.856753779931811899e+00 -5.077561213527654438e+00
-4.660246076969506213e+00 -4.660268340841782653e+00 -4.660338716742317366e+00 -4.660560978240432917e+00 -4.661260963946737057e+00 -4.663446252513701040e+00 -4.670103924022239283e+00 -4.689359565301496779e+00 -4.740207195333636214e+00 -4.856762675212860536e+00 -5.077563675902703189e+00
-4.660287165368790063e+00 -4.660309356297472227e+00 -4.660379503121443889e+00 -4.660601056095833528e+00 -4.661298957489353967e+00 -4.663479047450298509e+00 -4.670128150192613958e+00 -4.689374840144087564e+00 -4.740215157680717439e+00 -4.856765859231098048e+00 -5.077564574733485436e+00
-4.660340665822331196e+00 -4.660362772604503157e+00 -4.660432654880828807e+00 -4.660653359192642675e+00 -4.661348821978821277e+00 -4.663522627204258697e+00 -4.670160698535208432e+00 -4.689395433053870299e+00 -4.740225901868292624e+00 -4.856770159892918493e+00 -5.077565791483372060e+00
-4.660410169505875722e+00 -4.660432179511015960e+00 -4.660501757290412606e+00 -4.660721541628419118e+00 -4.661414104468715180e+00 -4.663580370749741633e+00 -4.670204385110197087e+00 -4.689423177842484414e+00 -4.740240392338496811e+00 -4.856775965233274484e+00 -5.077567437064613109e+00
-4.660500305191476400e+00 -4.660522203894436721e+00 -4.660591431241337013e+00 -4.660810122772185871e+00 -4.661499434634229111e+00 -4.663656652000219616e+00 -4.670262911693269459e+00 -4.689460535417887321e+00 -4.740259926377362376e+00 -4.856783797542139069e+00 -5.077569660842089050e+00
-4.660616974747741281e+00 -4.660638745527704963e+00 -4.660707569885483181e+00 -4.660925017670296988e+00 -4.661610503758579327e+00 -4.663757140176008953e+00 -4.670341162963200787e+00 -4.689510804045299075e+00 -4.740286248483995379e+00 -4.856794359709126319e+00 -5.077572663927357510e+00
-4.660767873688283380e+00 -4.660789497844897156e+00 -4.660857860045770629e+00 -4.661073846211681193e+00 -4.661754897437896616e+00 -4.663889025441346092e+00 -4.670445533970283947e+00 -4.689578391242446465e+00 -4.740321703703544998e+00 -4.856808597521078852e+00 -5.077576717058536637e+00
-4.660962623398117621e+00 -4.660984079617943365e+00 -4.661051912245585349e+00 -4.661266238656773808e+00 -4.661942200033363015e+00 -4.664061639354100564e+00 -4.670584376186445397e+00 -4.689669174209888602e+00 -4.740369443016083650e+00 -4.856827783407449139e+00 -5.077582184652415620e+00
-4.661213522288996991e+00 -4.661234786486883941e+00 -4.661302013355202334e+00 -4.661514438870085542e+00 -4.662184536031870330e+00 -4.664286847042383499e+00 -4.670768524586420334e+00 -4.689791006976907539e+00 -4.740433697675312530e+00 -4.856853628919012067e+00 -5.077589557142833776e+00
-4.661536030839852351e+00 -4.661557075882996060e+00 -4.661623611173961734e+00 -4.661833864247305392e+00 -4.662497236912358289e+00 -4.664579793950522912e+00 -4.671011956228984019e+00 -4.689954298686699552e+00 -4.740520148451240701e+00 -4.856888436246614482e+00 -5.077599494543367342e+00
