-7.898273007325276751e+01 -7.848273007325276751e+01 -7.798273007325276751e+01 -7.748273007325276751e+01 -7.698273007325276751e+01 -7.648273007325276751e+01 -7.598273007325276751e+01 -7.548273007325276751e+01 -7.498273007325276751e+01 -7.448273007325276751e+01 -7.398273007325276751e+01
-7.928359075967783554e+01 -7.878359075967783554e+01 -7.828359075967783554e+01 -7.778359075967783554e+01 -7.728359075967783554e+01 -7.678359075967783554e+01 -7.628359075967783554e+01 -7.578359075967783554e+01 -7.528359075967783554e+01 -7.478359075967783554e+01 -7.428359075967783554e+01
-7.961848914949227662e+01 -7.911848914949227662e+01 -7.861848914949227662e+01 -7.811848914949227662e+01 -7.761848914949227662e+01 -7.711848914949227662e+01 -7.661848914949227662e+01 -7.611848914949227662e+01 -7.561848914949227662e+01 -7.511848914949227662e+01 -7.461848914949227662e+01
-7.999451297379900439e+01 -7.949451297379900439e+01 -7.899451297379900439e+01 -7.849451297379900439e+01 -7.799451297379900439e+01 -7.749451297379900439e+01 -7.699451297379900439e+01 -7.649451297379900439e+01 -7.599451297379900439e+01 -7.549451297379900439e+01 -7.499451297379900439e+01
-8.042009902043945146e+01 -7.992009902043945146e+01 -7.942009902043945146e+01 -7.892009902043945146e+01 -7.842009902043945146e+01 -7.792009902043945146e+01 -7.742009902043945146e+01 -7.692009902043945146e+01 -7.642009902043945146e+01 -7.592009902043945146e+01 -7.542009902043945146e+01
-8.090517225714384608e+01 -8.040517225714384608e+01 -7.990517225714384608e+01 -7.940517225714384608e+01 -7.890517225714384608e+01 -7.840517225714384608e+01 -7.790517225714384608e+01 -7.740517225714384608e+01 -7.690517225714384608e+01 -7.640517225714384608e+01 -7.590517225714384608e+01
-8.146126186104274325e+01 -8.096126186104274325e+01 -8.046126186104274325e+01 -7.996126186104274325e+01 -7.946126186104274325e+01 -7.896126186104274325e+01 -7.846126186104274325e+01 -7.796126186104274325e+01 -7.746126186104274325e+01 -7.696126186104274325e+01 -7.646126186104274325e+01
-8.210160543302468739e+01 -8.160160543302468739e+01 -8.110160543302468739e+01 -8.060160543302468739e+01 -8.010160543302468739e+01 -7.960160543302468739e+01 -7.910160543302468739e+01 -7.860160543302468739e+01 -7.810160543302468739e+01 -7.760160543302468739e+01 -7.710160543302468739e+01
-8.284127274289123477e+01 -8.234127274289123477e+01 -8.184127274289123477e+01 -8.134127274289123477e+01 -8.084127274289123477e+01 -8.034127274289123477e+01 -7.984127274289123477e+01 -7.934127274289123477e+01 -7.884127274289123477e+01 -7.834127274289123477e+01 -7.784127274289123477e+01
-8.369735237291330066e+01 -8.319735237291330066e+01 -8.269735237291330066e+01 -8.219735237291330066e+01 -8.169735237291330066e+01 -8.119735237291330066e+01 -8.069735237291330066e+01 -8.019735237291330066e+01 -7.969735237291330066e+01 -7.919735237291330066e+01 -7.869735237291330066e+01
-8.468922946455653289e+01 -8.418922946455653289e+01 -8.368922946455653289e+01 -8.318922946455653289e+01 -8.268922946455653289e+01 -8.218922946455653289e+01 -8.168922946455653289e+01 -8.118922946455653289e+01 -8.068922946455653289e+01 -8.018922946455653289e+01 -7.968922946455653289e+01
