-6.260526178025759947e+01 -6.283889775693305779e+01 -6.330044575379525895e+01 -6.379640507755025425e+01 -6.429599872071244704e+01 -6.479595799918506316e+01 -6.529595390632447049e+01 -6.579595349055482245e+01 -6.629595344692822323e+01 -6.679595344191741901e+01 -6.729595344121138112e+01
-6.257661192652855675e+01 -6.283374308088459514e+01 -6.329988560636795825e+01 -6.379634864338458300e+01 -6.429599309548696340e+01 -6.479595744393733980e+01 -6.529595385311540667e+01 -6.579595348596636484e+01 -6.629595344670100587e+01 -6.679595344196793860e+01 -6.729595344123958967e+01
-6.254597663427288268e+01 -6.282853298217488458e+01 -6.329932544256448068e+01 -6.379629227193490948e+01 -6.429598747677756876e+01 -6.479595688921449437e+01 -6.529595379991674520e+01 -6.579595348136560062e+01 -6.629595344646833155e+01 -6.679595344201659657e+01 -6.729595344126720136e+01
-6.251453865500026552e+01 -6.282349613298800506e+01 -6.329878959131768568e+01 -6.379623840657438905e+01 -6.429598210786510037e+01 -6.479595635896704664e+01 -6.529595374900367233e+01 -6.579595347694217367e+01 -6.629595344623719200e+01 -6.679595344206026653e+01 -6.729595344129269563e+01
-6.248348399582801704e+01 -6.281881420210242339e+01 -6.329829646317892156e+01 -6.379618888609912375e+01 -6.429597717168955739e+01 -6.479595587119011668e+01 -6.529595370208120642e+01 -6.579595347283668616e+01 -6.629595344601219153e+01 -6.679595344209643315e+01 -6.729595344131486456e+01
-6.245388200597178496e+01 -6.281460980977527697e+01 -6.329785767037770938e+01 -6.379614486108463467e+01 -6.429597278258890469e+01 -6.479595543711705830e+01 -6.529595366020953406e+01 -6.579595346913519904e+01 -6.629595344579561811e+01 -6.679595344212334851e+01 -6.729595344133291235e+01
-6.242659068061856686e+01 -6.281094665779718866e+01 -6.329747845047838695e+01 -6.379610684099181128e+01 -6.429596899105914076e+01 -6.479595506169631847e+01 -6.529595362385192914e+01 -6.579595346587403526e+01 -6.629595344558796910e+01 -6.679595344214004626e+01 -6.729595344134642687e+01
-6.240219972636626267e+01 -6.280783808696860859e+01 -6.329715887524447737e+01 -6.379607481873481589e+01 -6.429596579620961450e+01 -6.479595474482489692e+01 -6.529595359299412394e+01 -6.579595346305055159e+01 -6.629595344538856239e+01 -6.679595344214634167e+01 -6.729595344135535129e+01
-6.238101682828477834e+01 -6.280525979716851026e+01 -6.329689535438718195e+01 -6.379604842320166824e+01 -6.429596316097725150e+01 -6.479595448285061821e+01 -6.529595356728839306e+01 -6.579595346063548789e+01 -6.629595344519623268e+01 -6.679595344214264685e+01 -6.729595344135989876e+01
-6.236309329560701542e+01 -6.280316318803964748e+01 -6.329668208068118673e+01 -6.379602706456746830e+01 -6.429596102660116230e+01 -6.479595426999861729e+01 -6.529595354618956549e+01 -6.579595345858454891e+01 -6.629595344500978626e+01 -6.679595344212989971e+01 -6.729595344136048141e+01
-6.234827727379288120e+01 -6.280148703215748895e+01 -6.329651222065587746e+01 -6.379601005328113672e+01 -6.429595932446085271e+01 -6.479595409953569174e+01 -6.529595352906531502e+01 -6.579595345684748509e+01 -6.629595344482828523e+01 -6.679595344210929397e+01 -6.729595344135765345e+01
