9.335080298554558453e+00 9.335080298554558453e+00 9.335080298554558453e+00 9.335080298554558453e+00 9.335080298554558453e+00 9.335080298554558453e+00 9.335080298554558453e+00 9.335080298554558453e+00 9.335080298554558453e+00 9.335080298554558453e+00 9.335080298554558453e+00
9.389796186489036245e+00 9.389796186489036245e+00 9.389796186489036245e+00 9.389796186489036245e+00 9.389796186489036245e+00 9.389796186489036245e+00 9.389796186489036245e+00 9.389796186489036245e+00 9.389796186489036245e+00 9.389796186489036245e+00 9.389796186489036245e+00
9.438879960683832948e+00 9.438879960683832948e+00 9.438879960683832948e+00 9.438879960683832948e+00 9.438879960683832948e+00 9.438879960683832948e+00 9.438879960683832948e+00 9.438879960683832948e+00 9.438879960683832948e+00 9.438879960683832948e+00 9.438879960683832948e+00
9.482699457502299367e+00 9.482699457502299367e+00 9.482699457502299367e+00 9.482699457502299367e+00 9.482699457502299367e+00 9.482699457502299367e+00 9.482699457502299367e+00 9.482699457502299367e+00 9.482699457502299367e+00 9.482699457502299367e+00 9.482699457502299367e+00
9.521638756979902141e+00 9.521638756979902141e+00 9.521638756979902141e+00 9.521638756979902141e+00 9.521638756979902141e+00 9.521638756979902141e+00 9.521638756979902141e+00 9.521638756979902141e+00 9.521638756979902141e+00 9.521638756979902141e+00 9.521638756979902141e+00
9.556086404756589658e+00 9.556086404756589658e+00 9.556086404756589658e+00 9.556086404756589658e+00 9.556086404756589658e+00 9.556086404756589658e+00 9.556086404756589658e+00 9.556086404756589658e+00 9.556086404756589658e+00 9.556086404756589658e+00 9.556086404756589658e+00
9.586426202488064874e+00 9.586426202488064874e+00 9.586426202488064874e+00 9.586426202488064874e+00 9.586426202488064874e+00 9.586426202488064874e+00 9.586426202488064874e+00 9.586426202488064874e+00 9.586426202488064874e+00 9.586426202488064874e+00 9.586426202488064874e+00
9.613030371963088072e+00 9.613030371963088072e+00 9.613030371963088072e+00 9.613030371963088072e+00 9.613030371963088072e+00 9.613030371963088072e+00 9.613030371963088072e+00 9.613030371963088072e+00 9.613030371963088072e+00 9.613030371963088072e+00 9.613030371963088072e+00
9.636254791551179366e+00 9.636254791551179366e+00 9.636254791551179366e+00 9.636254791551179366e+00 9.636254791551179366e+00 9.636254791551179366e+00 9.636254791551179366e+00 9.636254791551179366e+00 9.636254791551179366e+00 9.636254791551179366e+00 9.636254791551179366e+00
9.656435956021880429e+00 9.656435956021880429e+00 9.656435956021880429e+00 9.656435956021880429e+00 9.656435956021880429e+00 9.656435956021880429e+00 9.656435956021880429e+00 9.656435956021880429e+00 9.656435956021880429e+00 9.656435956021880429e+00 9.656435956021880429e+00
9.673889302528030143e+00 9.673889302528030143e+00 9.673889302528030143e+00 9.673889302528030143e+00 9.673889302528030143e+00 9.673889302528030143e+00 9.673889302528030143e+00 9.673889302528030143e+00 9.673889302528030143e+00 9.673889302528030143e+00 9.673889302528030143e+00
