4.156358539104410887e+00 4.205369534635232220e+00 4.331379996449215675e+00 4.581829708914499477e+00 4.936424614945897460e+00 5.322518961217046041e+00 5.687068346354794635e+00 6.000529141909413333e+00 6.245875025542916070e+00 6.409660666590021982e+00 6.473214802168202553e+00
3.916367198816409267e+00 3.947633650722698118e+00 4.033801779453937364e+00 4.228127506031228222e+00 4.546628176039283709e+00 4.928234552262724222e+00 5.307570456291710315e+00 5.646544940695045867e+00 5.923891986275297228e+00 6.125753839707285486e+00 6.236783340788411678e+00
3.649883177562846193e+00 3.668110459692118575e+00 3.721164571219553352e+00 3.855544146999411392e+00 4.116268887356808293e+00 4.479425474696633103e+00 4.864157859795876782e+00 5.227288580711314303e+00 5.537988249488554615e+00 5.779800167853846204e+00 5.939292436581276924e+00
3.349272125861014526e+00 3.358887615205312649e+00 3.387962724344792953e+00 3.468814497922652063e+00 3.654481281803672932e+00 3.966335700495128957e+00 4.346958227755512993e+00 4.729075551979166292e+00 5.072999090842844616e+00 5.356622170148046536e+00 5.565876705569413829e+00
3.004980725499414085e+00 3.009530825622298345e+00 3.023613355102499511e+00 3.065353333228860500e+00 3.175719104162892492e+00 3.457400490262056536e+00 3.750583396934341174e+00 4.138307516949445208e+00 4.511435399734711638e+00 4.837546161679770584e+00 5.098200603882900417e+00
2.603802940596118720e+00 2.605725689293433955e+00 2.611750514497854780e+00 2.630270099519231408e+00 2.684108449412842212e+00 2.820111777803448572e+00 3.089320613539064730e+00 3.446023504454608588e+00 3.835405743007820778e+00 4.200962524395380093e+00 4.513543589667670553e+00
2.121986486117704462e+00 2.122722854266195114e+00 2.125043271015687019e+00 2.132300505738673913e+00 2.154482212598499924e+00 2.217967986413896142e+00 2.451295117623349729e+00 2.663038347065391331e+00 3.033900041507419321e+00 3.422688877402873864e+00 3.784831158296954712e+00
1.498139855895547434e+00 1.498421041429707667e+00 1.499309031899753508e+00 1.502105213746523171e+00 1.510830840451200530e+00 1.537322829120849166e+00 1.611801597892359661e+00 1.805384167582283261e+00 2.102562033379387962e+00 2.485734324735137779e+00 2.880770555357536900e+00
5.432850648293688911e-01 5.434419488566255563e-01 5.439376870686903898e-01 5.455016351574590860e-01 5.504105302720307957e-01 5.655784068868379144e-01 6.103278760825258109e-01 7.274519377638789530e-01 1.142350473773834141e+00 1.336848913163784847e+00 1.761624185614603766e+00
-1.404665035410240570e+00 -1.404112782067397314e+00 -1.601135149567426863e+00 -1.592533598948143059e+00 -1.566402830777352984e+00 -1.492809865744632702e+00 -1.318773914980745365e+00 -1.008275164555634040e+00 -5.907839059700961126e-01 -1.207268623065760604e-01 3.698112536165187314e-01
-6.215141378057507104e+00 -5.745173743170030711e+00 -5.256328820368114663e+00 -4.758697917170508163e+00 -4.259449788986502838e+00 -3.759687830017024002e+00 -3.259763135550269642e+00 -2.759787004750513972e+00 -2.259795080947060608e+00 -1.759802912229938343e+00 -1.259929277984149110e+00
