9.769019052953993310e+00 9.769019052954313054e+00 9.769019052955320248e+00 9.769019052958508809e+00 9.769019052968593186e+00 9.769019053000477015e+00 9.769019053101306582e+00 9.769019053420159082e+00 9.769019054428456528e+00 9.769019057616974422e+00 9.769019067699952430e+00
9.640695364723054439e+00 9.640695364723365302e+00 9.640695364724347627e+00 9.640695364727456251e+00 9.640695364737284834e+00 9.640695364768367526e+00 9.640695364866658679e+00 9.640695365177483822e+00 9.640695366160398905e+00 9.640695369268648562e+00 9.640695379097795836e+00
9.512113662240256673e+00 9.512113662240558654e+00 9.512113662241514334e+00 9.512113662244534140e+00 9.512113662254080282e+00 9.512113662284274795e+00 9.512113662379752199e+00 9.512113662681683124e+00 9.512113663636469596e+00 9.512113666655771738e+00 9.512113676203640011e+00
9.383279188037024099e+00 9.383279188037315421e+00 9.383279188038239127e+00 9.383279188041159458e+00 9.383279188050394737e+00 9.383279188079601596e+00 9.383279188171956164e+00 9.383279188464006992e+00 9.383279189387552677e+00 9.383279192308060956e+00 9.383279201543519576e+00
9.254175958325905782e+00 9.254175958326186446e+00 9.254175958327074625e+00 9.254175958329886598e+00 9.254175958338773711e+00 9.254175958366882782e+00 9.254175958455769901e+00 9.254175958736853502e+00 9.254175959625717596e+00 9.254175962436551828e+00 9.254175971325194539e+00
9.124765043228730832e+00 9.124765043228999062e+00 9.124765043229849937e+00 9.124765043232539341e+00 9.124765043241044538e+00 9.124765043267938580e+00 9.124765043352985217e+00 9.124765043621925642e+00 9.124765044472393782e+00 9.124765047161805143e+00 9.124765055666475888e+00
8.994980982911711109e+00 8.994980982911966905e+00 8.994980982912775147e+00 8.994980982915331325e+00 8.994980982923411972e+00 8.994980982948968418e+00 8.994980983029783772e+00 8.994980983285342901e+00 8.994980984093494669e+00 8.994980986649089516e+00 8.994980994730594759e+00
8.864725994970493517e+00 8.864725994970735101e+00 8.864725994971495382e+00 8.864725994973905898e+00 8.864725994981522916e+00 8.864725995005613868e+00 8.864725995081794707e+00 8.864725995322698893e+00 8.864725996084503734e+00 8.864725998493547365e+00 8.864726006111606438e+00
8.733861476900742105e+00 8.733861476900967702e+00 8.733861476901680021e+00 8.733861476903928889e+00 8.733861476911043198e+00 8.733861476933542534e+00 8.733861477004687401e+00 8.733861477229666548e+00 8.733861477941115226e+00 8.733861480190915572e+00 8.733861487305407678e+00
8.602196118051717022e+00 8.602196118051924856e+00 8.602196118052582108e+00 8.602196118054660445e+00 8.602196118061232966e+00 8.602196118082018117e+00 8.602196118147743320e+00 8.602196118355584176e+00 8.602196119012837983e+00 8.602196121091257197e+00 8.602196127663795266e+00
8.469469710015957276e+00 8.469469710016147346e+00 8.469469710016745978e+00 8.469469710018643127e+00 8.469469710024638331e+00 8.469469710043599164e+00 8.469469710103556537e+00 8.469469710293163089e+00 8.469469710892749248e+00 8.469469712788809446e+00 8.469469718784674583e+00
