1.610969862754756177e+00 1.113694131885803129e+00 6.145333585530929899e-01 1.147963694975259602e-01 -3.851207018778049496e-01 -8.850945019858604823e-01 -1.385086219303770072e+00 -1.885083600334312548e+00 -2.385082772167969711e+00 -2.885082510281228974e+00 -3.385082427465615496e+00
1.610908923459600794e+00 1.113687774833563182e+00 6.145327129588937787e-01 1.147963042872898881e-01 -3.851207085246233786e-01 -8.850945026877747868e-01 -1.385086219385654571e+00 -1.885083600346196153e+00 -2.385082772170326493e+00 -2.885082510281834267e+00 -3.385082427465792687e+00
1.610827031965716083e+00 1.113679226836430392e+00 6.145318450040851976e-01 1.147962166842996373e-01 -3.851207174324286497e-01 -8.850945036217719997e-01 -1.385086219492612125e+00 -1.885083600361175948e+00 -2.385082772173178878e+00 -2.885082510282547918e+00 -3.385082427465999633e+00
1.610717012979863139e+00 1.113667732942705380e+00 6.145306780431087912e-01 1.147960989801607018e-01 -3.851207293761257922e-01 -8.850945048663225734e-01 -1.385086219632789550e+00 -1.885083600380160984e+00 -2.385082772176648103e+00 -2.885082510283391244e+00 -3.385082427466240773e+00
1.610569256902016244e+00 1.113652278311624944e+00 6.145291090033171422e-01 1.147959408098557649e-01 -3.851207453971454142e-01 -8.850945065267149525e-01 -1.385086219817065256e+00 -1.885083600404348969e+00 -2.385082772180888711e+00 -2.885082510284391333e+00 -3.385082427466522770e+00
1.610370911916763736e+00 1.113631498980260481e+00 6.145269992753427113e-01 1.147957282363460813e-01 -3.851207668950393237e-01 -8.850945087441948189e-01 -1.385086220059954076e+00 -1.885083600435314866e+00 -2.385082772186096101e+00 -2.885082510285579716e+00 -3.385082427466853172e+00
1.610104821497364114e+00 1.113603562149619641e+00 6.145241624555122240e-01 1.147954425167782427e-01 -3.851207957514860558e-01 -8.850945117085112779e-01 -1.385086220380907784e+00 -1.885083600475153665e+00 -2.385082772192528289e+00 -2.885082510286997248e+00 -3.385082427467239530e+00
1.609748137318663508e+00 1.113566005803503067e+00 6.145203478776429806e-01 1.147950584470662228e-01 -3.851208344957941510e-01 -8.850945156743820208e-01 -1.385086220805931356e+00 -1.885083600526633374e+00 -2.385082772200514789e+00 -2.885082510288693669e+00 -3.385082427467692945e+00
1.609270524821351911e+00 1.113515524027517634e+00 6.145152184629925074e-01 1.147945421320893944e-01 -3.851208865285141725e-01 -8.850945209839538030e-01 -1.385086221369857595e+00 -1.885083600593431274e+00 -2.385082772210484148e+00 -2.885082510290730706e+00 -3.385082427468225852e+00
1.608631869161840866e+00 1.113447680165104092e+00 6.145083209462908203e-01 1.147938479864844125e-01 -3.851209564222142778e-01 -8.850945280970069495e-01 -1.385086222119404908e+00 -1.885083600680451665e+00 -2.385082772223000802e+00 -2.885082510293188740e+00 -3.385082427468852906e+00
1.607779385932657679e+00 1.113356524439524042e+00 6.144990458748733619e-01 1.147929147044182696e-01 -3.851210503248158612e-01 -8.850945376311866175e-01 -1.385086223117160564e+00 -1.885083600794211334e+00 -2.385082772238797943e+00 -2.885082510296166358e+00 -3.385082427469592758e+00
