2.694076267198138641e+00 2.694076267198138641e+00 2.694076267198138641e+00 2.694076267198138641e+00 2.694076267198138641e+00 2.694076267198138641e+00 2.694076267198138641e+00 2.694076267198138641e+00 2.694076267198138641e+00 2.694076267198138641e+00 2.694076267198138641e+00
2.819292154845446596e+00 2.819292154845446596e+00 2.819292154845446596e+00 2.819292154845446596e+00 2.819292154845446596e+00 2.819292154845446596e+00 2.819292154845446596e+00 2.819292154845446596e+00 2.819292154845446596e+00 2.819292154845446596e+00 2.819292154845446596e+00
2.940339287193730833e+00 2.940339287193730833e+00 2.940339287193730833e+00 2.940339287193730833e+00 2.940339287193730833e+00 2.940339287193730833e+00 2.940339287193730833e+00 2.940339287193730833e+00 2.940339287193730833e+00 2.940339287193730833e+00 2.940339287193730833e+00
3.056415063512981867e+00 3.056415063512981867e+00 3.056415063512981867e+00 3.056415063512981867e+00 3.056415063512981867e+00 3.056415063512981867e+00 3.056415063512981867e+00 3.056415063512981867e+00 3.056415063512981867e+00 3.056415063512981867e+00 3.056415063512981867e+00
3.166718815098053419e+00 3.166718815098053419e+00 3.166718815098053419e+00 3.166718815098053419e+00 3.166718815098053419e+00 3.166718815098053419e+00 3.166718815098053419e+00 3.166718815098053419e+00 3.166718815098053419e+00 3.166718815098053419e+00 3.166718815098053419e+00
3.270504351747374194e+00 3.270504351747374194e+00 3.270504351747374194e+00 3.270504351747374194e+00 3.270504351747374194e+00 3.270504351747374194e+00 3.270504351747374194e+00 3.270504351747374194e+00 3.270504351747374194e+00 3.270504351747374194e+00 3.270504351747374194e+00
3.367132468990305938e+00 3.367132468990305938e+00 3.367132468990305938e+00 3.367132468990305938e+00 3.367132468990305938e+00 3.367132468990305938e+00 3.367132468990305938e+00 3.367132468990305938e+00 3.367132468990305938e+00 3.367132468990305938e+00 3.367132468990305938e+00
3.456115486433081863e+00 3.456115486433081863e+00 3.456115486433081863e+00 3.456115486433081863e+00 3.456115486433081863e+00 3.456115486433081863e+00 3.456115486433081863e+00 3.456115486433081863e+00 3.456115486433081863e+00 3.456115486433081863e+00 3.456115486433081863e+00
3.537147561134898144e+00 3.537147561134898144e+00 3.537147561134898144e+00 3.537147561134898144e+00 3.537147561134898144e+00 3.537147561134898144e+00 3.537147561134898144e+00 3.537147561134898144e+00 3.537147561134898144e+00 3.537147561134898144e+00 3.537147561134898144e+00
3.610117597338337259e+00 3.610117597338337259e+00 3.610117597338337259e+00 3.610117597338337259e+00 3.610117597338337259e+00 3.610117597338337259e+00 3.610117597338337259e+00 3.610117597338337259e+00 3.610117597338337259e+00 3.610117597338337259e+00 3.610117597338337259e+00
3.675104941873178266e+00 3.675104941873178266e+00 3.675104941873178266e+00 3.675104941873178266e+00 3.675104941873178266e+00 3.675104941873178266e+00 3.675104941873178266e+00 3.675104941873178266e+00 3.675104941873178266e+00 3.675104941873178266e+00 3.675104941873178266e+00
