7.123201232392097459e+00 7.123201232392117888e+00 7.123201232392181836e+00 7.123201232392383453e+00 7.123201232393022053e+00 7.123201232395041771e+00 7.123201232401426886e+00 7.123201232421620510e+00 7.123201232485476986e+00 7.123201232687408790e+00 7.123201233325972659e+00
6.997898393711639464e+00 6.997898393711659004e+00 6.997898393711722953e+00 6.997898393711922793e+00 6.997898393712556064e+00 6.997898393714557130e+00 6.997898393720886290e+00 6.997898393740901390e+00 6.997898393804192985e+00 6.997898394004340439e+00 6.997898394637259933e+00
6.871776957894862647e+00 6.871776957894882187e+00 6.871776957894945248e+00 6.871776957895143312e+00 6.871776957895771254e+00 6.871776957897756333e+00 6.871776957904035754e+00 6.871776957923890983e+00 6.871776957986677203e+00 6.871776958185226825e+00 6.871776958813094360e+00
6.745022135857233536e+00 6.745022135857253076e+00 6.745022135857315249e+00 6.745022135857512424e+00 6.745022135858135037e+00 6.745022135860105905e+00 6.745022135866337365e+00 6.745022135886043380e+00 6.745022135948358866e+00 6.745022136145419012e+00 6.745022136768575649e+00
6.617780137564168719e+00 6.617780137564188259e+00 6.617780137564249543e+00 6.617780137564444942e+00 6.617780137565064003e+00 6.617780137567019771e+00 6.617780137573205934e+00 6.617780137592766287e+00 6.617780137654623474e+00 6.617780137850233224e+00 6.617780138468805085e+00
6.490164562901045819e+00 6.490164562901065359e+00 6.490164562901126644e+00 6.490164562901321155e+00 6.490164562901934886e+00 6.490164562903876444e+00 6.490164562910015533e+00 6.490164562929429337e+00 6.490164562990822894e+00 6.490164563184963598e+00 6.490164563798891173e+00
6.362262365803436737e+00 6.362262365803455388e+00 6.362262365803516673e+00 6.362262365803709407e+00 6.362262365804318698e+00 6.362262365806244269e+00 6.362262365812335396e+00 6.362262365831595545e+00 6.362262365892501492e+00 6.362262366085102983e+00 6.362262366694163340e+00
6.234139075650329431e+00 6.234139075650348971e+00 6.234139075650409367e+00 6.234139075650600326e+00 6.234139075651204287e+00 6.234139075653113871e+00 6.234139075659151707e+00 6.234139075678245767e+00 6.234139075738627689e+00 6.234139075929572726e+00 6.234139076533391055e+00
6.105843215928379308e+00 6.105843215928398848e+00 6.105843215928458356e+00 6.105843215928647538e+00 6.105843215929246171e+00 6.105843215931137102e+00 6.105843215937117208e+00 6.105843215956030079e+00 6.105843216015835573e+00 6.105843216204959845e+00 6.105843216803021001e+00
5.977409560840701630e+00 5.977409560840720282e+00 5.977409560840778902e+00 5.977409560840966307e+00 5.977409560841557834e+00 5.977409560843429226e+00 5.977409560849345382e+00 5.977409560868054861e+00 5.977409560927219978e+00 5.977409561114316539e+00 5.977409561705966823e+00
5.848861857814401155e+00 5.848861857814419807e+00 5.848861857814478427e+00 5.848861857814663168e+00 5.848861857815247589e+00 5.848861857817095888e+00 5.848861857822940102e+00 5.848861857841422207e+00 5.848861857899867012e+00 5.848861858084686283e+00 5.848861858669134328e+00
