-1.066732882196323295e+01 -1.066732712330204436e+01 -1.066732175170744057e+01 -1.066730476567105690e+01 -1.066725105547945773e+01 -1.066708125264220719e+01 -1.066654472543142873e+01 -1.066485242645208942e+01 -1.065954389677884784e+01 -1.064317155507182733e+01 -1.059512045865225893e+01
-8.077684848838440956e+00 -8.077684844468620895e+00 -8.077684830650033732e+00 -8.077684786951827789e+00 -8.077684648765998787e+00 -8.077684211784326607e+00 -8.077682829929843322e+00 -8.077678460151213713e+00 -8.077664641987226446e+00 -8.077620948009178292e+00 -8.077482804442174924e+00
-5.873457333569849226e+00 -5.873457333542543957e+00 -5.873457333456199692e+00 -5.873457333183153217e+00 -5.873457332319705237e+00 -5.873457329589243159e+00 -5.873457320954765137e+00 -5.873457293650147015e+00 -5.873457207305376571e+00 -5.873456934259349005e+00 -5.873456070813126040e+00
-3.997285346903356462e+00 -3.997285346902993197e+00 -3.997285346901845227e+00 -3.997285346898213465e+00 -3.997285346886730206e+00 -3.997285346850417032e+00 -3.997285346735584888e+00 -3.997285346372453141e+00 -3.997285345224129927e+00 -3.997285341592813346e+00 -3.997285330109581647e+00
-2.400344333635661354e+00 -2.400344333635652028e+00 -2.400344333635623162e+00 -2.400344333635531235e+00 -2.400344333635240801e+00 -2.400344333634322425e+00 -2.400344333631417193e+00 -2.400344333622231208e+00 -2.400344333593182888e+00 -2.400344333501323479e+00 -2.400344333210839398e+00
-1.041076290923355518e+00 -1.041076290923355074e+00 -1.041076290923353964e+00 -1.041076290923349745e+00 -1.041076290923337089e+00 -1.041076290923296899e+00 -1.041076290923170111e+00 -1.041076290922768210e+00 -1.041076290921498115e+00 -1.041076290917481550e+00 -1.041076290904779933e+00
1.158918570200180992e-01 1.158918570200182518e-01 1.158918570200182518e-01 1.158918570200186127e-01 1.158918570200195008e-01 1.158918570200223874e-01 1.158918570200311721e-01 1.158918570200591636e-01 1.158918570201477038e-01 1.158918570204274384e-01 1.158918570213124249e-01
1.100669902823624646e+00 1.100669902823624646e+00 1.100669902823624646e+00 1.100669902823624868e+00 1.100669902823624868e+00 1.100669902823625090e+00 1.100669902823626201e+00 1.100669902823628865e+00 1.100669902823637969e+00 1.100669902823667057e+00 1.100669902823758761e+00
1.938893666968134477e+00 1.938893666968134477e+00 1.938893666968134477e+00 1.938893666968134477e+00 1.938893666968134477e+00 1.938893666968134477e+00 1.938893666968134699e+00 1.938893666968135143e+00 1.938893666968136476e+00 1.938893666968140694e+00 1.938893666968153795e+00
2.652412522488238444e+00 2.652412522488238444e+00 2.652412522488238444e+00 2.652412522488238444e+00 2.652412522488238444e+00 2.652412522488238444e+00 2.652412522488238444e+00 2.652412522488238444e+00 2.652412522488238888e+00 2.652412522488239777e+00 2.652412522488241997e+00
3.259908793662469328e+00 3.259908793662469328e+00 3.259908793662469328e+00 3.259908793662469328e+00 3.259908793662469328e+00 3.259908793662469328e+00 3.259908793662469328e+00 3.259908793662469328e+00 3.259908793662469328e+00 3.259908793662469773e+00 3.259908793662470217e+00
