1.141931210044953282e+01 1.141931210044953282e+01 1.141931210044953282e+01 1.141931210044953282e+01 1.141931210044953282e+01 1.141931210044953460e+01 1.141931210044953815e+01 1.141931210044954526e+01 1.141931210044957368e+01 1.141931210044966072e+01 1.141931210044993605e+01
1.143136359315374229e+01 1.143136359315374229e+01 1.143136359315374229e+01 1.143136359315374229e+01 1.143136359315374229e+01 1.143136359315374406e+01 1.143136359315374584e+01 1.143136359315375650e+01 1.143136359315378492e+01 1.143136359315387907e+01 1.143136359315417394e+01
1.144181778283026851e+01 1.144181778283026851e+01 1.144181778283026851e+01 1.144181778283026851e+01 1.144181778283026851e+01 1.144181778283027029e+01 1.144181778283027384e+01 1.144181778283028272e+01 1.144181778283031470e+01 1.144181778283041240e+01 1.144181778283072326e+01
1.145086644203703763e+01 1.145086644203703763e+01 1.145086644203703763e+01 1.145086644203703763e+01 1.145086644203703763e+01 1.145086644203703763e+01 1.145086644203704118e+01 1.145086644203705184e+01 1.145086644203708381e+01 1.145086644203718329e+01 1.145086644203750126e+01
1.145868104542415011e+01 1.145868104542415011e+01 1.145868104542415011e+01 1.145868104542415189e+01 1.145868104542415189e+01 1.145868104542415189e+01 1.145868104542415544e+01 1.145868104542416610e+01 1.145868104542419630e+01 1.145868104542429400e+01 1.145868104542460486e+01
1.146541431745539974e+01 1.146541431745539974e+01 1.146541431745539974e+01 1.146541431745539974e+01 1.146541431745539974e+01 1.146541431745540152e+01 1.146541431745540507e+01 1.146541431745541395e+01 1.146541431745544237e+01 1.146541431745553119e+01 1.146541431745581718e+01
1.147120182188572635e+01 1.147120182188572635e+01 1.147120182188572635e+01 1.147120182188572635e+01 1.147120182188572635e+01 1.147120182188572812e+01 1.147120182188572990e+01 1.147120182188573700e+01 1.147120182188576187e+01 1.147120182188583470e+01 1.147120182188606741e+01
1.147616354651069948e+01 1.147616354651069948e+01 1.147616354651069948e+01 1.147616354651069948e+01 1.147616354651069948e+01 1.147616354651070125e+01 1.147616354651070125e+01 1.147616354651070658e+01 1.147616354651072257e+01 1.147616354651076875e+01 1.147616354651091797e+01
1.148040544887369308e+01 1.148040544887369308e+01 1.148040544887369308e+01 1.148040544887369308e+01 1.148040544887369308e+01 1.148040544887369308e+01 1.148040544887369308e+01 1.148040544887369308e+01 1.148040544887369663e+01 1.148040544887370196e+01 1.148040544887372505e+01
1.148402093586437012e+01 1.148402093586437012e+01 1.148402093586437012e+01 1.148402093586437012e+01 1.148402093586437012e+01 1.148402093586437012e+01 1.148402093586436834e+01 1.148402093586436301e+01 1.148402093586434702e+01 1.148402093586429729e+01 1.148402093586414274e+01
1.148709225650395283e+01 1.148709225650395283e+01 1.148709225650395283e+01 1.148709225650395283e+01 1.148709225650395283e+01 1.148709225650395105e+01 1.148709225650394750e+01 1.148709225650393506e+01 1.148709225650389598e+01 1.148709225650377164e+01 1.148709225650337729e+01
