-3.774262276712246234e+00 -3.763524844367888367e+00 -3.731218380560506365e+00 -3.642479924729793872e+00 -3.442613856833713903e+00 -3.106695777570367856e+00 -2.675095887859137989e+00 -2.199108122026536272e+00 -1.706991565134793998e+00 -1.209567116605829717e+00 -7.109097842116713917e-01
-3.984142429183691991e+00 -3.972458728931957506e+00 -3.937453611526076536e+00 -3.842324369576000542e+00 -3.632257184234278125e+00 -3.287327845141913674e+00 -2.850664221306946633e+00 -2.372781123952051097e+00 -1.880019710914281328e+00 -1.382369370194609148e+00 -8.834679381878937088e-01
-4.214526105540275402e+00 -4.201441695842816237e+00 -4.162483086768919094e+00 -4.058227433754916014e+00 -3.834242438596362046e+00 -3.477409759891788799e+00 -3.034649550056014888e+00 -2.554441824348721468e+00 -2.060895502323371709e+00 -1.562979738549961084e+00 -1.063873417389501697e+00
-4.475101283741826919e+00 -4.459740820042604525e+00 -4.414460461160270910e+00 -4.295138005870986930e+00 -4.051543049650740969e+00 -3.679077062857753155e+00 -3.228681276330338967e+00 -2.745624837282655939e+00 -2.251124914983657188e+00 -1.752893831467851493e+00 -1.253605235119091388e+00
-4.772650519030809946e+00 -4.753543172244711457e+00 -4.698121903935060573e+00 -4.558602443951290439e+00 -4.287022469524354840e+00 -3.894168782960067077e+00 -3.434537883247717360e+00 -2.948126317301246857e+00 -2.452514316645420855e+00 -1.953910447252875437e+00 -1.454457919402327715e+00
-5.117398227455877802e+00 -5.091782479563741859e+00 -5.019486708339704784e+00 -4.847779752839985079e+00 -4.539706007061790061e+00 -4.123403884149035470e+00 -3.653869632449889160e+00 -3.163966222505594672e+00 -2.667209098156542169e+00 -2.168245433294951674e+00 -1.668631574635413006e+00
-5.530015725514169311e+00 -5.491600166430719909e+00 -5.388581929220841005e+00 -5.166441166330728585e+00 -4.811145538057044924e+00 -4.370004333720399536e+00 -3.889522739156453301e+00 -3.395882169577159715e+00 -2.897913074018677815e+00 -2.398560692080630385e+00 -1.898799781791989272e+00
-6.034049207176359175e+00 -5.967265434561491944e+00 -5.805676945538447598e+00 -5.508462994903710275e+00 -5.099005910872587144e+00 -4.632068354269495813e+00 -4.143070359366769040e+00 -3.646608332882313341e+00 -3.147733355141933309e+00 -2.648091645514091041e+00 -2.148224209606016899e+00
-6.628482021374312083e+00 -6.498559836499258502e+00 -6.239054646400777671e+00 -5.854791621924254841e+00 -5.398896948184873423e+00 -4.913830940390892188e+00 -4.418662394872110433e+00 -3.920201499225540953e+00 -3.420689446681054235e+00 -2.920844888204891188e+00 -2.420904304264130058e+00
-7.359860463205077252e+00 -7.072088239330392767e+00 -6.668602775756024670e+00 -6.204200361966345056e+00 -5.716092873993045664e+00 -5.219922415613395650e+00 -4.721140485050786317e+00 -4.221526389626127695e+00 -3.721648546169856520e+00 -3.221687695350392566e+00 -2.721705204014705171e+00
-7.971457450558006030e+00 -7.527776770181089816e+00 -7.047221752135744310e+00 -6.553556507361288475e+00 -6.055579116693113662e+00 -5.556220687268851322e+00 -5.056423767339426334e+00 -4.556488009036381293e+00 -4.056508349743399577e+00 -3.556515019447601844e+00 -3.056519570544718345e+00
