1.208838308928202743e+01 1.193000017647970701e+01 1.172408993030346203e+01 1.146214420875729090e+01 1.113879042694833466e+01 1.075522238896002136e+01 1.032116861659322993e+01 9.852581015284691546e+00 9.365261228646357239e+00 8.869781444454266861e+00 8.371282432156132103e+00
1.208834028770026237e+01 1.192997174466417931e+01 1.172407095986079462e+01 1.146213177634064451e+01 1.113878269556756528e+01 1.075521802101665436e+01 1.032116646615533107e+01 9.852580109450512325e+00 9.365260895204183811e+00 8.869781331853474171e+00 8.371282395675267551e+00
1.208828574899286323e+01 1.192993617065030776e+01 1.172404767559610406e+01 1.146211678847291360e+01 1.113877351173072761e+01 1.075521288744408643e+01 1.032116395573562073e+01 9.852579055894892690e+00 9.365260508065961886e+00 8.869781201213280397e+00 8.371282353360765427e+00
1.208821591086995184e+01 1.192989141738769909e+01 1.172401894591856575e+01 1.146209864052462812e+01 1.113876256838699774e+01 1.075520684249268477e+01 1.032116102213279163e+01 9.852577829970812218e+00 9.365260058502693497e+00 8.869781049633083114e+00 8.371282304278349073e+00
1.208812606206741336e+01 1.192983481396120382e+01 1.172398330603130923e+01 1.146207656357351645e+01 1.113874948355767103e+01 1.075519970903841660e+01 1.032115759008135036e+01 9.852576402730662153e+00 9.365259536338268020e+00 8.869780873742243443e+00 8.371282247343623695e+00
1.208800996038092279e+01 1.192976284842098700e+01 1.172393885226092181e+01 1.146204957483995024e+01 1.113873377944606524e+01 1.075519127077932424e+01 1.032115356964479957e+01 9.852574740113608343e+00 9.365258929700036816e+00 8.869780669622670644e+00 8.371282181297788227e+00
1.208785932248682116e+01 1.192967089135219005e+01 1.172388310152090263e+01 1.146201641218666012e+01 1.113871485513783277e+01 1.075518126222265991e+01 1.032114885295772311e+01 9.852572801959686544e+00 9.365258224723191915e+00 8.869780432718229690e+00 8.371282104679352187e+00
1.208766314286507715e+01 1.192955282692809860e+01 1.172381280421375926e+01 1.146197544739053775e+01 1.113869195081158381e+01 1.075516935577792665e+01 1.032114331013169739e+01 9.852570540807949584e+00 9.365257405199411522e+00 8.869780157728579084e+00 8.371282015791203790e+00
1.208740678542762303e+01 1.192940056049069319e+01 1.172372369495543687e+01 1.146192457111623852e+01 1.113866410068568058e+01 1.075515514504744274e+01 1.032113678408243729e+01 9.852567900423897740e+00 9.365256452157906253e+00 8.869779838484591394e+00 8.371281912662199787e+00
1.208707077377408723e+01 1.192920336157037120e+01 1.172361016029733882e+01 1.146186104014850926e+01 1.113863007099983982e+01 1.075513812310761708e+01 1.032112908395908768e+01 9.852564813985734915e+00 9.365255343364070839e+00 8.869779467801883754e+00 8.371281793002372851e+00
1.208662918356307969e+01 1.192894698802432529e+01 1.172346479572790301e+01 1.146178127427976179e+01 1.113858827809131746e+01 1.075511765417546073e+01 1.032111997675498394e+01 9.852561201838229366e+00 9.365254052717256528e+00 8.869779037308278546e+00 8.371281654150614315e+00
