9.098034083154243890e-01 1.406229935483856108e+00 1.873249471524001120e+00 2.171185194177244870e+00 2.125402662923929320e+00 1.803941920594662740e+00 1.349007051056441142e+00 8.558858660974633104e-01 3.566513968851659500e-01 -1.432708776074667345e-01 -6.432630923839081083e-01
9.098034083154243890e-01 1.406229935483856108e+00 1.873249471524001120e+00 2.171185194177244870e+00 2.125402662923929320e+00 1.803941920594662740e+00 1.349007051056441142e+00 8.558858660974633104e-01 3.566513968851659500e-01 -1.432708776074667345e-01 -6.432630923839081083e-01
9.098034083154321605e-01 1.406229935483863658e+00 1.873249471524008225e+00 2.171185194177249311e+00 2.125402662923931540e+00 1.803941920594663406e+00 1.349007051056441142e+00 8.558858660974633104e-01 3.566513968851659500e-01 -1.432708776074667345e-01 -6.432630923839081083e-01
9.098034083163839547e-01 1.406229935484797577e+00 1.873249471524873533e+00 2.171185194177844835e+00 2.125402662924205099e+00 1.803941920594747783e+00 1.349007051056456463e+00 8.558858660974650867e-01 3.566513968851661165e-01 -1.432708776074666790e-01 -6.432630923839081083e-01
9.098034083733019806e-01 1.406229935540645126e+00 1.873249471576619474e+00 2.171185194213452796e+00 2.125402662940574672e+00 1.803941920599795967e+00 1.349007051057366180e+00 8.558858660975724453e-01 3.566513968851770522e-01 -1.432708776074657353e-01 -6.432630923839081083e-01
9.098034102121981270e-01 1.406229937344956049e+00 1.873249473248421282e+00 2.171185195363862785e+00 2.125402663469428965e+00 1.803941920762886397e+00 1.349007051086757336e+00 8.558858661010421143e-01 3.566513968855261618e-01 -1.432708776074330947e-01 -6.432630923839055548e-01
9.098034452955443552e-01 1.406229971768467424e+00 1.873249505143860016e+00 2.171185217311934146e+00 2.125402673559163791e+00 1.803941923874401443e+00 1.349007051647495903e+00 8.558858661672386070e-01 3.566513968921892763e-01 -1.432708776068082057e-01 -6.432630923838565939e-01
9.098038716954596206e-01 1.406230390148808018e+00 1.873249892798213523e+00 2.171185484066838534e+00 2.125402796188895493e+00 1.803941961691473805e+00 1.349007058462659669e+00 8.558858669717843703e-01 3.566513969731712197e-01 -1.432708775992128925e-01 -6.432630923832636238e-01
9.098073939380679764e-01 1.406233846146356825e+00 1.873253094985304124e+00 2.171187687572088354e+00 2.125403809160226754e+00 1.803942274075541086e+00 1.349007114758566495e+00 8.558858736176422344e-01 3.566513976421114007e-01 -1.432708775364728293e-01 -6.432630923783645427e-01
9.098282951001744889e-01 1.406254354206972756e+00 1.873272096889647464e+00 2.171200763192088878e+00 2.125409820115491843e+00 1.803944127746733850e+00 1.349007448813455801e+00 8.558859130534404169e-01 3.566514016115250874e-01 -1.432708771641817425e-01 -6.432630923492940189e-01
9.099217313363773263e-01 1.406346033127719108e+00 1.873357042033382269e+00 2.171259214375327762e+00 2.125436690000481743e+00 1.803952413714388525e+00 1.349008942003931288e+00 8.558860893246017509e-01 3.566514193540407662e-01 -1.432708755001183554e-01 -6.432630922193570688e-01
