6.026135701732318495e+00 6.026135702268547334e+00 6.026135703964252244e+00 6.026135709326542411e+00 6.026135726283592398e+00 6.026135779906488743e+00 6.026135949476931764e+00 6.026136485705321455e+00 6.026138181404017580e+00 6.026143543630545274e+00 6.026160500043937773e+00
5.897131096089196056e+00 5.897131096611937018e+00 5.897131098264990712e+00 5.897131103492403881e+00 5.897131120022936379e+00 5.897131172297065405e+00 5.897131337602335321e+00 5.897131860343081122e+00 5.897133513390324211e+00 5.897138740743279151e+00 5.897155270670641158e+00
5.768015101938540390e+00 5.768015102446066855e+00 5.768015104051006148e+00 5.768015109126271689e+00 5.768015125175669944e+00 5.768015175928320026e+00 5.768015336422250172e+00 5.768015843948231414e+00 5.768017448882400089e+00 5.768022524090831382e+00 5.768038572918730011e+00
5.638750301665692355e+00 5.638750302156129379e+00 5.638750303707029232e+00 5.638750308611405693e+00 5.638750324120403334e+00 5.638750373164158169e+00 5.638750528254091954e+00 5.638751018691160688e+00 5.638752569585700591e+00 5.638757473908407647e+00 5.638772982374050002e+00
5.509286225660368075e+00 5.509286226131708375e+00 5.509286227622217424e+00 5.509286232335620426e+00 5.509286247240710033e+00 5.509286294374736492e+00 5.509286443425581048e+00 5.509286914765401555e+00 5.509288405269418654e+00 5.509293118623307173e+00 5.509308023220359729e+00
5.379554892980789482e+00 5.379554893430912976e+00 5.379554894854329028e+00 5.379554899355566633e+00 5.379554913589727150e+00 5.379554958602093429e+00 5.379555100943663071e+00 5.379555551066919072e+00 5.379556974478568954e+00 5.379561475670724846e+00 5.379575709383097148e+00
5.249464958405666515e+00 5.249464958832379402e+00 5.249464960181764006e+00 5.249464964448892879e+00 5.249464977942739807e+00 5.249465020614025867e+00 5.249465155552456075e+00 5.249465582264960517e+00 5.249466931645621948e+00 5.249471198734350530e+00 5.249484692177793121e+00
5.118893701838298504e+00 5.118893702239383892e+00 5.118893703507725768e+00 5.118893707518574310e+00 5.118893720201991293e+00 5.118893760310476715e+00 5.118893887144619015e+00 5.118894288229148160e+00 5.118895556567357730e+00 5.118899567380566396e+00 5.118912250441804979e+00
4.987676571558759875e+00 4.987676571932046166e+00 4.987676573112481471e+00 4.987676576845344378e+00 4.987676588649693876e+00 4.987676625978322065e+00 4.987676744021789510e+00 4.987677117307796948e+00 4.987678297739686073e+00 4.987682030571964020e+00 4.987693834612936250e+00
4.855593063420742261e+00 4.855593063764194639e+00 4.855593064850289409e+00 4.855593068284820291e+00 4.855593079145760882e+00 4.855593113491069701e+00 4.855593222100455186e+00 4.855593565553308011e+00 4.855594651644804749e+00 4.855598086149806036e+00 4.855608946829497619e+00
4.722348160809407780e+00 4.722348161121237453e+00 4.722348162107329550e+00 4.722348165225626282e+00 4.722348175086548139e+00 4.722348206269519011e+00 4.722348304878716263e+00 4.722348616708230473e+00 4.722349602798263213e+00 4.722352721074010162e+00 4.722362581780394919e+00
