3.662791609523840641e+00 3.662791609670681847e+00 3.662791610135034404e+00 3.662791611603445574e+00 3.662791616246969362e+00 3.662791630931081066e+00 3.662791677366316279e+00 3.662791824207389801e+00 3.662792288559310272e+00 3.662793756965746717e+00 3.662798400441942270e+00
3.534068654185970715e+00 3.534068654331810055e+00 3.534068654792994479e+00 3.534068656251387441e+00 3.534068660863230793e+00 3.534068675447159080e+00 3.534068721565587712e+00 3.534068867404831948e+00 3.534069328588693271e+00 3.534070786976891920e+00 3.534075398773082632e+00
3.405335994435767955e+00 3.405335994580453995e+00 3.405335995037991559e+00 3.405335996484852412e+00 3.405336001060228490e+00 3.405336015528837912e+00 3.405336061282595583e+00 3.405336205968648500e+00 3.405336663505805550e+00 3.405338110362162496e+00 3.405342685691974847e+00
3.276590606901225389e+00 3.276590607044585379e+00 3.276590607497930296e+00 3.276590608931532866e+00 3.276590613464981594e+00 3.276590627801004185e+00 3.276590673135486576e+00 3.276590816495675185e+00 3.276591269840086085e+00 3.276592703437874121e+00 3.276597236840989691e+00
3.147828483721098358e+00 3.147828483862936455e+00 3.147828484311467001e+00 3.147828485729846193e+00 3.147828490215154762e+00 3.147828504398945793e+00 3.147828549252027042e+00 3.147828691089894271e+00 3.147829139620307970e+00 3.147830557994966583e+00 3.147835043258977006e+00
3.019044229817879010e+00 3.019044229957971837e+00 3.019044230400984130e+00 3.019044231801912392e+00 3.019044236232035772e+00 3.019044250241315286e+00 3.019044294542544637e+00 3.019044434635302032e+00 3.019044877647202973e+00 3.019046278570866271e+00 3.019050708650728776e+00
2.890230670836395621e+00 2.890230670974491822e+00 2.890230671411189167e+00 2.890230672792148958e+00 2.890230677159127293e+00 2.890230690968725202e+00 2.890230734638504106e+00 2.890230872734441014e+00 2.890231309431849471e+00 2.890232690387418923e+00 2.890237057323466807e+00
2.761378207982676969e+00 2.761378208118492772e+00 2.761378208547980773e+00 2.761378209906141024e+00 2.761378214201021031e+00 2.761378227782622652e+00 2.761378270731416507e+00 2.761378406547399411e+00 2.761378836034968476e+00 2.761380194191118242e+00 2.761384489030017431e+00
2.632474004943867296e+00 2.632474005077086510e+00 2.632474005498362413e+00 2.632474006830554991e+00 2.632474011043317574e+00 2.632474024365241139e+00 2.632474066492860310e+00 2.632474199712062646e+00 2.632474620987900416e+00 2.632475953176382166e+00 2.632480165899363289e+00
2.503500885319447367e+00 2.503500885449717828e+00 2.503500885861667857e+00 2.503500887164368915e+00 2.503500891283871432e+00 2.503500904310882014e+00 2.503500945505903630e+00 2.503501075775975249e+00 2.503501487725854791e+00 2.503502790423184798e+00 2.503506909888133514e+00
2.374435854093201570e+00 2.374435854220133812e+00 2.374435854621527842e+00 2.374435855890847602e+00 2.374435859904789226e+00 2.374435872597986830e+00 2.374435912737400400e+00 2.374436039669345799e+00 2.374436441063156433e+00 2.374437710379396549e+00 2.374441724285370370e+00
