7.614092301129881335e+00 7.613954955276174275e+00 7.613519952211091457e+00 7.612138346397536282e+00 7.607731793717585234e+00 7.593943207446163690e+00 7.556543084623666751e+00 7.479154007266265225e+00 7.350946388557908939e+00 7.164875094305697800e+00 6.915470331951889094e+00
7.607600138143718382e+00 7.607478754404766619e+00 7.607094046061454229e+00 7.605869527506726513e+00 7.601936431789384052e+00 7.589360406304714424e+00 7.553795054762707295e+00 7.477780142028717769e+00 7.350295341952506334e+00 7.164578347605736752e+00 6.915345023586533912e+00
7.599705630599807193e+00 7.599600538920112669e+00 7.599267228928209938e+00 7.598203902854150371e+00 7.594763574482486845e+00 7.583512605064508527e+00 7.550164472369859325e+00 7.475941997319868193e+00 7.349421546474669498e+00 7.164179653742948517e+00 6.915176587522296359e+00
7.590160078016583434e+00 7.590071372051887977e+00 7.589789812468800356e+00 7.588889366009387238e+00 7.585953182102754155e+00 7.576118699136938694e+00 7.545393203727462250e+00 7.473486947564341065e+00 7.348249607393591454e+00 7.163644168461078543e+00 6.914950218432372786e+00
7.578686159119701671e+00 7.578613671794165008e+00 7.578383383965811682e+00 7.577644816528975369e+00 7.575215134244832171e+00 7.566860614946473440e+00 7.539163908723373275e+00 7.470215482514777960e+00 7.346679259932840544e+00 7.162925283139682797e+00 6.914646059869629546e+00
7.564978631619055705e+00 7.564921922647073416e+00 7.564741556201982853e+00 7.564161033372208465e+00 7.562230523870563381e+00 7.555385960455530459e+00 7.531095786180271645e+00 7.465869271787452632e+00 7.344577675743170886e+00 7.161960768598135019e+00 6.914237506314329984e+00
7.548706134362801023e+00 7.548664492500646972e+00 7.548531831399705183e+00 7.548102692460815888e+00 7.546654211630364095e+00 7.541312673332887684e+00 7.520744875683051944e+00 7.460117995832896476e+00 7.341769786349297888e+00 7.160667746882580786e+00 6.913688954795582653e+00
7.529514222793022959e+00 7.529486684355751969e+00 7.529398704984592960e+00 7.529111641233813046e+00 7.528118708172911511e+00 7.524235553886937211e+00 7.507610680081289622e+00 7.452546190559485417e+00 7.338026421546190114e+00 7.158936207683549213e+00 6.912952843901295275e+00
7.507029733279323658e+00 7.507015116774143237e+00 7.506968097663030193e+00 7.506811500826219508e+00 7.506239390419680468e+00 7.503734385290057318e+00 7.491150094856526387e+00 7.442642416713831643e+00 7.333050303216797516e+00 7.156620776878265922e+00 6.911965783390260576e+00
7.480866532395547885e+00 7.480863487217446206e+00 7.480853163855321952e+00 7.480813623606466400e+00 7.480621004721801803e+00 7.479383209525529708e+00 7.470798197493194515e+00 7.429794361612515274e+00 7.326460418951904252e+00 7.153530491603754982e+00 6.910643546823425964e+00
7.450632667303241696e+00 7.450639732640857993e+00 7.450661485075964485e+00 7.450724395471837624e+00 7.450865374936810781e+00 7.450760284989025983e+00 7.445993715959547288e+00 7.413294621220158476e+00 7.317776133234146663e+00 7.149416490821777437e+00 6.908874684658595555e+00
