4.169522062279377828e+00 4.169831275536224346e+00 4.170807647303861110e+00 4.173880838189425901e+00 4.183458417156099785e+00 4.212425674891280281e+00 4.293060662880465728e+00 4.479276134933058096e+00 4.800104049923650251e+00 5.205310756449345710e+00 5.593362217570456707e+00
4.040512194154341152e+00 4.040814048069501396e+00 4.041767215537788616e+00 4.044767701154891704e+00 4.054121893663369391e+00 4.082442166948870188e+00 4.161485360589336935e+00 4.345003071180409293e+00 4.663701341536055978e+00 5.071901384587897965e+00 5.471154424536337046e+00
3.911397118226729752e+00 3.911690657351780676e+00 3.912617605984233027e+00 3.915535921594612834e+00 3.924637462529536602e+00 3.952224394019391518e+00 4.029452611616143543e+00 4.209845063442017477e+00 4.525814351965216531e+00 4.935861744092181702e+00 5.345677247503193286e+00
3.782141593679845482e+00 3.782425777438072512e+00 3.783323223512242262e+00 3.786149053333556669e+00 3.794965990202162853e+00 3.821724813275791277e+00 3.896890022442009105e+00 4.073674607107196977e+00 4.386273003481393928e+00 4.797071344077185273e+00 5.216594640554808038e+00
3.652698284181071120e+00 3.652971992407724855e+00 3.653836400299823595e+00 3.656558629841506480e+00 3.665056465942655439e+00 3.690884259955563351e+00 3.763713128036096478e+00 3.936345535707748589e+00 4.244866423696727509e+00 4.655366966743448742e+00 5.083531967001715834e+00
3.523003734880695959e+00 3.523265778695740646e+00 3.524093394967686699e+00 3.526700215899635005e+00 3.534842213693009327e+00 3.559628609573791902e+00 3.629822898149482224e+00 3.797691312087578819e+00 4.101340491240548225e+00 4.510525500011985933e+00 4.946076774365300466e+00
3.392972809481787699e+00 3.393221949059843201e+00 3.394008858298443343e+00 3.396487941519005460e+00 3.404235635799394366e+00 3.427864127397146188e+00 3.495102488802889873e+00 3.657523124393393221e+00 3.955394958776274006e+00 4.362248337242495388e+00 4.803778446699058513e+00
3.262491350485448027e+00 3.262726321197491064e+00 3.263468528280565550e+00 3.265807280081059361e+00 3.273121249090591434e+00 3.295471269421857308e+00 3.359412952581999789e+00 3.515627970660218704e+00 3.806680345949625455e+00 4.210147682233912114e+00 4.656143398368090658e+00
3.131406281394607305e+00 3.131625829791390814e+00 3.132319373252232975e+00 3.134505289575483022e+00 3.141346233582576364e+00 3.162296169327468043e+00 3.222587242859055401e+00 3.371766480637815810e+00 3.654795110083566723e+00 4.053734385325889811e+00 4.502621742468365440e+00
2.999512031918224686e+00 2.999714962780481109e+00 3.000356063181627064e+00 3.002377194706083330e+00 3.008706927320484059e+00 3.028138258799243143e+00 3.084421473086583987e+00 3.225670089957155984e+00 3.499283218201579615e+00 3.892406531799250669e+00 4.342582383899134868e+00
2.866532940178540656e+00 2.866718174694342647e+00 2.867303418256684111e+00 2.869148947630435931e+00 2.874933940127282206e+00 2.892736469552700918e+00 2.944662822929917656e+00 3.077037338370020692e+00 3.339633921950944107e+00 3.725438905228707132e+00 4.175276503365964231e+00
