6.998310902135211009e+00 6.998310902135160383e+00 6.998310902134999623e+00 6.998310902134490696e+00 6.998310902132883093e+00 6.998310902127796496e+00 6.998310902111713361e+00 6.998310902060852712e+00 6.998310901900018699e+00 6.998310901391416650e+00 6.998310899783074746e+00
6.996165612440862880e+00 6.996165612440814918e+00 6.996165612440661263e+00 6.996165612440177206e+00 6.996165612438646875e+00 6.996165612433805414e+00 6.996165612418497659e+00 6.996165612370088382e+00 6.996165612217006391e+00 6.996165611732917178e+00 6.996165610202092822e+00
6.993484205685859934e+00 6.993484205685813748e+00 6.993484205685668975e+00 6.993484205685211563e+00 6.993484205683765609e+00 6.993484205679192378e+00 6.993484205664730169e+00 6.993484205618996974e+00 6.993484205474374882e+00 6.993484205017041155e+00 6.993484203570825564e+00
6.990146207351648044e+00 6.990146207351605412e+00 6.990146207351470409e+00 6.990146207351042307e+00 6.990146207349686946e+00 6.990146207345403262e+00 6.990146207331857653e+00 6.990146207289023472e+00 6.990146207153566493e+00 6.990146206725215805e+00 6.990146205370650456e+00
6.986008698335514744e+00 6.986008698335474776e+00 6.986008698335349543e+00 6.986008698334952527e+00 6.986008698333695754e+00 6.986008698329723821e+00 6.986008698317162313e+00 6.986008698277441198e+00 6.986008698151829677e+00 6.986008697754611418e+00 6.986008696498497095e+00
6.980903636654314681e+00 6.980903636654278266e+00 6.980903636654163691e+00 6.980903636653799538e+00 6.980903636652647570e+00 6.980903636649006927e+00 6.980903636637493470e+00 6.980903636601085260e+00 6.980903636485952468e+00 6.980903636121868594e+00 6.980903634970537119e+00
6.974635332539679489e+00 6.974635332539646626e+00 6.974635332539542709e+00 6.974635332539213195e+00 6.974635332538172250e+00 6.974635332534880661e+00 6.974635332524471210e+00 6.974635332491553541e+00 6.974635332387459918e+00 6.974635332058285009e+00 6.974635331017343454e+00
6.966978252306618380e+00 6.966978252306589070e+00 6.966978252306496699e+00 6.966978252306203601e+00 6.966978252305278119e+00 6.966978252302349794e+00 6.966978252293090534e+00 6.966978252263809956e+00 6.966978252171216468e+00 6.966978251878411577e+00 6.966978250952479357e+00
6.957675359987366193e+00 6.957675359987340435e+00 6.957675359987259611e+00 6.957675359987003816e+00 6.957675359986196462e+00 6.957675359983642949e+00 6.957675359975567630e+00 6.957675359950029836e+00 6.957675359869273990e+00 6.957675359613900490e+00 6.957675358806340249e+00
6.946437237408884080e+00 6.946437237408862764e+00 6.946437237408793486e+00 6.946437237408575882e+00 6.946437237407889320e+00 6.946437237405715059e+00 6.946437237398842335e+00 6.946437237377106833e+00 6.946437237308373369e+00 6.946437237091019234e+00 6.946437236403684601e+00
6.932942235979075996e+00 6.932942235979058232e+00 6.932942235979001389e+00 6.932942235978821977e+00 6.932942235978255319e+00 6.932942235976462086e+00 6.932942235970792844e+00 6.932942235952863186e+00 6.932942235896167205e+00 6.932942235716876844e+00 6.932942235149912591e+00
