-2.270819313585794141e+00 -2.270819313585794141e+00 -2.270819313585794141e+00 -2.270819313585794141e+00 -2.270819313585794141e+00 -2.270819313585794141e+00 -2.270819313585794141e+00 -2.270819313585794141e+00 -2.270819313585794141e+00 -2.270819313585794141e+00 -2.270819313585794141e+00
-2.718433902927802848e+00 -2.718433902927802848e+00 -2.718433902927802848e+00 -2.718433902927802848e+00 -2.718433902927802848e+00 -2.718433902927802848e+00 -2.718433902927802848e+00 -2.718433902927802848e+00 -2.718433902927802848e+00 -2.718433902927802848e+00 -2.718433902927802848e+00
-3.315285537358257706e+00 -3.315285537358257706e+00 -3.315285537358257706e+00 -3.315285537358257706e+00 -3.315285537358257706e+00 -3.315285537358257706e+00 -3.315285537358257706e+00 -3.315285537358257706e+00 -3.315285537358257706e+00 -3.315285537358257706e+00 -3.315285537358257706e+00
-4.166696973693778006e+00 -4.166696973693778006e+00 -4.166696973693778006e+00 -4.166696973693778006e+00 -4.166696973693778006e+00 -4.166696973693778006e+00 -4.166696973693778006e+00 -4.166696973693778006e+00 -4.166696973693778006e+00 -4.166696973693778006e+00 -4.166696973693778006e+00
-5.093835356470322928e+00 -5.093835356470322928e+00 -5.093835356470322928e+00 -5.093835356470322928e+00 -5.093835356470322928e+00 -5.093835356470322928e+00 -5.093835356470322928e+00 -5.093835356470322928e+00 -5.093835356470322928e+00 -5.093835356470322928e+00 -5.093835356470322928e+00
-6.411678904768452369e+00 -6.411678904768452369e+00 -6.411678904768452369e+00 -6.411678904768452369e+00 -6.411678904768452369e+00 -6.411678904768452369e+00 -6.411678904768452369e+00 -6.411678904768452369e+00 -6.411678904768452369e+00 -6.411678904768452369e+00 -6.411678904768451481e+00
-8.951991418120220700e+00 -8.951991418120220700e+00 -8.951991418120220700e+00 -8.951991418120220700e+00 -8.951991418120220700e+00 -8.951991418120220700e+00 -8.951991418120218924e+00 -8.951991418120217148e+00 -8.951991418120208266e+00 -8.951991418120185173e+00 -8.951991418120105237e+00
-1.223832290089838892e+01 -1.223832290089838715e+01 -1.223832290089838182e+01 -1.223832290089836938e+01 -1.223832290089832497e+01 -1.223832290089818464e+01 -1.223832290089774233e+01 -1.223832290089634434e+01 -1.223832290089192476e+01 -1.223832290087794661e+01 -1.223832290083374197e+01
-1.699833164516203254e+01 -1.699833164514271999e+01 -1.699833164508165240e+01 -1.699833164488853043e+01 -1.699833164427783316e+01 -1.699833164234664196e+01 -1.699833163623966925e+01 -1.699833161692772876e+01 -1.699833155585801592e+01 -1.699833136273868561e+01 -1.699833075204231037e+01
-2.812463692865187426e+01 -2.779308540076198852e+01 -2.736358440680357518e+01 -2.688849033211655737e+01 -2.639667309777847137e+01 -2.589929313390884857e+01 -2.540012443789766294e+01 -2.490038781677596802e+01 -2.440047114309569309e+01 -2.390049749482629338e+01 -2.340050582830796344e+01
-2.922806330939457098e+01 -2.872806330939457098e+01 -2.822806330939457098e+01 -2.772806330939457098e+01 -2.722806330939457098e+01 -2.672806330939457098e+01 -2.622806330939457098e+01 -2.572806330939457098e+01 -2.522806330939457098e+01 -2.472806330939457098e+01 -2.422806330939457098e+01
