-2.073527595396891954e+01 -2.023527595660550205e+01 -1.973527595743926000e+01 -1.923527595770291754e+01 -1.873527595778629617e+01 -1.823527595781266086e+01 -1.773527595782099908e+01 -1.723527595782363520e+01 -1.673527595782447008e+01 -1.623527595782473298e+01 -1.573527595782481647e+01
-2.073527411674995591e+01 -2.023527537562500811e+01 -1.973527577371701369e+01 -1.923527589960483297e+01 -1.873527593941406622e+01 -1.823527595200285134e+01 -1.773527595598377360e+01 -1.723527595724265282e+01 -1.673527595764074505e+01 -1.623527595776663546e+01 -1.573527595780644361e+01
-2.073492509908534842e+01 -2.023516497590123464e+01 -1.973524085919272153e+01 -1.923526485835609279e+01 -1.873527244783392121e+01 -1.823527484786514208e+01 -1.773527560682441262e+01 -1.723527584682868508e+01 -1.673527592272472475e+01 -1.623527594672516372e+01 -1.573527595431477089e+01
-2.070567598781047280e+01 -2.022569571786615228e+01 -1.973222351037746947e+01 -1.923430836769295027e+01 -1.873496974582413088e+01 -1.823517910173901768e+01 -1.773524532690107947e+01 -1.723526627123796828e+01 -1.673527289462904477e+01 -1.623527498915023415e+01 -1.573527565149809071e+01
-2.011564177873951920e+01 -1.993404644352177613e+01 -1.961584902822536591e+01 -1.919384698947874313e+01 -1.872174280092707122e+01 -1.823095063198487153e+01 -1.773390350650843672e+01 -1.723484148130646787e+01 -1.673513851707600608e+01 -1.623523249032950488e+01 -1.573526221151382209e+01
-1.882338503965322829e+01 -1.881203190138421988e+01 -1.877796693878438816e+01 -1.868504895949152811e+01 -1.847846748745664769e+01 -1.813663260955834744e+01 -1.770159582402202147e+01 -1.722434033240151052e+01 -1.673178794232664046e+01 -1.623416991343633953e+01 -1.573492588585549079e+01
-1.763153202998154256e+01 -1.763079313542127835e+01 -1.762846478480746981e+01 -1.762118298497347268e+01 -1.759892796957744565e+01 -1.753523216493535841e+01 -1.737947487354749754e+01 -1.708876404166154117e+01 -1.668339720697979445e+01 -1.621819081513242367e+01 -1.572980006358177896e+01
-1.661310644586545493e+01 -1.661303557102099404e+01 -1.661281152117376081e+01 -1.661210377307738995e+01 -1.660987323758141798e+01 -1.660289412635532713e+01 -1.658153459588483258e+01 -1.652017074930616047e+01 -1.636889754725385515e+01 -1.608331547045509780e+01 -1.568124586215101424e+01
-1.574601262875741270e+01 -1.574600300294986255e+01 -1.574597256487768782e+01 -1.574587632527910763e+01 -1.574557212922445792e+01 -1.574461157668806699e+01 -1.574158794948025175e+01 -1.573216262902488438e+01 -1.570363599060168802e+01 -1.562407875964770021e+01 -1.543957848675855615e+01
-1.500792010478824778e+01 -1.500791834528020985e+01 -1.500791278127416462e+01 -1.500789518681125756e+01 -1.500783955292483718e+01 -1.500766367001645030e+01 -1.500710794773599055e+01 -1.500535526486808635e+01 -1.499985889171215270e+01 -1.498292195242486891e+01 -1.493333530126649222e+01
-1.437957104969223820e+01 -1.437957063548993908e+01 -1.437956932566986090e+01 -1.437956518368108760e+01 -1.437955208582249078e+01 -1.437951066935632660e+01 -1.437937972497794625e+01 -1.437896590213505199e+01 -1.437765986843174382e+01 -1.437355548690503504e+01 -1.436082582780072947e+01
