4.082060026946875197e+00 3.583183235164212999e+00 3.083542948572665754e+00 2.583657172238861488e+00 2.083693340853704612e+00 1.583704783188514931e+00 1.083708402054663900e+00 5.837095464888619745e-01 8.370990839555657315e-02 -4.162899771590154452e-01 -9.162899409681452001e-01
4.082060024479667426e+00 3.583183233806051415e+00 3.083542948081713142e+00 2.583657172077332476e+00 2.083693340801992644e+00 1.583704783172098951e+00 1.083708402049466279e+00 5.837095464872177342e-01 8.370990839503653080e-02 -4.162899771591799802e-01 -9.162899409681972696e-01
4.082060022051890336e+00 3.583183232615677838e+00 3.083542947660338651e+00 2.583657171939492514e+00 2.083693340757942103e+00 1.583704783158122353e+00 1.083708402045042041e+00 5.837095464858181870e-01 8.370990839459405142e-02 -4.162899771593198128e-01 -9.162899409682415675e-01
4.082060019747976831e+00 3.583183231577583783e+00 3.083542947299148018e+00 2.583657171821913234e+00 2.083693340720421450e+00 1.583704783146223427e+00 1.083708402041275942e+00 5.837095464846269177e-01 8.370990839421708907e-02 -4.162899771594391618e-01 -9.162899409682792040e-01
4.082060017614913328e+00 3.583183230675960118e+00 3.083542946989881184e+00 2.583657171721648549e+00 2.083693340688467011e+00 1.583704783136093530e+00 1.083708402038069840e+00 5.837095464836128400e-01 8.370990839389651217e-02 -4.162899771595403031e-01 -9.162899409683111784e-01
4.082060015674670694e+00 3.583183229895463562e+00 3.083542946725315925e+00 2.583657171636172922e+00 2.083693340661254556e+00 1.583704783127470206e+00 1.083708402035341134e+00 5.837095464827496416e-01 8.370990839362341118e-02 -4.162899771596267340e-01 -9.162899409683386009e-01
4.082060013932892417e+00 3.583183229221665655e+00 3.083542946499163495e+00 2.583657171563321864e+00 2.083693340638082869e+00 1.583704783120129189e+00 1.083708402033018547e+00 5.837095464820151181e-01 8.370990839339120804e-02 -4.162899771597001752e-01 -9.162899409683618046e-01
4.082060012384919112e+00 3.583183228641293461e+00 3.083542946305973143e+00 2.583657171501243521e+00 2.083693340618352430e+00 1.583704783113879744e+00 1.083708402031041240e+00 5.837095464813897294e-01 8.370990839319357446e-02 -4.162899771597626808e-01 -9.162899409683814556e-01
4.082060011019931878e+00 3.583183228142330812e+00 3.083542946141029972e+00 2.583657171448353385e+00 2.083693340601553423e+00 1.583704783108560221e+00 1.083708402029358364e+00 5.837095464808574885e-01 8.370990839302522302e-02 -4.162899771598159715e-01 -9.162899409683983309e-01
4.082060009823755387e+00 3.583183227714030306e+00 3.083542946000270124e+00 2.583657171403298314e+00 2.083693340587251086e+00 1.583704783104031621e+00 1.083708402027925732e+00 5.837095464804042955e-01 8.370990839288190710e-02 -4.162899771598612686e-01 -9.162899409684126528e-01
4.082060002375990315e+00 3.583183225200966771e+00 3.083542945188792128e+00 2.583657171144973397e+00 2.083693340505389013e+00 1.583704783078127676e+00 1.083708402019732508e+00 5.837095464778133680e-01 8.370990839206254863e-02 -4.162899771601204502e-01 -9.162899409684945873e-01
