7.336537989358487444e+00 7.336537989358487444e+00 7.336537989358487444e+00 7.336537989358487444e+00 7.336537989358487444e+00 7.336537989358487444e+00 7.336537989358487444e+00 7.336537989358487444e+00 7.336537989358487444e+00 7.336537989358487444e+00 7.336537989358487444e+00
7.364448207869003227e+00 7.364448207869003227e+00 7.364448207869003227e+00 7.364448207869003227e+00 7.364448207869003227e+00 7.364448207869003227e+00 7.364448207869003227e+00 7.364448207869003227e+00 7.364448207869003227e+00 7.364448207869003227e+00 7.364448207869003227e+00
7.388050546833232701e+00 7.388050546833232701e+00 7.388050546833232701e+00 7.388050546833232701e+00 7.388050546833232701e+00 7.388050546833232701e+00 7.388050546833232701e+00 7.388050546833232701e+00 7.388050546833232701e+00 7.388050546833232701e+00 7.388050546833232701e+00
7.407849739871664063e+00 7.407849739871664063e+00 7.407849739871664063e+00 7.407849739871664063e+00 7.407849739871664063e+00 7.407849739871664063e+00 7.407849739871664063e+00 7.407849739871664063e+00 7.407849739871664063e+00 7.407849739871664063e+00 7.407849739871664063e+00
7.424328790665658317e+00 7.424328790665658317e+00 7.424328790665658317e+00 7.424328790665658317e+00 7.424328790665658317e+00 7.424328790665658317e+00 7.424328790665658317e+00 7.424328790665658317e+00 7.424328790665658317e+00 7.424328790665658317e+00 7.424328790665658317e+00
7.437940550204068302e+00 7.437940550204068302e+00 7.437940550204068302e+00 7.437940550204068302e+00 7.437940550204068302e+00 7.437940550204068302e+00 7.437940550204068302e+00 7.437940550204068302e+00 7.437940550204068302e+00 7.437940550204068302e+00 7.437940550204068302e+00
7.449101776295957045e+00 7.449101776295957045e+00 7.449101776295957045e+00 7.449101776295957045e+00 7.449101776295957045e+00 7.449101776295957045e+00 7.449101776295957045e+00 7.449101776295957045e+00 7.449101776295957045e+00 7.449101776295957045e+00 7.449101776295957045e+00
7.458189499733204997e+00 7.458189499733204997e+00 7.458189499733204997e+00 7.458189499733204997e+00 7.458189499733204997e+00 7.458189499733204997e+00 7.458189499733204997e+00 7.458189499733204997e+00 7.458189499733204997e+00 7.458189499733204997e+00 7.458189499733204997e+00
7.465539439171166691e+00 7.465539439171166691e+00 7.465539439171166691e+00 7.465539439171166691e+00 7.465539439171166691e+00 7.465539439171166691e+00 7.465539439171166691e+00 7.465539439171166691e+00 7.465539439171166691e+00 7.465539439171166691e+00 7.465539439171166691e+00
7.471446145303568542e+00 7.471446145303568542e+00 7.471446145303568542e+00 7.471446145303568542e+00 7.471446145303568542e+00 7.471446145303568542e+00 7.471446145303568542e+00 7.471446145303568542e+00 7.471446145303568542e+00 7.471446145303568542e+00 7.471446145303568542e+00
7.476164520066404862e+00 7.476164520066404862e+00 7.476164520066404862e+00 7.476164520066404862e+00 7.476164520066404862e+00 7.476164520066404862e+00 7.476164520066404862e+00 7.476164520066404862e+00 7.476164520066404862e+00 7.476164520066404862e+00 7.476164520066404862e+00
