4.002390123246600595e+00 4.002390168432170547e+00 4.002390311321455840e+00 4.002390763176741473e+00 4.002392192065515886e+00 4.002396710577560413e+00 4.002410999057220309e+00 4.002456180097174077e+00 4.002599024099334990e+00 4.003050426887230451e+00 4.004474801279080509e+00
4.142174747415167779e+00 4.142174792591816868e+00 4.142174935452892726e+00 4.142175387218970606e+00 4.142176815825645342e+00 4.142181333445599911e+00 4.142195619104096060e+00 4.142240791221483143e+00 4.142383606995360346e+00 4.142834920390514597e+00 4.144259010809599353e+00
4.281902308423598313e+00 4.281902353595341992e+00 4.281902496440906702e+00 4.281902948157936706e+00 4.281904376609503515e+00 4.281908893738936683e+00 4.281923177845990303e+00 4.281968345054529834e+00 4.282111145277664122e+00 4.282562409220393995e+00 4.283986340471353849e+00
4.421549555993387948e+00 4.421549601164644017e+00 4.421549744008666849e+00 4.421550195720818088e+00 4.421551624156953686e+00 4.421556141237544146e+00 4.421570425189676357e+00 4.421615591903640841e+00 4.421758390516083104e+00 4.422209648897557521e+00 4.423633557861610832e+00
4.561084894661490807e+00 4.561084939837380503e+00 4.561085082696055615e+00 4.561085534454540458e+00 4.561086963037189079e+00 4.561091480581020541e+00 4.561105765997333528e+00 4.561150937334272015e+00 4.561293750494080257e+00 4.561745054159865198e+00 4.563169099112604599e+00
4.700465375276002611e+00 4.700465420462730748e+00 4.700465563355680665e+00 4.700466015222549920e+00 4.700467444147929719e+00 4.700471962775467638e+00 4.700486251617709499e+00 4.700531433777869417e+00 4.700674281058509152e+00 4.701125691570717358e+00 4.702550063834605609e+00
4.839632720527357712e+00 4.839632765732691411e+00 4.839632908684477819e+00 4.839633360737403578e+00 4.839634790251131413e+00 4.839639310739038969e+00 4.839653605462785002e+00 4.839698806206861548e+00 4.839841712104671068e+00 4.840293306475770052e+00 4.841718245056878978e+00
4.978508155652647815e+00 4.978508200886514246e+00 4.978508343928527147e+00 4.978508796266774006e+00 4.978510226682745454e+00 4.978514750023584234e+00 4.978529053766974855e+00 4.978574283012509483e+00 4.978717278828137971e+00 4.979169155425326565e+00 4.980594965230525695e+00
5.116985830327931417e+00 5.116985875603144329e+00 5.116986018775905976e+00 5.116986471527613212e+00 5.116987903251029479e+00 5.116992430726078567e+00 5.117006747540035150e+00 5.117052018088791954e+00 5.117195144221213354e+00 5.117647429958944727e+00 5.119074503921169139e+00
5.254924698674402705e+00 5.254924744007515081e+00 5.254924887363369379e+00 5.254925340694063252e+00 5.254926774248356303e+00 5.254931307512735295e+00 5.254945642630064029e+00 5.254990971018171919e+00 5.255134279644654960e+00 5.255587138375274137e+00 5.257015983142586002e+00
5.392138915438468239e+00 5.392138960850695106e+00 5.392139104456735055e+00 5.392139558578576519e+00 5.392140994634641693e+00 5.392145535809752310e+00 5.392159895937342462e+00 5.392205303358177382e+00 5.392348861341245581e+00 5.392802502933040643e+00 5.394233766426577148e+00
