5.692925072652975871e+00 5.692925877971442006e+00 5.692928424542050614e+00 5.692936476805575907e+00 5.692961933300873412e+00 5.693042363844118547e+00 5.693296008381478757e+00 5.694091125697096523e+00 5.696536205704118672e+00 5.703590853224306478e+00 5.719684083856900969e+00
5.766748501204732591e+00 5.766749189807514497e+00 5.766751367278446949e+00 5.766758252223562309e+00 5.766780016106655360e+00 5.766848757318853380e+00 5.767065314501012452e+00 5.767741933708483870e+00 5.769800336319929279e+00 5.775520214778896211e+00 5.786543103041722702e+00
5.832850873859937835e+00 5.832851420669864062e+00 5.832853149738470577e+00 5.832858616571471089e+00 5.832875894596079469e+00 5.832930436346968506e+00 5.833101951926334294e+00 5.833634758557173505e+00 5.835224959875781714e+00 5.839342016624420317e+00 5.844482389119177945e+00
5.891438906941729670e+00 5.891439285825359029e+00 5.891440483849142318e+00 5.891444271218493789e+00 5.891456236788610745e+00 5.891493963859371519e+00 5.891612155056349387e+00 5.891974835560195523e+00 5.893012612125291483e+00 5.895256718181357769e+00 5.893798703848212917e+00
5.942850101369866245e+00 5.942850286277332472e+00 5.942850870878702452e+00 5.942852718276865787e+00 5.942858547528271806e+00 5.942876853969683459e+00 5.942933473704036906e+00 5.943099893706728309e+00 5.943502326570212269e+00 5.943616992685811340e+00 5.935011551798138996e+00
5.987525789264410925e+00 5.987525755461923005e+00 5.987525648425989999e+00 5.987525308517963829e+00 5.987524219331108455e+00 5.987520632099379903e+00 5.987507862635936817e+00 5.987453338874598963e+00 5.987143116475970750e+00 5.984901949296697943e+00 5.968824805647154896e+00
6.025982463840288794e+00 6.025982189112903065e+00 6.025981320191196922e+00 6.025978570845354376e+00 6.025969860914191401e+00 6.025942160495485034e+00 6.025852997302146186e+00 6.025555535767842308e+00 6.024465114288275025e+00 6.019687112135492235e+00 5.996072780281737735e+00
6.058783807274462418e+00 6.058783272980213574e+00 6.058781583224330802e+00 6.058776238056132080e+00 6.058759318248330139e+00 6.058705644333578277e+00 6.058534232058694791e+00 6.057975608405925527e+00 6.056050800183875538e+00 6.048612664290241803e+00 6.017657934904407036e+00
6.086515173099463105e+00 6.086514364978330427e+00 6.086511809298198017e+00 6.086503725761077455e+00 6.086478145713109633e+00 6.086397078230925572e+00 6.086138967882950723e+00 6.085305549619508092e+00 6.082508193214422043e+00 6.072352239037804189e+00 6.034489152237626719e+00
6.109761645725920509e+00 6.109760554402683397e+00 6.109757103156734814e+00 6.109746187570618048e+00 6.109711651588740189e+00 6.109602260982440747e+00 6.109254568837384269e+00 6.108137816314330060e+00 6.104447315177647937e+00 6.091584208073096640e+00 6.047428977010008921e+00
6.209386158939462774e+00 6.209381373948483329e+00 6.209366247106924419e+00 6.209318457402142499e+00 6.209167680693197688e+00 6.208694999183939522e+00 6.207231363142934555e+00 6.202822755554559642e+00 6.190263086550118921e+00 6.157821718633971209e+00 6.085306521163694526e+00
