9.116748403518515786e+00 9.110691492120590596e+00 9.096755108116804323e+00 9.069533052011163221e+00 9.023786661344354698e+00 8.954809737245289725e+00 8.857458304428485363e+00 8.725247740785883721e+00 8.550189701686921495e+00 8.323561923129551232e+00 8.037893880925306433e+00
9.116747927861593936e+00 9.110691183496943069e+00 9.096754917082655822e+00 9.069532931077553428e+00 9.023786579064388746e+00 8.954809676950173269e+00 8.857458257817668823e+00 8.725247703747763595e+00 8.550189672262167306e+00 8.323561900454146567e+00 8.037893864543599776e+00
9.116747293924278850e+00 9.110690774806302628e+00 9.096754666928287492e+00 9.069532775309117056e+00 9.023786475157024256e+00 8.954809602318048789e+00 8.857458201156902078e+00 8.725247659386752730e+00 8.550189637415218868e+00 8.323561873815412682e+00 8.037893845402360071e+00
9.116746448073856257e+00 9.110690232557518087e+00 9.096754338344220869e+00 9.069532573789311769e+00 9.023786343241095409e+00 8.954809509435538217e+00 8.857458131942317792e+00 8.725247606047796367e+00 8.550189596030762118e+00 8.323561842462419591e+00 8.037893823011433625e+00
9.116745318362447392e+00 9.110689511874484836e+00 9.096753905534093576e+00 9.069532312011858721e+00 9.023786174906740953e+00 8.954809393204257617e+00 8.857458046960156040e+00 8.725247541644039373e+00 8.550189546729354717e+00 8.323561805483622678e+00 8.037893796785333222e+00
9.116743808263469973e+00 9.110688552598384504e+00 9.096753334005187597e+00 9.069531970670686505e+00 9.023785959043225446e+00 8.954809246958420843e+00 8.857457942066458756e+00 8.725247463530108050e+00 8.550189487795570642e+00 8.323561761767175327e+00 8.037893766022133235e+00
9.116741788276064185e+00 9.110687274052283513e+00 9.096752577601609602e+00 9.069531524037040882e+00 9.023785680939308662e+00 8.954809061954760452e+00 8.857457811894713373e+00 8.725247368335235620e+00 8.550189417084450128e+00 8.323561709950066501e+00 8.037893729876952165e+00
9.116739084682619065e+00 9.110685568009229129e+00 9.096751574519730710e+00 9.069530937782076307e+00 9.023785321078412025e+00 8.954808826691364132e+00 8.857457649467201932e+00 8.725247251742914045e+00 8.550189331899243683e+00 8.323561648352614029e+00 8.037893687328491410e+00
9.116735464512847997e+00 9.110683289248878935e+00 9.096750241956202743e+00 9.069530166054622811e+00 9.023784853524210448e+00 8.954808525997272284e+00 8.857457445677578534e+00 8.725247108199363666e+00 8.550189228831115429e+00 8.323561574893759030e+00 8.037893637136543035e+00
9.116730615412377503e+00 9.110680242871845635e+00 9.096748468917816410e+00 9.069529147558213822e+00 9.023784243756281853e+00 8.954808139814636192e+00 8.857457188601104647e+00 8.725246930526941114e+00 8.550189103548380132e+00 8.323561486981052582e+00 8.037893577787787791e+00
9.116724119008146943e+00 9.110676167292963257e+00 9.096746106564248535e+00 9.069527800283653463e+00 9.023783445767264766e+00 8.954807641568415022e+00 8.857456862574077050e+00 8.725246709410658497e+00 8.550188950518570863e+00 8.323561381367214906e+00 8.037893507426289830e+00
