-1.890150545108756219e+01 -1.889820120385708080e+01 -1.888791469387542676e+01 -1.885690221789529986e+01 -1.877127610658031642e+01 -1.857652207251411269e+01 -1.824554694972395552e+01 -1.781636227214095314e+01 -1.734139286319026141e+01 -1.684961818079635876e+01 -1.635225201283772378e+01
-1.619433023330278587e+01 -1.619432372380875407e+01 -1.619430313962328327e+01 -1.619423805313340381e+01 -1.619403229575158321e+01 -1.619338227458419510e+01 -1.619133310669189996e+01 -1.618491597657272152e+01 -1.616522560779111117e+01 -1.610825520169608893e+01 -1.596562532309113891e+01
-1.388876191774540736e+01 -1.388876188553604329e+01 -1.388876178368110459e+01 -1.388876146158766645e+01 -1.388876044304035595e+01 -1.388875722212666552e+01 -1.388874703686046530e+01 -1.388871482979263661e+01 -1.388861299781748926e+01 -1.388829113388688441e+01 -1.388727487779624248e+01
-1.192632916481530181e+01 -1.192632916446410540e+01 -1.192632916335352711e+01 -1.192632915984156838e+01 -1.192632914873578009e+01 -1.192632911361619463e+01 -1.192632900255833128e+01 -1.192632865136271825e+01 -1.192632754078654678e+01 -1.192632402885502252e+01 -1.192631292333931370e+01
-1.025596557681652499e+01 -1.025596557680902343e+01 -1.025596557678530019e+01 -1.025596557671027753e+01 -1.025596557647303975e+01 -1.025596557572282386e+01 -1.025596557335043535e+01 -1.025596556584828356e+01 -1.025596554212439848e+01 -1.025596546710289658e+01 -1.025596522986415948e+01
-8.834202460622160302e+00 -8.834202460621876085e+00 -8.834202460620977249e+00 -8.834202460618136854e+00 -8.834202460609153817e+00 -8.834202460580746319e+00 -8.834202460490915954e+00 -8.834202460206848073e+00 -8.834202459308546196e+00 -8.834202456467862064e+00 -8.834202447484836185e+00
-7.624040489083837357e+00 -7.624040489083819594e+00 -7.624040489083764527e+00 -7.624040489083589556e+00 -7.624040489083035332e+00 -7.624040489081284733e+00 -7.624040489075747828e+00 -7.624040489058239167e+00 -7.624040489002871013e+00 -7.624040488827780848e+00 -7.624040488274098415e+00
-6.593986260006523104e+00 -6.593986260006521327e+00 -6.593986260006516886e+00 -6.593986260006500011e+00 -6.593986260006448497e+00 -6.593986260006285072e+00 -6.593986260005768152e+00 -6.593986260004134792e+00 -6.593986259998967370e+00 -6.593986259982629328e+00 -6.593986259930963101e+00
-5.717229246075747007e+00 -5.717229246075747007e+00 -5.717229246075746119e+00 -5.717229246075744342e+00 -5.717229246075737237e+00 -5.717229246075715920e+00 -5.717229246075646643e+00 -5.717229246075429927e+00 -5.717229246074743365e+00 -5.717229246072573545e+00 -5.717229246065711479e+00
-4.970930415672270009e+00 -4.970930415672270009e+00 -4.970930415672270009e+00 -4.970930415672269120e+00 -4.970930415672268232e+00 -4.970930415672264679e+00 -4.970930415672252245e+00 -4.970930415672213165e+00 -4.970930415672089708e+00 -4.970930415671700686e+00 -4.970930415670469671e+00
-4.335590332006874270e+00 -4.335590332006874270e+00 -4.335590332006874270e+00 -4.335590332006874270e+00 -4.335590332006874270e+00 -4.335590332006873382e+00 -4.335590332006869829e+00 -4.335590332006860947e+00 -4.335590332006832526e+00 -4.335590332006742820e+00 -4.335590332006457714e+00
