7.743161103572404613e+00 7.673294856730064950e+00 7.448991719480273055e+00 7.077756915849537478e+00 6.614948725503727367e+00 6.121172716260156577e+00 5.621891905546197776e+00 5.121965457598109062e+00 4.621972832571708878e+00 4.121973570753779015e+00 3.621973644732017217e+00
7.743563231076080022e+00 7.673580294742416541e+00 7.449149242535136217e+00 7.077813515674575839e+00 6.614960056338900607e+00 6.121174090779381238e+00 5.621892032657881622e+00 5.121965465333700784e+00 4.621972831753036637e+00 4.121973570168250056e+00 3.621973644514192348e+00
7.744547378028634022e+00 7.674278682555448761e+00 7.449534479926397168e+00 7.077951834443267920e+00 6.614987723839312217e+00 6.121177445355071356e+00 5.621892342782042640e+00 5.121965484183461648e+00 4.621972829746058942e+00 4.121973568736434501e+00 3.621973643981696078e+00
7.746612837918911865e+00 7.675743582806298093e+00 7.450341711018094948e+00 7.078241201782056180e+00 6.615045500271993006e+00 6.121184442686603333e+00 5.621892989224044790e+00 5.121965523367564721e+00 4.621972825518406935e+00 4.121973565736881007e+00 3.621973642866887388e+00
7.750419088555393188e+00 7.678440168471049709e+00 7.451824741231917848e+00 7.078771168202932174e+00 6.615150946954271305e+00 6.121197185977305999e+00 5.621894164928312954e+00 5.121965594253582665e+00 4.621972817673503542e+00 4.121973560228603617e+00 3.621973640822263363e+00
7.756706248011116855e+00 7.682885967164769347e+00 7.454261473620903189e+00 7.079637270238770874e+00 6.615322242265395225e+00 6.121217811153415234e+00 5.621896063433422519e+00 5.121965707651316535e+00 4.621972804566622628e+00 4.121973551184982654e+00 3.621973637472528207e+00
7.766182881213597788e+00 7.689567116449721240e+00 7.457903781693598688e+00 7.080920959481745491e+00 6.615573754854168875e+00 6.121247922938802155e+00 5.621898825111042441e+00 5.121965870124574494e+00 4.621972784479337015e+00 4.121973537683089717e+00 3.621973632487872852e+00
7.779419080966162525e+00 7.698857995868687354e+00 7.462929149063384671e+00 7.082670367309260584e+00 6.615911905442332319e+00 6.121288079597614562e+00 5.621902488576699497e+00 5.121966080740219418e+00 4.621972755810248579e+00 4.121973519085933013e+00 3.621973625653803985e+00
7.796774321990452172e+00 7.710966675267922454e+00 7.469408119588345940e+00 7.084888028553007366e+00 6.616332807984990794e+00 6.121337526982696176e+00 5.621906966912121106e+00 5.121966329709873200e+00 4.621972717262483599e+00 4.121973495163458345e+00 3.621973616915576955e+00
7.818370439388670157e+00 7.725914804313391393e+00 7.477293680225707284e+00 7.087528549644690479e+00 6.616822428642346487e+00 6.121394277027892628e+00 5.621912057846687460e+00 5.121966599604578896e+00 4.621972668020728925e+00 4.121973466127777819e+00 3.621973606387260070e+00
7.844103538756717953e+00 7.743548015625361103e+00 7.486430797590594821e+00 7.090505600244183526e+00 6.617359028862934700e+00 6.121455484765000676e+00 5.621917482807780253e+00 5.121966868703463405e+00 4.621972607898993779e+00 4.121973432588697861e+00 3.621973594328552704e+00
