-1.454124650136782604e+00 -1.953763000268054162e+00 -2.453714924395900887e+00 -2.953706367001792898e+00 -3.453704325760957428e+00 -3.953703746755220738e+00 -4.453703570306851489e+00 -4.953703515173915051e+00 -5.453703497805844513e+00 -5.953703492320227220e+00 -6.453703490586187641e+00
-1.454242211106033356e+00 -1.953774791555841217e+00 -2.453716103613806432e+00 -2.953706484796283949e+00 -3.453704337497203625e+00 -3.953703747915110256e+00 -4.453703570418494628e+00 -4.953703515183705441e+00 -5.453703497806388967e+00 -5.953703492320144619e+00 -6.453703490586136127e+00
-1.454400249814601587e+00 -1.953790656529095005e+00 -2.453717690445555100e+00 -2.953706643333637416e+00 -3.453704353300435237e+00 -3.953703749479359875e+00 -4.453703570569834014e+00 -4.953703515197230622e+00 -5.453703497807232736e+00 -5.953703492320067348e+00 -6.453703490586077507e+00
-1.454612651872641882e+00 -1.953812003514359574e+00 -2.453719825930599008e+00 -2.953706856715681894e+00 -3.453704374579321001e+00 -3.953703751588343529e+00 -4.453703570774750098e+00 -4.953703515215830855e+00 -5.453703497808493950e+00 -5.953703492320004287e+00 -6.453703490586010894e+00
-1.454898022065697960e+00 -1.953840728098252599e+00 -2.453722699998218015e+00 -2.953707143933932855e+00 -3.453704403231149911e+00 -3.953703754431180606e+00 -4.453703571051961241e+00 -4.953703515241315358e+00 -5.453703497810335143e+00 -5.953703492319965207e+00 -6.453703490585936287e+00
-1.455281252250481439e+00 -1.953879381848197205e+00 -2.453726568482864412e+00 -2.953707530576318963e+00 -3.453704441813719050e+00 -3.953703758263301893e+00 -4.453703571426901320e+00 -4.953703515276193237e+00 -5.453703497812996126e+00 -5.953703492319969648e+00 -6.453703490585854574e+00
-1.455795581268557903e+00 -1.953931399150925508e+00 -2.453731776014060006e+00 -2.953708051109232624e+00 -3.453704493770588080e+00 -3.953703763428034534e+00 -4.453703571933575134e+00 -4.953703515323761408e+00 -5.453703497816772661e+00 -5.953703492320037149e+00 -6.453703490585763092e+00
-1.456485282143039628e+00 -1.954001402598621207e+00 -2.453738786993965082e+00 -2.953708751984412739e+00 -3.453704563743294820e+00 -3.953703770388293126e+00 -4.453703572617881079e+00 -4.953703515388485634e+00 -5.453703497822073309e+00 -5.953703492320197022e+00 -6.453703490585661839e+00
-1.457409132225641724e+00 -1.954095613618184624e+00 -2.453748227466910237e+00 -2.953709695847668293e+00 -3.453704657996679472e+00 -3.953703779770490812e+00 -4.453703573542436622e+00 -4.953703515476619579e+00 -5.453703497829519797e+00 -5.953703492320509660e+00 -6.453703490585556146e+00
-1.458644834940629798e+00 -1.954222403147567011e+00 -2.453760941450387367e+00 -2.953710967151988775e+00 -3.453704784969486852e+00 -3.953703792416169982e+00 -4.453703574790654152e+00 -4.953703515596269646e+00 -5.453703497839849312e+00 -5.953703492321024804e+00 -6.453703490585444236e+00
-1.460294570525039637e+00 -1.954393031262278368e+00 -2.453778067467101032e+00 -2.953712679869905600e+00 -3.453704956056386610e+00 -3.953703809463530838e+00 -4.453703576475946946e+00 -4.953703515758649978e+00 -5.453703497854142768e+00 -5.953703492321839263e+00 -6.453703490585331437e+00
