-6.927586557598497397e-01 -6.927586557598497397e-01 -6.927586557598497397e-01 -6.927586557598497397e-01 -6.927586557598497397e-01 -6.927586557598497397e-01 -6.927586557598497397e-01 -6.927586557598497397e-01 -6.927586557598497397e-01 -6.927586557598497397e-01 -6.927586557598497397e-01
-1.007334518192833928e+00 -1.007334518192833928e+00 -1.007334518192833928e+00 -1.007334518192833928e+00 -1.007334518192833928e+00 -1.007334518192833928e+00 -1.007334518192833928e+00 -1.007334518192833928e+00 -1.007334518192833928e+00 -1.007334518192833928e+00 -1.007334518192833928e+00
-1.403801367558448643e+00 -1.403801367558448643e+00 -1.403801367558448643e+00 -1.403801367558448643e+00 -1.403801367558448643e+00 -1.403801367558448643e+00 -1.403801367558448643e+00 -1.403801367558448643e+00 -1.403801367558448643e+00 -1.403801367558448643e+00 -1.403801367558448643e+00
-1.931476178460489246e+00 -1.931476178460489246e+00 -1.931476178460489246e+00 -1.931476178460489246e+00 -1.931476178460489246e+00 -1.931476178460489246e+00 -1.931476178460489246e+00 -1.931476178460489246e+00 -1.931476178460489246e+00 -1.931476178460489246e+00 -1.931476178460489246e+00
-2.653431413406336592e+00 -2.653431413406336592e+00 -2.653431413406336592e+00 -2.653431413406336592e+00 -2.653431413406336592e+00 -2.653431413406336592e+00 -2.653431413406336592e+00 -2.653431413406336592e+00 -2.653431413406336592e+00 -2.653431413406336592e+00 -2.653431413406336592e+00
-3.632173980989151563e+00 -3.632173980989151563e+00 -3.632173980989151563e+00 -3.632173980989151563e+00 -3.632173980989151563e+00 -3.632173980989151563e+00 -3.632173980989151563e+00 -3.632173980989151563e+00 -3.632173980989151563e+00 -3.632173980989151563e+00 -3.632173980989151563e+00
-5.229516319326641849e+00 -5.229516319326641849e+00 -5.229516319326641849e+00 -5.229516319326641849e+00 -5.229516319326641849e+00 -5.229516319326641849e+00 -5.229516319326641849e+00 -5.229516319326641849e+00 -5.229516319326641849e+00 -5.229516319326641849e+00 -5.229516319326641849e+00
-7.673668600977316068e+00 -7.673668600977316068e+00 -7.673668600977316068e+00 -7.673668600977316068e+00 -7.673668600977316068e+00 -7.673668600977316068e+00 -7.673668600977316068e+00 -7.673668600977316068e+00 -7.673668600977316068e+00 -7.673668600977316068e+00 -7.673668600977316068e+00
-1.224475725805321424e+01 -1.224475725805321424e+01 -1.224475725805321424e+01 -1.224475725805321424e+01 -1.224475725805321424e+01 -1.224475725805321424e+01 -1.224475725805321424e+01 -1.224475725805321424e+01 -1.224475725805321247e+01 -1.224475725805321247e+01 -1.224475725805321069e+01
-2.149550846962552342e+01 -2.149550846960952555e+01 -2.149550846955894201e+01 -2.149550846939897397e+01 -2.149550846889311018e+01 -2.149550846729343334e+01 -2.149550846223480249e+01 -2.149550844623801282e+01 -2.149550839565172922e+01 -2.149550823568389291e+01 -2.149550772982156133e+01
-3.320117354352699124e+01 -3.270117356188871582e+01 -3.220117356769520001e+01 -3.170117356953137389e+01 -3.120117357011202230e+01 -3.070117357029563721e+01 -3.020117357035370276e+01 -2.970117357037206673e+01 -2.920117345300508305e+01 -2.870117353326206810e+01 -2.820117355864155684e+01
