-3.306701828898745088e+00 -3.306701828898669593e+00 -3.306701828898431117e+00 -3.306701828897675721e+00 -3.306701828895288742e+00 -3.306701828887738781e+00 -3.306701828863864989e+00 -3.306701828788368047e+00 -3.306701828549626132e+00 -3.306701827794658488e+00 -3.306701825407240669e+00
-2.753749986266982308e+00 -2.753749986266961436e+00 -2.753749986266894378e+00 -2.753749986266682548e+00 -2.753749986266013750e+00 -2.753749986263898109e+00 -2.753749986257208349e+00 -2.753749986236053715e+00 -2.753749986169156561e+00 -2.753749985957608448e+00 -2.753749985288633795e+00
-2.282331716298760416e+00 -2.282331716298753310e+00 -2.282331716298730662e+00 -2.282331716298659163e+00 -2.282331716298432678e+00 -2.282331716297715918e+00 -2.282331716295450619e+00 -2.282331716288286572e+00 -2.282331716265631361e+00 -2.282331716193989557e+00 -2.282331715967438335e+00
-1.879472866892493599e+00 -1.879472866892490712e+00 -1.879472866892481608e+00 -1.879472866892453187e+00 -1.879472866892363259e+00 -1.879472866892078153e+00 -1.879472866891176208e+00 -1.879472866888325377e+00 -1.879472866879309700e+00 -1.879472866850798951e+00 -1.879472866760641514e+00
-1.533675845008876326e+00 -1.533675845008875216e+00 -1.533675845008871219e+00 -1.533675845008858118e+00 -1.533675845008816818e+00 -1.533675845008686700e+00 -1.533675845008275029e+00 -1.533675845006973182e+00 -1.533675845002856475e+00 -1.533675844989837778e+00 -1.533675844948669154e+00
-1.234727800613460547e+00 -1.234727800613459880e+00 -1.234727800613457660e+00 -1.234727800613450777e+00 -1.234727800613429904e+00 -1.234727800613362847e+00 -1.234727800613151683e+00 -1.234727800612483328e+00 -1.234727800610369464e+00 -1.234727800603685033e+00 -1.234727800582547497e+00
-9.736375766981335556e-01 -9.736375766981333335e-01 -9.736375766981320012e-01 -9.736375766981281155e-01 -9.736375766981163471e-01 -9.736375766980782664e-01 -9.736375766979583624e-01 -9.736375766975788881e-01 -9.736375766963795142e-01 -9.736375766925861042e-01 -9.736375766805906995e-01
-7.426352260723136922e-01 -7.426352260723134702e-01 -7.426352260723126930e-01 -7.426352260723103615e-01 -7.426352260723030341e-01 -7.426352260722796084e-01 -7.426352260722054455e-01 -7.426352260719709664e-01 -7.426352260712294484e-01 -7.426352260688848794e-01 -7.426352260614704770e-01
-5.351650194939922001e-01 -5.351650194939919780e-01 -5.351650194939915339e-01 -5.351650194939899796e-01 -5.351650194939852057e-01 -5.351650194939695515e-01 -5.351650194939202576e-01 -5.351650194937642713e-01 -5.351650194932714433e-01 -5.351650194917125791e-01 -5.351650194867828558e-01
-3.458320901053233420e-01 -3.458320901053232310e-01 -3.458320901053228980e-01 -3.458320901053217322e-01 -3.458320901053183460e-01 -3.458320901053072993e-01 -3.458320901052723273e-01 -3.458320901051620821e-01 -3.458320901048132501e-01 -3.458320901037103545e-01 -3.458320901002224224e-01
-1.702977691039131714e-01 -1.702977691039130881e-01 -1.702977691039128105e-01 -1.702977691039120334e-01 -1.702977691039093966e-01 -1.702977691039011809e-01 -1.702977691038751185e-01 -1.702977691037929064e-01 -1.702977691035327257e-01 -1.702977691027098006e-01 -1.702977691001074378e-01
