-9.381216873015239344e+01 -9.331216876267636451e+01 -9.281216877296103007e+01 -9.231216877621332628e+01 -9.181216877724179426e+01 -9.131216877756702388e+01 -9.081216877766986784e+01 -9.031216877770239648e+01 -8.981216877771267093e+01 -8.931216877771592522e+01 -8.881216877771696261e+01
-9.397094029432400930e+01 -9.347094029432400930e+01 -9.297094029432400930e+01 -9.247094029432400930e+01 -9.197094029432400930e+01 -9.147094029432400930e+01 -9.097094029432400930e+01 -9.047094029432400930e+01 -8.997094029432400930e+01 -8.947094029432400930e+01 -8.897094029432400930e+01
-9.413488954052036206e+01 -9.363488954052036206e+01 -9.313488954052036206e+01 -9.263488954052036206e+01 -9.213488954052036206e+01 -9.163488954052036206e+01 -9.113488954052036206e+01 -9.063488954052036206e+01 -9.013488954052036206e+01 -8.963488954052036206e+01 -8.913488954052036206e+01
-9.430497040746996618e+01 -9.380497040746996618e+01 -9.330497040746996618e+01 -9.280497040746996618e+01 -9.230497040746996618e+01 -9.180497040746996618e+01 -9.130497040746996618e+01 -9.080497040746996618e+01 -9.030497040746996618e+01 -8.980497040746996618e+01 -8.930497040746996618e+01
-9.448233139855376805e+01 -9.398233139855376805e+01 -9.348233139855376805e+01 -9.298233139855376805e+01 -9.248233139855376805e+01 -9.198233139855376805e+01 -9.148233139855376805e+01 -9.098233139855376805e+01 -9.048233139855376805e+01 -8.998233139855376805e+01 -8.948233139855376805e+01
-9.466836008787858248e+01 -9.416836008787858248e+01 -9.366836008787858248e+01 -9.316836008787858248e+01 -9.266836008787858248e+01 -9.216836008787858248e+01 -9.166836008787858248e+01 -9.116836008787858248e+01 -9.066836008787858248e+01 -9.016836008787858248e+01 -8.966836008787858248e+01
-9.486473836982925434e+01 -9.436473836982925434e+01 -9.386473836982925434e+01 -9.336473836982925434e+01 -9.286473836982925434e+01 -9.236473836982925434e+01 -9.186473836982925434e+01 -9.136473836982925434e+01 -9.086473836982925434e+01 -9.036473836982925434e+01 -8.986473836982925434e+01
-9.507351081588406316e+01 -9.457351081588406316e+01 -9.407351081588406316e+01 -9.357351081588406316e+01 -9.307351081588406316e+01 -9.257351081588406316e+01 -9.207351081588406316e+01 -9.157351081588406316e+01 -9.107351081588406316e+01 -9.057351081588406316e+01 -9.007351081588406316e+01
-9.529716856750511056e+01 -9.479716856750511056e+01 -9.429716856750511056e+01 -9.379716856750511056e+01 -9.329716856750511056e+01 -9.279716856750511056e+01 -9.229716856750511056e+01 -9.179716856750511056e+01 -9.129716856750511056e+01 -9.079716856750511056e+01 -9.029716856750511056e+01
-9.553875097361667201e+01 -9.503875097361667201e+01 -9.453875097361667201e+01 -9.403875097361667201e+01 -9.353875097361667201e+01 -9.303875097361667201e+01 -9.253875097361667201e+01 -9.203875097361667201e+01 -9.153875097361667201e+01 -9.103875097361667201e+01 -9.053875097361667201e+01
-9.580196637100675616e+01 -9.530196637100675616e+01 -9.480196637100675616e+01 -9.430196637100675616e+01 -9.380196637100675616e+01 -9.330196637100675616e+01 -9.280196637100675616e+01 -9.230196637100675616e+01 -9.180196637100675616e+01 -9.130196637100675616e+01 -9.080196637100675616e+01
