2.002234266753029346e-01 -2.997651277612775611e-01 -7.997627261073817495e-01 -1.299762088456474007e+00 -1.799761898996597775e+00 -2.299761840302449567e+00 -2.799761821863563593e+00 -3.299761816044858964e+00 -3.799761814206041866e+00 -4.299761813624678908e+00 -4.799761813440847291e+00
2.002251471532474347e-01 -2.997649561436993015e-01 -7.997627090972387887e-01 -1.299762086803732952e+00 -1.799761898846598429e+00 -2.299761840292280368e+00 -2.799761821864074296e+00 -3.299761816045393203e+00 -3.799761814206247923e+00 -4.299761813624747298e+00 -4.799761813440869496e+00
2.002263939964899764e-01 -2.997648318371600729e-01 -7.997626967958261224e-01 -1.299762085614684537e+00 -1.799761898740694477e+00 -2.299761840285801107e+00 -2.799761821864726219e+00 -3.299761816045869711e+00 -3.799761814206425559e+00 -4.299761813624805917e+00 -4.799761813440888147e+00
2.002272974815499096e-01 -2.997647418170149569e-01 -7.997626879039403391e-01 -1.299762084760475389e+00 -1.799761898666339288e+00 -2.299761840281865144e+00 -2.799761821865439426e+00 -3.299761816046291152e+00 -3.799761814206578325e+00 -4.299761813624856543e+00 -4.799761813440905023e+00
2.002279520868673890e-01 -2.997646766400598461e-01 -7.997626814800632422e-01 -1.299762084147862984e+00 -1.799761898614496758e+00 -2.299761840279659353e+00 -2.799761821866161071e+00 -3.299761816046661078e+00 -3.799761814206709776e+00 -4.299761813624899176e+00 -4.799761813440918345e+00
2.002284263167966316e-01 -2.997646294609565554e-01 -7.997626768420615928e-01 -1.299762083709407712e+00 -1.799761898578668307e+00 -2.299761840278612191e+00 -2.799761821866857847e+00 -3.299761816046983931e+00 -3.799761814206822130e+00 -4.299761813624935591e+00 -4.799761813440929892e+00
2.002287698345667222e-01 -2.997645953183625256e-01 -7.997626734958543926e-01 -1.299762083396360790e+00 -1.799761898554187667e+00 -2.299761840278321756e+00 -2.799761821867511102e+00 -3.299761816047265484e+00 -3.799761814206918498e+00 -4.299761813624967566e+00 -4.799761813440939662e+00
2.002290186393753113e-01 -2.997645706169628221e-01 -7.997626710836636121e-01 -1.299762083173505056e+00 -1.799761898537710181e+00 -2.299761840278510938e+00 -2.799761821868111067e+00 -3.299761816047508844e+00 -3.799761814207000654e+00 -4.299761813624994211e+00 -4.799761813440948544e+00
2.002291988227390684e-01 -2.997645527517376896e-01 -7.997626693464827685e-01 -1.299762083015417735e+00 -1.799761898526845094e+00 -2.299761840278987890e+00 -2.799761821868652856e+00 -3.299761816047719787e+00 -3.799761814207071264e+00 -4.299761813625016416e+00 -4.799761813440955649e+00
2.002293292932970092e-01 -2.997645398354669144e-01 -7.997626680968663582e-01 -1.299762082903760607e+00 -1.799761898519887549e+00 -2.299761840279622493e+00 -2.799761821869137357e+00 -3.299761816047900975e+00 -3.799761814207131660e+00 -4.299761813625035956e+00 -4.799761813440961866e+00
2.002294237529184395e-01 -2.997645305011409356e-01 -7.997626671992005276e-01 -1.299762082825318688e+00 -1.799761898515624736e+00 -2.299761840280329039e+00 -2.799761821869565903e+00 -3.299761816048057295e+00 -3.799761814207183175e+00 -4.299761813625052831e+00 -4.799761813440967195e+00
