1.088079248742991290e+01 1.088079252738227609e+01 1.088079265372252813e+01 1.088079305324333390e+01 1.088079431661756402e+01 1.088079831154207611e+01 1.088081094242454938e+01 1.088085086230234921e+01 1.088097685328134645e+01 1.088137213378696977e+01 1.088257410608151687e+01
1.093186208542066140e+01 1.093186213094151960e+01 1.093186227489077211e+01 1.093186273009485276e+01 1.093186416954225315e+01 1.093186872113052566e+01 1.093188311103834742e+01 1.093192857996706557e+01 1.093207196897981781e+01 1.093252033232381848e+01 1.093386216969729752e+01
1.097762732828670984e+01 1.097762738028608354e+01 1.097762754472198843e+01 1.097762806470845653e+01 1.097762970899477430e+01 1.097763490812991805e+01 1.097765134362819417e+01 1.097770325913805678e+01 1.097786678714496489e+01 1.097837563415812490e+01 1.097986452137083546e+01
1.101847544741829843e+01 1.101847550688540167e+01 1.101847569493599543e+01 1.101847628959522041e+01 1.101847816998301255e+01 1.101848411539002193e+01 1.101850290729654525e+01 1.101856223790092137e+01 1.101874880549621061e+01 1.101932520385239656e+01 1.102095876299882526e+01
1.105480063016356063e+01 1.105480069814681521e+01 1.105480091312727708e+01 1.105480159294054587e+01 1.105480374255220610e+01 1.105481053874873254e+01 1.105483201529845338e+01 1.105489977513432720e+01 1.105511231936901950e+01 1.105576208118481141e+01 1.105752207065105885e+01
1.108699383627434010e+01 1.108699391384689292e+01 1.108699415915044462e+01 1.108699493484438214e+01 1.108699738756366493e+01 1.108700514132949522e+01 1.108702963643095707e+01 1.108710684200296370e+01 1.108734812917809620e+01 1.108807432403332527e+01 1.108991827192139290e+01
1.111543499977245197e+01 1.111543508797803526e+01 1.111543536690463974e+01 1.111543624890863136e+01 1.111543903765574015e+01 1.111544785248653255e+01 1.111547568724834179e+01 1.111556328910613267e+01 1.111583558485615875e+01 1.111663625226202434e+01 1.111848738093007505e+01
1.114048734601495916e+01 1.114048744578774297e+01 1.114048776129053131e+01 1.114048875893335300e+01 1.114049191311000975e+01 1.114050188099188965e+01 1.114053333622106301e+01 1.114063211616140947e+01 1.114093667957466671e+01 1.114180148286816596e+01 1.114353830528924760e+01
1.116249350428878806e+01 1.116249361633966153e+01 1.116249397066506965e+01 1.116249509103468718e+01 1.116249863289569966e+01 1.116250982260192259e+01 1.116254509945163598e+01 1.116265552116863802e+01 1.116299185249297921e+01 1.116389748419371664e+01 1.116534595399477503e+01
1.118177309158444466e+01 1.118177321624508025e+01 1.118177361043940543e+01 1.118177485681902006e+01 1.118177879649153006e+01 1.118179123747812831e+01 1.118183040290271180e+01 1.118195240107963784e+01 1.118231715614999544e+01 1.118322156145334212e+01 1.118415418331652589e+01
1.119862146546472559e+01 1.119862160248020011e+01 1.119862203573326731e+01 1.119862340552053936e+01 1.119862773437091974e+01 1.119864139526597135e+01 1.119868430852777585e+01 1.119881699863484137e+01 1.119920247660276935e+01 1.120003851873061862e+01 1.120018526821849036e+01
