9.001307545243932395e+00 9.001307545243932395e+00 9.001307545243932395e+00 9.001307545243932395e+00 9.001307545243932395e+00 9.001307545243932395e+00 9.001307545243932395e+00 9.001307545243932395e+00 9.001307545243932395e+00 9.001307545243932395e+00 9.001307545243932395e+00
8.900516003285041222e+00 8.900516003285041222e+00 8.900516003285041222e+00 8.900516003285041222e+00 8.900516003285041222e+00 8.900516003285041222e+00 8.900516003285041222e+00 8.900516003285041222e+00 8.900516003285041222e+00 8.900516003285041222e+00 8.900516003285041222e+00
8.795247313074266771e+00 8.795247313074266771e+00 8.795247313074266771e+00 8.795247313074266771e+00 8.795247313074266771e+00 8.795247313074266771e+00 8.795247313074266771e+00 8.795247313074266771e+00 8.795247313074266771e+00 8.795247313074266771e+00 8.795247313074266771e+00
8.685942007396565856e+00 8.685942007396565856e+00 8.685942007396565856e+00 8.685942007396565856e+00 8.685942007396565856e+00 8.685942007396565856e+00 8.685942007396565856e+00 8.685942007396565856e+00 8.685942007396565856e+00 8.685942007396565856e+00 8.685942007396565856e+00
8.573073213838465989e+00 8.573073213838465989e+00 8.573073213838465989e+00 8.573073213838465989e+00 8.573073213838465989e+00 8.573073213838465989e+00 8.573073213838465989e+00 8.573073213838465989e+00 8.573073213838465989e+00 8.573073213838465989e+00 8.573073213838465989e+00
8.457124107553244841e+00 8.457124107553244841e+00 8.457124107553244841e+00 8.457124107553244841e+00 8.457124107553244841e+00 8.457124107553244841e+00 8.457124107553244841e+00 8.457124107553244841e+00 8.457124107553244841e+00 8.457124107553244841e+00 8.457124107553244841e+00
8.338566427628013145e+00 8.338566427628013145e+00 8.338566427628013145e+00 8.338566427628013145e+00 8.338566427628013145e+00 8.338566427628013145e+00 8.338566427628013145e+00 8.338566427628013145e+00 8.338566427628013145e+00 8.338566427628013145e+00 8.338566427628013145e+00
8.217842378651845081e+00 8.217842378651845081e+00 8.217842378651845081e+00 8.217842378651845081e+00 8.217842378651845081e+00 8.217842378651845081e+00 8.217842378651845081e+00 8.217842378651845081e+00 8.217842378651845081e+00 8.217842378651845081e+00 8.217842378651845081e+00
8.095351486205021985e+00 8.095351486205021985e+00 8.095351486205021985e+00 8.095351486205021985e+00 8.095351486205021985e+00 8.095351486205021985e+00 8.095351486205021985e+00 8.095351486205021985e+00 8.095351486205021985e+00 8.095351486205021985e+00 8.095351486205021985e+00
7.971442979534722362e+00 7.971442979534722362e+00 7.971442979534722362e+00 7.971442979534722362e+00 7.971442979534722362e+00 7.971442979534722362e+00 7.971442979534722362e+00 7.971442979534722362e+00 7.971442979534722362e+00 7.971442979534722362e+00 7.971442979534722362e+00
7.846413329464597020e+00 7.846413329464597020e+00 7.846413329464597020e+00 7.846413329464597020e+00 7.846413329464597020e+00 7.846413329464597020e+00 7.846413329464597020e+00 7.846413329464597020e+00 7.846413329464597020e+00 7.846413329464597020e+00 7.846413329464597020e+00
