1.219779685044400530e+01 1.219185874591832253e+01 1.218242062543331627e+01 1.216788454234188421e+01 1.214608465579963870e+01 1.211421052382038432e+01 1.206873595549650879e+01 1.200531949847369084e+01 1.191863548685686069e+01 1.180214575512655450e+01 1.164796442311364544e+01
1.219781889205894210e+01 1.219187111898999021e+01 1.218242736753335009e+01 1.216788799029708912e+01 1.214608617986336014e+01 1.211421093356556788e+01 1.206873573223094986e+01 1.200531893140865236e+01 1.191863475393547134e+01 1.180214497114498506e+01 1.164796366763258817e+01
1.219783471567619948e+01 1.219187992377792185e+01 1.218243209099398605e+01 1.216789032850416064e+01 1.214608712690630199e+01 1.211421107714053491e+01 1.206873542236840358e+01 1.200531837923943534e+01 1.191863409033565979e+01 1.180214428167729857e+01 1.164796301276427037e+01
1.219784604989164833e+01 1.219188616580580486e+01 1.218243537566748280e+01 1.216789188642988329e+01 1.214608767927430932e+01 1.211421105068761150e+01 1.206873507180967842e+01 1.200531785889713987e+01 1.191863349669439209e+01 1.180214367876403436e+01 1.164796244679258486e+01
1.219785414766489140e+01 1.219189057084252781e+01 1.218243763825888948e+01 1.216789289926959938e+01 1.214608796560368909e+01 1.211421092046770021e+01 1.206873471052918134e+01 1.200531737951757094e+01 1.191863297053585491e+01 1.180214315394776570e+01 1.164796195884748009e+01
1.219785991589396090e+01 1.219189366209097258e+01 1.218243917771551921e+01 1.216789353442643140e+01 1.214608807613208619e+01 1.211421073159718276e+01 1.206873435745083967e+01 1.200531694505482427e+01 1.191863250756622072e+01 1.180214269881079581e+01 1.164796153902637066e+01
1.219786401015957189e+01 1.219189581623197505e+01 1.218244020807602190e+01 1.216789391062670944e+01 1.214608807371624088e+01 1.211421051430303031e+01 1.206873402390811023e+01 1.200531655610546977e+01 1.191863210254662775e+01 1.180214230530507713e+01 1.164796117842931089e+01
1.219786690379943828e+01 1.219189730406544925e+01 1.218244088222482624e+01 1.216789411170730872e+01 1.214608800174978498e+01 1.211421028839081870e+01 1.206873371608891965e+01 1.200531621117115222e+01 1.191863174987024898e+01 1.180214196594052822e+01 1.164796086913958995e+01
1.219786893815803808e+01 1.219189831995207918e+01 1.218244130905659084e+01 1.216789419655030713e+01 1.214608788984437560e+01 1.211421006642741283e+01 1.206873343675438193e+01 1.200531590752308908e+01 1.191863144393327190e+01 1.180214167387826585e+01 1.164796060417143941e+01
1.219787035908178829e+01 1.219189900312343156e+01 1.218244156586910343e+01 1.216789420623356932e+01 1.214608775789837658e+01 1.211420985600047651e+01 1.206873318643918935e+01 1.200531564178562149e+01 1.191863117936350491e+01 1.180214142296140523e+01 1.164796037739961143e+01
1.219787299297826166e+01 1.219189970227015962e+01 1.218244115283660634e+01 1.216789315671210403e+01 1.214608635492269961e+01 1.211420827270555556e+01 1.206873153305604696e+01 1.200531399336254879e+01 1.191862959267330524e+01 1.180213994691935220e+01 1.164795905858589542e+01
