1.220484456782806504e+01 1.220484419754221328e+01 1.220484302652711506e+01 1.220483932278818351e+01 1.220482760453038473e+01 1.220479050756342332e+01 1.220467334734771647e+01 1.220431586259352486e+01 1.220337463181603788e+01 1.220138929308272502e+01 1.219780767533127808e+01
1.220471520644982810e+01 1.220471486898638602e+01 1.220471380171874287e+01 1.220471042559295682e+01 1.220469973856361356e+01 1.220466585118054681e+01 1.220455823307266030e+01 1.220422396279287014e+01 1.220331493323779881e+01 1.220135378486493316e+01 1.219778652534286145e+01
1.220455623210593643e+01 1.220455592811741141e+01 1.220455496667524287e+01 1.220455192488035046e+01 1.220454229180080574e+01 1.220451170096855265e+01 1.220441405399524193e+01 1.220410546631316251e+01 1.220323589513634666e+01 1.220130642350199146e+01 1.219775832890011991e+01
1.220436174947395003e+01 1.220436147912508140e+01 1.220436062404268895e+01 1.220435791840227147e+01 1.220434934639385105e+01 1.220432208859309675e+01 1.220423467502669190e+01 1.220395384481526513e+01 1.220313163621418973e+01 1.220124329670128382e+01 1.219772071783076406e+01
1.220412492594221909e+01 1.220412468886797441e+01 1.220412393900265435e+01 1.220412156601999598e+01 1.220411404520913301e+01 1.220409010151515616e+01 1.220401299481695823e+01 1.220376144327530454e+01 1.220299476049413556e+01 1.220115925771957599e+01 1.219767053501744236e+01
1.220383788865909658e+01 1.220383768394959745e+01 1.220383703643362416e+01 1.220383498713632875e+01 1.220382849012686322e+01 1.220380778414242684e+01 1.220374085703129907e+01 1.220351942080002061e+01 1.220281613255305331e+01 1.220104758199794226e+01 1.219760358080583096e+01
1.220349161239984248e+01 1.220349143861641750e+01 1.220349088890761102e+01 1.220348914900549531e+01 1.220348363135695458e+01 1.220346603048393241e+01 1.220340895526442893e+01 1.220321770428682662e+01 1.220258470385487470e+01 1.220089956230149753e+01 1.219751428570685370e+01
1.220307579463973013e+01 1.220307564986308790e+01 1.220307519189712941e+01 1.220307374226363173e+01 1.220306914401039045e+01 1.220305446419719964e+01 1.220300672616278526e+01 1.220284494385016494e+01 1.220228742592695781e+01 1.220070405577953210e+01 1.219739529411541312e+01
1.220257871315273768e+01 1.220257859506053322e+01 1.220257822149638649e+01 1.220257703894612789e+01 1.220257328707050171e+01 1.220256130076020185e+01 1.220252222387438756e+01 1.220238845412493589e+01 1.220190927381654866e+01 1.220044701617390182e+01 1.219723694550265414e+01
1.220198706059697713e+01 1.220198696656441584e+01 1.220198666910277296e+01 1.220198572740148002e+01 1.220198273905633535e+01 1.220197318566068034e+01 1.220194196812455445e+01 1.220183412326953665e+01 1.220143337383587401e+01 1.220011107105059978e+01 1.219702664601647157e+01
1.220128575012949845e+01 1.220128567734389335e+01 1.220128544708980023e+01 1.220128471810489046e+01 1.220128240429089317e+01 1.220127500220854166e+01 1.220125075828161876e+01 1.220116627262105702e+01 1.220084118863030653e+01 1.219967523167644963e+01 1.219674813786295431e+01
