1.220128575012949845e+01 1.220128567734389335e+01 1.220128544708980023e+01 1.220128471810489046e+01 1.220128240429089317e+01 1.220127500220854166e+01 1.220125075828161876e+01 1.220116627262105702e+01 1.220084118863030653e+01 1.219967523167644963e+01 1.219674813786295431e+01
1.220045768607453063e+01 1.220045763165329156e+01 1.220045745948972105e+01 1.220045691437589674e+01 1.220045518373354021e+01 1.220044964277788857e+01 1.220043144659260470e+01 1.220036745417071167e+01 1.220011267619933726e+01 1.219911483775526939e+01 1.219638069999219177e+01
1.219948349414223188e+01 1.219948345524406719e+01 1.219948333218394332e+01 1.219948294250052356e+01 1.219948170488493133e+01 1.219947773801431623e+01 1.219946466521554918e+01 1.219941817911866444e+01 1.219922632754825997e+01 1.219840181802802981e+01 1.219589835417652068e+01
1.219834120645911391e+01 1.219834118037987558e+01 1.219834109786955167e+01 1.219834083654367696e+01 1.219834000610637581e+01 1.219833733953964483e+01 1.219832850331405893e+01 1.219829657685274071e+01 1.219815901028195526e+01 1.219750526943051483e+01 1.219526920339531806e+01
1.219700589763048448e+01 1.219700588187791190e+01 1.219700583203376354e+01 1.219700567411132752e+01 1.219700517170264753e+01 1.219700355280422954e+01 1.219699813202016969e+01 1.219697798825589530e+01 1.219688559384877458e+01 1.219639222476066820e+01 1.219445508130300126e+01
1.219544926897764903e+01 1.219544926132234863e+01 1.219544923709220363e+01 1.219544916025020065e+01 1.219544891505838002e+01 1.219544811771942250e+01 1.219544537619403179e+01 1.219543449942963420e+01 1.219537838305353006e+01 1.219502834109673728e+01 1.219341171172493432e+01
1.219363917891547899e+01 1.219363917741850756e+01 1.219363917266898234e+01 1.219363915749272920e+01 1.219363910793138217e+01 1.219363893549066979e+01 1.219363823257705270e+01 1.219363442188534741e+01 1.219360641795687350e+01 1.219337818635372095e+01 1.219208951896644599e+01
1.219153911803782897e+01 1.219153912105752902e+01 1.219153913059564331e+01 1.219153916064759180e+01 1.219153925457757204e+01 1.219153954057025935e+01 1.219154033413846427e+01 1.219154172366386391e+01 1.219153470249097460e+01 1.219140489513276471e+01 1.219043505316416187e+01
1.218910762790501146e+01 1.218910763408716846e+01 1.218910765362924842e+01 1.218910771535055382e+01 1.218910790976836012e+01 1.218910851693983766e+01 1.218911036034101336e+01 1.218911541364642304e+01 1.218912340804289229e+01 1.218906917908252652e+01 1.218839271486153564e+01
1.218629766286489158e+01 1.218629767112090256e+01 1.218629769722351242e+01 1.218629777971533024e+01 1.218629804005830586e+01 1.218629885813690095e+01 1.218630139291126824e+01 1.218630887931342244e+01 1.218632707506559676e+01 1.218632788998781180e+01 1.218590619417861731e+01
1.218305589457443361e+01 1.218305590405202743e+01 1.218305593401932541e+01 1.218305602874937676e+01 1.218305632796325710e+01 1.218305727066707256e+01 1.218306021666234784e+01 1.218306917685601398e+01 1.218309381603060615e+01 1.218313242646785177e+01 1.218291896995451573e+01
