1.045212044670596541e+01 1.045212044206292923e+01 1.045212042737834679e+01 1.045212038092147999e+01 1.045212023381060717e+01 1.045211976659174979e+01 1.045211826898734131e+01 1.045211333204517246e+01 1.045209571564167028e+01 1.045202024201469548e+01 1.045159858653764218e+01
1.044525982922894336e+01 1.044525982965620692e+01 1.044525983100581712e+01 1.044525983525848467e+01 1.044525984855486911e+01 1.044525988908440439e+01 1.044526000207739180e+01 1.044526020768790708e+01 1.044525934195473660e+01 1.044524152176614784e+01 1.044504050858129851e+01
1.043731882340400396e+01 1.043731882767946573e+01 1.043731884119854314e+01 1.043731888393843121e+01 1.043731901898194003e+01 1.043731944490811081e+01 1.043732078061436575e+01 1.043732489253600804e+01 1.043733677480561539e+01 1.043736312623734719e+01 1.043733593827265693e+01
1.042816102124123567e+01 1.042816102829567804e+01 1.042816105060297716e+01 1.042816112113676219e+01 1.042816134410330875e+01 1.042816204837668081e+01 1.042816426739497260e+01 1.042817120358446914e+01 1.042819232615984326e+01 1.042825095659932977e+01 1.042835440594860863e+01
1.041763640109344458e+01 1.041763641002112273e+01 1.041763643825234809e+01 1.041763652752158009e+01 1.041763680975828876e+01 1.041763770169514025e+01 1.041764051650524081e+01 1.041764936023542987e+01 1.041767674985660364e+01 1.041775754290602585e+01 1.041795380905637636e+01
1.040558029790363292e+01 1.040558030796188582e+01 1.040558033976847518e+01 1.040558044034573548e+01 1.040558075835889618e+01 1.040558176360410947e+01 1.040558493846000943e+01 1.040559493809982072e+01 1.040562615682031122e+01 1.040572080407003064e+01 1.040597825299232682e+01
1.039181245115720387e+01 1.039181246175750317e+01 1.039181249527831419e+01 1.039181260127767104e+01 1.039181293644951154e+01 1.039181399608029999e+01 1.039181734416954406e+01 1.039182790414480984e+01 1.039186102042956428e+01 1.039196293530383564e+01 1.039225620237181147e+01
1.037613620074091081e+01 1.037613621143398213e+01 1.037613624524825795e+01 1.037613635217651620e+01 1.037613669029464347e+01 1.037613775933087723e+01 1.037614113804775506e+01 1.037615180373723867e+01 1.037618534327377873e+01 1.037628949610278895e+01 1.037659906169143476e+01
1.035833791355277533e+01 1.035833792401032660e+01 1.035833795707987903e+01 1.035833806165373083e+01 1.035833839233271902e+01 1.035833943790580136e+01 1.035834274304070846e+01 1.035835318220231116e+01 1.035838606724655975e+01 1.035848877684247071e+01 1.035880024953343437e+01
1.033818673855768999e+01 1.033818674855283604e+01 1.033818678016017678e+01 1.033818688011052700e+01 1.033818719617292281e+01 1.033818819556634949e+01 1.033819135508916887e+01 1.033820133799910401e+01 1.033823282258049936e+01 1.033833153263725890e+01 1.033863481046098265e+01
1.031543480423889569e+01 1.031543481362693626e+01 1.031543484331447580e+01 1.031543493719416738e+01 1.031543523406229212e+01 1.031543617278649805e+01 1.031543914074049262e+01 1.031544852070167728e+01 1.031547812717230528e+01 1.031557118793958239e+01 1.031585961583928146e+01
